29 32 40 55 63 79 86 277 520 624 642 660 812 1087 
59 64 78 81 85 109 125 135 226 306 351 378 445 763 1081 
2 17 21 39 57 60 69 80 87 128 207 357 558 837 893 
22 50 74 94 97 101 149 187 297 370 453 579 673 728 851 931 
7 93 100 106 119 133 157 254 267 387 404 436 525 668 721 812 871 
14 36 65 77 99 102 131 171 208 304 336 525 624 752 906 
56 88 198 199 211 243 291 295 307 327 350 396 402 433 439 444 636 659 716 725 728 992 994 1076 
35 122 132 251 286 371 400 423 425 429 466 479 486 568 619 638 696 702 749 835 841 
111 146 155 177 179 189 191 215 217 270 296 318 339 358 608 615 649 673 711 
41 139 168 175 218 225 236 252 275 402 449 453 522 589 603 619 657 671 697 762 826 867 899 956 986 987 1001 1013 1014 1018 1055 1066 
18 23 89 110 155 239 277 279 283 290 325 335 336 345 360 363 411 477 481 499 553 585 643 648 654 657 672 692 712 714 760 801 809 819 846 948 1058 1071 1075 1083 1087 
116 129 136 139 162 182 201 298 344 347 362 404 417 434 452 488 584 593 623 645 687 689 698 707 780 786 793 817 833 890 915 945 958 959 975 976 1028 1078 
61 92 95 130 150 166 184 186 250 301 306 323 432 446 486 510 557 612 633 666 701 710 717 770 774 776 837 899 915 925 942 966 992 1024 1028 1041 
103 175 216 282 307 313 332 373 378 379 426 431 468 484 492 564 649 703 757 758 765 802 833 838 858 906 917 954 972 976 979 988 989 991 1003 1027 
154 210 263 292 349 423 426 437 477 506 518 533 541 565 752 762 785 835 880 896 923 933 940 982 1019 1042 1045 1052 
9 34 112 137 138 139 144 148 151 227 234 244 272 283 343 347 361 376 385 403 406 443 472 473 482 486 496 509 519 525 531 574 579 584 596 597 622 623 652 670 678 689 698 707 715 743 751 760 774 791 803 804 817 818 822 830 836 840 862 890 893 894 908 945 957 959 994 1014 1028 1034 1051 1065 1078 1081 
5 34 112 137 139 144 148 151 227 234 313 343 376 385 459 470 472 473 496 509 519 574 579 604 622 623 670 689 715 743 760 791 817 818 830 840 862 893 957 1033 1034 1045 1051 1065 1078 
10 31 38 59 64 78 81 85 109 115 125 135 169 176 226 244 283 306 351 361 378 397 403 406 443 445 453 471 472 473 482 531 550 597 652 660 678 695 749 751 760 763 774 804 822 836 893 894 897 908 957 994 1081 
23 53 140 235 289 297 324 326 340 346 390 446 456 530 558 586 590 602 616 711 736 854 878 908 978 984 987 992 1040 
30 145 158 165 271 331 386 387 389 415 438 445 451 480 532 544 550 557 559 613 637 650 651 655 690 691 722 748 763 764 779 782 796 809 813 833 869 881 898 906 910 921 970 993 1009 1035 1059 1088 
18 89 110 155 239 279 283 290 325 335 336 342 345 360 363 411 432 477 481 499 553 585 643 648 654 657 672 692 712 714 760 801 809 819 846 873 948 1075 1083 1087 
4 6 41 49 186 246 248 252 302 324 422 465 598 607 725 730 756 768 815 900 915 920 924 926 953 971 1032 1069 1081 
44 73 104 146 151 153 198 245 247 266 269 293 300 333 356 358 394 477 515 532 615 644 688 727 759 794 867 905 953 1036 1042 1061 1064 
105 149 225 226 262 266 345 387 469 481 514 520 547 580 630 640 663 676 679 684 701 723 745 749 845 851 875 930 931 934 938 943 956 1021 1062 1087 
67 211 227 228 230 241 242 265 295 455 501 514 556 563 577 579 594 604 605 608 614 619 631 661 742 792 799 835 858 873 885 887 927 997 1014 1050 1054 1072 1073 1085 
8 11 19 20 26 37 45 54 66 71 75 91 96 117 129 222 233 308 316 335 345 357 407 459 514 538 543 547 550 572 576 595 618 630 653 684 701 735 741 745 789 807 841 845 875 889 904 919 947 975 1000 1029 1074 1086 
23 118 138 141 148 181 192 193 198 230 268 271 280 303 329 342 348 373 375 397 408 410 435 436 440 448 454 455 524 566 568 575 591 620 658 675 685 708 712 731 773 781 795 797 798 810 811 834 841 843 847 856 862 874 879 894 911 920 937 958 961 973 1008 1015 1020 1030 1033 1038 1053 1056 1058 1071 1083 1092 
118 141 148 192 193 198 230 280 329 338 348 361 375 397 406 436 440 443 448 454 524 566 568 575 596 644 678 693 716 731 781 798 804 811 837 841 847 862 874 894 957 958 961 973 1008 1020 1056 1092 
27 107 172 216 278 442 474 478 508 532 554 561 596 611 620 660 669 680 699 705 706 
118 121 126 196 229 231 319 330 366 382 384 386 398 399 405 426 447 467 476 494 495 537 567 569 574 581 588 592 596 635 668 677 708 738 744 746 761 803 817 820 844 849 852 861 863 870 871 876 883 907 917 935 951 980 1005 1006 1020 1022 1028 1039 1045 
13 48 178 206 238 258 312 313 353 355 386 392 398 409 421 437 439 441 491 513 527 535 548 562 590 637 641 682 694 704 711 713 721 726 734 766 777 805 820 822 828 866 969 1007 1023 1033 1037 1056 1068 1091 
42 68 122 161 256 264 299 309 365 420 424 450 458 463 481 493 521 549 642 866 1012 1056 
30 41 62 103 105 145 152 158 164 165 182 205 257 260 274 299 314 325 331 338 360 372 378 380 386 387 398 404 415 416 438 439 451 498 532 538 544 550 555 557 559 583 606 613 632 637 650 651 655 657 674 690 718 742 748 764 771 774 779 782 783 796 807 808 813 857 869 881 898 906 910 921 970 996 1021 1035 1059 1066 1095 
82 88 192 197 323 342 383 395 497 502 507 604 753 784 788 827 831 882 949 965 974 985 1034 1044 1070 
52 68 136 168 232 305 319 370 384 399 476 494 495 551 569 581 588 596 635 677 691 738 744 817 820 831 844 852 861 863 876 935 960 993 1006 1022 1025 
6 47 53 95 136 165 206 227 238 240 242 255 272 284 295 302 352 356 373 392 490 504 517 529 545 548 573 582 601 609 624 626 628 640 647 689 704 729 734 739 806 828 850 859 877 892 944 971 976 978 1002 1007 1021 1060 1063 
18 89 103 110 122 155 167 170 199 204 212 239 277 279 283 290 325 335 336 342 360 363 364 411 432 444 457 477 481 490 499 513 546 553 585 634 643 648 654 657 672 682 683 692 712 714 724 725 747 760 778 801 802 806 809 819 831 846 850 855 902 912 948 963 969 977 995 1008 1016 1023 1037 1049 1067 1068 1075 1079 1080 1083 1087 1091 1098 
21 159 165 261 266 304 323 367 445 485 517 523 524 526 534 549 582 590 650 667 684 723 775 809 850 903 924 926 941 953 981 1088 
43 70 126 154 185 188 210 263 272 292 349 354 426 428 437 459 471 506 516 518 533 536 537 541 565 574 578 652 712 762 785 803 835 849 880 883 896 899 905 923 933 940 962 980 982 999 1019 1042 1045 1051 1052 
61 67 130 150 160 166 184 186 220 224 225 240 245 250 253 276 301 320 323 388 397 432 446 448 486 500 503 510 557 570 586 587 612 623 633 634 637 639 666 683 686 695 701 710 717 724 737 754 770 774 776 778 787 800 821 824 837 839 858 860 865 886 899 915 922 925 929 937 942 962 963 966 967 992 993 1011 1016 1020 1024 1028 1041 1057 1074 1079 1093 1099 
23 46 138 181 240 261 268 271 281 294 303 336 342 373 380 391 408 410 455 471 472 522 535 555 568 640 642 658 675 682 685 708 712 713 735 770 773 786 793 795 797 798 800 810 816 834 843 856 879 909 911 914 920 943 969 996 1008 1015 1023 1030 1033 1037 1038 1053 1058 1068 1071 1083 1091 1094 
98 142 163 180 192 273 283 287 289 322 341 381 402 424 540 625 627 628 664 700 728 734 748 769 772 862 864 978 986 1006 1063 1076 1084 
182 183 194 211 214 351 370 435 512 558 591 620 628 662 741 762 790 820 823 842 847 943 946 994 1010 1026 1082 1091 
23 105 146 152 158 159 165 206 227 238 242 255 272 274 284 295 302 352 356 360 373 380 392 404 415 498 504 517 529 543 545 548 555 559 573 601 609 624 626 628 637 640 647 664 689 690 704 718 729 734 739 764 766 779 782 796 806 807 808 813 822 828 859 877 892 904 906 944 970 971 978 1002 1007 1021 1059 1060 1063 
118 141 148 192 193 198 230 280 329 338 348 375 397 436 440 448 454 524 566 568 575 620 716 731 781 798 811 841 847 862 874 894 958 961 973 1008 1020 1056 1058 1077 1092 
16 18 47 62 67 105 113 118 129 152 155 158 164 182 205 223 249 257 260 274 288 299 314 328 338 359 360 367 368 372 378 380 398 412 415 416 439 450 489 498 502 511 549 555 559 583 606 617 632 645 646 657 667 674 690 718 742 752 764 771 774 779 782 783 786 793 796 808 813 843 848 857 866 867 895 906 939 964 970 1004 1012 1021 1031 1034 1048 1059 1066 1095 
18 147 148 170 174 221 237 310 377 419 583 673 740 741 763 814 825 851 874 883 916 936 952 962 987 999 1077 1096 
3 25 28 33 51 83 90 118 119 121 123 126 143 196 229 230 231 233 330 366 382 386 398 405 447 467 537 567 574 592 649 668 677 708 746 761 798 812 870 871 907 917 951 1005 1006 1020 1028 1039 
43 76 84 95 151 232 306 315 317 324 325 413 437 461 487 514 547 552 560 600 607 656 686 688 695 735 750 832 895 900 901 938 955 960 964 983 1043 1048 1100 
6 43 113 129 223 249 288 299 328 359 367 368 412 489 511 549 617 646 752 786 793 843 848 866 867 939 964 1004 1012 1031 1048 1066 
1 48 53 58 72 92 124 156 159 178 190 195 209 238 240 258 259 294 297 312 313 353 355 360 369 374 386 391 409 421 423 436 437 439 441 491 513 520 527 535 562 637 641 682 688 690 694 708 713 716 721 726 732 755 766 770 777 805 810 816 820 822 837 843 853 855 866 872 909 914 918 928 932 968 969 996 1008 1010 1023 1033 1037 1048 1068 1083 1089 1091 1094 
98 108 142 163 180 192 200 273 283 287 289 313 321 322 334 341 357 381 402 421 424 460 502 539 540 542 571 599 608 625 627 628 629 664 665 686 700 728 748 769 772 800 829 855 862 864 884 891 897 935 950 971 978 986 993 998 1006 1017 1046 1047 1063 1076 1084 1100 
67 211 227 228 230 241 265 295 455 501 514 556 563 577 579 594 604 605 608 614 619 631 661 742 792 799 835 858 873 885 887 927 997 1014 1050 1054 1072 1073 1085 
21 24 88 103 114 134 138 167 170 173 199 204 212 220 226 240 261 271 277 294 307 320 355 364 396 421 432 444 457 483 490 513 522 546 583 634 637 640 675 683 724 725 747 778 802 816 831 850 855 860 902 909 912 914 922 958 963 977 995 996 1008 1016 1049 1067 1079 1080 1094 1098 
68 120 127 168 202 216 219 225 226 252 285 338 393 401 462 464 470 475 505 589 610 619 621 665 668 671 709 759 767 870 908 913 990 1001 1013 1042 1055 1064 1066 1074 1090 
71 75 96 117 146 222 233 308 316 335 345 407 459 469 514 538 543 550 572 576 580 595 618 630 640 653 663 679 684 701 735 741 745 779 789 807 841 845 875 889 904 919 930 931 934 947 956 975 1000 1029 1062 1074 1086 
12 92 203 213 232 238 304 311 337 414 418 427 430 440 524 528 645 665 681 693 719 720 733 802 868 884 888 905 956 960 1020 1097 
21 24 88 114 134 138 160 173 220 224 225 226 240 253 261 271 276 307 320 355 388 421 457 483 500 503 522 546 570 583 587 623 634 637 639 683 686 724 725 737 754 778 787 800 821 824 839 858 860 865 886 922 929 937 958 962 963 967 995 1011 1016 1057 1074 1079 1093 1098 1099 
15 108 200 253 289 313 321 334 357 421 424 460 502 539 542 557 571 599 608 629 665 686 691 748 787 800 821 829 839 855 868 884 891 897 901 935 950 967 971 986 993 998 1017 1046 1047 1100 
