232 233 248 260 290 296
271 272 273 309 318
92 93 98 99 100 218 223 456
277 278 279 350 407 424 457
293 294 315 319 432 505
208 209 215 222 255 291 514
572 573 586 587 1151
599 600 601 602
418 419 423 578 615
545 546 616 617 1175
172 173 195 238 239 356 429 629 1305
243 244 245 289 299 305 631
165 210 211 213 214 270 306 632 1123
441 442 443 606 638 1262 1301
496 497 516 645 646 1168 1188
88 89 191 251 282 304 324 455 463 540 666
673 674 675 676
508 509 528 637 696
156 157 183 227 288 365 624 705
125 126 131 138 167 168 176 707
534 535 630 734 735 779 797 816 831 1140 1289
840 841 1076 1130 1290
149 150 162 198 250 298 439 488 515 849
187 188 190 236 267 320 469 506 507 548 661 679 694 831 839 850 1093
851 852 853 854
316 317 321 325 349 366 562 862
5 7 12 13 32 33 37 53 74 75 76 80 81 142 143 146 154 160 161 166 194 205 252 280 353 657 713 728 866 892
549 550 551 766 901 1247
904 905 912 1164 1183
170 171 204 314 325 327 335 346 920
472 473 740 753 864 865 881 882 928
363 364 388 394 402 413 566 640 951
937 938 941 955 1338
902 944 945 962 1230 1236 1300
751 752 756 834 918 964
405 406 460 517 553 708 966 1251 1304
809 810 917 972 1332 1362
435 436 533 560 710 956 979
1 2 3 4 5 6 7 8 9 14 20 31 36 37 42 49 84 86 130 139 230 328 329 483 583 866 980
946 947 981 982
569 580 581 732 782 783 784 785 856 915 983
996 997 1125 1216
1009 1010 1045 1218
1011 1012 1142 1146
444 445 478 717 919 934 1015 1016
322 323 412 414 529 590 647 652 725 899 921 991 1041 1297
486 487 518 611 821 1044 1191
64 65 114 119 120 158 257 259 269 276 446 447 451 608 647 700 728 866 916 1046
1057 1058 1214 1215
1059 1060 1226 1227
1061 1062 1228 1229
1065 1066 1217 1237
907 908 926 961 1071
188 236 320 469 506 507 548 564 647 679 831 839 850 894 1026 1052 1075 1093 1171
523 524 574 582 739 744 869 870 871 872 1029 1054 1101 1153
354 355 415 513 569 579 1102 1103 1137 1273 1274
1105 1106 1187 1235 1277
476 530 636 671 672 791 887 900 903 916 1085 1086 1109
1113 1114 1189 1254
381 382 434 501 692 695 817 896 1115
262 878 910 911 929 949 957 993 994 1055 1088 1121 1202 1212 1279 1286
377 378 393 433 452 453 464 639 655 656 680 695 873 1084 1122 1287 1336
333 334 357 360 362 593 688 689 760 909 923 1078 1079 1126 1255 1311 1442
178 179 202 203 207 212 326 358 370 387 390 543 588 589 618 668 669 693 699 759 780 781 795 826 827 828 830 863 879 953 968 1000 1104 1120 1129 1172 1291 1369
1133 1134 1316 1317
642 643 798 799 807 1150
34 35 43 70 77 78 79 87 102 105 106 107 109 115 121 123 124 148 153 155 159 184 189 201 234 235 242 283 330 332 359 371 374 383 401 594 651 973 974 975 976 985 1005 1067 1156 1283 1333
119 120 134 135 140 145 199 200 276 341 342 379 384 421 451 494 620 628 700 720 731 849 880 963 1038 1046 1069 1165
313 454 477 498 499 627 716 757 837 888 897 913 952 969 970 971 1050 1118 1138 1162 1166 1232 1318
10 11 21 22 25 26 38 41 44 45 85 165 249 338 520 660 683 741 847 899 940 978 991 1020 1024 1170
178 179 202 212 370 387 390 588 589 618 669 693 699 759 795 827 828 830 863 879 953 968 1000 1104 1120 1172 1291
23 51 67 133 180 199 200 220 221 224 237 261 286 287 331 336 337 341 342 343 421 438 440 451 467 538 539 591 592 609 610 620 628 663 700 701 702 703 711 720 726 727 731 742 754 755 764 769 777 778 800 803 805 813 818 849 857 858 880 886 932 942 960 963 965 967 991 1004 1027 1035 1038 1043 1089 1090 1096 1109 1121 1165 1177 1185 1248
555 556 567 604 696 1107 1169 1192 1384 1385
1193 1194 1195 1293
133 199 200 220 224 228 237 286 287 307 308 331 336 337 341 342 343 408 421 438 440 450 451 459 467 468 488 489 490 502 510 515 519 538 539 584 585 591 609 610 620 628 663 700 701 711 719 720 731 736 742 754 755 777 778 801 803 812 813 829 836 849 857 858 880 915 924 959 963 991 992 1004 1027 1038 1043 1082 1118 1165 1185 1200 1248 1319
17 18 23 24 51 67 95 97 103 104 133 163 174 175 180 196 199 200 216 217 220 224 228 253 295 312 331 343 374 411 416 427 438 440 450 451 458 459 489 490 519 530 531 538 539 591 592 607 609 610 620 628 636 651 657 700 701 711 720 731 738 748 749 754 755 762 769 777 778 800 803 813 818 825 836 857 858 866 878 880 899 903 942 958 960 961 963 965 984 1027 1035 1043 1051 1094 1109 1159 1165 1219 1320 1328
15 16 19 27 28 29 30 39 40 46 47 48 50 52 56 61 62 63 66 68 69 72 73 82 83 90 97 110 111 127 128 141 144 147 169 256 281 292 320 359 403 492 500 554 681 682 686 701 723 724 730 742 790 802 804 811 822 823 848 862 874 883 884 885 886 895 902 925 931 939 977 998 999 1008 1018 1019 1021 1025 1026 1028 1034 1037 1080 1081 1088 1095 1110 1116 1117 1124 1135 1143 1144 1145 1152 1158 1167 1174 1186 1222 1223 1246 1259 1363 1389
15 16 19 27 28 29 30 39 40 46 47 48 50 52 56 61 62 63 66 68 69 72 73 82 83 110 111 127 128 141 144 147 169 256 281 292 320 403 492 500 554 681 682 686 723 724 730 804 822 823 845 848 862 874 895 931 977 998 999 1018 1019 1021 1025 1026 1028 1030 1081 1110 1116 1143 1144 1145 1152 1186 1223 1246 1259 1363
264 265 311 344 345 369 389 409 504 559 603 613 662 677 786 833 906 943 1234 1322
307 308 341 342 391 411 416 421 468 488 502 510 515 541 584 585 605 612 620 660 663 698 706 715 716 719 736 737 738 745 767 768 796 801 812 814 819 820 829 835 868 886 893 899 924 929 935 950 959 971 978 983 989 991 992 1043 1048 1072 1082 1083 1109 1118 1160 1177 1200 1219 1241
117 118 122 231 246 247 297 310 347 348 352 368 428 461 465 474 475 491 521 561 635 650 718 773 867 953 954 1048 1155 1204 1242
396 397 422 480 568 637 686 709 848 936 1028 1077 1246
199 200 262 263 302 303 313 322 323 339 340 341 342 351 367 372 373 380 391 392 395 411 412 414 416 417 420 427 430 431 437 454 462 467 468 470 471 476 477 479 527 530 531 537 541 542 547 557 558 571 590 595 605 609 610 612 619 620 621 622 623 626 627 636 641 644 652 653 660 663 664 667 685 686 691 698 701 702 703 706 711 712 714 715 716 720 722 725 726 727 737 738 745 746 748 749 758 762 763 764 767 768 770 771 774 775 776 778 786 789 790 793 794 796 801 805 808 812 813 814 815 819 820 824 835 837 842 843 844 855 868 878 880 887 889 891 899 903 914 924 929 932 935 940 950 952 959 960 965 967 969 970 971 972 978 983 984 988 989 991 995 1007 1013 1027 1031 1032 1043 1047 1051 1053 1055 1068 1072 1082 1083 1085 1086 1090 1094 1096 1108 1109 1111 1118 1121 1124 1138 1141 1159 1160 1162 1170 1197 1208 1219 1241 1248 1250 1394 1401
54 55 59 60 71 132 136 137 164 181 185 186 192 193 206 207 219 225 226 241 254 258 262 263 268 274 275 284 285 300 301 302 339 340 361 367 373 375 376 380 385 386 392 395 398 399 400 404 411 416 417 420 427 431 437 448 449 454 462 466 467 470 471 476 477 479 481 484 485 495 511 525 526 527 530 532 536 541 542 547 552 558 563 564 570 571 575 576 577 595 605 614 626 627 636 644 647 652 654 660 663 665 678 679 685 687 697 706 714 715 716 721 722 743 745 746 748 749 757 761 762 763 765 770 771 772 775 776 786 789 801 806 819 820 824 835 837 842 843 844 855 868 874 878 887 890 893 894 897 898 899 903 909 924 929 933 935 940 948 949 950 952 959 965 969 970 978 987 990 991 993 994 1017 1025 1026 1028 1039 1040 1043 1047 1050 1052 1053 1055 1056 1063 1064 1072 1075 1082 1086 1091 1109 1111 1112 1117 1121 1124 1131 1138 1152 1157 1171 1201 1250 1256 1260 1263 1264 1278 1279 1367
15 16 19 30 50 61 62 64 65 73 82 90 91 96 97 111 114 127 128 144 151 152 158 177 180 199 200 217 228 229 240 253 257 259 266 269 276 295 312 343 359 446 447 450 459 493 500 512 538 539 591 592 608 609 610 620 628 633 634 647 651 681 682 686 690 691 700 701 704 711 723 724 728 730 731 733 750 754 755 764 777 778 790 800 802 804 811 822 823 845 848 857 858 862 874 875 876 885 886 909 925 931 939 942 960 961 965 977 984 998 999 1008 1021 1025 1028 1030 1033 1034 1035 1037 1051 1080 1081 1088 1095 1116 1119 1124 1135 1158 1167 1196 1205 1222 1246 1259 1261 1285 1308 1320 1399
500 633 634 681 682 686 701 704 723 724 730 790 802 804 811 822 823 845 848 862 874 876 883 884 885 886 902 909 927 931 977 998 999 1008 1021 1025 1026 1028 1033 1034 1037 1081 1088 1095 1110 1116 1119 1154 1158 1167 1196 1233 1261 1308 1399
185 268 300 344 345 369 409 410 503 504 525 526 559 564 596 597 598 626 627 677 714 721 743 757 786 860 861 887 897 899 909 940 943 978 1028 1047 1050 1112 1119 1157 1196 1278
34 35 43 70 77 78 79 87 102 105 106 107 109 115 121 123 124 148 153 155 159 180 184 189 199 200 201 234 235 242 283 330 332 341 342 343 359 371 374 383 401 421 489 490 519 538 541 542 594 610 620 623 651 700 701 711 720 731 777 778 813 818 836 857 858 985 1004 1005 1014 1035 1067 1109 1156 1185 1282
34 35 43 70 77 78 79 87 102 105 106 107 109 115 121 123 124 148 153 155 159 184 189 201 234 235 242 283 332 359 371 383 594 985 1014 1156 1283 1333
658 659 684 690 691 700 726 727 764 792 832 846 859 877 880 907 908 926 961 986 995 1006 1042 1055 1070 1121 1181 1294 1306 1307
249 262 263 302 303 313 339 340 351 367 372 373 380 391 392 395 411 416 417 420 427 430 431 437 454 462 467 468 470 471 476 477 479 482 498 499 522 527 530 537 541 542 544 547 557 558 565 571 595 605 612 619 620 623 625 626 627 636 644 648 649 652 653 660 663 667 670 686 698 701 706 712 714 715 716 722 729 737 738 745 746 747 748 757 758 762 763 767 768 771 775 776 786 790 793 794 796 801 812 814 815 824 835 837 842 843 844 868 878 880 887 888 889 891 899 903 913 914 922 924 929 935 940 948 949 950 959 971 978 988 989 990 991 993 1003 1007 1017 1031 1032 1043 1044 1047 1053 1055 1064 1072 1082 1083 1085 1086 1092 1094 1108 1109 1111 1117 1118 1121 1124 1132 1159 1160 1182 1185 1197 1208 1219 1250 1256 1263 1282 1298 1394
57 58 94 101 108 112 113 116 129 182 197 283 425 426 644 647 648 649 658 659 670 684 729 792 832 846 859 877 888 910 911 957 961 991 994 1006 1042 1055 1070 1202 1306
372 403 660 690 691 702 703 706 715 726 727 762 764 789 792 799 805 814 832 835 859 880 887 932 935 967 972 986 991 995 1013 1049 1087 1089 1090 1121 1180 1181 1190 1205 1250 1307
464 695 817 896 930 1115 1122 1336 1407
500 681 682 686 701 723 730 787 788 790 802 804 811 822 823 838 848 874 875 883 885 886 909 939 1008 1025 1028 1030 1033 1034 1037 1081 1088 1119 1124 1154 1196 1222 1261 1285 1363
178 179 390 1073 1074 1243 1335 1369
