535 630 534 779
1444 342 831 620 1445 421 341 903
1444 831 1445 903
342 620 421 341
799 643 1446 807 1447 1448 642 1449
1450 550 329 366 1451 766 328 1452 1453 1454 1001 1002 1455 1161 1456 980 1457 1458 1099 583 1459 1460 317 1247 901
1450 550 766 1453 1454 1455 1456 1460 1247 901
1451 1452 1457 1458 1099 1459
329 328 980 583
658 1238 1461 1462 1147 1463 1434 208 1464 1465 436 1466 514 1467 560 1468 1469 726 1470 1471 1186 1472 845 961 167 1473 1474 1475 877 533 1476 1477 1478 1009 1479 1480 1481 435 1010 1482 1042 1483 907 1484 835 1189 710 1485 1486 764 723 1487 730 1488 1006 1489 1490 1491 1492 1113 926 1493 1494 1266 1495 1239 1496 263 859 1497 1498 1499 1500
436 560 1469 1474 533 435 710 1487
436 560 1469 1474 533 435 710
658 1238 1463 1434 208 1465 1466 514 1467 1468 726 961 1475 877 1478 1009 1479 1480 1010 1482 1042 907 1485 1486 764 1488 1006 1492 926 1494 1495 1239 859
1238 1434 208 1465 1466 514 1467 1468 726 1475 1478 1009 1479 1480 1010 907 1485 1486 764 1488 1492 926 1494 1495 1239
658 1463 877 1482 1042 1006 859
1461 1462 1147 1464 1470 1471 1186 1472 845 167 1473 1476 1477 1481 1483 1484 835 1189 723 730 1489 1490 1491 1113 1493 1266 1496 263 1497 1498 1499 1500
845 1189 723 730
1461 1147 1464 1472 1481 1484 835 1489 1113 1493 1266 1496 263 1499
1462 1470 1471 1186 167 1473 1476 1477 1483 1490 1491 1497 1498 1500
1462 1186 167 1473 1477 1490 1497 1500
93 100 223 92 218 99 456
319 294 505 315 293
1501 1502 1503 1504 797 1505
1506 1507 1508 943 1509
1510 1511 928 1512
1513 1514 1515 1516
453 393 1517 1518 452 433 1519 377 873 656 1520 655 464 1521 378
53 32 146 154 160 76 80 37 440 12 33 13 728 81 194 75 158 438 74
53 32 146 154 160 76 80 37 12 33 13 728 81 194 75 158 74
76 37 13 728 75 74
53 32 146 154 160 76 80 37 12 33 13 728 81 194 75 74
187 135 872 120 451
805 1522 1523 967 587 1524 1147 1525 1142 265 1214 514 388 1276 915 662 1363 363 603 613 1526 264 1527 126 364 167 413 703 1528 1529 176 707 906 1530 1057 518 1531 606 1532 215 394 732 1215 441 442 586 572 291 222 1533 487 1079 311 1534 1535 1536 1537 350 486 569 1538 209 277 702 131 1322 1539 1126 833 278 168 138 1493 402 255 1540 573 1442 638 357 1541 389 443 1542 640 279 581 1058 1543 1544 1044 611 125 1545 580
587 1214 126 167 176 707 1057 518 1215 586 572 487 486 131 168 138 573 1058 1044 611 125
487 486 1044 611
587 586 572 573
1214 1057 1215 1058
126 167 176 707 131 168 138 125
805 1523 967 388 1276 915 1363 363 364 413 703 606 394 732 441 442 569 702 402 638 443 640 581 1543 580
388 1276 363 364 413 394 402 640
805 1523 967 915 703 732 569 702 581 1543 580
606 441 442 638 443
1522 1526 1527 1529 1531 1532 1079 1535 1536 1537 1538 1539 1126 1540 1442 357 1541 1542 1544
1526 1527 1529 1535 1539 1540 1442 357 1541 1544
1522 1531 1532 1536 1537 1538 1126 1542
265 662 603 613 264 906 311 1322 833 389
350 277 278 279
514 215 291 222 209 255
89 1546 429 173 304 324 238 695 852 172 195 1547 88 851 1548 191 1549 356 1550 239 629 463 1551 853 1552 854 251 540
695 1547 1548 1549 1550 1551 1552
695 1547 1551 1552
89 1546 429 173 304 324 238 852 172 195 88 851 191 356 239 629 463 853 854 251 540
1546 429 173 238 172 195 356 239 629
852 851 853 854
1553 1554 1555 1556 1557 1558 1559 1560 1561 1562 1563 1564 1565 1566 1567 1568 1569 1570
1556 1558 1563 1564 1565 1566 1567 1569 1570
1553 1554 1555 1557 1559 1560 1561 1562 1568
1553 1554 1555 1557 1560
1571 415 558 1572 1573 669 828 354 355 1574 968 589 759 588 579 513 1575 830 569 894 1576 879 1577 1396
828 1574 968 759
415 354 355 579 513 569
731 700 701 720 777 778 610 609
1578 861 1220 1221 1579 860 1580 1581
1578 861 860 1581
110 492 29 1582 15 128 1583 82 48 69 16 292 111 56 46 27 30 52 554 83 1584 62 127 73 169 19 28 141 256 72 39 68 50 40 47 61
110 492 29 1582 15 128 1583 82 48 69 16 292 111 56 46 27 30 52 554 83 1584 62 127 73 169 19 28 141 256 72 39 68 50 40 47 61
110 492 69 292 56 27 52 83 169 28 141 256 39 40 47
29 15 128 82 48 16 111 46 30 554 62 127 73 19 72 68 50 61
473 753 928 882 740
17 133 163 67 18 51 180 104 1585 103
574 1586 637 331 396 1587 1588 1051 1589 1590 1375 1591 1228 1592 1061 1593 1594 1595 1596 220 1054 1597 1598 509 1062 1599 523 1600 1374 1373 480 508 1601 261 1602 1603 659 1604 224 1605 963 528 221 984 397 524 1328 422 1229 568 1606 1607 1608 237 965
331 220 261 224 221 237
331 1590 1592 220 261 224 221 237
1586 331 1588 1593 1595 1596 220 1599 1600 261 1602 659 224 221 1608 237
1228 1061 1062 1229
1586 331 1588 1051 1375 1593 1596 220 1599 1374 1373 261 1602 659 224 221 984 1608 237 965
574 637 396 1587 1051 1589 1375 1591 1594 1054 1598 509 523 1374 1373 480 508 1601 1605 963 528 984 397 524 1328 422 568 1606 1607 965
396 480 397 422 568
637 509 508 528
1609 1610 1611 1612 1613 1614 1615 1074 1616 1617 1618 1341 1619 1620 1621 1622 1623 1624 1625 1626 1627 1628 1340 1629 1630 1631 1632 1633 1634 1635 1636 1637 1638 1639 1640 1641 1642 1643 1644 1645 1646 1647 1648 1649 1342 1650 1651 1652 1653 1654 1655 1656 1657 1658 1659 1073
1622 1639 1640 1641
1612 1074 1626 1627 1628 1630 1632 1635 1652 1073
1609 1614 1615 1341 1340 1629 1633 1642 1644 1649 1342
1610 1611 1613 1616 1617 1618 1621 1623 1624 1625 1636 1637 1643 1646 1651 1655 1657 1659
1619 1620 1631 1634 1638 1640 1645 1647 1648 1650 1653 1654 1656 1658
1660 1381 1418 1128
1661 460 26 1662 1304 1131 206 1663 605 575 406 1240 1664 708 1665 113 715 484 552 1666 1667 1668 116 400 1669 1670 1671 1672 741 1673 94 45 302 898 774 1674 462 1675 285 1676 1039 1677 527 225 714 136 1024 763 678 1417 1251 185 1056 207 57 531 1678 112 1679 399 878 1680 1557 1681 405 1682 58 426 868 137 454 164 966 1683 1684 411 1685 495 1686 21 60 44 1687 1295 1688 1689 1690 1691 653 376 1692 11 186 789 621 1693 22 59 1694 1695 219 1696 1371 338 300 1264 987 1697 1698 517 553 772 696 283 1699 1700 1701 1702 614 847 547 1703 1704 1705 564 1278 1040 1706 385
26 741 45 1024 21 44 11 22 338 1700 847
741 1024 338 1700 847
26 45 11 22
460 1304 406 708 113 715 116 94 1251 57 112 405 58 789 517 553 283 547
113 116 94 57 112 58 283
460 1304 406 708 1251 405 517 553
460 1304 406 708 1251 405 966 517 553
460 1304 406 708 1251 405 966 517 553
1668 1672 1680 1686
1662 1131 206 605 575 1240 1664 1665 715 484 552 1667 400 1669 1670 1673 302 898 774 1674 462 1675 285 1676 1039 1677 527 225 136 763 678 1417 185 1056 207 531 1678 399 878 1681 1682 868 137 454 164 1684 411 495 60 1687 1295 1688 1689 1691 653 376 1692 186 621 1693 59 1694 219 1371 300 1264 987 1698 517 772 696 1699 1701 1702 614 1705 564 1278 1040 385
1131 206 605 575 1664 484 552 400 1669 1670 1673 898 1677 225 136 763 678 1417 185 1056 207 399 137 164 495 60 1687 1295 1691 376 186 59 219 300 987 772 1702 614 564 1278 1040 385
1665 715 302 774 1674 462 1676 527 531 1678 878 1682 868 454 411 1688 653 621 1693 1264 1698 517 696 1701
1662 1667 1675 1681 1684 1689 1692 1694 1371 1699 1705
1661 1663 1666 1671 1679 1557 1683 1685 1690 1695 1696 1697 1703 1704 1706
817 896 695 1707 1115 930 1708
817 896 695 1707 1708
817 896 695 930
817 896 695 1115
919 1709 249 1710 1711 1712
1338 1713 1714 382 1016 445 478 444 1015 941 1715 1716 1717 1718 1719 1720
1016 445 478 444 1015 1716
1338 1713 1714 941 1719
634 1721 1722 927 1723 876 704 1724 1725
634 1722 927 876 704 1725
1254 1461 792 282 1464 173 1726 852 172 1727 195 1476 1114 851 1728 239 1483 1484 1189 1729 853 1490 1491 1113 1730 1731 854 1732 1733 1734 1735 1500
1254 792 1726 852 1727 1114 1728 1189 853 1113 1730 1731 1732 1733 1734 1735
1461 282 1464 173 1476 851 239 1483 1484 1729 1490 1491 854 1500
1736 1737 1738 1739 963
1740 787 1741 387 801 1742 1092 1155 1743 1083 1744 510 1745 838 1663 1172 1198 474 1746 1086 1747 118 1748 1749 1750 1751 179 618 1242 1752 1668 1132 1753 1313 1754 1755 1756 1757 1758 1759 1760 786 924 246 952 1761 826 1157 368 1672 162 326 202 348 352 1762 917 699 1763 307 1159 1141 358 1764 1765 1173 1766 1390 515 231 1767 1768 1769 1252 1770 1771 714 1772 738 1773 864 1003 1774 757 1775 812 1776 1777 465 1778 1779 1780 1781 1782 1783 250 475 1784 1785 1786 627 461 1124 954 212 1679 1787 122 1788 1257 716 1789 1790 1791 1792 1793 1794 1795 1053 428 1796 1419 953 1797 1798 1064 1799 1800 1200 1801 488 1802 1803 635 347 1118 745 1804 1805 875 1806 986 561 1807 1129 1808 1809 863 149 1810 1117 1811 780 1812 698 1253 1246 1813 1814 983 1815 1816 1366 1167 665 1817 198 1000 1818 1819 935 1820 1219 1821 1822 668 1286 1020 1823 1082 390 1824 1241 1825 1696 795 1826 837 1827 989 1828 585 1829 718 781 1830 1831 1832 796 1833 1834 1835 1836 308 203 1837 1181 1838 1839 310 1840 1369 1109 693 829 543 370 1841 1842 650 1843 1204 1844 1845 1846 737 1847 1017 626 571 959 804 1120 491 765 1848 1849 150 1850 1851 1852 502 1853 117 1704 788 1854 1085 1855 521 537 1856 1213 1857 746 990 298 1160 468 1858 909 1859 1860 1861 1862 1863
510 162 307 1173 515 714 757 250 627 1064 488 1802 149 1117 198 585 1834 308 1837 829 626 150 1850 502 298 468 1862
162 250 149 198 150
510 307 585 308 1837 829 502
787 838 917 875 1811 1167 804 788 909
787 838 875 1811 788 909
1741 801 1092 1743 1083 1744 1745 1746 1086 1747 1751 1752 1132 1753 1313 1754 1755 1756 1757 1758 1759 786 924 952 1762 1763 1159 1141 1764 1765 1390 1767 1768 1769 1252 1770 1772 738 1773 1003 1774 812 1776 1777 1778 1779 1780 1781 1782 1784 1785 1786 1124 1787 1788 1257 716 1789 1791 1793 1794 1795 1053 1796 1419 1798 1799 1800 1200 1801 1803 1118 745 1805 1807 1809 1810 1812 698 1253 1246 1813 983 1815 1816 665 1817 1818 1819 935 1820 1219 1821 1822 1286 1020 1082 1824 1241 1825 837 1827 989 1828 1830 1832 796 1181 1838 1839 1840 1109 1841 1842 1845 1846 737 1847 1017 571 959 765 1848 1849 1851 1852 1853 1854 1085 1855 537 1856 746 990 1160 1858 1860 1861
1741 1092 1743 1083 1745 1747 1132 1753 1313 1755 1756 1757 1758 1759 786 1762 1763 1764 1765 1390 1767 1252 1772 738 1773 1003 1774 812 1776 1778 1779 1782 1784 1786 1787 1257 716 1791 1794 1795 1796 1419 1799 1800 1803 1805 1809 1812 698 1253 1813 983 1816 1818 935 1820 1822 1020 1825 1827 989 1830 796 1181 1838 1840 1841 1845 737 1017 571 1849 1852 1854 537 1856 746 990 1160 1858 1860
801 1744 1746 1086 1751 1752 1754 924 952 1159 1141 1768 1769 1770 1777 1780 1781 1785 1124 1788 1789 1793 1053 1798 1200 1801 1118 745 1807 1810 1246 1815 665 1817 1819 1219 1821 1286 1082 1824 1241 837 1828 1832 1839 1109 1842 1846 1847 959 765 1848 1851 1853 1085 1855 1861
1742 1663 1668 1672 1771 1679 1814 1366 1696 1826 1833 1835 1844 1704
1740 387 1155 1172 474 118 1748 1749 1750 179 618 1242 1760 246 1761 826 368 326 202 348 352 699 358 1766 231 864 1775 465 1783 475 461 954 212 122 1790 1792 428 953 1797 635 347 1804 1806 986 561 1129 1808 863 780 1000 668 1823 390 795 1829 718 781 1831 1836 203 310 1369 693 543 370 650 1843 1204 1120 491 117 521 1213 1857 1859 1863
387 1172 1748 1749 1750 179 618 1760 1761 826 326 202 699 358 1766 1775 1783 212 1792 953 1797 1806 1129 1808 863 780 1000 668 1823 390 795 781 1831 1836 203 1369 693 543 370 1843 1120 1213 1857 1859
1740 1155 474 118 1242 246 368 348 352 231 864 465 475 461 954 122 1790 428 635 347 1804 561 1829 718 310 650 1204 491 117 521 1863
290 556 1864 1865 1866 1867 1 1868 53 1869 1870 260 107 14 32 7 295 146 892 1871 1029 555 2 1872 366 43 654 1873 1874 1875 825 1876 582 323 154 332 160 1877 76 1069 1878 139 562 232 1879 80 1880 70 37 321 403 6 1384 822 1881 657 1882 1883 862 1884 1885 130 12 34 1886 33 1887 31 1888 1415 159 248 1889 42 330 1890 13 1891 205 312 84 230 728 1156 1169 35 1892 1893 1894 1895 1001 1896 105 184 174 1897 1548 148 1898 1899 1900 1901 1902 1002 109 1903 1904 349 81 8 1905 1906 286 1907 143 739 1908 1909 1910 142 1911 1161 104 1912 1913 1914 1410 483 1258 1915 1916 252 194 1917 1918 1919 1920 1921 234 189 1922 36 155 1174 1923 120 153 86 458 696 451 121 4 1924 869 20 75 922 233 78 102 3 1925 87 115 383 175 123 124 1414 1926 166 253 1049 1249 1927 1928 538 271 1929 651 1930 1931 74 359 317 103 316 1932 584 235 9 1933 106 79
107 332 1156 184 148 234 155 115 383 123 124 359 235 106
366 562 321 862 1894 349 1929 317 316
107 1156 109 234 189 153 78 87 115 383 235 106 79
290 260 232 248 233
1870 1029 366 1874 1876 582 562 1879 321 403 822 1883 862 1886 1888 1891 1894 1897 349 739 1910 1410 1258 1915 1916 1918 1920 1174 869 922 1049 1929 317
1870 366 562 321 403 1883 862 1891 1894 1897 349 1910 1915 1049 1929 317
366 562 321 862 1891 1894 349 1929 317
1874 1876 822 1888 739
1879 1886 1410 1916 1918 1174 922
1029 582 1258 1920 869
556 1864 1868 53 1869 32 295 146 1871 555 1872 654 1873 1875 825 323 154 160 1877 76 1069 1878 80 1880 37 1384 1881 1882 1885 12 33 1889 13 312 728 1169 1892 1893 1895 174 1548 1898 1899 1903 81 1906 1907 1909 1911 104 1912 1913 1914 194 1921 1922 1923 120 458 696 451 1924 75 175 1926 253 1249 1927 1928 538 651 1931 74 103 1932
53 32 146 154 160 76 80 37 12 33 13 728 81 194 75 74
76 37 13 728 75 74
53 32 146 154 160 76 80 37 12 33 13 728 81 194 75 74
53 32 146 154 160 76 80 37 12 33 13 728 81 194 75 74
53 80 37 33 728
556 555 654 1873 1384 1885 1889 1892 1893 1899 1903 696 1932
1877 1911 1912 1913
1878 1895 1548 1921 1927
555 1873 1384 1892 1932
295 825 312 174 104 458 175 253 651 103
1 107 14 7 2 43 139 70 6 1884 130 34 31 42 84 230 1156 35 105 8 286 483 36 86 121 4 20 102 3 115 383 271 651 9 106
107 43 70 34 1156 35 105 286 121 102 115 383 106
1 14 7 2 139 6 1884 130 31 42 84 230 8 483 36 86 4 20 3 651 9
32 892 154 160 657 33 205 143 142 252 194 166 651
32 892 154 160 33 205 143 142 252 194 166 651
596 245 1934 1935 1936 1102 1937 1938 1273 1939 1940 1103 785 1941 305 1942 598 1943 1944 1945 289 1274 1946 1947 597 677 299 243 244
596 1935 1937 1938 785 598 1943 597 677
596 598 597 677
1934 1102 1273 1939 1103 1944 1274 1946 1947
245 305 289 299 243 244
325 1948 327 1411 314 170 204 920 171 346 335
1403 457 424 1400 1949 1404 1405
