1	2	0.946
3	4	0.932
5	2	0.929
1	5	0.928
6	2	0.927
1	6	0.927
7	5	0.926
7	2	0.926
1	7	0.925
8	2	0.917
1	8	0.917
9	4	0.913
10	11	0.912
9	3	0.912
12	13	0.91
6	5	0.91
9	14	0.908
7	8	0.907
7	6	0.907
15	16	0.906
17	18	0.904
19	15	0.904
14	20	0.903
21	22	0.903
23	24	0.902
25	26	0.902
27	28	0.901
29	30	0.901
31	2	0.901
29	15	0.901
32	33	0.9
34	35	0.9
18	24	0.899
1	31	0.899
6	9	0.898
1	20	0.897
8	5	0.897
20	2	0.897
36	8	0.897
13	37	0.897
26	38	0.896
17	24	0.896
7	31	0.896
39	40	0.895
41	26	0.895
42	9	0.895
38	11	0.895
15	30	0.895
43	35	0.895
38	10	0.894
6	8	0.894
44	45	0.893
12	37	0.893
29	46	0.893
27	47	0.893
15	48	0.893
49	4	0.893
50	30	0.893
21	45	0.892
49	3	0.891
50	48	0.891
30	48	0.891
42	6	0.891
51	18	0.89
14	4	0.89
19	16	0.89
21	38	0.89
28	40	0.89
39	52	0.89
7	20	0.889
26	11	0.888
37	53	0.888
12	53	0.888
54	55	0.888
14	3	0.888
26	10	0.888
27	40	0.887
56	47	0.887
23	18	0.887
20	5	0.886
50	15	0.886
57	58	0.885
59	60	0.885
51	17	0.885
61	15	0.885
27	39	0.885
31	5	0.884
39	28	0.883
52	56	0.883
62	19	0.883
13	53	0.883
9	2	0.883
36	2	0.883
1	9	0.883
22	44	0.883
1	36	0.883
6	4	0.883
6	31	0.882
8	20	0.882
23	17	0.882
43	34	0.882
22	11	0.882
8	4	0.882
51	24	0.882
63	46	0.882
27	52	0.882
29	16	0.882
22	10	0.882
61	29	0.881
64	65	0.881
29	48	0.881
66	61	0.881
51	67	0.88
68	29	0.88
51	23	0.88
21	44	0.88
52	69	0.88
34	70	0.88
8	31	0.88
6	20	0.879
52	28	0.879
36	31	0.879
71	54	0.879
72	30	0.878
68	16	0.878
62	73	0.878
22	38	0.877
21	26	0.877
71	55	0.877
6	14	0.877
9	20	0.877
74	53	0.877
21	11	0.877
1	42	0.876
12	75	0.876
31	20	0.876
42	2	0.876
76	53	0.876
6	3	0.876
7	36	0.876
19	30	0.876
25	38	0.876
42	4	0.875
19	61	0.875
8	3	0.875
29	50	0.874
77	78	0.874
66	29	0.874
19	48	0.874
79	78	0.874
28	47	0.874
80	81	0.874
12	74	0.874
27	69	0.873
42	3	0.873
82	30	0.873
42	14	0.873
27	56	0.873
22	45	0.873
61	16	0.872
21	10	0.872
42	20	0.872
28	69	0.872
41	25	0.872
15	46	0.872
83	39	0.872
12	76	0.872
49	8	0.871
84	14	0.871
85	41	0.871
3	86	0.871
39	69	0.871
16	30	0.87
75	37	0.87
78	87	0.87
88	89	0.87
49	9	0.87
90	91	0.87
75	53	0.869
16	48	0.869
85	38	0.869
1	4	0.869
82	15	0.869
39	56	0.869
92	93	0.868
25	11	0.868
4	2	0.868
25	10	0.868
63	61	0.868
94	57	0.867
74	37	0.867
95	51	0.867
41	38	0.867
62	30	0.866
61	48	0.865
52	40	0.865
75	13	0.865
76	13	0.865
9	5	0.865
36	5	0.865
7	9	0.865
96	97	0.865
19	29	0.864
72	15	0.864
36	3	0.864
28	56	0.864
68	30	0.864
22	26	0.864
83	52	0.864
36	4	0.864
4	86	0.864
85	26	0.864
62	15	0.864
93	98	0.864
93	99	0.864
93	100	0.864
95	18	0.863
1	14	0.863
58	101	0.863
6	36	0.863
94	58	0.863
36	20	0.863
63	66	0.863
35	102	0.863
47	40	0.863
75	74	0.863
8	9	0.863
73	19	0.863
14	2	0.863
72	29	0.862
73	48	0.862
12	81	0.862
103	104	0.862
50	16	0.862
60	54	0.862
19	50	0.862
38	45	0.862
34	105	0.861
20	4	0.861
79	87	0.861
1	3	0.861
106	107	0.861
82	50	0.861
3	2	0.861
74	13	0.861
57	108	0.861
77	109	0.861
70	35	0.86
71	59	0.86
110	47	0.86
111	29	0.86
52	47	0.859
112	113	0.859
63	29	0.859
44	11	0.859
65	114	0.859
44	10	0.859
9	31	0.859
95	17	0.858
80	74	0.858
18	67	0.858
107	115	0.858
57	116	0.858
110	56	0.858
117	118	0.857
19	82	0.857
61	111	0.857
42	5	0.856
39	47	0.856
95	24	0.856
42	8	0.856
68	61	0.856
34	102	0.856
119	120	0.856
42	84	0.856
112	116	0.856
20	3	0.855
34	121	0.855
49	1	0.855
7	42	0.855
85	11	0.855
118	122	0.855
42	86	0.855
85	10	0.855
49	2	0.855
64	114	0.855
62	82	0.855
27	110	0.855
21	25	0.855
46	30	0.855
123	124	0.854
62	48	0.854
84	86	0.854
125	126	0.854
42	31	0.853
17	67	0.853
127	50	0.853
19	128	0.852
81	13	0.852
94	129	0.852
61	30	0.852
60	55	0.852
130	3	0.852
66	15	0.852
23	67	0.852
70	105	0.851
41	11	0.851
49	36	0.851
56	69	0.851
26	45	0.851
7	4	0.851
41	10	0.851
125	131	0.851
72	50	0.851
44	38	0.851
109	87	0.851
77	79	0.851
92	98	0.851
92	99	0.851
92	100	0.851
83	40	0.85
49	20	0.85
57	101	0.85
130	4	0.85
68	15	0.85
5	4	0.85
94	116	0.85
56	40	0.85
111	30	0.849
47	69	0.849
61	50	0.849
83	110	0.849
54	132	0.849
23	133	0.849
66	68	0.849
11	45	0.849
134	135	0.849
103	18	0.849
136	137	0.849
66	30	0.848
10	45	0.848
55	132	0.848
36	86	0.848
138	125	0.848
62	61	0.848
139	36	0.848
108	58	0.848
49	14	0.848
46	48	0.847
73	30	0.847
71	60	0.847
70	102	0.847
85	21	0.847
67	24	0.847
128	15	0.847
77	87	0.847
140	135	0.847
128	61	0.846
43	121	0.846
110	141	0.846
68	46	0.846
72	48	0.846
117	122	0.846
62	50	0.846
103	17	0.845
116	58	0.845
142	143	0.845
109	79	0.845
73	144	0.845
111	15	0.845
111	50	0.845
7	14	0.845
140	145	0.845
40	69	0.844
43	102	0.844
140	134	0.844
61	46	0.844
146	81	0.844
62	16	0.844
134	120	0.844
14	5	0.844
36	9	0.843
66	46	0.843
147	63	0.843
141	69	0.843
135	120	0.843
9	86	0.843
22	25	0.843
123	148	0.843
73	15	0.843
82	29	0.843
149	150	0.843
82	48	0.843
46	16	0.842
25	45	0.842
85	45	0.842
151	152	0.842
83	69	0.842
109	78	0.842
8	86	0.842
50	46	0.842
68	48	0.841
3	5	0.841
44	26	0.841
27	141	0.841
7	3	0.841
31	4	0.841
27	83	0.841
57	129	0.841
6	86	0.841
153	87	0.841
154	33	0.84
84	20	0.84
52	110	0.84
148	124	0.84
99	98	0.84
100	98	0.84
100	99	0.84
8	14	0.84
84	9	0.84
105	35	0.84
95	23	0.84
155	148	0.84
153	78	0.839
66	16	0.839
156	157	0.839
158	114	0.839
62	29	0.838
73	16	0.838
43	70	0.838
159	34	0.838
147	46	0.838
49	6	0.838
19	68	0.838
80	146	0.838
160	33	0.838
59	54	0.837
161	53	0.837
135	145	0.837
121	35	0.837
83	28	0.837
49	7	0.837
133	17	0.837
58	129	0.837
149	162	0.837
59	55	0.836
31	14	0.836
95	67	0.836
49	5	0.836
63	68	0.836
21	41	0.836
128	127	0.835
42	36	0.835
154	32	0.835
76	37	0.835
19	66	0.835
147	15	0.835
111	48	0.835
134	145	0.835
163	24	0.835
55	164	0.835
52	141	0.834
81	53	0.834
73	50	0.834
165	26	0.834
68	111	0.834
31	3	0.834
147	30	0.834
94	108	0.834
19	111	0.834
112	129	0.833
44	25	0.833
126	131	0.833
142	166	0.833
73	61	0.833
85	25	0.832
128	48	0.832
94	101	0.832
167	168	0.832
144	46	0.832
81	37	0.832
147	29	0.831
169	47	0.831
61	144	0.831
170	171	0.831
19	72	0.831
172	173	0.831
113	116	0.831
103	51	0.831
61	82	0.831
76	74	0.831
49	42	0.831
160	32	0.831
63	15	0.831
39	110	0.83
174	175	0.83
75	76	0.83
66	48	0.83
133	24	0.83
57	112	0.83
83	141	0.83
147	48	0.83
12	161	0.83
68	50	0.83
103	24	0.829
168	176	0.829
151	177	0.829
146	53	0.829
178	179	0.829
113	129	0.829
85	44	0.829
96	91	0.829
1	86	0.829
18	180	0.829
63	30	0.829
55	181	0.829
127	48	0.828
24	180	0.828
182	112	0.828
111	16	0.828
183	157	0.828
138	126	0.828
6	84	0.828
110	69	0.828
86	2	0.828
82	16	0.828
144	29	0.828
111	46	0.827
105	102	0.827
28	110	0.827
19	144	0.827
184	148	0.827
133	18	0.827
62	68	0.826
54	181	0.826
144	16	0.826
128	50	0.826
85	22	0.826
84	3	0.826
147	50	0.826
166	143	0.826
17	180	0.826
84	36	0.825
169	27	0.825
90	96	0.825
130	9	0.825
80	12	0.825
64	158	0.825
155	123	0.825
81	74	0.825
103	23	0.825
185	186	0.825
187	188	0.825
167	125	0.824
36	14	0.824
63	144	0.824
72	46	0.824
73	82	0.824
72	82	0.824
147	19	0.824
62	144	0.824
189	79	0.823
19	46	0.823
127	15	0.823
70	121	0.823
190	188	0.823
88	191	0.823
161	76	0.823
63	48	0.823
73	29	0.823
156	183	0.823
139	8	0.823
62	111	0.823
128	16	0.823
19	127	0.823
144	15	0.822
49	86	0.822
192	193	0.822
14	86	0.822
140	120	0.822
194	33	0.822
108	101	0.822
138	131	0.822
160	154	0.822
125	176	0.822
66	50	0.822
28	141	0.822
173	195	0.822
80	53	0.822
196	51	0.822
197	112	0.821
73	46	0.821
60	164	0.821
81	75	0.821
198	162	0.821
184	155	0.821
199	200	0.821
165	25	0.821
189	201	0.821
159	35	0.82
65	158	0.82
177	152	0.82
202	203	0.82
161	13	0.82
83	56	0.82
80	37	0.82
168	125	0.82
198	150	0.819
189	78	0.819
116	129	0.819
147	73	0.819
191	89	0.819
163	23	0.819
149	198	0.819
164	181	0.818
97	91	0.818
108	116	0.818
51	133	0.818
135	119	0.818
84	4	0.818
141	56	0.818
73	63	0.818
81	76	0.818
19	63	0.818
71	181	0.818
22	41	0.818
90	97	0.818
62	72	0.817
63	50	0.817
94	112	0.817
162	150	0.817
144	48	0.817
62	66	0.817
165	38	0.817
43	105	0.816
170	204	0.816
134	119	0.816
166	205	0.816
197	113	0.816
206	207	0.816
39	141	0.816
112	58	0.816
145	120	0.816
63	16	0.816
208	209	0.816
147	16	0.816
172	195	0.816
165	41	0.816
110	40	0.815
113	58	0.815
80	13	0.815
210	211	0.815
63	111	0.815
111	82	0.815
212	179	0.815
196	18	0.815
147	111	0.814
155	124	0.814
204	171	0.814
1	84	0.814
210	213	0.814
212	178	0.814
213	214	0.814
63	128	0.814
61	72	0.813
208	215	0.813
84	2	0.813
66	128	0.813
7	86	0.813
216	103	0.813
153	79	0.813
68	82	0.812
159	70	0.812
217	91	0.812
182	113	0.812
116	101	0.812
218	93	0.812
73	127	0.812
184	123	0.811
219	54	0.811
62	127	0.811
77	153	0.811
80	75	0.811
220	221	0.811
73	68	0.811
60	132	0.811
168	126	0.811
54	164	0.811
33	53	0.81
194	32	0.81
163	51	0.81
214	211	0.81
208	222	0.81
106	115	0.81
223	93	0.81
109	153	0.81
169	40	0.81
144	50	0.81
5	86	0.809
221	224	0.809
159	102	0.809
225	226	0.809
127	30	0.809
33	37	0.809
213	211	0.809
111	72	0.808
168	131	0.808
83	47	0.808
147	61	0.808
227	157	0.808
228	91	0.808
184	124	0.808
151	229	0.808
71	132	0.808
147	68	0.808
230	4	0.808
61	127	0.808
165	11	0.808
165	10	0.807
49	130	0.807
57	113	0.807
231	117	0.807
90	228	0.807
141	47	0.807
41	45	0.807
231	118	0.807
73	111	0.807
230	3	0.807
196	17	0.807
128	29	0.807
232	233	0.806
62	128	0.806
68	144	0.806
23	180	0.806
234	235	0.806
144	30	0.806
71	164	0.806
236	188	0.806
60	181	0.806
218	223	0.806
66	72	0.806
237	224	0.805
168	138	0.805
163	18	0.805
103	67	0.805
169	28	0.805
238	239	0.805
140	119	0.805
1	139	0.805
73	72	0.804
231	122	0.804
229	152	0.804
90	217	0.804
229	240	0.804
241	226	0.804
139	2	0.803
216	104	0.803
51	180	0.803
59	164	0.803
227	156	0.803
143	205	0.803
60	219	0.803
242	77	0.803
220	237	0.802
147	72	0.802
119	145	0.802
243	244	0.802
245	244	0.802
7	84	0.802
133	67	0.802
94	113	0.802
167	126	0.801
210	214	0.801
220	224	0.801
221	237	0.801
117	246	0.801
169	56	0.801
141	40	0.801
246	122	0.801
139	20	0.801
182	116	0.801
73	128	0.801
117	247	0.8
8	130	0.8
95	103	0.8
129	101	0.8
43	159	0.8
147	66	0.8
163	17	0.8
128	30	0.8
248	233	0.799
232	248	0.799
41	249	0.799
12	146	0.799
149	250	0.799
196	24	0.799
147	128	0.799
67	180	0.799
42	230	0.798
66	144	0.798
181	132	0.798
88	251	0.797
252	205	0.797
20	86	0.797
6	130	0.797
108	129	0.797
238	172	0.797
84	5	0.797
128	46	0.797
197	116	0.797
160	194	0.797
169	39	0.797
253	175	0.796
176	126	0.796
254	219	0.796
44	41	0.796
127	16	0.796
228	97	0.796
208	255	0.796
128	111	0.795
242	109	0.795
182	129	0.795
197	129	0.795
242	189	0.795
161	37	0.795
66	82	0.795
127	29	0.795
167	131	0.794
27	256	0.794
63	72	0.794
209	215	0.794
64	257	0.794
164	132	0.794
137	258	0.794
62	63	0.793
73	66	0.793
253	174	0.793
218	92	0.793
62	46	0.792
146	37	0.792
189	87	0.792
159	121	0.792
139	7	0.792
196	95	0.792
257	114	0.792
133	180	0.791
82	46	0.791
167	176	0.791
146	74	0.791
146	161	0.791
259	65	0.791
165	21	0.791
260	233	0.791
232	260	0.791
146	13	0.791
147	62	0.791
239	172	0.791
146	76	0.79
84	31	0.79
242	79	0.79
261	224	0.79
182	197	0.79
262	263	0.79
264	265	0.79
251	89	0.789
121	102	0.789
242	78	0.789
223	92	0.789
236	187	0.789
220	261	0.789
103	180	0.789
266	240	0.789
267	188	0.789
186	268	0.789
169	110	0.789
161	74	0.788
176	131	0.788
136	258	0.788
64	269	0.788
159	105	0.788
270	213	0.788
104	51	0.788
271	272	0.788
273	272	0.788
274	275	0.787
127	82	0.787
158	276	0.787
259	64	0.787
165	22	0.787
277	278	0.787
277	279	0.787
167	138	0.787
227	183	0.787
166	280	0.786
9	230	0.786
111	144	0.786
219	55	0.786
42	130	0.786
281	30	0.786
222	209	0.785
139	5	0.785
88	282	0.785
254	164	0.785
281	15	0.785
58	283	0.785
284	241	0.785
142	205	0.785
169	256	0.785
59	132	0.785
21	249	0.784
285	206	0.784
286	287	0.784
28	256	0.784
238	173	0.784
59	181	0.784
104	18	0.784
154	194	0.784
64	276	0.783
57	283	0.783
1	130	0.783
247	246	0.783
65	257	0.783
288	157	0.783
255	209	0.783
237	261	0.783
236	190	0.783
289	244	0.782
290	233	0.782
232	290	0.782
112	108	0.782
208	291	0.782
130	2	0.782
36	130	0.782
196	180	0.782
80	76	0.782
248	290	0.782
27	292	0.782
293	294	0.782
95	163	0.782
163	67	0.782
221	261	0.781
269	65	0.781
295	175	0.781
292	52	0.781
12	33	0.781
296	233	0.781
296	232	0.781
189	77	0.781
231	297	0.781
298	149	0.781
217	97	0.781
196	23	0.781
290	260	0.781
127	144	0.781
189	153	0.781
248	260	0.781
239	173	0.781
285	207	0.781
196	67	0.781
71	219	0.78
299	244	0.78
259	114	0.78
300	132	0.78
254	181	0.78
296	290	0.78
301	206	0.78
104	17	0.78
238	195	0.779
243	289	0.779
245	289	0.779
128	68	0.779
138	176	0.779
241	225	0.779
112	101	0.779
113	101	0.779
242	201	0.779
127	46	0.779
65	276	0.779
302	303	0.779
228	96	0.779
251	304	0.778
22	249	0.778
305	289	0.778
270	306	0.777
128	82	0.777
245	243	0.777
218	98	0.777
218	99	0.777
218	100	0.777
299	243	0.777
245	299	0.777
185	268	0.777
49	139	0.777
282	89	0.776
144	82	0.776
128	72	0.776
13	33	0.776
255	215	0.776
307	308	0.776
279	278	0.776
309	272	0.776
165	85	0.776
49	84	0.776
156	288	0.776
222	215	0.776
231	310	0.776
139	4	0.776
190	187	0.775
264	311	0.775
292	39	0.775
147	82	0.775
265	311	0.775
63	82	0.774
26	249	0.774
312	174	0.774
6	230	0.774
139	31	0.774
139	3	0.774
302	313	0.774
127	111	0.774
142	280	0.774
146	75	0.773
247	122	0.773
314	170	0.773
95	180	0.773
95	133	0.773
59	219	0.773
169	52	0.773
185	275	0.773
292	28	0.773
315	294	0.772
281	16	0.772
316	317	0.772
318	272	0.772
31	86	0.772
57	182	0.771
223	98	0.771
223	99	0.771
223	100	0.771
139	6	0.771
319	293	0.771
56	320	0.771
291	209	0.771
127	72	0.771
321	317	0.771
322	323	0.771
84	8	0.771
128	144	0.771
295	174	0.77
75	33	0.77
177	229	0.77
254	60	0.77
152	240	0.77
213	306	0.77
291	215	0.77
211	306	0.77
130	86	0.769
85	249	0.769
324	89	0.769
296	248	0.769
325	171	0.769
52	256	0.769
130	230	0.769
169	69	0.768
255	222	0.768
326	203	0.768
143	280	0.768
88	324	0.768
94	283	0.768
94	197	0.768
105	121	0.768
104	24	0.768
291	222	0.768
165	45	0.767
327	204	0.767
189	109	0.767
7	130	0.767
328	329	0.767
198	250	0.767
274	185	0.766
79	235	0.766
281	29	0.766
247	118	0.766
57	197	0.766
186	275	0.766
256	141	0.766
159	330	0.766
331	224	0.765
229	266	0.765
153	235	0.765
217	96	0.765
220	331	0.765
94	182	0.765
66	127	0.765
269	114	0.764
68	127	0.764
228	217	0.764
291	255	0.764
242	87	0.764
130	5	0.764
315	293	0.764
161	81	0.764
249	45	0.764
39	320	0.763
49	230	0.763
151	240	0.763
63	127	0.763
237	331	0.763
256	47	0.763
254	54	0.763
239	195	0.762
197	58	0.762
104	23	0.762
325	170	0.762
332	184	0.762
1	230	0.761
144	72	0.761
14	230	0.761
276	114	0.761
108	113	0.761
312	175	0.761
333	334	0.761
210	306	0.761
292	40	0.761
165	44	0.76
335	204	0.76
281	48	0.76
182	58	0.76
230	2	0.76
319	315	0.76
336	337	0.759
103	133	0.759
254	55	0.759
221	331	0.759
219	181	0.759
256	69	0.758
201	79	0.758
280	205	0.758
292	69	0.758
109	235	0.758
216	51	0.758
256	56	0.757
25	249	0.757
22	338	0.757
314	171	0.757
339	340	0.757
341	342	0.757
117	310	0.757
252	166	0.757
169	83	0.757
24	343	0.757
344	345	0.757
170	346	0.756
77	235	0.756
281	50	0.756
310	118	0.755
347	348	0.755
8	230	0.755
316	349	0.755
74	33	0.755
296	260	0.755
246	118	0.755
277	350	0.754
257	158	0.754
340	351	0.754
251	282	0.754
139	9	0.754
319	294	0.754
71	254	0.753
118	352	0.753
216	18	0.753
196	103	0.753
104	67	0.753
44	338	0.753
130	31	0.753
353	53	0.752
354	355	0.752
325	204	0.752
214	306	0.752
76	33	0.752
298	198	0.752
7	230	0.752
356	172	0.752
201	78	0.752
357	333	0.752
358	203	0.751
123	359	0.751
32	53	0.751
44	249	0.751
10	249	0.751
249	11	0.751
299	289	0.751
356	195	0.75
262	339	0.75
333	360	0.75
47	320	0.75
269	257	0.75
95	104	0.75
288	183	0.749
124	359	0.749
163	133	0.749
361	193	0.749
12	32	0.749
333	362	0.749
38	249	0.749
256	40	0.749
242	153	0.749
103	163	0.749
347	118	0.749
108	283	0.749
40	320	0.748
363	364	0.748
284	226	0.748
17	343	0.748
365	157	0.747
366	317	0.747
367	339	0.747
151	266	0.747
278	350	0.747
279	350	0.747
147	127	0.747
368	118	0.747
67	343	0.746
59	254	0.746
216	17	0.746
32	37	0.746
332	148	0.746
369	344	0.746
275	268	0.746
212	370	0.746
371	105	0.746
335	170	0.745
116	283	0.745
259	158	0.745
283	101	0.745
324	282	0.745
343	180	0.745
23	343	0.745
230	5	0.745
177	266	0.745
281	72	0.744
309	271	0.744
273	309	0.744
191	251	0.744
372	373	0.744
105	374	0.744
353	12	0.744
375	376	0.744
148	359	0.743
252	142	0.743
300	55	0.743
377	378	0.743
281	61	0.743
216	24	0.743
295	253	0.743
379	140	0.742
266	152	0.742
292	56	0.742
292	47	0.742
191	324	0.741
380	339	0.741
381	382	0.741
357	334	0.741
383	115	0.741
353	161	0.74
384	120	0.74
337	287	0.74
372	380	0.74
206	385	0.74
110	320	0.74
353	76	0.74
324	251	0.74
376	386	0.739
231	352	0.739
281	19	0.739
133	343	0.739
20	230	0.739
353	13	0.739
387	178	0.739
365	156	0.739
212	202	0.739
349	317	0.739
305	244	0.739
219	132	0.739
363	388	0.738
389	265	0.738
252	143	0.738
43	330	0.738
390	179	0.737
391	392	0.737
236	267	0.737
334	362	0.737
335	171	0.737
356	173	0.737
380	373	0.737
227	365	0.737
312	253	0.737
378	393	0.737
394	364	0.737
274	186	0.737
318	271	0.736
318	273	0.736
380	263	0.736
262	395	0.736
177	240	0.736
316	321	0.736
396	397	0.736
398	275	0.736
399	400	0.735
270	211	0.735
261	331	0.735
21	338	0.735
390	178	0.735
137	275	0.735
201	87	0.735
136	275	0.734
235	78	0.734
334	360	0.734
129	283	0.734
13	32	0.734
52	320	0.734
401	374	0.734
301	385	0.734
332	123	0.733
196	216	0.733
70	374	0.733
314	204	0.733
43	374	0.733
169	141	0.733
281	82	0.733
39	256	0.732
371	70	0.732
332	124	0.732
18	343	0.732
363	402	0.732
399	375	0.732
337	286	0.732
403	111	0.732
403	46	0.732
194	75	0.731
375	404	0.73
371	34	0.73
139	130	0.73
338	10	0.73
31	230	0.73
81	33	0.73
405	406	0.73
338	11	0.73
407	350	0.73
139	14	0.73
365	288	0.73
337	408	0.73
409	410	0.729
367	340	0.729
117	348	0.729
235	87	0.729
140	384	0.729
346	171	0.729
411	302	0.729
135	384	0.729
216	23	0.728
227	288	0.728
80	161	0.728
191	282	0.728
389	264	0.728
110	256	0.728
274	268	0.728
161	33	0.728
267	187	0.728
323	412	0.727
300	54	0.727
364	413	0.727
310	122	0.727
192	361	0.727
112	283	0.727
339	351	0.726
281	66	0.726
263	339	0.726
216	67	0.726
414	323	0.726
357	360	0.726
212	387	0.725
95	343	0.725
386	404	0.725
415	355	0.725
411	416	0.725
270	210	0.725
362	360	0.725
417	367	0.725
246	348	0.724
83	320	0.724
338	45	0.724
379	120	0.724
269	158	0.724
379	145	0.724
418	419	0.724
28	320	0.724
327	170	0.723
400	375	0.723
263	395	0.723
357	362	0.723
118	348	0.723
231	246	0.723
197	101	0.723
332	155	0.723
420	351	0.722
145	384	0.722
117	352	0.722
373	340	0.722
421	342	0.722
303	313	0.722
330	35	0.722
155	359	0.722
403	29	0.721
396	422	0.721
202	178	0.721
415	354	0.721
27	320	0.721
423	419	0.721
424	277	0.721
422	397	0.721
425	426	0.721
134	384	0.721
247	348	0.721
416	427	0.72
368	428	0.72
330	34	0.72
326	202	0.72
88	304	0.72
363	413	0.72
239	429	0.72
310	352	0.72
392	430	0.72
380	431	0.72
385	207	0.72
281	62	0.72
372	262	0.719
432	294	0.719
433	393	0.718
34	374	0.718
250	150	0.718
336	408	0.718
75	32	0.718
382	434	0.718
381	434	0.718
435	436	0.718
387	179	0.718
327	171	0.717
182	108	0.717
367	351	0.716
437	392	0.716
394	363	0.716
299	305	0.716
189	235	0.716
270	214	0.716
304	89	0.716
220	438	0.716
439	149	0.716
35	374	0.715
12	194	0.715
440	438	0.715
154	12	0.715
441	442	0.715
443	442	0.715
194	37	0.715
267	190	0.715
330	102	0.714
433	378	0.714
444	445	0.714
204	346	0.714
146	33	0.714
281	128	0.714
353	37	0.714
368	347	0.714
263	373	0.714
349	321	0.714
380	262	0.713
285	225	0.713
380	367	0.713
369	345	0.713
154	37	0.713
219	164	0.713
64	446	0.713
298	150	0.713
245	305	0.712
243	305	0.712
379	135	0.712
380	351	0.712
371	35	0.712
119	384	0.712
424	278	0.711
424	279	0.711
398	186	0.711
318	309	0.711
353	160	0.711
447	446	0.711
201	153	0.711
275	132	0.711
448	449	0.711
383	107	0.71
77	201	0.71
246	310	0.71
217	450	0.71
262	367	0.71
163	104	0.71
68	403	0.71
371	121	0.709
417	339	0.709
65	446	0.709
212	390	0.709
326	387	0.709
364	388	0.708
335	327	0.708
372	339	0.708
389	311	0.708
432	293	0.708
221	438	0.708
228	450	0.707
365	183	0.707
119	451	0.707
194	13	0.707
83	256	0.707
69	320	0.707
196	104	0.707
372	367	0.706
113	283	0.706
314	325	0.706
196	133	0.706
234	109	0.706
452	453	0.705
379	134	0.705
80	33	0.705
454	427	0.705
432	319	0.705
400	386	0.705
285	385	0.705
338	38	0.705
380	420	0.705
423	418	0.705
399	376	0.704
455	282	0.704
456	93	0.704
457	424	0.704
371	102	0.704
330	121	0.704
281	68	0.704
414	322	0.704
104	180	0.704
417	340	0.704
367	420	0.703
454	416	0.703
237	438	0.703
184	359	0.703
154	13	0.703
458	295	0.702
259	257	0.702
51	343	0.702
459	91	0.702
431	339	0.701
102	374	0.701
405	460	0.701
461	368	0.701
202	358	0.701
347	122	0.701
373	367	0.701
117	347	0.701
451	120	0.701
74	32	0.7
375	386	0.7
427	462	0.7
224	438	0.7
458	175	0.7
463	251	0.7
103	343	0.7
162	250	0.699
178	370	0.699
316	366	0.699
455	88	0.699
259	276	0.699
439	150	0.699
353	74	0.699
403	30	0.699
453	464	0.699
172	429	0.699
403	144	0.699
391	437	0.699
301	207	0.698
284	225	0.698
273	271	0.698
159	374	0.698
465	348	0.698
194	81	0.697
454	411	0.697
458	253	0.697
466	449	0.697
285	258	0.697
416	467	0.697
201	109	0.696
163	343	0.696
298	162	0.696
300	164	0.696
373	339	0.696
207	258	0.696
122	348	0.695
338	25	0.695
403	15	0.695
202	179	0.695
81	32	0.695
380	340	0.695
212	203	0.694
468	307	0.694
60	300	0.694
267	469	0.694
312	295	0.694
231	348	0.694
373	470	0.694
336	286	0.694
300	181	0.693
71	300	0.693
104	133	0.693
411	462	0.693
416	462	0.693
274	137	0.692
161	32	0.692
231	368	0.692
340	471	0.692
339	420	0.692
472	473	0.691
247	310	0.691
432	315	0.691
474	475	0.691
352	122	0.691
136	274	0.691
269	276	0.691
400	376	0.691
154	53	0.691
455	251	0.69
428	118	0.69
338	26	0.69
336	287	0.69
179	370	0.69
304	282	0.69
262	373	0.689
321	366	0.689
416	476	0.689
97	450	0.689
455	89	0.689
454	477	0.689
322	412	0.689
444	478	0.689
479	262	0.689
480	397	0.689
463	191	0.689
399	481	0.688
460	406	0.688
376	404	0.688
482	470	0.688
242	235	0.688
84	483	0.688
429	195	0.688
484	485	0.688
431	367	0.688
122	297	0.688
485	466	0.687
147	403	0.687
486	487	0.687
326	358	0.687
254	132	0.687
73	403	0.687
488	149	0.687
489	490	0.687
433	453	0.687
257	276	0.687
123	235	0.687
194	53	0.687
491	118	0.687
59	300	0.687
425	101	0.686
185	398	0.686
281	111	0.686
356	239	0.686
458	174	0.686
488	198	0.686
206	258	0.685
492	69	0.685
372	340	0.685
145	451	0.685
493	96	0.685
90	450	0.684
140	451	0.684
494	120	0.684
495	466	0.684
420	471	0.684
493	97	0.684
496	497	0.684
426	101	0.684
372	263	0.683
498	499	0.683
459	500	0.683
353	75	0.683
173	429	0.683
19	403	0.683
501	382	0.683
501	381	0.683
403	16	0.682
135	494	0.682
372	351	0.682
425	108	0.682
339	471	0.682
307	502	0.682
121	374	0.681
403	50	0.681
234	153	0.681
154	75	0.681
439	162	0.681
480	422	0.681
202	370	0.681
314	346	0.681
160	53	0.681
503	504	0.68
465	310	0.68
505	294	0.68
506	507	0.68
148	235	0.68
471	351	0.679
446	114	0.679
234	77	0.679
358	370	0.679
379	119	0.679
225	206	0.679
191	304	0.679
43	371	0.679
186	132	0.679
372	395	0.679
325	346	0.678
327	325	0.678
456	92	0.678
197	283	0.678
160	12	0.678
335	325	0.678
216	133	0.677
117	368	0.677
216	180	0.677
403	48	0.677
238	429	0.677
178	203	0.677
140	494	0.677
452	393	0.677
187	469	0.676
421	341	0.676
160	37	0.676
491	122	0.676
508	509	0.676
510	308	0.676
408	286	0.676
310	348	0.676
385	258	0.675
134	451	0.675
263	351	0.675
165	249	0.675
488	150	0.675
459	97	0.675
368	122	0.675
135	451	0.674
391	430	0.674
377	393	0.674
380	395	0.674
373	351	0.674
511	386	0.674
330	70	0.674
426	108	0.674
263	340	0.674
137	268	0.674
482	263	0.673
439	198	0.673
190	469	0.673
512	90	0.673
235	124	0.673
513	355	0.673
231	491	0.673
34	107	0.673
505	293	0.673
134	494	0.673
514	222	0.672
236	469	0.672
261	438	0.672
488	515	0.672
433	377	0.672
516	497	0.672
512	96	0.671
319	505	0.671
395	339	0.671
182	283	0.671
405	517	0.671
228	459	0.671
477	411	0.671
512	97	0.671
96	450	0.671
312	458	0.671
262	431	0.671
141	320	0.67
488	162	0.67
194	74	0.67
437	430	0.67
402	413	0.67
160	13	0.67
188	469	0.669
518	487	0.669
269	446	0.669
411	303	0.669
268	132	0.669
352	297	0.669
90	459	0.668
234	87	0.668
465	246	0.668
216	163	0.668
328	8	0.668
281	127	0.668
348	297	0.668
510	502	0.668
459	96	0.668
489	519	0.668
520	41	0.667
399	404	0.667
70	107	0.667
35	107	0.667
428	491	0.667
521	352	0.667
492	39	0.667
514	215	0.667
402	388	0.666
427	476	0.666
478	445	0.666
522	430	0.666
452	464	0.665
400	404	0.665
308	502	0.665
477	416	0.665
454	467	0.665
285	301	0.665
523	524	0.665
520	26	0.664
347	297	0.664
525	526	0.664
399	386	0.664
154	76	0.664
326	178	0.664
169	292	0.664
241	206	0.664
484	466	0.663
370	203	0.663
234	79	0.663
231	347	0.663
302	527	0.663
367	471	0.663
155	235	0.663
231	461	0.663
479	420	0.662
403	72	0.662
307	510	0.662
62	403	0.662
454	303	0.662
505	315	0.662
509	528	0.662
411	527	0.662
262	417	0.662
310	297	0.662
514	255	0.662
529	412	0.662
234	78	0.661
514	209	0.661
479	395	0.661
416	530	0.661
531	303	0.661
225	258	0.661
263	367	0.661
340	420	0.661
477	427	0.661
353	33	0.661
508	528	0.66
532	400	0.66
380	470	0.66
424	350	0.66
533	436	0.66
461	118	0.66
512	91	0.659
139	328	0.659
516	496	0.659
486	518	0.659
493	217	0.659
428	352	0.659
494	145	0.659
408	287	0.658
395	351	0.658
262	351	0.658
369	503	0.658
495	485	0.658
517	406	0.658
534	535	0.657
536	226	0.657
263	470	0.657
88	463	0.657
463	304	0.657
91	450	0.657
194	76	0.657
146	32	0.657
459	217	0.657
231	465	0.657
403	82	0.657
331	438	0.657
328	36	0.656
136	225	0.656
512	228	0.656
302	462	0.656
537	420	0.656
538	539	0.656
162	515	0.656
456	98	0.655
456	99	0.655
456	100	0.655
238	356	0.655
285	241	0.655
208	514	0.655
454	462	0.655
492	52	0.655
139	329	0.655
540	191	0.655
541	542	0.655
80	194	0.654
465	118	0.654
70	106	0.654
372	470	0.654
154	81	0.653
543	203	0.653
14	483	0.652
417	351	0.652
43	106	0.652
544	522	0.652
545	546	0.652
468	502	0.652
327	314	0.652
384	451	0.652
160	76	0.652
387	203	0.652
492	28	0.652
105	107	0.651
328	20	0.651
117	465	0.651
477	547	0.651
501	434	0.651
492	40	0.651
443	441	0.65
335	346	0.65
328	2	0.649
369	504	0.649
80	32	0.649
457	277	0.649
262	420	0.649
533	435	0.649
85	520	0.649
137	398	0.649
225	207	0.649
1	328	0.648
263	431	0.648
455	304	0.648
532	399	0.648
34	106	0.648
398	268	0.648
416	547	0.647
179	203	0.647
328	7	0.647
515	150	0.647
492	27	0.647
506	548	0.647
549	550	0.647
241	536	0.647
481	376	0.647
461	352	0.646
493	90	0.646
453	393	0.646
460	517	0.646
549	551	0.645
70	115	0.645
519	490	0.645
368	352	0.645
212	326	0.645
292	256	0.644
349	366	0.644
480	396	0.644
552	466	0.644
479	263	0.644
55	268	0.643
553	517	0.643
136	398	0.643
494	119	0.643
554	15	0.643
463	89	0.643
555	556	0.642
35	106	0.642
557	430	0.642
401	105	0.642
468	308	0.642
427	558	0.642
212	358	0.641
42	483	0.641
281	554	0.641
452	378	0.641
554	72	0.641
292	320	0.64
485	449	0.64
329	8	0.64
275	258	0.64
398	132	0.64
559	345	0.64
373	431	0.639
554	30	0.639
560	436	0.639
561	348	0.639
54	268	0.639
537	471	0.639
64	447	0.639
562	349	0.639
225	385	0.638
493	91	0.638
563	206	0.638
160	75	0.638
485	448	0.638
400	511	0.638
205	32	0.638
394	388	0.638
302	416	0.638
136	186	0.637
300	564	0.637
495	448	0.637
425	57	0.637
495	449	0.637
137	186	0.637
407	277	0.637
565	395	0.637
43	107	0.637
105	106	0.637
554	16	0.637
566	402	0.636
504	345	0.636
91	500	0.636
20	483	0.636
285	226	0.636
332	359	0.636
316	562	0.635
457	278	0.635
457	279	0.635
567	556	0.635
328	5	0.635
395	373	0.635
553	406	0.635
482	565	0.635
368	297	0.635
154	161	0.634
568	422	0.634
186	54	0.634
390	387	0.634
484	495	0.634
354	569	0.634
447	65	0.634
60	186	0.634
390	203	0.633
313	527	0.633
462	467	0.633
355	569	0.633
368	348	0.633
94	426	0.633
425	94	0.633
491	352	0.633
394	402	0.633
431	542	0.633
425	58	0.632
237	440	0.632
570	226	0.632
184	235	0.632
329	36	0.632
405	553	0.632
571	420	0.632
160	205	0.632
572	573	0.632
344	504	0.631
246	297	0.631
462	527	0.631
262	340	0.631
537	339	0.631
310	474	0.631
358	387	0.631
259	446	0.631
523	574	0.631
426	57	0.631
575	495	0.631
373	417	0.631
262	470	0.631
154	205	0.63
387	370	0.63
226	206	0.63
372	417	0.63
481	375	0.63
380	471	0.63
426	58	0.63
576	577	0.63
520	25	0.63
479	565	0.63
578	419	0.629
159	107	0.629
411	427	0.629
560	435	0.629
234	155	0.629
462	476	0.629
185	132	0.629
477	303	0.629
579	415	0.629
437	557	0.629
559	409	0.628
212	543	0.628
580	581	0.628
261	440	0.628
97	500	0.628
96	500	0.628
200	287	0.628
529	323	0.628
523	582	0.628
390	202	0.628
583	328	0.627
247	347	0.627
584	585	0.627
310	521	0.627
201	235	0.627
401	43	0.627
358	543	0.627
368	491	0.627
520	38	0.627
417	420	0.626
470	339	0.626
573	586	0.626
572	586	0.626
234	106	0.626
411	313	0.626
573	587	0.625
572	587	0.625
354	513	0.625
373	471	0.625
298	488	0.625
401	34	0.625
328	31	0.625
446	158	0.625
588	589	0.625
401	70	0.625
353	32	0.625
160	74	0.624
246	474	0.624
590	412	0.624
427	467	0.624
186	55	0.624
19	554	0.624
136	285	0.624
241	207	0.624
566	363	0.623
137	207	0.623
566	394	0.623
411	476	0.623
591	592	0.623
160	142	0.622
380	542	0.622
107	102	0.622
333	593	0.622
514	291	0.622
357	593	0.622
415	569	0.622
402	364	0.622
537	380	0.622
234	242	0.621
221	440	0.621
407	278	0.621
407	279	0.621
379	451	0.621
62	554	0.621
507	548	0.621
554	48	0.621
160	166	0.621
185	137	0.621
594	201	0.62
136	268	0.62
147	554	0.62
400	481	0.62
479	367	0.62
431	420	0.619
128	554	0.619
202	387	0.619
275	54	0.619
34	115	0.619
522	437	0.619
492	83	0.618
353	154	0.618
329	7	0.617
115	148	0.617
198	515	0.617
165	338	0.617
595	411	0.617
540	88	0.617
60	268	0.617
300	268	0.616
596	597	0.616
598	596	0.616
599	600	0.616
601	599	0.616
602	600	0.616
602	601	0.616
334	593	0.616
554	50	0.616
159	106	0.616
115	235	0.616
389	603	0.616
224	440	0.616
360	593	0.616
90	500	0.616
9	483	0.616
184	234	0.616
154	166	0.616
454	547	0.615
603	265	0.615
358	179	0.615
413	388	0.615
258	268	0.615
121	106	0.615
127	403	0.615
540	89	0.615
511	376	0.615
418	578	0.614
465	122	0.614
604	556	0.614
477	302	0.614
159	115	0.614
559	344	0.614
598	597	0.614
601	600	0.614
602	599	0.614
428	122	0.614
536	225	0.614
313	462	0.614
540	324	0.613
595	527	0.613
247	465	0.613
454	558	0.613
491	297	0.613
481	386	0.613
605	542	0.613
416	558	0.613
531	313	0.613
373	542	0.613
106	102	0.613
442	606	0.613
202	543	0.613
160	161	0.612
561	122	0.612
303	462	0.612
399	511	0.612
160	143	0.612
185	60	0.612
166	32	0.612
595	302	0.611
137	206	0.611
275	55	0.611
347	561	0.611
532	375	0.611
185	54	0.611
347	428	0.611
522	392	0.61
263	565	0.61
372	420	0.61
607	175	0.61
595	303	0.609
531	302	0.609
459	608	0.609
609	610	0.609
479	431	0.609
401	35	0.609
461	297	0.608
262	542	0.608
358	178	0.608
326	370	0.608
595	416	0.608
241	385	0.608
590	529	0.608
482	380	0.608
115	123	0.608
394	413	0.607
35	115	0.607
465	297	0.607
395	420	0.607
453	378	0.607
463	324	0.607
121	107	0.607
542	340	0.607
401	102	0.607
226	301	0.606
228	500	0.606
495	552	0.606
486	611	0.606
105	115	0.606
275	300	0.606
607	253	0.606
447	114	0.606
127	256	0.605
611	487	0.605
59	186	0.605
60	275	0.605
612	367	0.605
586	587	0.605
389	613	0.605
263	420	0.605
107	235	0.604
265	613	0.604
488	250	0.604
614	186	0.604
234	115	0.604
415	513	0.604
298	515	0.604
117	491	0.604
555	567	0.604
164	564	0.604
615	419	0.603
482	471	0.603
579	355	0.603
328	6	0.603
234	189	0.603
411	467	0.603
136	185	0.603
117	428	0.602
545	616	0.602
617	545	0.602
537	263	0.602
612	339	0.602
252	160	0.601
185	55	0.601
482	351	0.601
455	324	0.601
263	417	0.601
461	465	0.601
446	276	0.601
566	364	0.601
482	395	0.601
452	433	0.601
468	510	0.6
326	179	0.6
554	82	0.6
104	343	0.6
269	447	0.6
479	380	0.6
234	107	0.6
344	503	0.6
618	370	0.6
235	359	0.6
231	428	0.599
619	262	0.599
595	477	0.599
613	311	0.599
115	124	0.599
551	550	0.599
220	440	0.599
137	225	0.599
329	20	0.598
31	483	0.598
234	148	0.598
416	527	0.598
341	620	0.598
225	301	0.598
226	385	0.598
121	115	0.598
542	339	0.598
137	385	0.598
301	258	0.597
530	476	0.597
465	352	0.597
142	194	0.597
143	32	0.597
274	258	0.596
543	370	0.596
590	323	0.596
6	483	0.596
274	614	0.596
166	194	0.596
621	622	0.595
1	329	0.595
482	373	0.595
612	420	0.595
329	2	0.595
537	351	0.595
492	141	0.595
561	118	0.594
439	250	0.594
409	345	0.594
459	450	0.594
619	431	0.594
371	115	0.594
520	11	0.594
431	351	0.594
540	282	0.594
274	132	0.594
541	605	0.594
623	373	0.594
241	361	0.594
624	157	0.594
558	467	0.594
537	367	0.593
461	310	0.593
136	207	0.593
186	300	0.593
373	420	0.593
623	470	0.592
612	340	0.592
165	520	0.592
59	268	0.592
532	376	0.592
149	515	0.592
482	339	0.592
246	352	0.592
520	10	0.591
205	33	0.591
252	154	0.591
582	574	0.591
373	625	0.591
612	417	0.591
614	398	0.591
482	340	0.59
626	627	0.59
142	154	0.59
479	339	0.59
252	32	0.59
620	342	0.59
137	285	0.59
368	310	0.59
537	262	0.59
71	268	0.59
608	446	0.59
559	410	0.59
234	123	0.589
181	564	0.589
137	449	0.589
154	146	0.589
568	397	0.589
227	624	0.589
477	467	0.589
416	303	0.589
428	297	0.589
343	628	0.589
566	388	0.588
537	482	0.588
454	302	0.588
629	356	0.588
532	481	0.588
264	603	0.588
607	174	0.588
543	179	0.588
383	235	0.587
143	194	0.587
630	534	0.587
372	471	0.587
461	347	0.587
623	380	0.587
492	292	0.587
615	418	0.587
623	482	0.586
477	558	0.586
303	527	0.586
562	317	0.586
347	465	0.586
115	102	0.586
546	616	0.586
617	546	0.586
537	340	0.586
322	529	0.586
537	619	0.585
470	367	0.585
414	412	0.585
479	619	0.585
427	530	0.585
142	32	0.585
461	117	0.585
361	226	0.585
1	483	0.585
532	386	0.584
464	393	0.584
136	449	0.584
244	631	0.584
466	448	0.584
632	213	0.584
454	527	0.583
156	624	0.583
234	124	0.583
633	634	0.583
247	352	0.583
395	340	0.583
452	377	0.583
461	428	0.582
635	491	0.582
226	207	0.582
368	247	0.582
566	413	0.582
483	2	0.582
329	5	0.582
241	301	0.582
416	636	0.581
508	637	0.581
442	638	0.581
482	262	0.581
136	206	0.581
194	205	0.581
639	377	0.58
528	637	0.58
185	59	0.58
474	348	0.58
420	392	0.579
447	608	0.579
302	427	0.579
347	246	0.579
155	115	0.579
264	613	0.579
256	320	0.579
557	392	0.579
394	640	0.579
106	235	0.579
7	483	0.578
59	275	0.578
536	361	0.578
612	351	0.578
470	340	0.578
641	531	0.578
73	554	0.578
642	643	0.578
71	186	0.577
614	185	0.577
118	521	0.577
241	258	0.577
644	193	0.577
579	354	0.576
479	372	0.576
409	344	0.576
537	431	0.576
274	466	0.576
164	268	0.575
460	553	0.575
480	568	0.575
619	380	0.574
154	143	0.574
431	470	0.574
136	466	0.574
497	645	0.574
646	497	0.574
108	647	0.574
250	515	0.574
648	649	0.573
475	122	0.573
420	391	0.573
585	307	0.573
398	54	0.573
562	321	0.572
644	361	0.572
632	211	0.572
568	396	0.572
650	347	0.572
441	638	0.572
443	638	0.572
547	467	0.572
431	471	0.571
285	275	0.571
608	114	0.571
192	536	0.57
217	500	0.57
630	535	0.57
651	159	0.57
652	323	0.57
635	352	0.569
43	115	0.569
373	653	0.569
274	225	0.569
483	5	0.569
302	467	0.568
541	339	0.568
344	410	0.568
620	200	0.568
284	301	0.568
247	474	0.568
398	60	0.568
585	308	0.568
619	367	0.568
479	373	0.568
243	631	0.568
245	631	0.568
603	311	0.568
193	654	0.568
608	65	0.567
557	351	0.567
608	500	0.567
166	33	0.567
447	257	0.567
372	482	0.566
310	475	0.566
655	656	0.566
425	116	0.566
652	322	0.566
341	200	0.565
226	258	0.565
461	348	0.565
133	628	0.565
207	268	0.565
231	561	0.565
160	280	0.565
441	606	0.565
443	606	0.565
477	462	0.565
474	122	0.565
496	645	0.564
496	646	0.564
275	164	0.564
268	181	0.564
640	413	0.564
166	657	0.564
594	189	0.564
398	55	0.564
263	542	0.564
71	275	0.563
426	283	0.563
136	385	0.563
658	659	0.563
530	467	0.563
425	283	0.563
660	25	0.563
661	188	0.563
389	662	0.563
391	351	0.563
571	373	0.563
303	467	0.562
454	313	0.562
275	466	0.562
570	225	0.562
262	471	0.562
632	210	0.562
663	664	0.562
275	181	0.562
136	386	0.562
665	577	0.562
524	574	0.562
351	392	0.561
540	666	0.561
439	298	0.561
614	268	0.561
560	533	0.561
254	300	0.561
554	127	0.561
629	172	0.561
477	476	0.56
612	380	0.56
544	667	0.56
532	511	0.56
262	565	0.56
595	467	0.56
571	351	0.56
154	280	0.56
583	329	0.56
607	295	0.56
184	115	0.559
137	485	0.559
619	263	0.559
513	569	0.559
236	661	0.559
541	340	0.559
259	447	0.558
664	462	0.558
619	339	0.558
470	471	0.558
332	235	0.558
345	410	0.557
595	313	0.557
212	618	0.557
537	395	0.557
503	345	0.557
192	654	0.556
212	668	0.556
265	662	0.556
285	268	0.556
152	459	0.556
303	427	0.556
280	32	0.555
669	588	0.555
136	485	0.555
246	475	0.555
511	375	0.555
136	404	0.555
612	471	0.555
541	470	0.555
649	670	0.555
284	206	0.555
55	564	0.555
284	361	0.555
417	471	0.555
537	372	0.555
411	547	0.555
470	351	0.555
231	635	0.555
426	129	0.555
481	404	0.554
605	470	0.554
536	193	0.554
225	275	0.554
391	557	0.554
660	22	0.554
372	565	0.553
585	502	0.553
416	313	0.553
185	71	0.553
571	367	0.552
132	564	0.552
671	672	0.552
185	300	0.552
673	674	0.552
675	676	0.552
541	263	0.552
669	589	0.552
509	637	0.552
329	31	0.552
614	275	0.552
597	677	0.551
598	677	0.551
678	386	0.551
112	647	0.551
667	430	0.551
621	664	0.551
676	674	0.551
675	673	0.551
584	502	0.551
524	582	0.551
644	192	0.551
640	388	0.551
474	118	0.551
623	431	0.551
341	287	0.55
143	33	0.55
647	679	0.55
266	459	0.55
417	625	0.55
398	300	0.55
117	474	0.55
680	377	0.55
660	21	0.549
596	677	0.549
522	391	0.549
274	485	0.549
590	322	0.549
661	187	0.549
531	527	0.549
622	664	0.549
543	178	0.549
614	485	0.548
64	608	0.548
96	608	0.548
632	214	0.548
558	530	0.548
471	392	0.548
563	207	0.548
205	657	0.548
246	521	0.548
681	682	0.548
683	520	0.547
231	521	0.547
177	459	0.547
684	658	0.547
477	685	0.547
199	620	0.547
368	561	0.547
542	470	0.546
650	348	0.546
681	686	0.546
390	326	0.546
117	475	0.546
673	676	0.546
675	674	0.546
395	470	0.546
369	410	0.545
629	173	0.545
199	287	0.545
275	449	0.545
624	183	0.545
411	530	0.545
660	10	0.545
252	33	0.545
363	640	0.545
512	459	0.544
284	385	0.544
629	195	0.544
511	404	0.544
284	207	0.544
558	476	0.544
595	547	0.544
651	330	0.544
660	11	0.544
330	106	0.544
516	645	0.543
516	646	0.543
687	386	0.543
225	268	0.543
97	608	0.543
688	689	0.543
484	552	0.543
185	484	0.543
280	194	0.543
605	431	0.543
541	262	0.542
299	631	0.542
571	417	0.542
118	475	0.542
522	667	0.542
398	258	0.542
371	107	0.541
186	181	0.541
690	691	0.541
542	420	0.541
692	382	0.541
692	381	0.541
247	561	0.541
117	521	0.541
337	200	0.541
693	390	0.541
240	459	0.54
142	33	0.54
594	87	0.54
527	467	0.54
219	186	0.54
267	694	0.539
687	678	0.539
541	373	0.539
231	474	0.539
137	466	0.539
207	275	0.539
565	351	0.539
661	190	0.539
695	501	0.538
605	373	0.538
234	359	0.538
614	137	0.538
608	158	0.538
635	428	0.538
409	369	0.538
302	476	0.538
264	662	0.537
508	696	0.537
576	697	0.537
698	263	0.537
137	404	0.537
151	459	0.537
274	495	0.537
612	392	0.537
528	696	0.537
699	693	0.537
617	616	0.536
700	701	0.536
612	431	0.536
702	703	0.536
542	471	0.536
704	634	0.536
275	485	0.536
561	246	0.536
585	510	0.536
288	705	0.535
565	470	0.535
482	367	0.535
417	437	0.535
706	372	0.534
417	392	0.534
660	38	0.534
125	707	0.534
623	605	0.534
623	340	0.534
405	708	0.534
709	422	0.534
136	376	0.534
274	449	0.534
533	710	0.534
101	647	0.534
668	618	0.534
594	78	0.534
544	430	0.533
522	557	0.533
380	565	0.533
711	610	0.533
107	148	0.532
712	373	0.532
571	340	0.532
252	194	0.532
117	561	0.532
542	417	0.532
713	205	0.532
615	423	0.532
157	705	0.532
377	453	0.532
619	482	0.532
714	300	0.531
660	26	0.531
695	434	0.531
185	258	0.531
330	115	0.531
186	258	0.531
199	341	0.53
470	417	0.53
284	192	0.53
706	715	0.53
200	342	0.53
155	107	0.53
716	420	0.529
667	437	0.529
717	445	0.529
477	313	0.529
186	466	0.529
718	475	0.529
328	42	0.529
247	475	0.528
565	339	0.528
719	308	0.528
274	207	0.528
541	380	0.528
274	300	0.528
612	542	0.528
398	219	0.528
609	720	0.528
493	459	0.528
116	647	0.527
561	297	0.527
128	256	0.527
721	722	0.527
285	563	0.527
136	495	0.527
651	43	0.526
156	705	0.526
698	619	0.526
71	564	0.526
723	724	0.526
436	710	0.526
454	531	0.525
417	391	0.525
107	123	0.525
113	647	0.525
186	485	0.524
340	625	0.524
398	485	0.523
340	392	0.523
192	226	0.523
435	710	0.523
414	725	0.523
726	727	0.523
185	285	0.523
619	420	0.523
698	420	0.523
479	712	0.523
594	79	0.523
651	34	0.523
274	59	0.522
695	382	0.522
695	381	0.522
570	241	0.522
414	529	0.522
75	728	0.522
541	372	0.522
729	649	0.522
420	437	0.522
555	604	0.522
284	193	0.522
640	364	0.521
372	542	0.52
681	730	0.52
414	652	0.52
700	731	0.52
619	395	0.519
732	580	0.519
664	527	0.519
733	217	0.519
91	608	0.519
57	647	0.518
706	470	0.518
635	297	0.518
460	708	0.518
433	464	0.518
623	339	0.518
728	158	0.518
571	339	0.518
107	124	0.518
330	107	0.518
709	480	0.517
444	717	0.517
398	181	0.517
605	263	0.517
199	711	0.517
734	735	0.517
575	466	0.517
541	417	0.517
692	434	0.517
698	565	0.517
461	521	0.517
275	495	0.517
58	647	0.517
736	719	0.516
635	122	0.516
185	207	0.516
192	241	0.516
639	378	0.516
423	578	0.516
80	728	0.516
106	374	0.516
219	275	0.516
737	738	0.516
719	307	0.516
185	466	0.515
479	417	0.515
427	313	0.515
605	380	0.515
686	730	0.515
371	106	0.514
523	739	0.514
274	54	0.514
274	60	0.514
411	685	0.513
274	484	0.513
81	728	0.513
547	462	0.513
594	153	0.513
482	431	0.513
367	625	0.513
302	547	0.513
584	468	0.513
584	307	0.512
274	285	0.512
693	203	0.512
712	395	0.512
537	565	0.512
286	341	0.512
280	33	0.512
274	206	0.512
707	126	0.512
420	430	0.512
137	301	0.511
706	339	0.511
662	311	0.511
699	618	0.511
605	482	0.511
206	275	0.511
651	35	0.511
527	476	0.511
719	510	0.511
185	219	0.511
509	696	0.511
136	241	0.511
612	716	0.51
492	256	0.51
274	55	0.51
650	246	0.51
623	367	0.51
567	604	0.51
137	386	0.509
552	448	0.509
186	449	0.509
241	193	0.509
187	694	0.509
571	557	0.509
351	430	0.508
584	308	0.508
284	258	0.508
437	351	0.508
54	564	0.508
178	618	0.508
612	391	0.508
280	657	0.507
711	200	0.507
521	122	0.507
612	373	0.507
719	502	0.507
575	485	0.507
678	404	0.506
190	694	0.506
699	668	0.506
668	178	0.506
740	473	0.506
286	200	0.506
285	186	0.506
185	485	0.506
226	193	0.505
571	391	0.505
183	705	0.505
109	107	0.505
152	500	0.505
136	301	0.505
420	557	0.505
527	530	0.505
137	495	0.504
259	608	0.504
707	131	0.504
229	459	0.504
668	370	0.504
479	470	0.504
493	500	0.504
90	608	0.504
741	338	0.503
136	226	0.503
605	339	0.503
385	268	0.503
628	539	0.503
538	628	0.503
398	164	0.503
571	380	0.503
105	383	0.503
37	728	0.503
136	575	0.502
663	462	0.502
395	471	0.502
608	257	0.502
281	742	0.502
614	207	0.502
336	200	0.502
579	569	0.501
719	468	0.501
660	41	0.501
462	530	0.501
115	359	0.501
544	392	0.501
743	526	0.501
207	186	0.5
185	225	0.5
367	557	0.5
744	523	0.5
136	375	0.5
706	380	0.5
651	102	0.5
650	122	0.5
745	558	0.499
560	710	0.499
565	431	0.499
575	385	0.499
635	118	0.499
541	367	0.499
367	392	0.499
372	712	0.499
518	611	0.499
728	114	0.498
347	491	0.498
77	106	0.498
537	479	0.498
421	287	0.498
614	206	0.497
618	179	0.497
88	666	0.497
708	406	0.497
266	500	0.497
263	625	0.497
571	372	0.497
746	431	0.497
117	650	0.496
619	471	0.496
177	500	0.496
747	351	0.496
748	749	0.496
199	342	0.496
584	510	0.496
427	636	0.496
228	608	0.496
648	670	0.496
138	707	0.496
137	241	0.496
371	383	0.495
625	351	0.495
229	750	0.495
571	262	0.495
109	383	0.495
70	383	0.495
650	247	0.495
686	682	0.495
612	372	0.495
628	180	0.494
716	542	0.494
547	558	0.494
380	712	0.494
575	275	0.494
680	378	0.493
751	752	0.493
226	268	0.493
753	473	0.493
512	500	0.493
754	755	0.492
77	107	0.492
752	756	0.492
263	653	0.492
49	329	0.492
639	393	0.492
725	323	0.492
274	71	0.491
706	541	0.491
755	628	0.491
716	471	0.491
468	585	0.491
733	90	0.491
185	206	0.491
627	757	0.491
12	728	0.491
612	537	0.49
758	392	0.49
152	608	0.49
588	759	0.49
736	307	0.49
106	79	0.49
760	688	0.49
544	758	0.49
761	526	0.49
660	338	0.49
521	297	0.49
619	470	0.489
471	430	0.489
109	106	0.489
652	412	0.489
107	374	0.489
491	310	0.489
177	608	0.489
736	308	0.489
367	391	0.489
758	430	0.489
137	226	0.489
666	89	0.488
240	500	0.488
709	397	0.488
385	275	0.488
636	476	0.487
74	728	0.487
450	500	0.487
750	240	0.487
605	340	0.487
609	200	0.487
286	421	0.487
303	547	0.487
623	542	0.487
589	759	0.487
247	521	0.486
746	619	0.486
269	608	0.486
748	762	0.486
104	174	0.486
575	301	0.485
623	372	0.485
107	153	0.485
471	557	0.485
678	763	0.485
464	378	0.485
398	207	0.485
583	8	0.485
524	739	0.484
698	479	0.484
650	118	0.484
165	660	0.484
663	302	0.483
390	668	0.483
565	420	0.483
411	531	0.483
570	577	0.483
623	471	0.483
252	657	0.483
186	484	0.483
552	449	0.483
13	728	0.482
137	484	0.482
726	764	0.482
340	391	0.482
765	577	0.482
107	79	0.482
94	647	0.482
766	550	0.482
522	758	0.482
193	697	0.481
636	467	0.481
623	351	0.481
767	768	0.481
656	453	0.481
716	417	0.481
698	262	0.48
106	78	0.48
536	206	0.48
633	704	0.48
107	87	0.48
769	628	0.48
766	551	0.48
263	712	0.48
398	466	0.48
762	530	0.48
151	500	0.479
184	107	0.479
608	276	0.479
664	313	0.479
558	636	0.479
437	471	0.479
454	685	0.479
653	340	0.479
684	659	0.478
383	87	0.478
155	383	0.478
339	391	0.478
462	685	0.478
117	635	0.478
563	225	0.477
709	396	0.477
770	771	0.477
206	772	0.477
275	484	0.477
733	228	0.477
773	352	0.477
77	383	0.476
390	543	0.476
537	542	0.476
774	531	0.476
477	775	0.476
225	186	0.476
34	383	0.476
151	608	0.476
287	342	0.476
544	437	0.476
375	448	0.476
340	437	0.476
696	556	0.475
706	776	0.475
136	448	0.475
747	340	0.475
755	538	0.475
421	620	0.475
777	778	0.475
706	411	0.474
536	385	0.474
535	779	0.474
372	625	0.474
780	781	0.474
199	337	0.474
339	392	0.474
575	285	0.473
773	461	0.473
733	91	0.473
716	367	0.473
693	202	0.473
706	262	0.473
263	747	0.472
302	664	0.472
107	78	0.472
782	783	0.472
784	782	0.472
785	783	0.472
785	784	0.472
35	383	0.472
417	557	0.472
231	475	0.472
786	420	0.472
698	431	0.471
744	524	0.471
104	253	0.471
696	567	0.471
698	380	0.471
787	788	0.471
404	449	0.47
789	715	0.47
706	416	0.47
188	694	0.47
225	361	0.47
383	78	0.47
790	430	0.47
687	763	0.47
672	791	0.47
671	791	0.47
383	79	0.47
651	105	0.469
106	87	0.469
751	756	0.469
706	367	0.469
609	199	0.469
206	186	0.469
274	385	0.468
106	153	0.468
716	619	0.468
427	685	0.468
712	420	0.468
136	400	0.468
730	682	0.468
1	583	0.467
777	731	0.467
383	153	0.467
583	2	0.467
104	175	0.466
571	392	0.466
792	659	0.466
259	728	0.466
687	511	0.466
698	339	0.466
678	375	0.466
761	722	0.465
583	7	0.465
375	449	0.465
721	526	0.465
547	636	0.465
65	728	0.465
784	783	0.465
785	782	0.465
241	268	0.465
137	575	0.465
380	747	0.465
380	653	0.464
258	386	0.464
217	608	0.464
747	420	0.464
332	115	0.464
177	447	0.464
575	449	0.464
285	398	0.464
477	793	0.464
479	794	0.463
693	326	0.463
706	542	0.463
736	468	0.463
795	178	0.462
761	721	0.462
663	467	0.462
641	313	0.462
383	102	0.462
727	764	0.462
663	621	0.462
706	340	0.462
796	373	0.462
575	448	0.462
729	670	0.462
668	179	0.462
367	437	0.462
29	742	0.461
797	735	0.461
798	799	0.461
408	200	0.461
734	797	0.461
155	106	0.461
107	359	0.461
109	115	0.461
663	303	0.461
800	538	0.46
801	530	0.46
137	376	0.46
746	420	0.46
421	200	0.46
686	802	0.46
706	373	0.46
534	779	0.46
571	542	0.459
622	462	0.459
699	202	0.459
559	504	0.459
716	738	0.459
803	440	0.459
303	476	0.459
699	370	0.458
668	387	0.458
693	178	0.458
716	340	0.458
686	804	0.458
663	595	0.458
571	437	0.458
653	351	0.457
595	793	0.457
696	555	0.457
805	703	0.457
322	725	0.457
745	530	0.457
301	806	0.457
739	582	0.456
666	191	0.456
642	807	0.456
427	808	0.456
583	5	0.456
151	447	0.456
706	467	0.456
648	729	0.455
809	810	0.455
713	252	0.455
796	417	0.455
595	530	0.455
801	558	0.455
723	811	0.455
812	340	0.455
595	531	0.455
614	484	0.455
383	148	0.455
229	500	0.454
773	428	0.454
136	484	0.454
398	449	0.454
177	446	0.454
571	479	0.454
256	144	0.454
417	522	0.454
702	805	0.454
642	799	0.453
777	700	0.453
786	557	0.453
159	383	0.453
796	262	0.453
644	536	0.453
687	400	0.453
575	484	0.453
639	433	0.452
15	742	0.452
813	342	0.452
482	417	0.452
699	390	0.452
716	339	0.452
563	241	0.452
796	339	0.452
641	303	0.452
537	391	0.451
106	148	0.451
137	375	0.451
680	393	0.451
398	206	0.451
383	123	0.451
790	392	0.45
800	539	0.45
742	30	0.45
731	701	0.45
814	815	0.45
416	685	0.45
286	342	0.45
816	534	0.45
200	610	0.45
817	695	0.45
665	576	0.449
563	258	0.449
796	372	0.449
72	742	0.449
667	392	0.449
313	476	0.449
706	431	0.449
732	581	0.449
800	818	0.448
685	467	0.448
570	536	0.448
64	728	0.448
383	124	0.448
819	820	0.448
372	747	0.448
623	541	0.448
818	538	0.448
472	753	0.447
544	391	0.447
106	123	0.447
821	487	0.447
274	164	0.447
152	447	0.446
137	400	0.446
747	367	0.446
184	106	0.446
822	823	0.446
663	313	0.446
421	813	0.446
312	104	0.446
824	627	0.446
477	770	0.446
825	295	0.445
77	115	0.445
826	178	0.445
401	106	0.445
398	254	0.445
636	530	0.445
522	471	0.445
743	525	0.444
626	757	0.444
199	610	0.444
701	628	0.444
827	828	0.444
746	263	0.444
812	482	0.444
829	585	0.444
777	538	0.444
812	471	0.443
558	685	0.443
799	643	0.443
812	351	0.443
698	417	0.443
531	427	0.443
786	351	0.443
682	802	0.443
151	446	0.442
199	700	0.442
137	132	0.442
594	235	0.442
106	124	0.442
747	339	0.442
637	422	0.441
152	446	0.441
254	275	0.441
830	589	0.44
212	699	0.44
803	610	0.44
720	700	0.44
115	87	0.44
728	276	0.44
262	625	0.44
115	79	0.439
706	263	0.439
151	750	0.439
115	78	0.439
575	206	0.439
831	534	0.439
811	724	0.439
716	431	0.439
367	430	0.439
331	731	0.438
696	604	0.438
745	416	0.438
792	832	0.438
454	636	0.438
262	712	0.438
274	448	0.438
302	775	0.438
790	437	0.438
796	479	0.437
609	701	0.437
194	728	0.437
824	626	0.437
796	367	0.437
212	826	0.437
641	302	0.437
833	311	0.437
796	471	0.437
653	339	0.437
752	834	0.436
715	835	0.436
836	489	0.436
794	712	0.436
73	256	0.436
256	16	0.436
571	541	0.436
700	200	0.436
498	837	0.435
614	258	0.435
788	838	0.435
199	336	0.435
746	262	0.435
644	226	0.435
537	392	0.435
839	506	0.435
256	50	0.435
262	747	0.435
258	404	0.435
547	313	0.434
825	175	0.434
722	526	0.434
744	574	0.434
416	715	0.434
840	841	0.434
826	618	0.434
530	842	0.434
742	16	0.434
795	618	0.433
716	380	0.433
843	844	0.433
462	636	0.433
570	284	0.433
17	628	0.433
825	312	0.433
185	495	0.433
614	449	0.433
527	685	0.433
714	627	0.433
845	724	0.433
786	565	0.433
127	141	0.432
684	846	0.432
537	605	0.432
390	795	0.431
477	636	0.431
741	847	0.431
714	564	0.431
712	367	0.431
663	416	0.431
46	742	0.431
720	701	0.431
680	433	0.431
614	60	0.431
802	848	0.431
262	653	0.43
825	174	0.43
798	643	0.43
537	541	0.43
753	740	0.43
612	738	0.43
849	149	0.43
850	506	0.43
851	852	0.43
853	854	0.43
192	225	0.43
565	417	0.429
137	300	0.429
623	653	0.429
663	411	0.429
698	351	0.429
563	284	0.429
667	557	0.429
229	608	0.429
23	628	0.428
427	855	0.428
302	530	0.428
655	453	0.428
653	367	0.428
474	297	0.428
542	625	0.428
839	507	0.428
571	430	0.428
856	581	0.427
857	858	0.427
136	132	0.427
742	48	0.427
50	742	0.427
859	832	0.427
745	636	0.427
265	833	0.427
860	861	0.427
570	285	0.427
558	775	0.426
794	367	0.426
605	471	0.426
862	366	0.426
763	386	0.426
796	794	0.426
571	431	0.426
536	258	0.426
716	541	0.426
716	392	0.426
466	268	0.426
571	794	0.425
836	490	0.425
541	625	0.425
863	387	0.425
220	731	0.425
623	747	0.425
780	387	0.425
864	865	0.425
74	866	0.425
867	118	0.425
712	340	0.424
225	495	0.424
853	852	0.424
851	854	0.424
537	430	0.424
653	542	0.424
795	179	0.424
844	868	0.424
398	484	0.424
750	152	0.423
771	558	0.423
862	321	0.423
583	6	0.423
758	391	0.423
706	351	0.423
212	780	0.423
850	507	0.423
383	359	0.423
716	262	0.422
669	759	0.422
869	870	0.422
871	872	0.422
699	203	0.421
452	873	0.421
839	548	0.421
874	724	0.421
788	875	0.421
136	284	0.421
653	431	0.421
663	622	0.421
773	368	0.421
341	813	0.421
621	462	0.421
283	647	0.421
462	808	0.421
706	302	0.42
633	876	0.42
401	107	0.42
641	527	0.42
659	877	0.42
199	421	0.42
367	522	0.42
493	608	0.42
247	428	0.42
878	627	0.42
869	871	0.42
870	872	0.42
745	454	0.42
630	779	0.42
781	543	0.42
485	376	0.419
669	879	0.419
777	628	0.419
620	287	0.419
821	486	0.419
700	880	0.419
771	685	0.418
738	391	0.418
637	397	0.418
699	795	0.418
684	792	0.418
746	380	0.418
411	664	0.418
416	664	0.418
80	866	0.418
522	351	0.418
850	548	0.418
612	619	0.418
836	519	0.418
678	376	0.418
736	510	0.417
698	542	0.417
731	438	0.417
744	582	0.417
865	881	0.417
739	574	0.417
37	866	0.417
880	755	0.417
395	747	0.416
882	473	0.416
777	701	0.416
411	715	0.416
778	711	0.416
689	593	0.416
849	198	0.416
883	884	0.416
824	757	0.416
532	687	0.416
612	698	0.415
7	866	0.415
885	886	0.415
683	26	0.415
887	530	0.415
888	498	0.415
745	835	0.415
715	476	0.415
889	351	0.414
706	547	0.414
776	745	0.414
637	696	0.414
804	682	0.414
887	835	0.414
803	438	0.414
831	535	0.414
769	538	0.414
373	557	0.414
890	385	0.414
275	448	0.413
199	731	0.413
794	420	0.413
225	193	0.413
749	762	0.413
24	628	0.413
614	385	0.413
885	682	0.413
751	834	0.413
678	258	0.413
644	284	0.412
745	427	0.412
794	373	0.412
303	891	0.412
644	241	0.412
284	654	0.412
609	711	0.411
575	552	0.411
685	476	0.411
706	427	0.411
713	892	0.411
787	875	0.411
698	395	0.411
583	86	0.411
761	525	0.411
625	392	0.411
82	742	0.411
515	510	0.41
716	391	0.41
547	793	0.41
776	470	0.41
816	535	0.41
715	467	0.41
800	628	0.41
340	430	0.41
854	852	0.41
851	853	0.41
683	41	0.41
575	890	0.409
575	258	0.409
650	297	0.409
511	893	0.409
462	855	0.409
894	679	0.409
169	895	0.409
450	608	0.409
199	813	0.409
896	817	0.409
258	376	0.409
411	770	0.409
623	625	0.408
258	375	0.408
485	375	0.408
714	757	0.408
472	740	0.408
897	525	0.408
622	527	0.407
512	608	0.407
895	40	0.407
568	637	0.407
723	682	0.407
532	898	0.407
706	476	0.407
400	258	0.407
274	552	0.407
612	747	0.406
770	476	0.406
899	626	0.406
900	672	0.406
900	671	0.406
786	395	0.406
448	404	0.406
390	780	0.406
793	527	0.406
800	343	0.406
660	249	0.406
887	745	0.406
609	803	0.406
901	550	0.405
873	464	0.405
625	557	0.405
391	667	0.405
714	164	0.405
18	628	0.405
821	518	0.405
813	200	0.404
681	724	0.404
883	902	0.404
103	628	0.404
301	275	0.404
266	608	0.404
714	132	0.403
748	903	0.403
901	551	0.403
899	627	0.403
658	877	0.403
754	591	0.403
774	313	0.403
285	890	0.403
904	905	0.403
794	372	0.403
867	428	0.403
812	738	0.402
106	359	0.402
612	706	0.402
265	906	0.402
570	268	0.402
883	811	0.402
361	697	0.402
531	416	0.402
385	772	0.402
612	625	0.402
746	542	0.402
224	731	0.401
907	908	0.401
207	772	0.401
199	408	0.401
769	539	0.401
862	317	0.401
746	479	0.401
706	462	0.401
612	653	0.401
878	626	0.401
547	685	0.401
499	837	0.401
240	608	0.401
689	909	0.401
745	477	0.4
609	700	0.4
701	610	0.4
5	866	0.4
910	911	0.4
62	256	0.4
575	207	0.4
912	905	0.399
558	793	0.399
738	541	0.399
913	498	0.399
755	539	0.399
635	246	0.399
189	106	0.399
206	806	0.398
717	478	0.398
786	372	0.398
712	351	0.398
531	467	0.398
796	914	0.398
199	701	0.398
31	866	0.398
580	915	0.398
634	876	0.398
19	256	0.398
268	564	0.398
202	618	0.397
796	431	0.397
916	672	0.397
916	671	0.397
256	48	0.397
856	580	0.397
873	453	0.397
830	588	0.397
137	678	0.397
687	258	0.397
786	471	0.397
812	339	0.397
212	781	0.397
612	796	0.397
754	628	0.396
416	775	0.396
786	430	0.396
672	903	0.396
671	903	0.396
917	810	0.396
832	659	0.396
895	27	0.395
700	711	0.395
386	449	0.394
468	515	0.394
776	373	0.394
752	918	0.394
801	416	0.394
777	711	0.394
612	746	0.394
916	791	0.394
681	723	0.394
889	557	0.393
455	666	0.393
770	558	0.393
700	628	0.393
339	430	0.393
444	919	0.393
920	335	0.393
411	789	0.393
75	866	0.393
303	558	0.393
466	404	0.393
372	557	0.392
770	427	0.392
427	775	0.392
485	268	0.392
921	414	0.392
712	339	0.391
136	399	0.391
793	467	0.391
733	459	0.391
922	482	0.391
775	467	0.391
913	499	0.391
595	685	0.391
792	658	0.39
700	538	0.39
688	923	0.39
811	884	0.39
801	427	0.39
515	502	0.39
714	275	0.39
264	833	0.39
867	368	0.389
861	410	0.389
860	410	0.389
786	380	0.389
737	391	0.389
491	475	0.389
300	449	0.389
538	701	0.389
745	476	0.389
914	262	0.389
795	370	0.389
274	301	0.388
693	668	0.388
786	367	0.388
812	372	0.388
416	793	0.388
867	122	0.388
192	697	0.388
558	808	0.388
547	715	0.388
747	417	0.388
538	343	0.387
136	481	0.387
479	625	0.387
332	107	0.387
790	667	0.387
454	808	0.387
723	874	0.387
816	735	0.387
760	689	0.386
871	870	0.386
869	872	0.386
880	701	0.386
146	866	0.386
895	47	0.386
590	652	0.386
738	392	0.386
924	762	0.386
925	16	0.385
926	908	0.385
714	181	0.385
826	179	0.385
888	499	0.385
879	588	0.385
466	300	0.385
226	275	0.385
216	312	0.385
811	874	0.385
862	316	0.385
786	479	0.384
411	793	0.384
637	396	0.384
914	619	0.384
849	488	0.384
136	563	0.384
633	927	0.384
928	473	0.384
103	253	0.384
541	929	0.384
609	620	0.384
773	491	0.384
614	59	0.384
376	448	0.383
817	930	0.383
62	931	0.383
887	476	0.383
683	25	0.383
530	715	0.382
932	764	0.382
738	420	0.382
731	200	0.382
887	776	0.382
698	914	0.382
653	417	0.382
706	454	0.382
681	802	0.382
745	842	0.381
730	724	0.381
237	731	0.381
914	263	0.381
866	728	0.381
843	868	0.381
786	339	0.381
861	409	0.381
860	409	0.381
933	665	0.381
775	476	0.381
61	256	0.381
934	444	0.38
686	724	0.38
935	768	0.38
693	795	0.38
887	715	0.38
826	370	0.38
706	835	0.38
773	118	0.38
895	28	0.38
623	619	0.38
796	541	0.38
396	936	0.38
721	525	0.379
541	619	0.379
880	628	0.379
937	938	0.379
416	770	0.379
536	268	0.379
136	678	0.379
927	634	0.379
939	822	0.379
431	625	0.379
762	842	0.379
776	476	0.378
940	899	0.378
706	477	0.378
128	141	0.378
595	789	0.378
812	395	0.378
941	937	0.378
780	179	0.377
928	865	0.377
777	857	0.377
942	592	0.377
652	725	0.377
559	943	0.376
416	789	0.376
748	530	0.376
801	842	0.376
944	945	0.376
946	947	0.376
948	949	0.376
704	876	0.376
820	636	0.376
792	859	0.376
136	511	0.376
185	226	0.376
950	664	0.376
925	61	0.376
337	341	0.375
765	570	0.375
454	793	0.375
400	898	0.375
373	889	0.375
398	385	0.375
951	413	0.375
812	263	0.375
816	831	0.375
530	685	0.375
907	926	0.375
745	547	0.375
816	734	0.375
6	866	0.374
595	775	0.374
73	931	0.374
746	367	0.374
651	106	0.374
547	775	0.374
866	53	0.374
899	878	0.374
873	393	0.374
887	762	0.374
547	789	0.374
690	764	0.373
952	636	0.373
720	731	0.373
537	706	0.373
713	32	0.373
571	395	0.373
745	467	0.373
212	953	0.372
681	804	0.372
454	715	0.372
275	564	0.372
343	539	0.372
137	284	0.372
798	642	0.372
804	848	0.372
462	715	0.372
892	205	0.372
776	380	0.372
136	300	0.372
747	431	0.372
845	686	0.372
226	654	0.372
570	644	0.372
462	891	0.372
795	387	0.372
376	893	0.372
814	367	0.371
798	807	0.371
787	838	0.371
724	802	0.371
925	111	0.371
789	476	0.371
438	610	0.371
789	835	0.371
954	122	0.371
571	738	0.371
84	866	0.371
449	132	0.371
955	941	0.371
127	56	0.371
929	470	0.371
136	687	0.37
914	794	0.37
829	308	0.37
216	174	0.37
537	794	0.37
956	435	0.37
957	910	0.37
154	657	0.37
823	848	0.369
790	391	0.369
36	866	0.369
701	200	0.369
776	372	0.369
700	778	0.369
437	625	0.369
137	481	0.369
906	311	0.369
958	163	0.369
103	174	0.369
959	558	0.368
472	928	0.368
127	27	0.368
104	295	0.368
614	164	0.368
256	15	0.368
650	491	0.368
706	417	0.368
863	212	0.367
953	179	0.367
951	402	0.367
960	592	0.367
774	303	0.367
732	915	0.367
897	757	0.367
454	770	0.367
495	258	0.367
737	430	0.367
2	866	0.367
925	19	0.367
193	576	0.367
217	961	0.367
777	199	0.366
221	731	0.366
1	866	0.366
846	658	0.366
944	962	0.366
450	961	0.366
313	530	0.366
790	758	0.366
623	620	0.366
169	128	0.365
963	200	0.365
264	906	0.365
275	552	0.365
864	881	0.365
706	530	0.365
485	481	0.365
644	225	0.365
623	565	0.364
103	175	0.364
934	445	0.364
522	339	0.364
829	502	0.364
698	738	0.364
899	835	0.364
229	446	0.363
956	560	0.363
754	538	0.363
515	307	0.363
477	771	0.363
570	665	0.363
964	751	0.363
812	392	0.363
960	965	0.363
842	835	0.362
765	576	0.362
894	647	0.362
644	697	0.362
914	367	0.362
621	527	0.362
199	778	0.362
951	388	0.362
390	826	0.362
682	848	0.362
537	437	0.362
921	323	0.362
776	263	0.362
137	687	0.362
773	521	0.362
754	539	0.362
558	715	0.362
867	347	0.362
390	781	0.361
395	653	0.361
127	69	0.361
796	565	0.361
165	683	0.361
738	542	0.361
738	351	0.361
614	448	0.361
887	558	0.361
966	460	0.361
731	711	0.361
703	967	0.361
968	828	0.36
79	283	0.36
953	387	0.36
284	268	0.36
934	478	0.36
522	340	0.36
103	312	0.36
969	970	0.36
925	15	0.36
416	808	0.36
935	971	0.36
706	303	0.359
77	283	0.359
972	810	0.359
698	541	0.359
127	47	0.359
621	416	0.359
973	974	0.359
975	976	0.359
136	536	0.359
189	283	0.359
929	542	0.359
888	670	0.359
391	625	0.359
285	772	0.359
571	914	0.359
706	558	0.358
400	449	0.358
808	467	0.358
745	411	0.358
794	431	0.358
380	620	0.358
706	605	0.358
977	874	0.358
928	881	0.358
716	437	0.358
794	380	0.358
658	832	0.358
375	763	0.358
777	755	0.357
683	249	0.357
495	375	0.357
605	625	0.357
855	476	0.357
940	978	0.357
411	891	0.357
916	158	0.357
979	533	0.357
216	253	0.356
737	557	0.356
816	797	0.356
714	626	0.356
980	329	0.356
829	307	0.356
953	178	0.356
395	889	0.356
216	175	0.356
959	636	0.356
737	471	0.355
620	373	0.355
770	527	0.355
781	179	0.355
814	372	0.355
706	395	0.355
981	947	0.355
946	982	0.355
968	827	0.355
698	391	0.355
652	899	0.355
741	44	0.355
242	107	0.355
746	914	0.354
664	476	0.354
983	580	0.354
965	984	0.354
722	525	0.354
985	121	0.354
651	107	0.354
716	479	0.354
476	835	0.353
199	963	0.353
718	122	0.353
186	552	0.353
690	986	0.353
612	812	0.353
987	361	0.353
286	620	0.353
983	581	0.353
988	767	0.353
711	701	0.353
867	461	0.353
849	342	0.352
951	363	0.352
778	200	0.352
989	738	0.352
925	82	0.352
416	622	0.352
515	308	0.352
990	470	0.352
466	386	0.352
385	806	0.351
882	928	0.351
652	991	0.351
228	961	0.351
398	448	0.351
942	591	0.351
903	762	0.351
399	258	0.351
478	919	0.351
960	984	0.351
992	585	0.351
993	994	0.351
995	832	0.351
706	775	0.351
914	431	0.351
996	997	0.351
702	967	0.35
987	284	0.35
977	723	0.35
741	22	0.35
763	404	0.35
440	610	0.35
701	438	0.35
416	842	0.35
952	467	0.35
925	128	0.35
230	866	0.35
341	963	0.35
768	391	0.35
390	953	0.35
137	536	0.349
814	712	0.349
682	724	0.349
686	822	0.349
738	471	0.349
952	427	0.348
998	802	0.348
256	82	0.348
614	772	0.348
127	52	0.348
185	552	0.348
924	558	0.348
776	835	0.348
681	931	0.348
999	724	0.348
241	186	0.348
925	62	0.348
127	28	0.347
1000	795	0.347
973	976	0.347
931	72	0.347
720	199	0.347
385	495	0.347
706	929	0.347
706	745	0.347
778	857	0.347
867	718	0.347
700	610	0.347
714	525	0.346
801	454	0.346
893	404	0.346
966	708	0.346
777	858	0.346
816	630	0.346
375	898	0.346
812	391	0.346
445	919	0.346
620	340	0.346
811	682	0.345
780	178	0.345
746	351	0.345
477	621	0.345
427	715	0.345
591	960	0.344
1001	1002	0.344
1003	392	0.344
1004	341	0.344
776	367	0.344
868	835	0.344
956	436	0.344
713	160	0.344
32	657	0.343
688	909	0.343
899	824	0.343
776	339	0.343
720	200	0.343
733	500	0.343
863	390	0.343
1005	121	0.343
878	835	0.343
411	808	0.343
863	178	0.343
952	477	0.343
805	967	0.343
958	24	0.342
976	974	0.342
975	973	0.342
829	510	0.342
749	530	0.342
792	1006	0.342
931	82	0.342
748	1007	0.342
621	411	0.342
1008	822	0.342
801	547	0.341
737	420	0.341
433	656	0.341
762	558	0.341
127	110	0.341
745	762	0.341
454	771	0.341
952	454	0.341
414	991	0.341
686	848	0.34
1009	1010	0.34
241	654	0.34
422	936	0.34
794	471	0.34
1011	1012	0.34
946	981	0.34
982	947	0.34
472	882	0.34
774	302	0.34
941	938	0.34
955	937	0.34
979	436	0.339
1013	726	0.339
924	530	0.339
931	111	0.339
713	33	0.339
622	467	0.339
714	137	0.339
706	796	0.339
880	538	0.339
1014	78	0.339
731	628	0.339
977	682	0.339
704	927	0.338
786	431	0.338
558	842	0.338
921	322	0.338
844	835	0.338
1015	445	0.338
1016	445	0.338
644	576	0.338
605	929	0.338
885	804	0.338
985	43	0.337
620	813	0.337
411	835	0.337
527	789	0.337
985	34	0.337
893	386	0.337
1017	479	0.337
686	931	0.337
609	438	0.337
1017	420	0.337
664	467	0.337
225	449	0.336
849	298	0.336
977	811	0.336
242	283	0.336
1018	1019	0.336
723	883	0.336
137	399	0.336
827	759	0.336
1020	338	0.336
887	801	0.336
923	689	0.335
920	204	0.335
957	911	0.335
1021	874	0.335
395	625	0.335
770	530	0.335
1022	1023	0.335
527	715	0.335
609	440	0.334
948	373	0.334
916	114	0.334
416	835	0.334
1015	478	0.334
776	431	0.334
651	96	0.334
808	476	0.334
266	691	0.334
959	736	0.334
741	11	0.333
1004	421	0.333
920	327	0.333
1005	43	0.333
738	340	0.333
421	510	0.333
776	416	0.333
723	884	0.333
812	737	0.333
745	878	0.332
609	341	0.332
899	745	0.332
137	55	0.332
812	565	0.332
720	803	0.332
820	476	0.332
78	283	0.332
718	247	0.332
741	10	0.332
591	628	0.332
846	659	0.332
620	470	0.332
1008	939	0.332
323	991	0.332
769	701	0.331
1024	741	0.331
1025	1026	0.331
570	136	0.331
444	1016	0.331
466	511	0.331
454	641	0.331
776	340	0.331
977	724	0.331
776	653	0.331
985	35	0.331
372	889	0.331
165	270	0.331
777	200	0.331
801	462	0.331
207	806	0.331
511	763	0.331
609	1027	0.33
431	392	0.33
796	395	0.33
754	133	0.33
874	1028	0.33
201	283	0.33
580	569	0.33
681	848	0.33
523	1029	0.33
818	539	0.33
322	991	0.329
1030	999	0.329
1031	1032	0.329
1033	1034	0.329
738	380	0.329
716	737	0.329
954	297	0.329
1035	858	0.328
790	420	0.328
746	395	0.328
62	730	0.328
1029	582	0.328
651	97	0.328
726	932	0.328
706	716	0.328
777	539	0.328
885	730	0.328
796	929	0.328
152	691	0.328
97	961	0.328
274	386	0.328
995	691	0.328
950	820	0.327
444	1015	0.327
398	376	0.327
952	530	0.327
812	605	0.327
737	351	0.327
1036	1037	0.327
786	737	0.327
458	104	0.327
713	154	0.327
978	899	0.326
814	706	0.326
1038	421	0.326
258	132	0.326
764	832	0.326
1024	847	0.326
720	438	0.326
1039	511	0.326
995	690	0.326
822	848	0.326
421	502	0.326
849	250	0.326
822	802	0.326
801	467	0.325
838	875	0.325
1040	376	0.325
823	802	0.325
530	775	0.325
801	476	0.325
1041	412	0.325
796	391	0.325
737	541	0.325
620	542	0.324
863	179	0.324
1021	802	0.324
731	610	0.324
933	577	0.324
867	954	0.324
845	681	0.324
686	823	0.324
776	351	0.323
571	737	0.323
963	342	0.323
1005	34	0.323
647	564	0.323
570	185	0.323
1042	1006	0.323
887	636	0.323
1014	77	0.323
538	731	0.322
756	918	0.322
929	262	0.322
954	561	0.322
1029	574	0.322
931	30	0.322
855	636	0.322
887	842	0.322
933	576	0.322
1003	417	0.321
909	886	0.321
380	889	0.321
1000	178	0.32
525	564	0.32
849	341	0.32
738	1043	0.32
995	764	0.32
958	23	0.32
884	902	0.32
652	745	0.32
591	755	0.32
1005	35	0.319
380	557	0.319
814	340	0.319
979	435	0.319
240	691	0.319
1044	487	0.319
1045	1010	0.319
570	987	0.319
746	878	0.318
339	889	0.318
416	891	0.318
1046	120	0.318
924	748	0.318
916	257	0.318
890	258	0.318
814	612	0.318
706	595	0.318
656	464	0.318
975	974	0.318
1021	848	0.317
231	954	0.317
1047	940	0.317
909	525	0.317
730	999	0.317
891	467	0.317
790	471	0.317
595	770	0.317
397	936	0.317
959	510	0.317
547	664	0.316
225	484	0.316
337	620	0.316
800	180	0.316
641	411	0.316
887	844	0.316
477	789	0.316
1048	502	0.316
1049	932	0.316
274	563	0.316
769	343	0.316
621	427	0.316
186	404	0.316
1050	757	0.316
724	1028	0.315
1004	342	0.315
1051	965	0.315
654	577	0.315
1041	323	0.315
723	848	0.315
776	547	0.315
1005	102	0.315
953	347	0.315
950	416	0.314
912	904	0.314
1052	679	0.314
1053	762	0.314
524	1054	0.314
889	392	0.314
165	214	0.314
416	855	0.314
706	527	0.314
990	339	0.314
595	891	0.313
620	610	0.313
931	682	0.313
950	622	0.313
376	898	0.313
954	118	0.313
844	715	0.313
723	1028	0.312
1055	658	0.312
1040	386	0.312
607	104	0.311
890	225	0.311
889	430	0.311
914	339	0.311
931	50	0.311
592	628	0.311
1051	984	0.311
849	421	0.311
718	246	0.31
1038	342	0.31
914	417	0.31
755	701	0.31
1044	611	0.31
165	210	0.31
1039	552	0.31
1048	468	0.31
818	343	0.309
808	530	0.309
136	54	0.309
764	691	0.309
990	541	0.309
636	527	0.309
769	731	0.309
925	127	0.309
758	471	0.309
595	621	0.309
411	855	0.308
845	730	0.308
657	33	0.308
711	620	0.308
917	809	0.308
986	691	0.308
320	507	0.308
720	880	0.308
137	164	0.308
776	991	0.308
999	823	0.308
608	728	0.308
1056	890	0.308
1000	179	0.307
343	701	0.307
856	983	0.307
1057	1058	0.307
955	938	0.307
263	889	0.307
845	874	0.306
690	1049	0.306
922	263	0.306
1047	978	0.306
1026	1028	0.306
154	728	0.306
714	59	0.306
914	372	0.306
896	695	0.305
563	275	0.305
399	448	0.305
769	700	0.305
958	343	0.305
620	339	0.305
793	476	0.304
1026	874	0.304
924	749	0.304
547	808	0.304
537	737	0.304
523	1054	0.304
258	763	0.304
966	517	0.304
622	427	0.304
275	386	0.304
686	999	0.303
776	411	0.303
398	400	0.303
1059	1060	0.303
1061	1062	0.303
714	60	0.303
136	763	0.302
614	404	0.302
812	541	0.302
570	186	0.302
644	577	0.302
843	887	0.302
655	433	0.302
929	372	0.302
486	1044	0.302
842	542	0.302
958	133	0.302
972	809	0.302
532	1040	0.302
493	651	0.302
1063	481	0.301
571	605	0.301
757	300	0.301
952	416	0.301
454	855	0.301
887	924	0.3
698	605	0.3
714	824	0.3
1064	626	0.3
1016	717	0.3
620	431	0.3
165	211	0.3
768	437	0.3
987	226	0.3
909	743	0.3
1065	1066	0.3
796	605	0.3
1014	87	0.299
1003	340	0.299
1003	391	0.299
978	741	0.299
1067	43	0.299
302	1068	0.299
897	526	0.299
879	759	0.299
199	857	0.299
959	416	0.299
831	779	0.299
612	889	0.299
935	738	0.299
33	866	0.299
468	1043	0.298
714	136	0.298
500	802	0.298
706	801	0.298
807	799	0.298
1069	379	0.298
1003	420	0.298
1070	1006	0.298
746	392	0.298
1071	908	0.298
660	835	0.297
778	701	0.297
1017	431	0.297
1046	451	0.297
1072	835	0.297
1038	341	0.297
909	526	0.297
137	763	0.297
895	256	0.297
619	522	0.297
907	1071	0.297
843	789	0.297
1073	1074	0.296
874	802	0.296
627	300	0.296
549	766	0.296
165	306	0.296
155	153	0.296
990	417	0.296
609	342	0.296
687	398	0.296
530	835	0.296
595	636	0.296
225	654	0.296
1075	679	0.295
458	866	0.295
899	1043	0.295
845	811	0.295
1076	841	0.295
812	758	0.295
1077	480	0.295
373	715	0.295
730	802	0.294
577	697	0.294
987	241	0.294
924	636	0.294
793	530	0.294
681	500	0.294
954	491	0.294
1040	404	0.293
313	842	0.293
944	902	0.293
745	771	0.293
1078	1079	0.293
1055	929	0.293
1080	1081	0.293
627	835	0.292
790	340	0.292
1072	660	0.292
1082	762	0.292
1067	330	0.292
931	127	0.292
880	991	0.292
800	592	0.292
1043	308	0.292
681	999	0.292
620	351	0.292
814	380	0.292
701	620	0.292
776	844	0.292
612	1003	0.292
1083	541	0.292
998	1021	0.291
655	1084	0.291
855	530	0.291
776	775	0.291
1007	762	0.291
380	715	0.291
959	547	0.291
1072	819	0.291
959	308	0.291
959	427	0.29
949	373	0.29
1085	1086	0.29
983	971	0.29
619	391	0.29
922	340	0.29
165	213	0.29
738	768	0.289
1003	437	0.289
929	339	0.289
700	620	0.289
454	789	0.289
659	961	0.289
959	307	0.289
800	67	0.288
1087	690	0.288
620	471	0.288
427	842	0.288
1088	885	0.288
454	842	0.288
700	438	0.288
819	636	0.288
929	878	0.288
1089	1090	0.288
1035	857	0.288
824	835	0.287
681	811	0.287
454	891	0.287
990	479	0.287
295	866	0.287
952	749	0.287
820	416	0.287
754	592	0.287
1091	687	0.287
953	618	0.287
718	954	0.287
806	258	0.287
1025	811	0.286
1082	842	0.286
274	376	0.286
391	889	0.286
859	659	0.286
981	982	0.286
492	1019	0.286
990	367	0.286
537	1092	0.286
1093	507	0.286
762	467	0.285
1007	903	0.285
506	320	0.285
903	1094	0.285
447	459	0.285
1095	1081	0.285
754	67	0.285
952	547	0.285
470	557	0.285
706	991	0.285
1096	702	0.285
778	519	0.285
1086	636	0.285
241	772	0.285
1050	897	0.285
924	771	0.285
1097	1027	0.284
1000	202	0.284
226	577	0.284
748	842	0.284
417	790	0.284
778	490	0.284
303	1068	0.284
62	681	0.284
137	772	0.284
1098	1099	0.284
1100	1099	0.284
1067	102	0.284
523	1101	0.284
262	889	0.284
1102	1103	0.284
778	489	0.284
942	960	0.284
128	27	0.283
857	731	0.283
409	943	0.283
345	943	0.283
128	110	0.283
484	376	0.283
724	500	0.283
398	563	0.283
800	591	0.282
950	476	0.282
1091	678	0.282
830	759	0.282
421	308	0.282
1104	828	0.282
687	275	0.282
1014	153	0.282
570	576	0.282
654	576	0.282
1105	1106	0.281
274	536	0.281
1107	604	0.281
732	569	0.281
832	877	0.281
771	775	0.281
700	114	0.281
953	348	0.281
530	789	0.281
542	835	0.281
857	200	0.281
117	718	0.281
73	730	0.28
620	963	0.28
781	370	0.28
952	411	0.28
867	475	0.28
621	1068	0.28
531	558	0.28
1108	868	0.28
948	339	0.28
1067	35	0.28
1109	818	0.279
649	888	0.279
620	747	0.279
961	877	0.279
834	918	0.279
917	972	0.279
1000	212	0.279
843	835	0.279
1110	874	0.278
926	1071	0.278
544	351	0.278
862	730	0.278
950	621	0.278
786	391	0.278
262	522	0.278
220	701	0.278
499	971	0.278
899	714	0.278
1077	396	0.277
647	55	0.277
652	626	0.277
300	525	0.277
804	823	0.277
128	69	0.277
1086	1111	0.277
804	730	0.277
737	542	0.277
959	468	0.277
992	308	0.277
885	686	0.277
1072	820	0.277
1092	619	0.277
1055	684	0.277
477	1068	0.276
412	991	0.276
868	715	0.276
1020	45	0.276
898	404	0.276
1003	339	0.276
959	454	0.276
1082	748	0.276
887	763	0.276
992	307	0.276
866	175	0.276
1088	886	0.276
133	701	0.276
1008	1037	0.275
990	605	0.275
1046	119	0.275
372	715	0.275
859	877	0.275
690	832	0.275
693	826	0.275
1112	525	0.275
174	866	0.274
842	431	0.274
1013	727	0.274
1072	715	0.274
990	431	0.274
1113	1114	0.274
1042	792	0.274
998	848	0.274
730	790	0.273
1115	695	0.273
1017	262	0.273
995	727	0.273
73	681	0.273
682	1116	0.273
361	576	0.272
1064	1117	0.272
768	971	0.272
581	569	0.272
153	359	0.272
1041	322	0.272
492	1018	0.272
1118	498	0.272
128	47	0.272
746	738	0.271
127	292	0.271
307	1043	0.271
714	526	0.271
205	37	0.271
930	695	0.271
909	1119	0.271
901	549	0.271
1120	387	0.271
720	440	0.271
1115	817	0.271
656	1084	0.27
891	476	0.27
887	868	0.27
763	878	0.27
757	525	0.27
1110	1021	0.27
724	823	0.27
686	874	0.27
469	506	0.27
864	928	0.27
887	1121	0.27
813	610	0.27
1086	762	0.269
1122	464	0.269
103	607	0.269
552	268	0.269
469	507	0.269
777	343	0.269
1077	397	0.269
764	991	0.269
532	258	0.269
726	832	0.269
776	801	0.269
1043	835	0.268
745	626	0.268
1020	44	0.268
411	771	0.268
800	133	0.268
253	866	0.268
892	143	0.268
136	890	0.268
820	427	0.268
1051	960	0.268
686	500	0.267
1123	213	0.267
887	706	0.267
454	622	0.267
757	564	0.267
1124	723	0.267
996	1125	0.267
890	284	0.267
336	620	0.267
700	755	0.267
968	759	0.266
771	530	0.266
1126	1079	0.266
706	990	0.266
623	715	0.266
814	623	0.265
686	1008	0.265
814	339	0.265
1127	1128	0.265
940	626	0.265
950	789	0.265
1090	764	0.265
1129	212	0.265
760	909	0.265
922	351	0.264
1048	307	0.264
1098	1130	0.264
1100	1130	0.264
700	857	0.264
959	467	0.264
1121	929	0.264
1131	806	0.264
1075	647	0.264
948	395	0.264
706	878	0.263
412	647	0.263
995	726	0.263
843	715	0.263
450	628	0.263
1132	392	0.263
82	730	0.263
745	627	0.263
754	23	0.262
541	715	0.262
706	1121	0.262
776	420	0.262
776	842	0.262
776	763	0.262
891	530	0.262
1133	1134	0.262
1111	762	0.262
1070	1042	0.262
828	759	0.261
1067	374	0.261
404	268	0.261
777	591	0.261
1020	25	0.261
276	647	0.261
848	1135	0.26
141	50	0.26
1021	724	0.26
738	971	0.26
886	682	0.26
931	1116	0.26
1136	841	0.26
431	835	0.26
723	730	0.26
620	420	0.26
361	258	0.259
767	391	0.259
737	971	0.259
1121	878	0.259
909	875	0.259
1137	579	0.259
1138	970	0.259
644	627	0.259
1048	308	0.259
684	832	0.258
461	953	0.258
887	789	0.258
922	417	0.258
570	275	0.258
777	592	0.258
730	1116	0.258
655	393	0.258
978	847	0.257
922	367	0.257
952	762	0.257
398	772	0.257
700	158	0.257
977	802	0.257
1092	395	0.257
1017	392	0.257
878	757	0.257
447	500	0.256
1138	969	0.256
1082	530	0.256
1139	936	0.256
980	36	0.256
734	1140	0.256
737	686	0.256
274	687	0.256
714	878	0.256
532	763	0.256
878	542	0.256
774	454	0.256
785	580	0.255
706	660	0.255
1141	749	0.255
701	180	0.255
1088	682	0.255
1052	647	0.255
964	756	0.255
1142	1012	0.255
1143	1144	0.255
1145	1143	0.255
1011	1142	0.255
1146	1012	0.255
1146	1011	0.255
1147	1148	0.255
1147	1149	0.255
700	65	0.255
812	437	0.255
1017	339	0.255
169	144	0.255
647	181	0.255
488	510	0.255
137	564	0.254
896	930	0.254
1150	643	0.254
1090	726	0.254
923	909	0.254
682	790	0.254
796	738	0.254
812	914	0.254
1129	390	0.254
612	878	0.254
776	302	0.254
620	451	0.253
776	636	0.253
1049	764	0.253
1151	587	0.253
690	932	0.253
992	510	0.253
1029	869	0.253
27	1152	0.253
647	164	0.253
524	1153	0.253
700	343	0.253
1033	1154	0.253
764	880	0.253
1007	842	0.253
1093	506	0.253
428	1155	0.252
285	361	0.252
746	605	0.252
820	462	0.252
644	626	0.252
1120	370	0.252
953	650	0.252
1156	124	0.252
769	813	0.252
40	1152	0.252
1031	1083	0.252
681	1030	0.252
188	679	0.252
887	1086	0.251
859	112	0.251
411	1068	0.251
706	812	0.251
300	647	0.251
1157	525	0.251
1086	903	0.25
1158	874	0.25
950	547	0.25
706	620	0.25
450	592	0.25
331	701	0.25
510	342	0.25
498	971	0.25
764	1121	0.25
469	548	0.25
894	1026	0.25
469	679	0.249
169	16	0.249
1159	530	0.249
802	359	0.249
859	108	0.249
1129	178	0.249
1160	737	0.249
652	878	0.249
228	651	0.249
1043	502	0.249
1161	1002	0.249
952	748	0.248
526	564	0.248
714	466	0.247
1160	738	0.247
235	283	0.247
1081	848	0.247
1026	724	0.247
1118	499	0.247
903	530	0.247
1087	691	0.247
801	595	0.247
431	715	0.247
1162	1163	0.247
544	417	0.247
67	539	0.247
1151	586	0.247
1013	764	0.247
948	263	0.246
459	961	0.246
1030	730	0.246
731	539	0.246
212	1120	0.246
1164	905	0.246
701	440	0.246
700	963	0.246
701	813	0.246
605	1108	0.246
704	823	0.246
804	886	0.246
748	1094	0.246
1083	542	0.246
778	858	0.245
1083	605	0.245
804	931	0.245
644	878	0.245
660	715	0.245
880	805	0.245
1025	874	0.245
1165	720	0.245
845	790	0.245
499	1166	0.245
1047	626	0.245
28	1152	0.245
537	758	0.245
715	339	0.244
300	526	0.244
698	768	0.244
1069	140	0.244
884	874	0.244
1033	730	0.244
776	771	0.244
663	342	0.244
714	225	0.243
998	682	0.243
658	961	0.243
59	647	0.243
899	763	0.243
1081	1167	0.243
275	678	0.243
758	339	0.243
815	372	0.243
723	1021	0.242
923	593	0.242
831	507	0.242
1125	997	0.242
1086	530	0.242
945	962	0.242
1164	912	0.242
1168	497	0.241
706	786	0.241
1034	822	0.241
610	1027	0.241
1070	792	0.241
866	158	0.241
1169	604	0.241
1170	978	0.241
1075	1171	0.241
844	476	0.241
620	712	0.24
1129	179	0.24
859	116	0.24
663	789	0.24
663	421	0.24
141	1152	0.24
716	842	0.24
972	727	0.24
801	771	0.24
212	1172	0.24
1017	542	0.24
745	763	0.24
663	715	0.24
686	811	0.239
1173	1174	0.239
320	548	0.239
814	417	0.239
582	869	0.239
801	748	0.239
644	899	0.239
1156	123	0.239
731	620	0.238
1017	367	0.238
949	367	0.238
1045	1009	0.238
948	340	0.238
571	1044	0.238
700	331	0.238
940	887	0.238
574	1054	0.237
679	564	0.237
1053	749	0.237
822	999	0.237
137	806	0.237
720	1027	0.237
1123	270	0.237
698	437	0.237
1101	574	0.237
1175	545	0.237
909	804	0.237
729	888	0.237
552	511	0.237
663	341	0.237
1031	1124	0.237
892	32	0.237
726	403	0.236
1176	650	0.236
814	1072	0.236
1039	466	0.236
949	262	0.236
940	763	0.236
990	842	0.236
1159	749	0.236
1121	715	0.236
490	374	0.235
720	620	0.235
1168	516	0.235
623	1108	0.235
1053	530	0.235
1177	1043	0.235
62	862	0.235
73	169	0.235
681	886	0.235
1088	686	0.235
1178	1179	0.235
342	502	0.235
746	929	0.235
681	1008	0.235
948	367	0.234
762	715	0.234
51	754	0.234
1180	690	0.234
1181	690	0.234
1182	747	0.234
64	647	0.234
905	1183	0.234
904	1183	0.234
1064	757	0.234
448	132	0.234
398	511	0.233
686	1116	0.233
1184	841	0.233
900	903	0.233
778	620	0.233
1159	427	0.233
1034	1154	0.233
652	763	0.233
1162	527	0.233
801	510	0.233
368	953	0.233
706	663	0.233
1185	341	0.233
769	133	0.233
479	522	0.233
451	342	0.233
814	775	0.232
547	763	0.232
774	411	0.232
862	30	0.232
681	790	0.232
1132	391	0.232
500	848	0.232
801	1124	0.232
924	903	0.232
894	1052	0.232
888	837	0.232
225	448	0.232
988	768	0.232
730	48	0.231
1186	83	0.231
768	351	0.231
562	325	0.231
949	1055	0.231
1185	342	0.231
815	380	0.231
866	114	0.231
1106	1187	0.231
496	1188	0.231
1113	1189	0.231
972	726	0.231
1190	690	0.231
220	991	0.231
1191	611	0.231
498	1166	0.231
715	340	0.23
730	30	0.23
804	874	0.23
259	700	0.23
790	339	0.23
1069	145	0.23
1192	604	0.23
903	791	0.23
862	82	0.23
714	495	0.23
1156	359	0.23
1193	1194	0.23
1193	1195	0.23
1150	807	0.23
760	593	0.23
1196	1028	0.23
980	8	0.23
859	57	0.23
924	467	0.229
950	715	0.229
1162	302	0.229
225	577	0.229
801	502	0.229
1124	1111	0.229
626	300	0.229
1064	627	0.229
1197	868	0.229
1198	1199	0.229
454	835	0.229
1200	502	0.229
1191	486	0.229
748	175	0.229
935	1043	0.229
1201	495	0.229
723	902	0.228
948	471	0.228
1052	1026	0.228
1185	620	0.228
862	144	0.228
868	842	0.228
910	1202	0.228
571	768	0.228
815	706	0.228
1203	841	0.228
796	878	0.228
1104	827	0.228
681	1116	0.228
989	737	0.227
922	380	0.227
818	701	0.227
1192	1107	0.227
1092	262	0.227
922	339	0.227
980	31	0.227
1204	118	0.226
691	832	0.226
948	431	0.226
1200	308	0.226
839	320	0.226
1195	1194	0.226
544	339	0.226
136	1040	0.226
690	1205	0.226
612	990	0.226
794	391	0.226
924	416	0.226
1124	848	0.226
731	963	0.226
738	758	0.226
720	628	0.225
716	768	0.225
845	1021	0.225
998	1081	0.225
136	219	0.225
815	991	0.225
686	790	0.225
1017	395	0.225
804	1158	0.225
1111	842	0.225
1186	52	0.225
883	724	0.225
1082	558	0.225
682	1158	0.225
820	467	0.225
1007	530	0.225
949	339	0.225
349	325	0.225
700	220	0.225
890	275	0.224
68	730	0.224
880	133	0.224
842	339	0.224
652	627	0.224
414	899	0.224
103	539	0.224
1206	1207	0.224
302	835	0.224
1208	663	0.224
532	485	0.224
186	481	0.224
322	899	0.224
935	767	0.224
1208	467	0.224
420	667	0.223
959	476	0.223
1083	738	0.223
887	991	0.223
1209	1099	0.223
785	581	0.223
1026	679	0.223
878	431	0.223
1210	1211	0.223
256	1152	0.223
939	802	0.222
950	1072	0.222
837	971	0.222
796	758	0.222
341	451	0.222
497	1188	0.222
1202	994	0.222
1212	957	0.222
334	1079	0.222
1213	699	0.221
878	842	0.221
812	794	0.221
706	1072	0.221
1199	510	0.221
1155	122	0.221
1053	1111	0.22
858	731	0.22
896	1115	0.22
62	686	0.22
1086	749	0.22
686	939	0.22
1202	911	0.22
1121	949	0.22
541	842	0.22
880	539	0.22
910	994	0.22
1214	1058	0.22
1215	1058	0.22
1216	997	0.22
1217	1066	0.22
764	1205	0.22
1218	1010	0.22
416	660	0.22
1039	484	0.219
867	1204	0.219
899	1219	0.219
1085	636	0.219
641	1055	0.219
1175	546	0.219
678	268	0.219
980	7	0.219
1220	1221	0.219
972	764	0.219
964	834	0.219
1114	1189	0.219
1098	1152	0.219
1100	1152	0.219
1222	681	0.219
1223	147	0.219
804	822	0.218
720	857	0.218
1224	1225	0.218
949	417	0.218
1078	1126	0.218
1226	1060	0.218
1060	1227	0.218
1061	1228	0.218
1229	1061	0.218
1055	877	0.218
913	837	0.218
1200	307	0.218
1047	899	0.218
1230	944	0.218
989	1231	0.218
1145	1144	0.217
727	932	0.217
1232	498	0.217
880	451	0.217
527	842	0.217
1053	558	0.217
1196	1119	0.217
1233	724	0.217
1110	723	0.217
1234	311	0.217
1109	530	0.217
819	476	0.217
777	1035	0.217
1101	582	0.217
714	206	0.216
1158	802	0.216
1235	1106	0.216
1204	122	0.216
1083	737	0.216
628	451	0.216
1236	944	0.216
1066	1237	0.216
1234	833	0.216
179	207	0.216
755	451	0.215
1063	376	0.215
742	803	0.215
801	308	0.215
1105	1187	0.215
914	738	0.215
1110	977	0.215
1043	971	0.215
1238	1239	0.215
989	660	0.214
886	1177	0.214
897	627	0.214
1025	682	0.214
916	903	0.214
819	416	0.214
995	859	0.214
1230	945	0.214
1196	909	0.214
136	893	0.214
644	940	0.214
1063	386	0.214
776	770	0.214
649	644	0.214
1047	929	0.213
141	46	0.213
622	530	0.213
1182	623	0.213
786	1092	0.213
1130	840	0.213
1095	1167	0.213
952	498	0.213
1240	481	0.213
1025	1152	0.213
1025	500	0.213
950	636	0.213
1030	1008	0.213
275	763	0.213
1185	1050	0.213
897	1112	0.213
801	719	0.212
1086	1124	0.212
1236	945	0.212
835	757	0.212
1241	736	0.212
1214	1057	0.212
1215	1057	0.212
996	1216	0.212
1217	1065	0.212
1160	541	0.212
1242	347	0.212
1243	1073	0.212
269	647	0.212
1244	720	0.212
398	1131	0.212
1245	444	0.212
776	929	0.212
690	799	0.211
612	899	0.211
657	539	0.211
714	743	0.211
995	792	0.211
552	375	0.211
1234	613	0.211
796	737	0.211
845	1028	0.211
1246	848	0.211
888	94	0.211
1109	636	0.211
818	180	0.211
237	991	0.211
416	1068	0.211
845	500	0.211
1162	531	0.211
360	1079	0.211
1247	550	0.211
977	1116	0.211
1092	339	0.211
892	33	0.21
1107	556	0.21
136	806	0.21
1248	609	0.21
899	660	0.21
880	343	0.21
909	1008	0.21
1118	468	0.21
224	701	0.21
714	763	0.21
700	450	0.21
801	307	0.209
701	451	0.209
1119	1028	0.209
935	737	0.209
1157	526	0.209
1249	1169	0.209
949	395	0.209
1089	764	0.209
659	1006	0.209
1065	1237	0.209
1055	792	0.209
118	1155	0.209
776	959	0.209
1034	686	0.208
1219	749	0.208
1250	1055	0.208
1121	660	0.208
786	526	0.208
405	1251	0.208
1121	762	0.208
940	722	0.208
585	893	0.208
67	538	0.208
274	511	0.208
714	226	0.208
1131	258	0.208
903	576	0.208
1232	499	0.208
723	500	0.208
745	748	0.208
1252	1206	0.207
1253	929	0.207
649	991	0.207
1159	531	0.207
449	564	0.207
470	835	0.207
1212	910	0.207
1254	1113	0.207
73	686	0.207
312	539	0.207
1150	642	0.207
450	539	0.207
1105	1235	0.207
776	626	0.206
1159	416	0.206
1241	307	0.206
1089	880	0.206
663	636	0.206
862	50	0.206
1050	627	0.206
885	1034	0.206
688	1255	0.206
1242	428	0.206
1256	263	0.206
595	842	0.206
1186	69	0.206
1257	1177	0.206
1180	691	0.206
1181	691	0.206
818	700	0.206
1120	178	0.206
831	506	0.205
1121	1055	0.205
1039	376	0.205
1039	386	0.205
715	351	0.205
1055	846	0.205
1031	935	0.205
1172	178	0.205
869	574	0.205
994	965	0.205
849	620	0.205
845	1233	0.205
815	612	0.204
1124	1032	0.204
899	738	0.204
760	1255	0.204
815	776	0.204
746	835	0.203
1223	111	0.203
1201	466	0.203
1096	703	0.203
398	763	0.203
253	539	0.203
1075	564	0.203
701	803	0.203
644	670	0.203
827	1258	0.203
537	768	0.203
224	991	0.203
924	454	0.203
1259	62	0.203
62	169	0.203
403	514	0.202
837	970	0.202
1003	479	0.202
1260	722	0.202
141	48	0.202
862	724	0.202
796	437	0.202
609	880	0.202
950	775	0.202
19	169	0.202
686	359	0.202
1190	691	0.202
1088	1261	0.201
663	620	0.201
1025	681	0.201
133	755	0.201
1046	647	0.201
1088	681	0.201
681	48	0.201
765	226	0.201
442	1262	0.201
1007	467	0.201
1254	1114	0.201
1263	878	0.201
1264	526	0.2
902	1026	0.2
1265	1037	0.2
976	43	0.2
1000	759	0.2
1072	416	0.2
103	701	0.2
1025	1028	0.2
1219	878	0.2
1141	748	0.2
695	1122	0.2
1053	467	0.2
1266	994	0.2
1201	449	0.2
1228	1062	0.2
1229	1062	0.2
1059	1227	0.2
1059	1226	0.2
569	915	0.2
1092	431	0.2
1267	774	0.199
681	1261	0.199
312	651	0.199
888	129	0.199
1108	431	0.199
651	608	0.199
651	500	0.199
224	965	0.199
372	991	0.199
1106	1268	0.199
686	1158	0.199
1269	1270	0.199
742	610	0.199
644	835	0.199
1149	1148	0.199
884	682	0.199
723	823	0.199
1259	82	0.199
1108	1271	0.199
1272	936	0.198
185	1131	0.198
1273	1103	0.198
1274	1103	0.198
1275	1276	0.198
1162	499	0.198
1111	530	0.198
488	502	0.198
1277	1106	0.198
400	300	0.198
644	824	0.198
978	1043	0.198
1159	636	0.198
983	915	0.198
1278	185	0.198
801	763	0.198
759	390	0.198
398	1040	0.197
1137	415	0.197
660	991	0.197
844	470	0.197
1170	940	0.197
716	971	0.197
847	338	0.197
1218	1009	0.197
909	788	0.197
1279	994	0.197
541	660	0.197
1280	1281	0.197
776	685	0.197
323	899	0.197
1017	605	0.197
763	991	0.197
880	702	0.197
623	1282	0.197
1008	1081	0.197
300	679	0.196
1279	993	0.196
819	558	0.196
612	1132	0.196
1160	391	0.196
961	908	0.196
627	132	0.196
929	620	0.196
916	728	0.196
887	652	0.196
1283	102	0.196
745	749	0.196
307	421	0.196
1284	1281	0.196
316	325	0.196
925	848	0.196
547	878	0.196
952	499	0.196
903	697	0.196
1241	308	0.196
1090	727	0.196
1083	1032	0.196
652	776	0.196
504	677	0.195
801	749	0.195
714	404	0.195
909	714	0.195
985	107	0.195
606	1262	0.195
1222	1124	0.195
885	1285	0.195
1105	1277	0.195
1082	736	0.195
1286	911	0.194
295	539	0.194
1121	835	0.194
909	1112	0.194
815	367	0.194
1287	377	0.194
701	342	0.194
735	1140	0.194
1259	1144	0.194
1259	1145	0.194
1251	406	0.193
976	35	0.193
817	1288	0.193
628	813	0.193
1208	748	0.193
648	991	0.193
902	724	0.193
1030	791	0.193
1042	101	0.193
778	343	0.193
801	1111	0.192
745	660	0.192
649	994	0.192
1033	686	0.192
1108	542	0.192
1083	1072	0.192
786	929	0.192
665	226	0.192
55	679	0.192
1118	502	0.192
1208	303	0.192
1265	1036	0.192
938	791	0.192
691	1205	0.192
742	440	0.191
1289	797	0.191
1048	246	0.191
1290	841	0.191
866	257	0.191
1132	430	0.191
1049	691	0.191
186	1040	0.191
700	341	0.191
1243	1074	0.191
738	660	0.191
686	82	0.191
236	679	0.191
1090	880	0.191
1042	113	0.191
706	737	0.191
636	878	0.191
909	787	0.19
1291	828	0.19
1292	1221	0.19
921	991	0.19
1173	1154	0.19
880	220	0.19
1293	1194	0.19
1195	1293	0.19
993	949	0.19
1294	859	0.19
1034	1008	0.189
1283	35	0.189
1295	1296	0.189
983	977	0.189
1088	865	0.189
698	1043	0.189
390	207	0.189
380	991	0.189
706	855	0.188
686	1030	0.188
1118	913	0.188
1289	735	0.188
1165	700	0.188
978	338	0.188
258	181	0.188
1159	411	0.188
1219	1043	0.188
748	295	0.188
1008	886	0.188
1223	128	0.188
1294	792	0.188
681	127	0.188
1157	1112	0.188
681	144	0.187
776	762	0.187
345	677	0.187
322	1297	0.187
468	488	0.187
1298	712	0.187
1291	1104	0.187
670	129	0.187
1299	1023	0.187
776	924	0.187
117	1155	0.187
62	682	0.187
38	991	0.186
542	790	0.186
899	746	0.186
812	468	0.186
945	902	0.186
1154	1174	0.186
37	7	0.186
748	174	0.186
1300	962	0.186
910	1286	0.186
1301	638	0.186
137	893	0.186
1246	480	0.186
1302	643	0.186
1162	462	0.186
1303	1239	0.186
547	660	0.186
700	451	0.186
916	608	0.186
1304	553	0.186
1003	395	0.185
1132	417	0.185
1259	128	0.185
1003	541	0.185
262	878	0.185
1305	195	0.185
1124	748	0.185
909	885	0.185
691	799	0.185
1306	792	0.185
1307	792	0.185
700	490	0.185
1308	1081	0.184
723	862	0.184
1306	859	0.184
1307	859	0.184
1053	416	0.184
1046	276	0.184
1309	1128	0.184
1310	1106	0.184
1311	1079	0.184
1252	1207	0.184
1219	736	0.184
1018	69	0.184
764	291	0.184
716	835	0.183
1004	620	0.183
1007	454	0.183
801	878	0.183
899	935	0.183
1278	268	0.183
1021	1026	0.183
887	837	0.183
1223	48	0.183
241	449	0.183
862	127	0.183
1259	1033	0.183
1294	832	0.183
1312	291	0.183
701	500	0.183
924	307	0.183
843	476	0.183
1313	541	0.183
94	670	0.183
414	1297	0.183
657	538	0.183
1259	15	0.183
935	1032	0.183
907	961	0.182
1250	991	0.182
746	430	0.182
1048	118	0.182
595	385	0.182
994	1121	0.182
137	1131	0.182
471	1044	0.182
1092	1026	0.182
459	691	0.182
1095	848	0.182
627	498	0.182
1086	763	0.182
207	203	0.182
1250	814	0.182
1117	1026	0.182
1314	720	0.182
977	1315	0.182
500	1028	0.181
716	1043	0.181
1316	1134	0.181
1317	1134	0.181
1103	569	0.181
844	385	0.181
453	1084	0.181
1318	499	0.181
1085	903	0.181
1223	50	0.181
1319	342	0.181
777	1320	0.181
1321	841	0.181
931	874	0.181
932	991	0.181
700	489	0.181
983	737	0.18
978	835	0.18
1048	117	0.18
1109	538	0.18
1109	1177	0.18
1172	370	0.18
994	670	0.18
620	1027	0.18
1124	530	0.18
827	589	0.18
1256	262	0.18
627	499	0.18
63	141	0.18
275	481	0.18
1256	340	0.18
769	17	0.18
926	961	0.179
1021	1081	0.179
1259	19	0.179
265	1322	0.179
1086	416	0.179
786	525	0.179
862	1028	0.179
948	1055	0.179
202	207	0.179
1102	1273	0.179
1274	1102	0.179
1275	1323	0.179
1324	793	0.179
1261	686	0.179
1116	874	0.179
763	715	0.179
437	1044	0.179
1325	1211	0.179
450	591	0.178
1298	470	0.178
1319	341	0.178
915	342	0.178
216	701	0.178
1048	122	0.178
384	775	0.178
1260	721	0.178
1326	1327	0.178
1250	706	0.178
1160	605	0.178
1270	1166	0.178
1082	308	0.178
1238	1303	0.178
1242	297	0.178
1117	626	0.177
1132	339	0.177
1037	1081	0.177
1278	300	0.177
745	700	0.177
1290	840	0.177
701	724	0.177
542	1044	0.177
769	1328	0.177
1329	1330	0.177
714	400	0.177
929	660	0.177
932	832	0.177
750	1205	0.177
1008	875	0.177
651	174	0.177
1219	738	0.176
1118	454	0.176
924	468	0.176
1308	499	0.176
1007	416	0.176
1300	944	0.176
627	164	0.176
1246	568	0.176
323	647	0.176
759	795	0.176
686	704	0.176
1165	880	0.176
769	451	0.176
1095	1080	0.176
571	842	0.176
1331	732	0.176
885	790	0.176
1208	762	0.176
888	116	0.175
262	1044	0.175
1250	715	0.175
1256	367	0.175
842	417	0.175
25	991	0.175
355	1103	0.175
1156	235	0.175
1331	593	0.175
1170	899	0.175
459	755	0.175
915	341	0.175
1118	307	0.175
1047	887	0.175
925	802	0.174
459	628	0.174
1332	810	0.174
620	991	0.174
1019	69	0.174
845	1261	0.174
1333	184	0.174
1109	701	0.174
140	620	0.174
978	824	0.174
1119	886	0.174
1095	1037	0.174
561	1204	0.174
1121	700	0.174
1248	610	0.174
307	893	0.174
1055	878	0.174
1318	498	0.174
1334	691	0.173
1072	868	0.173
1020	660	0.173
1335	1074	0.173
1267	991	0.173
1336	1122	0.173
990	715	0.173
935	1072	0.173
700	858	0.173
714	1112	0.173
620	467	0.173
1337	679	0.173
925	1021	0.173
145	620	0.173
1091	763	0.173
1222	1034	0.173
1095	804	0.173
723	931	0.173
1047	627	0.173
308	342	0.173
1338	938	0.173
1338	937	0.173
712	991	0.172
1256	380	0.172
1162	427	0.172
1047	470	0.172
1309	1127	0.172
1192	1169	0.172
762	1094	0.172
969	837	0.172
1131	275	0.172
880	331	0.172
998	730	0.172
755	574	0.172
237	965	0.172
1166	837	0.172
1092	605	0.172
1017	437	0.172
778	180	0.171
1333	155	0.171
1339	1330	0.171
1219	748	0.171
886	1285	0.171
1335	1073	0.171
1196	804	0.171
715	969	0.171
1056	575	0.171
776	899	0.171
1155	297	0.171
612	949	0.171
571	767	0.171
990	395	0.17
416	763	0.17
276	120	0.17
1122	453	0.17
700	568	0.17
1126	1311	0.17
1328	731	0.17
37	5	0.17
459	701	0.17
742	438	0.17
1139	1272	0.17
703	991	0.17
1340	1341	0.17
1342	1341	0.17
1342	1340	0.17
1343	1344	0.17
1345	1344	0.17
1345	1343	0.17
1346	1347	0.17
1348	1347	0.17
1348	1346	0.17
1349	1350	0.17
1351	1350	0.17
1351	1349	0.17
1352	1353	0.17
1354	1353	0.17
1354	1352	0.17
1355	1356	0.17
1357	1356	0.17
1357	1355	0.17
1358	1359	0.17
1360	1359	0.17
1360	1358	0.17
1030	393	0.17
660	789	0.17
1118	477	0.17
777	180	0.17
1361	859	0.17
844	373	0.17
844	301	0.17
786	344	0.17
1152	679	0.17
746	842	0.17
1121	262	0.17
990	721	0.169
764	403	0.169
1208	416	0.169
786	721	0.169
950	770	0.169
612	1160	0.169
1025	790	0.169
1121	880	0.169
1053	903	0.169
990	1044	0.169
959	762	0.169
1336	464	0.169
1362	810	0.169
1219	636	0.169
1363	999	0.169
917	804	0.169
786	369	0.169
1092	372	0.169
1364	1002	0.168
1282	541	0.168
885	723	0.168
786	504	0.168
723	1363	0.168
778	78	0.168
265	943	0.168
805	991	0.168
1042	58	0.168
924	308	0.168
726	1049	0.168
1162	1121	0.168
276	451	0.168
862	999	0.167
276	119	0.167
1365	499	0.167
1366	764	0.167
1088	911	0.167
1162	889	0.167
1367	485	0.167
868	542	0.167
1222	804	0.167
698	767	0.167
1056	285	0.167
1368	1296	0.166
339	1044	0.166
269	700	0.166
1369	390	0.166
289	1370	0.166
1050	715	0.166
1025	701	0.166
1034	730	0.166
1292	1220	0.166
1371	908	0.166
1082	416	0.166
893	308	0.166
819	467	0.166
1372	792	0.166
764	660	0.166
1373	1374	0.166
1373	1375	0.166
1376	1377	0.166
1378	1377	0.166
698	899	0.166
714	835	0.166
1379	859	0.166
1118	313	0.165
727	691	0.165
1055	961	0.165
1082	467	0.165
351	1044	0.165
1248	720	0.165
1308	1167	0.165
897	300	0.165
868	431	0.165
745	824	0.165
1108	380	0.165
686	1380	0.165
1165	731	0.165
695	1336	0.165
1109	886	0.165
398	893	0.165
822	1081	0.165
1118	1026	0.165
1264	525	0.165
804	704	0.165
621	558	0.165
1162	857	0.165
919	1022	0.165
737	468	0.164
1118	888	0.164
1322	311	0.164
1038	620	0.164
903	577	0.164
1310	1268	0.164
880	703	0.164
1381	1128	0.164
1369	1074	0.164
850	320	0.164
1204	491	0.164
1382	700	0.164
789	969	0.164
686	738	0.164
727	1121	0.164
1250	789	0.164
702	991	0.164
648	644	0.164
1025	1117	0.164
1035	731	0.164
1383	534	0.163
1109	476	0.163
924	1124	0.163
1301	442	0.163
1298	380	0.163
701	392	0.163
1384	555	0.163
1385	555	0.163
957	994	0.163
1369	1073	0.163
1304	406	0.163
1089	726	0.163
1197	844	0.163
644	887	0.163
1047	757	0.162
165	991	0.162
1386	1327	0.162
1387	1388	0.162
681	701	0.162
831	734	0.162
85	991	0.162
1072	411	0.162
1389	111	0.162
629	1305	0.162
553	679	0.162
1174	82	0.162
1003	605	0.162
670	991	0.162
1110	1117	0.162
1222	686	0.161
885	1297	0.161
1390	1043	0.161
1389	61	0.161
1391	999	0.161
1375	1374	0.161
1392	1393	0.161
1378	1376	0.161
1205	1022	0.161
701	636	0.161
341	467	0.161
1072	620	0.161
1032	1394	0.161
1003	636	0.161
1250	372	0.161
1259	931	0.161
1196	874	0.161
1395	422	0.161
935	835	0.161
1246	1028	0.161
1159	903	0.161
1323	1276	0.16
1086	547	0.16
812	580	0.16
467	342	0.16
935	880	0.16
1363	883	0.16
626	132	0.16
1083	660	0.16
757	181	0.16
727	991	0.16
1247	551	0.16
1031	1394	0.16
701	1027	0.16
909	1028	0.16
989	1043	0.16
835	969	0.16
948	715	0.159
1363	682	0.159
1396	647	0.159
1397	416	0.159
1082	307	0.159
1283	43	0.159
677	943	0.159
910	1088	0.159
1287	378	0.159
745	1043	0.159
1130	841	0.159
716	498	0.159
1241	530	0.159
1371	1398	0.159
1369	178	0.159
1162	498	0.159
1316	1133	0.159
1317	1133	0.159
1161	1001	0.159
1399	730	0.159
1400	656	0.158
1180	986	0.158
1181	986	0.158
1109	1043	0.158
1298	605	0.158
1171	564	0.158
940	1401	0.158
1402	533	0.158
1072	991	0.158
1186	256	0.158
1403	1404	0.158
1405	1403	0.158
1399	845	0.158
1028	848	0.158
1390	499	0.158
244	1406	0.158
1407	930	0.157
993	1121	0.157
1242	953	0.157
1408	1393	0.157
1392	1408	0.157
482	249	0.157
1409	1199	0.157
1225	1410	0.157
1411	346	0.157
275	627	0.157
778	87	0.157
228	700	0.157
1412	1211	0.157
97	802	0.157
935	660	0.157
814	1121	0.157
519	374	0.157
935	391	0.157
701	878	0.157
1413	373	0.156
765	225	0.156
1369	179	0.156
1241	762	0.156
1414	1415	0.156
1159	762	0.156
1109	903	0.156
322	647	0.156
450	701	0.156
1384	556	0.156
1385	556	0.156
1025	679	0.156
1008	500	0.156
801	626	0.156
887	1124	0.156
899	1401	0.156
1363	1028	0.155
849	451	0.155
390	1172	0.155
90	802	0.155
147	1416	0.155
1263	627	0.155
1021	1135	0.155
1076	840	0.155
1306	832	0.155
1307	832	0.155
812	1043	0.155
73	682	0.155
722	763	0.155
540	1417	0.155
1418	1221	0.154
1419	726	0.154
1072	929	0.154
1055	531	0.154
1420	930	0.154
1282	542	0.154
943	311	0.154
1085	1002	0.154
1082	835	0.154
1308	658	0.154
1208	530	0.154
620	120	0.154
804	500	0.154
899	965	0.154
726	1121	0.154
1421	1027	0.154
1422	1027	0.154
776	627	0.154
1315	884	0.154
1208	454	0.154
1423	1424	0.154
1425	841	0.153
1332	809	0.153
1244	1314	0.153
731	984	0.153
1124	681	0.153
1024	338	0.153
939	500	0.153
1185	623	0.153
1325	1210	0.153
885	1426	0.153
814	649	0.153
731	592	0.153
887	952	0.153
1427	726	0.153
489	374	0.153
961	1006	0.153
670	113	0.153
1406	1166	0.153
796	1043	0.152
1153	1054	0.152
789	837	0.152
682	359	0.152
1165	628	0.152
530	837	0.152
1112	564	0.152
1064	488	0.152
1124	823	0.152
1327	1140	0.152
1371	875	0.152
700	728	0.152
1428	1305	0.152
1429	720	0.152
1099	1071	0.152
1430	527	0.152
249	373	0.152
1407	817	0.152
552	181	0.152
899	1072	0.152
1431	1432	0.152
562	1394	0.152
1433	1434	0.152
1433	1435	0.152
1436	1437	0.152
1438	1437	0.152
636	1044	0.152
73	977	0.152
1367	575	0.152
1246	686	0.152
1043	715	0.152
700	519	0.151
949	623	0.151
989	541	0.151
59	679	0.151
714	965	0.151
537	767	0.151
813	539	0.151
887	1109	0.151
1362	809	0.151
1130	1128	0.151
686	875	0.151
774	991	0.151
1439	739	0.151
880	660	0.151
1320	731	0.151
1075	1108	0.15
1256	339	0.15
1222	802	0.15
1440	1441	0.15
1442	1079	0.15
1078	1442	0.15
1298	372	0.15
940	714	0.15
1109	700	0.15
1424	1443	0.15
275	1040	0.15
1174	111	0.15
681	256	0.15
1013	832	0.15
