1 2 3 4 5 6 7 8 9 130 139 14 20 31 36 42 49 583 328 329 84 980 86 483 230
165 38 249 520 41 10 11 44 45 683 338 660 21 22 85 25 26 1020
32 33 160 161 194 37 353 866 74 75 12 13 76 80 81 146 53 154
128 1416 15 16 144 19 147 403 281 29 30 925 931 554 46 48 50 61 62 63 66 68 1223 72 73 82 742 1389 111 127
769 133 17 18 23 24 1177 538 539 800 163 1328 818 51 180 958 67 196 1109 343 216 95 103 104 1257 880 754 755 628
256 1152 141 27 28 1186 292 39 40 169 47 52 56 320 69 83 492 110 1018 1019 895
1283 651 401 159 34 35 43 1067 70 330 985 102 105 106 107 1005 115 371 374 121 383
132 164 71 714 300 219 564 181 54 55 59 60 254
129 101 197 647 425 426 108 112 113 116 1396 182 57 58 283 94
64 65 257 259 446 269 114 276 728 158 447
201 234 235 109 77 78 79 242 594 1014 87 153 189
324 455 1417 463 304 666 88 89 282 251 540 191
96 97 450 512 228 608 961 459 493 500 217 90 91 733
98 99 100 456 218 92 93 223
1155 773 521 650 1176 297 428 561 1204 310 954 461 718 465 474 347 475 247 348 1242 352 867 231 491 368 117 246 118 122 635
384 451 134 135 140 1069 494 145 1046 119 120 379
1156 359 155 332 148 1333 184 123 124
131 707 167 168 138 176 125 126
385 258 644 772 136 137 268 398 654 274 275 536 284 285 1056 806 552 301 1201 563 185 186 570 575 192 193 448 449 206 207 466 1367 987 225 226 484 485 614 361 1131 495 241 890 1278
166 892 713 205 142 143 657 280 252
162 515 198 488 298 849 149 150 439 250
229 266 750 240 177 151 152
288 705 227 365 624 183 156 157
1411 325 327 170 171 204 346 335 920 314
195 356 172 173 238 239 429 1428 629 1305
295 458 174 175 312 825 253 607
387 390 780 781 1172 795 668 543 178 179 693 953 826 699 1213 326 202 203 212 863 1120 358 1000 1129 618 370
267 236 469 661 694 187 188 190
1027 777 778 1035 1165 1038 1421 1422 1429 408 286 287 1185 1314 421 1319 1320 813 700 701 963 199 200 711 1097 336 337 720 341 342 857 858 731 1244 1248 609 610 1382 620 1004
1312 514 291 208 209 215 222 255
1123 270 210 211 306 213 214 632
224 803 261 331 237 438 440 220 221
290 260 232 233 296 248
289 299 305 243 244 245 631 1370
1043 537 541 542 1072 565 571 1092 1108 605 1121 612 619 623 625 1160 653 1182 1197 698 706 1219 712 715 716 1231 737 738 1250 1253 1256 746 747 1271 1282 262 263 776 786 1298 789 794 796 1313 812 814 815 835 843 844 339 340 351 868 1390 367 372 373 887 889 380 1413 395 914 922 417 929 420 431 948 949 470 471 989 990 479 482 1003 1017
833 389 613 264 265 906 1322 1234 662 311 603
271 272 273 309 318
424 457 277 278 407 279 350
293 294 432 505 315 319
641 770 771 774 775 1159 1162 1163 527 530 531 1430 663 664 793 411 924 1053 416 801 547 808 427 1068 685 302 303 558 1324 819 820 950 952 313 1082 1208 1085 1086 959 454 1094 842 462 467 595 855 1111 476 477 1124 745 748 621 622 749 1007 1267 1141 1397 762 891 636
736 992 584 585 719 1200 307 468 308 502 1048 1241 829 510
321 366 562 317 316 349 862
322 323 652 590 529 1041 1297 725 921 412 414 991
357 360 362 333 334 593
504 409 559 943 369 503 344 345 410 860 861
513 354 355 579 1137 569 415
640 388 394 363 364 402 566 951 413
386 898 399 400 1039 1040 404 532 678 1063 687 1091 1240 481 375 376 763 893 511
1122 452 453 1287 680 393 873 464 433 1336 377 378 639
434 692 501 695 381 382
544 768 391 392 935 522 971 1132 557 430 437 758 790 667 988 767
480 709 422 396 397 1395 1077 568 1246
1251 553 405 406 1304
418 419 578 615 423
710 560 435 436 533 979 1402 956
606 1262 1301 441 442 443 638
934 717 1015 919 1016 1245 444 445 478
708 460 517 966
740 753 882 472 473
611 518 486 487 1191 1044 821
489 490 836 519
516 645 646 1188 496 497 1168
1406 837 1318 1166 1232 913 498 499 1269 1270 1365 1118
548 1093 839 850 506 507
509 528 696 508 637
1153 739 1029 582 744 523 524 1101 1054 574 1439
1157 743 525 526 1264 1112
535 1383 779 816 630 534 831
545 546 616 617 1175
901 549 550 551 766 1247
1384 1385 555 556 567 604
586 587 572 573 1151
576 577 933 697 665 765
580 581 915 1331 983 856 732
588 589 879 759 669 830
960 965 942 591 592 984 1051
596 597 598 677
600 601 602 599
897 899 1064 940 878 1263 626 627 978 757 1170 1047 824 1401 1050 1117
704 876 633 634 927
642 643 807 1302 1150 798 799
648 649 888 729 670
656 1084 1400 655
684 877 846 658 659 1055
672 900 903 916 791 671
673 674 675 676
1025 1026 679 1075 1171 1337 1052 894
1285 1030 1158 1426 802 804 681 682 939 686 822 823 1088 1222 848 730 1116 1380 998 999 1261 1135 1008 1391 885 886 1021
1255 909 688 689 760 923
1190 690 691 1205 1334 986 1180 1181 1087
805 967 1096 702 703
721 722 1260 761
1315 1028 902 874 811 1196 845 977 1233 723 724 883 884 1110 1363 1399 1119
1089 1090 932 1419 1427 1013 726 727 1366 1049 764
1289 1140 797 734 735
1024 741 847
834 964 751 752 756 918
784 785 782 783
875 787 788 838
832 995 1379 1294 1307 1361 792 1306 859 1372
809 810 972 1362 1332 917
896 930 1288 1420 817 1115 1407
968 1258 1291 1104 827 828
1184 840 841 1130 1290 1321 1136 1425 1203 1076
851 852 853 854
864 865 881 928
872 869 870 871
904 905 1164 912 1183
907 908 1071 1398 1371 926
1286 910 911 1202 1212 957
936 1272 1139
937 938 941 1338 955
962 1230 944 945 1236 1300
946 947 981 982
969 970 1138
976 973 974 975
993 994 1266 1279
1216 1125 996 997
1001 1002 1161 1364
1070 1042 1006
1009 1010 1045 1218
1146 1011 1012 1142
1299 1022 1023
1032 1394 1083 1031
1154 1033 1034 1173 1174
1265 1036 1037
1057 1058 1214 1215
1226 1059 1060 1227
1229 1228 1061 1062
1065 1066 1217 1237
1073 1074 1335 1369 1243
1442 1126 1078 1079 1311
1095 1167 1080 1081 1308
1209 1098 1099 1100
1273 1274 1102 1103
1187 1105 1106 1235 1268 1277 1310
1192 1169 1107 1249
1113 1114 1189 1254
1128 1381 1309 1127
1317 1316 1133 1134
1144 1145 1259 1143
1147 1148 1149
1178 1179
1193 1194 1195 1293
1409 1198 1199
1252 1206 1207
1210 1211 1412 1325
1418 1292 1220 1221
1224 1225 1410
1303 1238 1239
1323 1275 1276
1280 1281 1284
1296 1368 1295
1386 1326 1327
1329 1330 1339
1340 1341 1342
1344 1345 1343
1346 1347 1348
1349 1350 1351
1352 1353 1354
1355 1356 1357
1360 1358 1359
1373 1374 1375
1376 1377 1378
1387 1388
1392 1393 1408
1403 1404 1405
1414 1415
1424 1443 1423
1432 1431
1433 1434 1435
1436 1437 1438
1440 1441
