12 13 32 33 37 53 74 75 76 80 81 142 143 146 154 160 161 166 194 205 252 280 353 657 713 728 866 892
92 93 98 99 100 218 223 456
119 120 134 135 140 145 276 379 384 451 494 1046 1069
125 126 131 138 167 168 176 707
156 157 183 227 288 365 624 705
232 233 248 260 290 296
271 272 273 309 318
277 278 279 350 407 424 457
293 294 315 319 432 505
363 364 388 394 402 413 566 640 951
405 406 460 517 553 708 966 1251 1304
418 419 423 578 615
441 442 443 606 638 1262 1301
496 497 516 645 646 1168 1188
545 546 616 617 1175
549 550 551 766 901 1247
572 573 586 587 1151
596 597 598 677
599 600 601 602
673 674 675 676
751 752 756 834 918 964
851 852 853 854
899 940 978 1047 1170 1401
904 905 912 1164 1183
937 938 941 955 1338
946 947 981 982
973 974 975 976
996 997 1125 1216
1009 1010 1045 1218
1011 1012 1142 1146
935 1031 1032 1083 1124 1394
1057 1058 1214 1215
1059 1060 1226 1227
1061 1062 1228 1229
1065 1066 1217 1237
1105 1106 1187 1235 1268 1277 1310
1113 1114 1189 1254
1133 1134 1316 1317
1147 1148 1149
1154 1173 1174
1193 1194 1195 1293
1206 1207 1252
1238 1239 1303
1275 1276 1323
1340 1341 1342
1343 1344 1345
1346 1347 1348
1349 1350 1351
1352 1353 1354
1355 1356 1357
1358 1359 1360
1373 1374 1375
1376 1377 1378
1392 1393 1408
472 473 740 753 864 865 881 882 928
960 965 984 1051
149 150 162 198 250 298 439 488 515 849
264 265 311 344 345 369 389 409 410 503 504 559 603 613 662 677 786 833 860 861 906 943 1234 1322
316 317 321 349 366 562 862
633 634 704 876 927
809 810 917 972 1332 1362
902 944 945 962 1230 1236 1300
333 334 357 360 362 1078 1079 1126 1311 1442
1 2 3 4 5 6 7 8 9 14 20 31 36 42 49 84 86 130 139 230 295 328 329 458 483 583 866 980
88 89 191 251 282 304 324 455 463 540 666 1417
117 118 122 231 246 247 297 310 347 348 352 368 428 461 465 474 475 491 521 561 635 650 718 773 867 953 954 1048 1155 1176 1204 1242
172 173 195 238 239 356 429 629 1305 1428
199 200 286 287 336 337 341 342 408 421 609 610 620 813 963 1004 1038 1185 1319
208 209 215 222 255 291 514 1312
243 244 245 289 299 305 631 1370 1406
435 436 533 560 710 956 979 1402
54 55 59 60 71 132 164 181 219 254 300 525 526 564 626 627 714 721 722 743 757 761 824 897 909 1050 1064 1112 1157 1171 1260 1263 1264 1278
642 643 798 799 807 1150 1302
658 659 684 792 832 846 859 877 961 995 1006 1042 1055 1070 1294 1306 1307 1361 1372 1379
1001 1002 1161 1364
1127 1128 1309 1381
1210 1211 1325 1412
1220 1221 1292 1418
343 450 451 538 539 591 592 628 700 701 711 720 731 754 755 769 777 778 800 818 858 880 942 1035 1165 1320 1328
77 78 79 87 106 107 109 115 123 124 148 153 155 184 189 201 234 235 242 332 359 383 594 1014 1156 1333
10 11 21 22 25 26 38 41 44 45 85 165 210 211 213 214 249 270 306 338 520 632 660 683 741 847 991 1020 1024 1123
354 355 415 513 569 579 580 581 732 782 783 784 785 856 915 983 1102 1103 1137 1273 1274 1331
377 378 381 382 393 433 434 452 453 464 501 639 655 656 680 692 695 817 873 896 930 1084 1115 1122 1287 1288 1336 1400 1407 1420
396 397 422 480 508 509 528 555 556 567 568 604 637 696 709 936 1077 1107 1139 1169 1192 1246 1249 1272 1384 1385 1395
523 524 574 582 739 744 869 870 871 872 1029 1054 1101 1153 1439
588 589 669 759 827 828 830 879 968 1104 1258 1291
649 910 911 957 993 994 1202 1212 1266 1279 1286
64 65 90 91 96 97 114 151 152 158 177 217 228 229 240 257 259 266 269 446 447 450 459 493 500 512 608 651 691 733 750 907 908 926 961 1071
178 179 202 203 207 212 326 358 370 387 390 543 618 668 693 699 759 780 781 795 826 863 953 1000 1073 1074 1120 1129 1172 1213 1243 1335 1369
187 188 190 236 267 469 647 661 679 694 894 1026 1052 1075 1337
302 303 313 411 416 427 454 462 467 476 477 527 530 531 547 558 595 621 622 636 641 663 664 671 672 685 706 715 745 748 749 762 763 770 771 774 775 776 789 791 793 801 808 819 820 835 842 843 844 855 868 887 891 900 903 916 924 950 952 959 1007 1053 1068 1072 1082 1085 1086 1094 1109 1111 1124 1141 1159 1162 1163 1197 1208 1219 1324 1397 1430
322 323 412 414 529 590 648 652 725 921 991 1041 1267 1297
690 691 726 727 764 832 880 932 972 986 995 1013 1049 1087 1089 1090 1121 1180 1181 1190 1205 1334 1366 1419 1427
57 58 94 101 108 112 113 116 129 182 197 283 425 426 647 670 1396
34 35 43 70 102 105 106 107 121 159 330 371 374 401 489 490 519 651 836 985 1005 1067 1283
136 137 185 192 193 206 207 225 226 241 258 268 284 285 301 361 385 536 563 570 576 577 644 654 665 697 765 772 806 890 933 987 1056 1131
136 137 186 258 274 275 375 376 386 398 399 400 404 448 449 466 481 484 485 495 511 532 552 575 614 678 687 763 893 898 1039 1040 1063 1091 1201 1240 1367
170 171 204 314 325 327 335 346 920 1411
593 688 689 760 909 923 1255
17 18 23 24 51 67 95 103 104 133 163 174 175 180 196 216 253 312 607 825 958
320 469 506 507 534 535 548 630 734 735 779 797 816 831 839 850 1093 1140 1289 1326 1327 1383 1386
15 16 19 29 30 46 48 50 61 62 63 66 68 72 73 82 111 127 128 144 147 169 256 281 403 554 742 925 931 1143 1144 1145 1223 1259 1389 1416
307 308 468 502 510 584 585 719 736 829 959 992 1043 1177 1198 1199 1200 1241 1257 1409
199 200 220 221 224 237 261 331 438 440 609 610 700 701 702 703 711 720 731 803 805 857 880 967 991 1027 1096 1097 1165 1244 1248 1314 1382 1421 1422 1429
262 263 339 340 351 367 372 373 380 391 392 395 417 420 430 431 437 470 471 479 482 486 487 518 522 537 541 542 544 557 565 571 605 611 612 619 620 623 625 653 667 698 706 712 716 737 738 746 747 758 767 768 776 786 790 794 796 812 814 815 821 878 889 914 922 929 935 948 949 971 988 989 990 1003 1017 1044 1083 1092 1108 1121 1132 1160 1182 1191 1231 1250 1253 1256 1271 1282 1298 1313 1413
498 499 729 837 888 913 969 970 971 1118 1138 1166 1232 1269 1270 1308 1318 1365 1390
27 28 39 40 47 52 56 69 83 110 141 169 256 292 320 492 840 841 895 1018 1019 1076 1098 1099 1100 1130 1136 1152 1184 1186 1203 1209 1290 1321 1425
681 682 686 723 724 730 802 804 811 822 823 845 848 862 874 883 884 885 886 902 909 939 977 998 999 1008 1021 1025 1026 1028 1030 1033 1034 1036 1037 1080 1081 1088 1095 1110 1116 1117 1119 1135 1158 1167 1196 1222 1233 1261 1265 1285 1315 1363 1380 1391 1399 1426
787 788 838 875 1371 1398
444 445 478 717 919 934 1015 1016 1022 1023 1245 1299
1178
1179
1224
1225
1280
1281
1284
1295
1296
1329
1330
1339
1368
1387
1388
1403
1404
1405
1410
1414
1415
1423
1424
1431
1432
1433
1434
1435
1436
1437
1438
1440
1441
1443
