0	1	11
0	2	27
0	3	14
0	4	18
0	5	22
0	6	18
0	7	16
0	8	14
0	9	15
0	10	15
0	11	16
0	12	21
0	13	13
0	14	16
1	2	22
1	3	19
1	4	6
1	5	21
1	6	4
1	7	11
1	8	8
1	9	15
1	10	17
1	11	10
1	12	18
1	13	8
1	14	8
2	3	27
2	4	23
2	5	29
2	6	30
2	7	18
2	8	8
2	9	18
2	10	20
2	11	14
2	12	19
2	13	15
2	14	13
3	4	22
3	5	25
3	6	16
3	7	9
3	8	17
3	9	32
3	10	15
3	11	17
3	12	4
3	13	18
3	14	22
4	5	16
4	6	10
4	7	17
4	8	17
4	9	18
4	10	14
4	11	8
4	12	18
4	13	13
4	14	21
5	6	13
5	7	13
5	8	18
5	9	25
5	10	18
5	11	20
5	12	19
5	13	17
5	14	19
6	7	14
6	8	14
6	9	19
6	10	18
6	11	11
6	12	7
6	13	11
6	14	13
7	8	10
7	9	12
7	10	17
7	11	25
7	12	7
7	13	12
7	14	20
8	9	20
8	10	18
8	11	7
8	12	8
8	13	9
8	14	8
9	10	33
9	11	17
9	12	20
9	13	18
9	14	20
10	11	11
10	12	7
10	13	15
10	14	33
11	12	17
11	13	10
11	14	10
12	13	12
12	14	8
13	14	13
