85 334 103 246 278 311 192 325 284 285 264 260 255 263 227 237 330 92 217 162
228
307 223 295 148 46 309 118 221 65
202 78 171
166 59 269 187 182 3 68 131 208 21 25 189 186 1 258 28 184
45
261 271 247 132 157 331 149 150 212 333 133 159 82 160 151 274 335 80 248 83
265 35
300
322 13 336 310 337 123 319 313 201 47
196 158 290 198
155 94 103 136 278 66 229 24 108 130 137 185 285 15 57 93 99 314 220 16 64 207 61 249 172 291 89 168 176 23
169
312 276 275 245 266
34 242
73 254 180 166 62 9 26 19 320 7 49 327 243 145 197 230 140 32 33 52 36 203 45 105 95 60 97 182 338 3 283 8 226 18 339 238 98 30 20 138 88 286 4 141 218 165 29 69 296 87 91 72 303 126 324 21 115 240 304 236 219 235 123 315 188 111 191 251 277 179 299 199 40 100 14 42 74 106 71 50 116 329 67 2 75 122 142 10 177 153 316 146 164 173 43 293 63 109 104 268 113 90 27 56 58 152 81 181 267 1 89 17 234 139 55 330 298 120 190 302 250 209 154 41 121 184 156 51 253 170 257 44 107
180 125 174 210 332 48 37 5 233 38 199 222 167 42 74 228 67 10 144 54 340 186 173 134 104 306 135 178 239 41 53 163
288 331 29 114 324 289 292 109 341
232
247 195 86 132 149 282 150 133 82 151 80 248 83
301 300 279 194 280 193
342
326
79 129 204
