3 5 9 10 13 16 21 25 26 27 29 30 39 40 45 47 50 54 55 56 59 60 62 63 65 66 67 69 72 75 76 79 82 85 96 98 103 104 105 106 109 113 118 119 120 121 122 123 128 132 133 134 141 142 146 148 153 156 158 161 165 169 170 172 176 178 183 185 186 188 190 199 200 203 207 208 211 212 213 221 222 223 224 228 229 231 232 234 235 236 238 239 240 247 248 250 252 257 258 261 265 268 270 271 272 274 276 277 280 283 285 288 290 291 295 297 298 301 303 304 308 311 313 314 315 316 317 318 322 323 324 325 329 331 332 334 338 341 342 344 345
1 130 266 24 164 299 300 302 48 180 53 57 187 191 194 196 73 330 204 80 336 88 346 92 94 101 242 254 249 126
267 237 83 84 51 23 31
225 321 99 227 68 102 263 296 131 35 46 175 143 177 278 86
77 117 294
159 320 36 197 135 139 108 309 184 281 251 284 127
2 262 140 14 144 17 20 149 279 151 28 289 162 41 44 305 312 326 333 214 343 220 226 111 115 116
129 38 7 168 136 339 340 246 87 22 347 125
195 4 328 78 273 306 275 181 152 218
70 307 230 71
64 163 100 171 107 150 217 58 189
49 241 255
32 167 137 337 243 310 216 93
81 269 286
293 138 174 112 19
33 42
192 52 205
193 259 8 264 201 110 245 91 61
34 198 166 202 173
319 6 327 147 89 154 219 95
160 260 206
97 253 182
155 124 157
145 90 179
282 244
256 233
