0	1	7
0	2	1
0	3	6
0	4	2
0	5	8
0	6	5
0	7	5
0	8	3
0	9	3
0	10	7
0	11	3
0	12	4
0	13	7
0	14	8
0	15	9
0	16	3
0	17	9
0	18	3
0	19	8
0	20	3
0	21	4
0	22	2
0	23	2
0	24	4
0	25	8
0	26	6
0	27	8
0	28	5
0	29	13
0	30	5
0	31	6
0	32	3
0	33	2
0	34	5
1	2	4
1	3	2
1	4	3
1	5	9
1	6	8
1	7	3
1	8	9
1	9	1
1	10	7
1	11	5
1	12	4
1	13	12
1	14	10
1	15	9
1	16	12
1	17	9
1	18	5
1	19	11
1	20	4
1	21	7
1	22	5
1	23	3
1	24	9
1	25	14
1	26	4
1	27	2
1	28	5
1	29	20
1	30	5
1	31	3
1	32	3
1	33	4
1	34	3
2	3	7
2	4	6
2	5	10
2	6	3
2	7	2
2	8	5
2	9	6
2	10	14
2	11	1
2	12	2
2	13	9
2	14	10
2	15	10
2	16	6
2	17	7
2	18	1
2	19	6
2	20	5
2	21	1
2	22	4
2	23	4
2	24	7
2	25	8
2	26	3
2	27	4
2	28	3
2	29	8
2	30	2
2	31	4
2	32	2
2	33	5
2	34	5
3	4	2
3	5	7
3	6	6
3	7	7
3	8	5
3	9	5
3	10	8
3	11	5
3	12	6
3	13	3
3	14	10
3	15	4
3	16	8
3	17	5
3	18	1
3	19	7
3	20	1
3	21	4
3	22	6
3	23	11
3	24	7
3	25	7
3	26	2
3	27	6
3	28	14
3	29	8
3	30	3
3	31	5
3	32	3
3	33	2
3	34	2
4	5	3
4	6	2
4	7	2
4	8	3
4	9	3
4	10	10
4	11	4
4	12	3
4	13	4
4	14	4
4	15	7
4	16	11
4	17	5
4	18	1
4	19	3
4	20	5
4	21	1
4	22	2
4	23	6
4	24	8
4	25	5
4	26	4
4	27	1
4	28	3
4	29	8
4	30	5
4	31	2
4	32	5
4	33	4
4	34	2
5	6	15
5	7	5
5	8	6
5	9	6
5	10	13
5	11	8
5	12	12
5	13	8
5	14	5
5	15	5
5	16	14
5	17	7
5	18	7
5	19	9
5	20	8
5	21	3
5	22	5
5	23	14
5	24	4
5	25	15
5	26	7
5	27	8
5	28	9
5	29	24
5	30	8
5	31	3
5	32	18
5	33	7
5	34	3
6	7	6
6	8	15
6	9	6
6	10	10
6	11	6
6	12	6
6	13	10
6	14	10
6	15	12
6	16	15
6	17	13
6	18	7
6	19	8
6	20	5
6	21	5
6	22	8
6	23	7
6	24	9
6	25	14
6	26	8
6	27	9
6	28	5
6	29	12
6	30	3
6	31	12
6	32	6
6	33	11
6	34	7
7	8	3
7	9	4
7	10	10
7	11	3
7	12	8
7	13	3
7	14	7
7	15	7
7	16	5
7	17	2
7	18	2
7	19	3
7	20	4
7	21	6
7	22	7
7	23	4
7	24	3
7	25	7
7	26	9
7	27	4
7	28	7
7	29	10
7	30	2
7	31	2
7	32	4
7	33	5
7	34	3
8	9	6
8	10	14
8	11	6
8	12	4
8	13	1
8	14	6
8	15	14
8	16	13
8	17	7
8	18	6
8	19	8
8	20	8
8	21	5
8	22	7
8	23	7
8	24	5
8	25	7
8	26	17
8	27	7
8	28	11
8	29	25
8	30	6
8	31	6
8	32	8
8	33	5
8	34	5
9	10	4
9	11	10
9	12	3
9	13	7
9	14	6
9	15	4
9	16	3
9	17	3
9	18	1
9	19	8
9	20	2
9	21	5
9	22	6
9	23	7
9	24	3
9	25	6
9	26	5
9	27	4
9	28	3
9	29	8
9	30	3
9	31	2
9	32	6
9	33	10
9	34	2
10	11	6
10	12	4
10	13	12
10	14	11
10	15	11
10	16	15
10	17	10
10	18	5
10	19	19
10	20	8
10	21	7
10	22	7
10	23	7
10	24	18
10	25	12
10	26	16
10	27	4
10	28	10
10	29	27
10	30	5
10	31	7
10	32	10
10	33	14
10	34	6
11	12	3
11	13	14
11	14	4
11	15	12
11	16	6
11	17	7
11	18	3
11	19	4
11	20	2
11	21	4
11	22	7
11	23	2
11	24	5
11	25	11
11	26	2
11	27	4
11	28	4
11	29	10
11	31	3
11	32	4
11	33	4
11	34	2
12	13	11
12	14	12
12	15	4
12	16	12
12	17	7
12	18	7
12	19	13
12	20	6
12	21	2
12	22	6
12	23	7
12	24	8
12	25	4
12	26	6
12	27	8
12	28	12
12	29	8
12	30	5
12	31	3
12	32	9
12	33	8
12	34	3
13	14	11
13	15	9
13	16	6
13	17	7
13	18	5
13	19	4
13	20	7
13	21	6
13	22	4
13	23	7
13	24	6
13	25	11
13	26	10
13	27	9
13	28	8
13	29	13
13	30	10
13	31	8
13	32	5
13	33	7
13	34	5
14	15	16
14	16	12
14	17	16
14	18	5
14	19	9
14	20	2
14	21	4
14	22	13
14	23	7
14	24	9
14	25	14
14	26	9
14	27	4
14	28	9
14	29	11
14	30	6
14	31	8
14	32	6
14	33	15
14	34	4
15	16	10
15	17	8
15	18	9
15	19	9
15	20	16
15	21	4
15	22	11
15	23	3
15	24	10
15	25	11
15	26	9
15	27	3
15	28	12
15	29	25
15	30	8
15	31	5
15	32	10
15	33	6
15	34	14
16	17	7
16	18	5
16	19	8
16	20	4
16	21	2
16	22	12
16	23	5
16	24	12
16	25	10
16	26	9
16	27	1
16	28	9
16	29	16
16	30	6
16	31	8
16	32	5
16	33	18
16	34	11
17	18	3
17	19	4
17	20	2
17	21	5
17	22	3
17	23	6
17	24	5
17	25	11
17	26	6
17	27	2
17	28	5
17	29	11
17	30	6
17	31	13
17	32	2
17	33	3
17	34	8
18	19	6
18	20	8
18	21	3
18	22	5
18	23	9
18	24	3
18	25	5
18	26	6
18	27	6
18	28	3
18	29	14
18	30	2
18	31	1
18	32	7
18	33	9
18	34	6
19	20	7
19	21	11
19	22	4
19	23	6
19	24	13
19	25	9
19	26	6
19	27	2
19	28	6
19	29	14
19	30	6
19	31	7
19	32	6
19	33	7
19	34	4
20	21	3
20	22	4
20	23	7
20	24	10
20	25	5
20	26	4
20	27	6
20	28	7
20	29	5
20	30	9
20	31	4
20	32	5
20	33	5
20	34	5
21	22	8
21	23	5
21	24	7
21	25	5
21	26	5
21	27	6
21	28	6
21	29	15
21	30	7
21	31	10
21	32	5
21	33	5
21	34	2
22	23	6
22	24	7
22	25	12
22	26	9
22	27	3
22	28	11
22	29	12
22	30	3
22	31	2
22	33	6
22	34	7
23	24	6
23	25	9
23	26	5
23	27	9
23	28	13
23	29	8
23	30	5
23	31	5
23	32	6
23	33	7
23	34	3
24	25	11
24	26	6
24	27	5
24	28	8
24	29	19
24	30	7
24	31	5
24	32	9
24	33	12
24	34	19
25	26	8
25	27	8
25	28	10
25	29	27
25	30	12
25	31	8
25	32	9
25	33	6
25	34	7
26	27	2
26	28	5
26	29	12
26	30	6
26	31	6
26	32	14
26	33	9
26	34	3
27	28	6
27	29	16
27	30	5
27	31	3
27	32	8
27	33	5
27	34	6
28	29	12
28	30	5
28	31	9
28	32	12
28	33	12
28	34	7
29	30	16
29	31	14
29	32	7
29	33	18
29	34	11
30	31	3
30	32	7
30	33	7
30	34	8
31	32	4
31	33	8
31	34	6
32	33	11
32	34	4
33	34	3
