1 124 190 209 240 355 360 423 436 437 491 513 535 682 708 713 770 810 820 855 866 969 1023 1037 1068 1091 
2 17 21 39 57 60 69 80 87 128 207 357 558 837 893 
3 25 28 33 51 83 90 123 143 230 649 798 812 870 
4 6 41 49 186 246 248 252 302 324 422 465 598 607 725 730 756 768 815 915 924 953 971 1032 1069 1081 
5 34 112 137 139 144 148 151 234 343 376 385 459 472 496 509 519 574 579 604 622 623 670 689 715 743 760 791 817 818 830 840 862 893 1033 1034 1051 1065 1078 
6 47 53 95 136 240 242 272 284 295 302 352 356 517 609 628 729 739 806 850 892 944 976 1021 1060 1063 
6 43 113 129 223 249 288 299 328 359 367 368 412 489 511 549 617 646 752 786 793 843 848 866 867 939 964 1004 1012 1031 1048 1066 
7 93 100 106 119 133 157 254 267 387 404 436 525 668 721 812 
8 11 19 20 26 37 45 54 66 91 129 335 357 
9 138 227 244 272 283 361 403 406 443 472 473 482 486 525 531 596 597 652 678 751 760 774 804 822 836 893 894 908 957 994 1014 1081 
10 31 38 115 169 176 351 397 453 471 550 660 695 749 894 
12 92 203 213 232 238 304 311 337 414 418 427 430 524 528 645 665 681 693 719 720 733 802 868 888 905 956 960 1097 
13 48 178 238 258 312 313 353 355 386 398 409 421 439 441 527 562 590 637 641 694 711 721 726 766 777 805 822 1033 1056 
14 36 65 77 99 102 131 171 208 304 336 525 624 752 906 
15 108 200 289 313 321 334 357 421 424 460 502 539 542 571 599 608 629 665 686 691 748 800 829 855 884 891 897 935 950 971 986 993 998 1017 1046 1047 1100 
16 18 47 67 118 155 164 205 257 260 299 314 372 378 398 416 439 502 583 606 632 645 657 674 742 771 774 783 857 1034 1066 1095 
18 89 110 155 239 277 279 283 290 325 335 336 342 360 363 411 432 477 481 499 553 585 643 648 654 657 672 692 712 714 760 801 809 819 846 948 1075 1083 1087 
18 147 148 174 221 237 310 377 419 583 673 740 741 763 814 825 851 916 936 952 962 987 999 1077 1096 
21 24 88 114 134 138 173 220 240 261 271 307 320 355 421 457 483 522 546 583 634 637 683 724 725 778 922 958 963 995 1016 1079 1098 
21 159 165 261 266 304 323 445 485 523 524 526 534 549 582 590 667 723 775 809 850 903 926 941 953 981 1088 
22 50 74 94 97 101 149 187 297 370 453 579 673 728 851 
23 105 159 165 206 227 238 255 302 373 380 392 504 529 545 548 573 601 624 626 640 647 689 704 734 807 822 828 859 877 971 978 1002 1007 1063 
23 53 140 235 289 297 324 326 340 346 390 456 530 558 586 590 602 616 711 736 854 878 908 978 984 987 992 1040 
23 138 181 268 271 303 342 373 408 410 455 568 658 685 708 712 773 795 797 798 810 834 843 856 879 911 920 1008 1015 1030 1033 1038 1053 1058 1071 1083 
27 107 172 216 278 442 474 478 508 532 554 561 596 611 620 660 669 680 699 705 706 
29 32 40 55 63 79 86 277 520 624 642 660 812 1087 
30 145 271 331 386 387 389 438 445 451 480 532 544 550 557 613 650 651 655 690 691 722 748 763 809 833 869 881 898 910 921 993 1009 1035 
35 122 132 251 286 371 400 423 425 429 466 479 486 568 619 638 696 702 749 835 841 
41 62 103 105 152 158 165 182 274 325 338 360 380 404 415 498 555 559 637 690 718 742 764 779 782 796 807 808 813 906 970 1021 1059 
41 139 168 175 218 225 236 252 275 402 449 453 522 589 603 619 657 671 697 762 826 867 899 956 986 987 1001 1013 1014 1018 1055 1066 
42 68 122 161 256 264 299 309 365 420 424 450 458 463 481 493 521 549 642 866 1056 
43 76 84 95 151 232 306 315 317 324 325 413 437 461 487 514 552 560 600 656 686 688 695 735 750 832 895 900 901 938 955 960 983 1043 1048 
43 70 185 188 272 354 426 428 459 471 516 536 574 578 712 803 849 883 899 905 962 980 1045 
44 73 104 146 151 153 198 245 247 266 269 293 300 333 394 477 515 532 615 644 688 727 759 794 867 905 953 1036 1042 1061 
46 261 281 294 336 380 391 455 471 472 522 640 642 675 735 770 786 793 800 816 909 914 943 996 1094 
47 118 141 148 192 193 198 230 280 329 338 348 375 397 436 440 448 454 524 566 568 575 620 716 731 781 798 811 841 847 862 874 894 958 961 973 1008 1020 1056 1092 
52 68 136 168 232 305 319 370 384 399 476 494 495 551 569 581 588 596 635 691 738 744 817 820 831 844 852 861 863 876 960 993 1006 1022 1025 
53 58 72 92 156 159 195 259 297 369 374 520 688 690 716 721 732 755 810 837 843 853 872 918 928 932 968 1048 1083 1089 
56 88 198 211 243 291 295 307 327 350 396 402 433 439 636 659 716 725 728 992 994 
59 64 78 81 85 109 125 135 226 306 351 378 445 763 1081 
61 92 95 130 150 166 184 186 250 301 306 323 432 446 486 510 557 612 633 666 701 710 717 770 774 776 837 899 915 925 942 966 992 1024 1028 1041 
67 211 227 228 230 241 265 295 455 501 514 556 563 577 579 594 604 605 608 614 619 631 661 742 792 799 835 858 873 885 887 927 997 1014 1050 1054 1072 1073 1085 
67 160 186 224 225 253 276 388 397 500 503 557 570 587 623 639 686 695 737 754 778 787 800 821 824 839 858 860 865 886 929 937 962 967 1011 1020 1057 1074 1093 1099 
68 120 127 168 202 216 219 226 252 285 338 393 401 462 464 470 475 505 610 621 665 668 709 767 870 908 913 990 1042 1064 1074 1090 
71 75 96 117 146 175 222 233 308 316 335 407 459 538 543 550 572 576 595 618 653 701 735 741 789 807 841 875 889 904 919 947 975 1000 1029 1074 1086 
82 88 192 197 323 342 383 395 497 502 507 604 753 784 788 827 831 882 949 965 974 985 1034 1044 1070 
98 142 163 180 192 273 283 287 289 322 341 381 402 424 540 625 627 628 664 700 728 748 769 772 862 864 978 986 1006 1063 1076 1084 
103 175 216 282 307 313 332 373 378 379 426 431 468 484 492 564 649 703 757 758 765 802 833 838 858 906 954 972 976 979 988 989 991 1003 1027 
103 122 167 170 199 204 212 277 364 432 444 490 747 778 802 831 850 855 902 912 977 1008 1049 1067 1080 
105 225 226 262 266 345 387 469 481 514 520 547 580 630 640 663 676 679 684 701 745 749 845 851 930 931 934 943 956 1021 1062 1087 
111 146 155 177 179 189 191 215 217 270 296 318 339 358 608 649 673 711 
116 129 136 139 162 182 201 298 344 347 362 404 417 434 452 488 584 593 623 645 687 689 698 707 780 786 793 817 833 890 915 945 958 959 976 1028 
118 121 126 196 229 231 330 366 382 386 398 405 447 467 537 567 574 592 668 677 708 746 761 870 871 907 917 951 1005 1006 1020 1028 1039 
154 210 263 292 349 423 426 437 477 506 518 533 541 565 752 762 785 835 880 896 923 933 940 982 1019 1042 1052 
182 183 194 211 214 351 370 435 512 558 591 620 628 662 741 762 790 820 823 842 943 946 994 1010 1026 1082 
