9 30 33 34 73 106 129 144 146 151 156 177 189 192 193 233 235 237 247 262 290 294 295 300 303 305 314 320 323 331 341 343 354 357 359 361 363 376 390 391 397 398 401 413 414 415 421 422 423 428 430 431 433 435 452 462 463 479 481 497 499 519 529 532 540 549 554 560 566 569 573 579 582 583 587 619 624 632 634 639 641 642 649 656 665 680 686 695 696 699 
6 35 54 64 82 90 99 103 128 135 145 161 183 197 202 208 215 221 250 267 272 274 279 303 306 307 313 315 321 329 345 349 368 370 385 391 408 415 416 425 455 490 494 512 522 528 545 567 577 589 592 595 603 653 658 664 678 683 685 689 692 694 698 
9 11 13 69 83 112 126 157 193 198 265 272 286 290 299 302 303 305 307 325 357 362 378 388 391 397 407 413 442 451 458 476 480 486 494 495 505 512 515 545 573 578 579 597 616 620 628 637 649 652 671 675 678 683 
13 21 25 32 41 52 82 89 104 108 124 127 131 132 134 154 155 166 174 179 180 182 183 188 206 227 253 256 264 274 277 279 303 306 314 315 323 324 345 365 368 370 371 374 382 386 391 395 396 401 416 419 426 436 437 444 451 453 468 472 474 478 486 492 498 514 520 521 533 536 549 552 554 557 570 577 582 588 589 591 593 595 598 610 635 657 665 673 677 678 685 691 693 
35 64 71 73 88 90 103 118 121 128 135 145 164 171 208 241 294 303 315 321 341 360 385 392 408 415 428 435 455 462 464 467 488 489 528 532 545 566 573 582 607 619 624 632 634 646 653 658 664 665 
18 29 36 49 65 66 67 79 81 83 86 140 154 159 160 173 178 184 185 186 187 191 200 201 202 220 223 224 230 257 258 263 273 274 275 282 284 286 291 293 295 296 298 299 320 323 332 343 346 351 353 357 369 377 378 379 388 398 400 402 406 412 418 421 422 440 445 447 448 455 460 468 471 473 477 480 484 511 516 518 519 535 544 571 582 611 625 636 641 649 650 651 656 659 668 671 672 676 682 683 684 687 691 699 700 
1 3 5 12 18 19 27 30 33 37 38 45 46 50 56 65 66 67 84 87 88 92 95 109 114 115 119 121 123 124 136 149 151 152 159 167 171 177 180 189 193 195 199 202 212 214 216 222 226 231 235 241 243 246 247 249 253 255 256 260 265 266 269 271 285 287 289 290 298 299 300 301 302 312 318 319 320 331 339 346 348 351 353 354 355 356 359 361 363 364 375 376 377 378 379 380 389 390 392 394 397 398 400 401 405 410 411 414 415 421 422 425 426 430 431 432 438 440 449 450 452 460 463 465 467 470 472 479 481 482 483 486 498 499 503 505 509 510 513 514 516 518 521 523 525 526 531 542 543 544 551 552 556 560 561 566 569 571 572 573 575 580 586 601 604 613 615 616 620 621 622 623 625 630 631 633 640 641 643 646 648 649 651 652 654 657 665 666 667 671 672 674 675 676 677 679 680 685 688 689 690 693 698 699 
6 15 16 27 40 49 60 61 70 93 104 112 116 122 140 153 176 191 196 201 209 214 219 224 230 238 249 251 257 291 293 298 301 318 323 324 332 335 337 339 341 353 364 372 373 376 378 389 414 417 418 421 424 427 429 438 449 451 459 465 468 479 480 491 497 517 524 525 537 546 552 554 559 563 582 586 592 605 611 626 632 633 637 644 645 648 652 658 661 672 675 679 682 684 692 697 700 
40 60 81 89 104 131 137 140 153 171 174 187 196 199 202 206 224 227 257 264 269 270 275 282 303 323 324 332 353 356 362 373 402 406 414 418 421 422 424 427 430 445 447 455 459 477 483 484 492 521 524 531 533 546 554 564 571 572 582 588 592 593 596 607 612 630 644 645 657 659 670 671 672 673 675 682 684 691 699 700 
13 38 69 75 79 84 102 112 136 157 160 162 163 185 190 212 216 218 221 222 233 253 258 266 275 289 292 293 294 299 316 323 325 345 357 360 362 368 378 388 404 406 412 418 421 425 444 445 448 451 458 460 464 472 477 480 482 493 498 507 514 516 519 539 548 556 576 578 581 587 590 594 597 604 605 607 611 617 643 647 649 650 653 659 661 663 665 671 675 682 684 690 691 697 699 
36 48 70 81 83 99 148 150 158 164 173 174 185 187 200 213 218 236 244 245 279 286 288 292 295 296 306 311 332 353 378 399 401 412 448 471 473 480 484 491 501 512 521 524 526 538 540 546 553 559 581 587 592 600 610 617 623 639 649 651 653 662 671 683 687 689 694 
25 32 39 41 79 81 114 120 124 142 143 148 150 158 164 180 183 185 189 195 213 218 226 229 230 235 236 239 244 245 256 263 283 288 292 295 296 306 312 333 336 339 340 343 353 354 357 365 382 383 384 391 416 419 422 450 463 466 469 480 501 509 512 517 523 524 526 536 540 553 555 566 577 580 581 590 595 602 610 612 615 618 629 638 639 640 642 643 650 657 660 662 667 668 670 677 678 680 687 688 689 
9 29 30 33 34 49 71 83 89 102 123 129 131 149 151 160 174 177 189 192 198 200 201 206 223 224 227 233 235 247 257 258 262 264 273 275 278 286 293 300 301 305 320 321 324 331 336 346 348 353 354 359 361 363 368 384 390 397 398 400 402 406 412 413 414 415 418 421 422 423 430 431 433 445 452 463 464 468 477 479 481 484 487 492 497 499 504 511 516 519 531 533 559 560 569 571 573 579 581 588 590 593 602 603 608 611 627 639 642 649 650 659 660 666 667 670 672 673 680 682 684 691 696 699 700 
19 28 43 44 57 74 81 83 85 87 93 96 101 110 111 116 121 130 152 167 171 173 174 187 194 196 199 200 204 209 214 219 231 234 245 248 249 251 252 253 261 271 285 286 287 295 296 297 298 302 304 311 318 326 332 335 337 338 340 360 364 367 372 375 379 386 389 392 399 403 417 422 429 434 443 448 451 471 473 480 483 485 503 508 510 524 525 538 539 542 551 559 563 566 570 572 573 575 583 604 610 616 617 621 622 623 626 633 637 646 648 661 671 683 687 691 692 694 695 697 
14 19 43 74 87 93 96 111 116 162 167 197 204 209 214 219 234 253 271 276 285 287 302 304 311 335 356 364 379 389 396 438 448 471 510 518 524 525 546 547 570 610 616 617 621 622 623 633 639 648 652 685 
16 17 22 30 38 39 59 80 97 114 117 129 139 141 144 205 226 236 253 254 256 266 278 285 297 304 308 312 327 334 336 344 353 354 357 360 396 425 437 449 450 468 469 484 487 504 510 511 517 531 537 540 550 570 580 606 607 608 611 613 615 620 625 627 640 643 651 656 657 667 677 687 
3 8 12 41 62 77 91 95 98 135 149 155 168 169 204 207 210 215 217 225 228 239 253 255 265 278 288 304 307 309 321 322 339 342 351 352 358 362 404 446 447 453 456 461 482 489 516 518 521 522 523 548 559 567 572 574 576 583 598 603 605 612 616 629 640 643 656 669 698 
32 50 54 68 70 79 86 94 106 107 110 119 142 148 150 154 161 170 178 180 184 186 202 208 220 221 239 256 279 280 284 294 310 340 344 347 348 350 355 365 366 369 370 378 380 394 401 405 411 419 425 444 445 468 470 486 496 509 510 513 527 535 543 553 555 562 566 580 587 595 607 609 611 617 620 641 642 652 655 677 686 690 
35 46 54 57 64 71 73 90 103 118 128 137 144 146 157 164 171 208 228 232 237 243 272 290 294 297 299 303 315 341 342 345 357 368 376 385 389 392 408 413 428 435 455 462 464 467 473 514 524 528 529 532 540 545 554 562 566 573 576 577 589 593 594 603 619 624 632 634 635 636 664 665 683 685 686 695 
15 16 27 42 61 79 102 105 115 120 123 161 165 191 192 209 212 223 230 238 243 249 251 263 272 278 287 291 292 295 300 332 333 335 337 339 340 343 365 380 383 384 422 429 434 449 450 452 468 472 480 512 525 537 563 572 580 586 590 597 600 602 605 610 612 626 639 640 652 654 656 660 661 670 677 679 680 688 689 692 697 698 
22 38 63 78 80 84 109 136 139 141 142 143 180 181 182 195 198 205 212 216 222 239 240 241 266 268 281 283 289 292 308 323 331 344 345 396 416 425 437 439 442 444 460 472 487 495 498 505 513 514 526 527 530 534 556 570 591 601 605 606 607 612 614 618 629 630 638 649 661 671 
2 42 48 55 84 86 89 107 109 116 123 131 144 161 165 167 168 169 170 171 174 178 181 192 195 198 203 206 221 223 226 227 238 246 250 263 264 272 281 283 284 288 309 317 322 324 328 333 338 340 343 350 358 360 369 383 384 404 411 417 418 444 468 475 482 484 485 492 502 512 513 514 521 529 531 533 535 548 549 550 554 566 583 585 588 590 592 593 595 600 605 607 610 612 614 618 619 621 629 638 641 642 643 647 650 653 657 660 668 670 673 674 675 681 688 690 691 694 697 
3 5 12 18 27 30 33 37 39 45 46 50 63 65 66 67 88 92 95 102 105 108 110 115 121 131 140 152 159 166 167 180 182 199 201 204 209 224 231 241 246 247 249 258 260 265 269 270 271 290 293 297 298 300 314 316 320 335 346 348 351 356 371 374 375 377 390 392 397 400 401 402 405 406 414 418 420 422 424 426 430 440 444 445 466 469 472 477 478 481 483 484 492 498 499 503 505 510 516 517 518 520 521 534 539 542 544 551 552 557 561 566 572 573 575 583 588 590 593 600 601 604 607 612 615 621 625 630 632 633 635 639 642 646 650 651 654 657 659 666 667 672 673 674 676 677 678 680 682 684 689 693 696 699 700 
2 21 27 37 46 47 54 58 93 125 138 173 189 193 202 232 238 243 246 260 295 308 321 331 339 390 397 415 417 424 426 441 452 459 465 473 499 529 536 549 552 564 582 584 592 594 600 603 636 642 644 645 654 666 680 693 696 699 
63 80 90 97 99 103 119 128 137 139 141 145 195 198 202 205 208 246 272 297 298 305 308 334 344 345 367 385 389 394 396 404 408 437 439 445 455 470 485 505 509 511 513 528 530 533 543 545 549 550 552 571 603 606 607 620 653 654 656 657 664 683 685 690 
24 26 31 37 46 50 72 91 94 101 106 110 115 143 156 171 197 202 212 242 246 254 260 269 280 282 294 305 310 332 334 348 355 366 380 381 405 409 417 420 422 425 426 432 438 441 443 451 452 460 464 470 475 476 493 496 498 506 509 526 527 540 541 543 551 552 555 556 562 563 565 571 587 600 607 609 610 634 635 654 660 693 
23 25 44 74 80 96 105 111 120 121 139 147 149 162 167 192 193 204 216 228 234 253 261 272 285 298 304 351 367 370 375 384 386 387 397 415 429 443 486 501 516 523 542 550 560 564 570 572 576 584 613 615 616 626 631 639 643 663 670 672 676 679 691 
4 35 44 52 54 57 62 63 64 69 73 75 79 80 90 95 96 97 101 108 111 112 127 130 132 134 139 142 143 149 157 162 165 166 167 172 179 188 190 193 205 208 209 221 231 234 251 253 259 269 272 273 277 285 291 293 294 297 298 299 304 308 313 314 318 321 332 334 335 337 338 344 345 347 350 357 358 360 367 374 384 385 386 388 390 393 395 396 399 404 408 410 411 415 416 417 429 434 437 443 444 447 451 454 455 458 459 465 466 470 472 474 478 488 489 490 495 505 507 509 513 514 520 528 530 531 532 534 539 543 545 547 549 550 552 557 558 563 568 570 572 576 578 586 591 596 597 606 607 614 616 618 620 624 626 628 635 637 656 658 661 664 674 679 681 691 692 697 698 
15 16 31 48 54 56 61 68 72 76 86 91 107 110 111 112 125 133 136 144 149 154 161 170 177 178 180 184 186 195 204 209 212 220 221 228 234 239 260 261 272 279 280 284 301 304 342 347 348 350 355 360 361 369 372 380 381 386 393 407 409 420 432 435 438 449 452 460 468 484 486 493 497 506 510 535 537 541 549 554 562 565 567 570 571 572 576 580 584 595 597 600 603 611 631 632 641 651 655 658 660 694 
6 15 16 40 45 49 60 61 65 66 67 92 104 105 140 142 153 159 160 163 191 196 200 201 202 223 230 263 272 291 294 299 301 305 319 320 323 327 332 335 339 342 343 346 351 373 377 378 400 402 414 417 421 424 427 434 440 449 450 459 473 480 497 510 515 517 518 537 544 546 554 561 571 580 582 586 597 611 625 644 645 649 650 651 658 665 671 675 676 678 679 682 689 690 699 
69 72 76 91 94 106 112 115 123 129 136 151 157 162 163 195 197 203 233 235 238 254 258 262 281 282 291 294 299 317 328 334 348 354 355 357 361 363 366 380 381 388 391 398 405 409 412 413 415 420 423 431 432 433 438 441 444 458 463 469 475 476 479 493 496 502 506 514 519 526 527 531 541 543 555 560 562 565 569 576 579 585 587 600 609 614 629 638 640 642 647 653 658 667 668 670 675 681 686 688 690 691 694 
11 17 22 26 30 39 46 51 52 59 71 73 82 91 100 105 108 109 113 117 118 126 127 130 132 134 139 141 144 145 146 163 164 166 170 175 182 188 193 198 208 210 227 228 231 237 239 241 243 249 259 263 266 267 276 277 278 290 291 301 303 305 310 314 315 316 322 325 327 330 336 342 344 345 350 352 358 368 371 374 391 394 395 407 413 428 435 436 437 444 446 456 457 462 465 466 467 469 474 478 480 482 484 487 497 500 504 511 515 520 522 531 532 533 540 548 549 550 554 557 564 570 572 573 574 576 582 584 590 591 592 593 597 598 605 607 608 610 613 616 619 620 624 625 627 628 632 634 635 637 649 650 652 653 665 678 686 695 697 
30 33 49 52 57 78 106 108 110 127 132 134 137 139 143 166 167 171 177 181 188 189 231 239 240 247 251 253 263 268 269 271 277 283 291 300 313 314 318 321 323 331 335 337 348 365 368 369 371 375 390 392 395 397 400 410 414 417 422 429 430 432 434 436 439 441 442 443 444 452 459 465 466 472 474 478 481 483 495 499 503 506 520 526 530 534 542 549 551 557 563 568 572 576 586 591 601 610 612 614 618 626 630 635 638 639 642 646 650 652 656 658 661 666 674 680 688 690 692 696 697 699 
8 12 39 42 62 71 75 77 95 98 115 123 165 168 169 179 182 192 201 207 213 215 217 221 223 224 225 243 250 251 253 255 257 258 263 265 270 272 273 275 278 281 288 293 309 315 321 323 333 340 343 347 349 358 360 362 383 384 393 403 404 406 415 418 421 446 447 453 461 468 472 477 490 494 507 510 512 520 521 522 525 539 547 558 559 566 567 574 576 578 582 590 596 598 602 607 610 612 623 632 639 643 656 660 669 670 682 684 692 694 698 700 
7 20 28 31 52 55 63 68 75 84 95 108 126 127 132 134 135 162 166 168 172 179 182 188 190 193 203 213 221 248 252 270 273 277 281 298 311 314 317 326 328 336 338 344 347 356 360 371 372 374 393 395 401 403 404 410 411 414 415 429 436 442 443 444 448 454 464 466 472 474 478 482 485 488 489 498 502 507 508 510 514 520 530 534 536 539 547 549 550 551 557 558 568 574 578 583 585 591 596 597 602 604 606 614 619 622 623 626 629 630 635 646 647 651 655 656 668 674 681 690 691 
6 11 41 63 71 73 78 88 102 118 121 123 126 142 143 144 146 152 164 180 181 193 198 229 237 239 240 241 248 252 256 265 268 283 290 305 310 312 319 325 329 341 356 372 391 392 397 401 407 413 428 435 439 442 459 462 463 467 468 482 483 486 488 492 495 505 508 513 515 517 523 524 527 530 531 532 534 537 542 551 573 574 580 582 597 601 604 612 615 616 618 619 624 628 632 634 637 638 640 641 643 646 649 653 665 667 677 678 684 686 688 690 695 696 698 
14 28 62 85 95 105 110 121 126 193 194 208 215 217 236 241 248 252 280 294 296 311 326 338 344 347 356 372 400 403 411 413 417 432 446 448 451 464 471 485 488 495 496 508 510 527 544 555 559 578 583 587 598 607 610 616 622 623 624 628 637 651 678 687 
3 39 42 51 63 70 78 99 100 105 109 113 115 119 123 130 143 145 148 150 158 159 166 175 176 181 182 185 192 195 213 218 219 223 230 236 239 240 244 263 267 268 276 277 279 283 292 295 319 323 330 333 340 343 353 369 371 383 384 394 399 401 425 433 436 439 440 442 444 445 457 463 466 468 470 472 484 491 495 500 501 506 509 510 512 513 520 524 525 526 530 534 540 543 553 557 566 580 581 590 591 595 601 602 610 612 614 618 620 621 635 638 639 641 650 653 660 662 670 676 687 690 698 
14 19 35 42 43 87 93 99 103 115 116 145 185 197 214 219 250 263 267 271 274 276 287 302 307 313 329 340 345 349 356 364 368 379 389 425 430 453 475 490 494 510 525 545 592 597 610 621 622 623 633 638 648 652 665 674 678 685 689 694 700 
26 33 53 108 115 119 120 122 124 126 129 133 137 142 147 162 163 176 177 180 189 198 202 205 211 223 226 228 230 233 238 243 247 259 282 300 305 315 319 344 345 348 353 355 362 376 378 385 387 391 394 397 401 407 408 411 413 430 433 437 444 452 453 455 465 470 473 478 484 499 505 509 513 521 528 543 564 566 571 576 584 599 603 613 618 620 628 631 637 642 645 652 663 664 666 690 696 697 699 
51 63 100 109 113 130 145 175 198 267 276 330 404 457 484 500 505 531 532 550 596 690 
2 15 23 36 44 49 53 61 69 70 74 79 81 83 86 96 107 110 111 112 122 133 139 147 149 154 157 160 163 165 170 173 176 177 178 180 186 187 191 200 201 204 210 211 216 220 228 234 238 239 243 245 247 249 256 257 258 259 261 270 275 278 284 285 286 291 293 294 296 298 299 301 304 316 322 325 342 350 352 356 357 360 362 367 370 372 376 378 386 387 388 402 406 412 421 429 435 438 445 448 449 456 458 470 471 473 477 479 482 484 486 497 499 516 521 531 533 535 537 538 548 554 560 564 570 571 576 580 584 587 592 599 605 611 613 616 617 629 631 637 639 641 649 650 655 658 663 671 672 676 679 682 683 684 687 691 694 700 
39 41 49 79 114 125 129 142 151 195 226 229 233 235 256 262 279 280 290 301 312 325 339 344 353 354 355 359 361 363 365 367 386 394 395 412 416 424 427 431 433 444 450 463 479 513 517 519 523 527 529 536 543 548 550 555 560 566 569 573 579 580 589 595 596 602 612 615 639 640 643 657 659 663 666 667 668 676 677 678 680 688 690 
