1 5 518 651 400 18 159 544 676 45 561 440 320 65 66 67 346 92 351 241 625 377 
514 451 388 325 357 69 458 299 112 597 157 
549 314 108 466 474 188 478 127 
353 513 355 394 202 620 142 124 690 470 119 344 378 348 509 543 
608 611 327 487 39 425 336 17 627 117 469 22 504 278 59 511 
99 197 6 329 490 494 592 689 48 307 694 313 250 315 349 415 
384 512 263 660 670 42 698 192 323 333 590 468 340 343 602 223 610 102 115 123 383 
321 2 645 232 138 47 529 594 243 339 21 54 58 603 636 
289 38 136 649 266 460 556 498 212 216 222 
96 386 162 261 486 616 234 74 204 44 111 304 209 149 23 253 570 285 
647 531 281 411 668 168 681 691 566 55 317 328 585 203 84 472 475 614 629 502 
352 322 482 548 456 650 239 210 342 316 605 
132 134 166 520 395 557 591 371 52 277 374 436 182 635 444 
129 262 519 398 151 667 412 34 423 431 560 433 569 579 463 479 354 359 361 233 235 363 
541 420 72 76 493 432 562 565 438 600 409 506 91 380 381 
641 161 68 154 170 107 655 369 178 220 184 86 535 56 186 284 125 350 
3 653 526 399 148 150 662 540 158 292 553 185 581 70 213 218 491 236 244 501 
646 392 652 12 269 152 542 551 167 572 573 575 199 88 604 483 356 503 249 231 105 630 375 121 
8 522 669 288 169 559 309 567 574 447 576 62 446 461 77 207 598 215 217 225 98 358 255 
527 405 280 24 26 282 156 31 294 555 50 310 441 587 476 94 609 106 366 110 496 242 254 
4 661 417 165 429 434 563 692 697 57 443 318 586 335 465 337 101 626 251 
612 618 268 78 495 240 143 530 181 534 439 601 442 283 638 319 
7 135 393 273 20 410 539 547 172 558 179 568 190 578 454 75 596 347 221 95 360 489 488 507 
546 196 644 40 104 424 459 140 427 332 373 153 60 
642 390 397 666 414 30 33 680 300 430 177 696 699 189 452 331 481 499 247 639 
97 550 297 139 396 141 334 205 80 657 656 367 308 404 437 345 606 607 
193 194 485 326 583 28 14 464 338 403 252 85 372 311 248 508 510 
448 480 36 295 200 296 617 683 173 687 81 83 245 471 538 187 286 671 
389 648 524 525 271 19 287 43 302 214 87 219 93 364 621 622 623 116 633 379 
673 227 675 131 324 264 554 588 492 206 174 593 533 89 
674 260 37 422 552 265 9 426 521 46 654 180 693 246 27 
416 419 274 370 306 536 25 155 382 
144 146 532 665 164 428 686 303 435 695 71 73 462 467 341 619 237 624 118 632 634 
449 291 163 230 679 298 301 238 15 16 497 49 537 61 191 
64 385 545 35 171 208 658 408 
130 484 100 457 330 267 109 175 145 113 51 500 276 
387 133 631 362 176 211 53 599 376 122 
290 515 637 198 391 11 305 628 407 505 413 126 63 
256 640 643 517 10 523 677 41 688 312 450 195 580 79 226 229 615 365 114 
259 228 613 584 147 564 663 120 473 
32 577 453 678 13 589 368 401 82 595 279 183 
257 258 516 270 402 275 659 406 29 160 672 418 293 421 682 684 571 700 445 582 201 477 224 
128 455 103 137 685 528 272 664 90 
