49 63 73 90 187 210 255 277 326 337 339 341 342 397 409 414 465 486 512 543 575 580 587 593 
15 17 31 32 38 49 55 59 62 66 75 103 105 108 123 158 162 177 204 214 233 249 251 257 265 267 286 294 308 311 320 380 411 416 419 436 460 462 466 475 537 541 544 546 555 559 562 566 571 577 589 601 602 609 631 636 638 643 653 666 682 687 693 
27 37 39 47 74 75 102 109 119 134 138 159 196 205 211 221 228 251 311 313 325 333 348 361 365 370 371 380 392 411 418 423 436 449 458 466 470 472 495 498 508 555 557 560 572 579 604 609 613 620 629 675 683 
8 41 58 95 100 111 114 120 124 125 130 153 167 170 173 179 189 209 245 247 259 263 270 280 283 289 290 306 307 315 328 349 362 381 398 406 411 418 424 433 436 437 438 440 443 448 457 462 464 472 474 478 484 509 515 528 540 553 567 569 576 606 608 610 616 626 635 641 656 662 686 691 
40 127 135 144 167 193 218 223 250 264 307 334 345 352 378 406 407 408 413 433 470 491 513 520 524 526 548 549 551 572 597 619 628 638 642 648 
11 14 34 47 57 59 64 70 75 89 98 99 100 101 115 131 132 141 143 144 156 166 174 188 190 191 198 209 213 219 225 264 266 268 272 279 287 295 296 299 305 312 314 318 329 332 344 351 357 367 370 372 377 379 382 384 388 389 390 393 396 400 404 414 421 429 431 438 442 465 469 476 477 479 489 494 501 503 513 524 525 531 538 547 561 562 568 573 574 575 593 598 611 616 622 626 627 628 630 643 650 657 658 665 666 671 672 685 700 
14 34 47 57 59 64 70 75 81 89 94 98 99 100 101 108 113 115 131 132 143 147 156 164 166 173 188 190 198 199 208 209 213 219 220 225 266 268 272 279 287 295 296 299 305 310 312 314 318 324 329 332 337 344 351 353 357 367 370 372 377 379 382 384 389 390 396 400 404 414 421 427 429 431 435 447 463 465 476 479 489 494 499 501 503 514 522 524 525 534 538 546 547 550 558 561 563 568 573 574 577 582 584 593 598 599 602 611 622 627 628 630 636 643 657 658 665 666 672 680 681 685 700 
16 20 21 23 24 40 53 78 84 93 102 104 122 126 127 135 136 144 157 183 192 193 206 223 234 242 250 258 273 274 275 282 292 297 302 306 307 311 327 334 343 345 352 366 373 378 387 389 406 413 418 423 433 441 444 446 450 456 461 466 468 471 476 482 487 490 491 504 506 513 516 528 539 542 548 549 550 551 566 578 588 589 591 603 617 624 628 634 642 649 653 654 695 696 
22 35 36 45 50 56 76 79 85 87 92 94 97 102 103 109 113 117 119 121 122 129 133 134 136 139 149 150 152 154 159 164 178 184 196 199 205 218 221 222 227 228 231 238 241 248 251 252 275 288 299 303 309 313 317 322 323 329 339 340 343 346 348 350 354 357 358 361 364 375 376 379 380 383 389 392 395 401 403 407 415 420 444 445 449 451 452 453 454 459 461 467 478 482 483 495 498 499 505 513 518 523 527 534 542 545 548 550 559 560 561 570 572 574 578 580 581 588 597 605 613 614 618 620 623 639 640 645 648 649 651 652 655 660 661 666 672 677 681 682 684 686 688 692 695 
24 54 61 69 77 78 93 126 157 163 168 172 181 192 195 197 229 242 258 274 278 281 292 296 297 298 300 306 322 327 333 350 359 366 368 369 383 417 429 432 439 446 450 453 473 506 516 519 526 528 532 533 539 601 610 655 663 667 673 678 687 
54 61 69 77 115 132 163 168 172 181 188 195 197 198 229 241 278 281 298 300 329 333 346 351 359 368 369 429 439 519 526 528 532 533 601 655 658 663 667 673 678 698 
9 20 65 80 87 97 110 112 122 129 132 136 139 152 154 160 164 178 201 203 227 229 231 238 241 252 262 275 282 288 303 310 311 313 322 323 330 335 336 338 340 354 357 358 362 364 373 374 379 380 386 387 392 395 403 428 432 441 444 451 453 454 456 459 461 466 478 481 483 484 496 498 499 505 514 518 522 523 527 532 534 535 536 542 545 548 556 558 562 566 578 580 581 584 588 596 597 601 614 623 624 634 639 640 648 649 651 652 653 660 666 677 684 688 695 
25 28 40 44 46 53 59 67 76 81 87 90 94 96 99 101 103 106 115 127 133 135 137 141 143 144 147 150 151 164 167 174 178 180 188 190 191 193 198 199 209 210 218 220 236 237 238 240 250 251 255 260 264 272 273 277 279 293 296 299 307 309 311 312 313 314 318 319 323 324 326 334 337 339 340 345 351 352 357 369 375 377 378 380 388 393 396 397 400 404 406 408 409 413 414 415 431 433 435 442 444 448 461 463 469 486 487 491 494 499 501 503 512 513 518 523 524 525 526 527 543 547 549 551 558 559 564 568 570 573 577 580 587 589 593 597 598 606 616 617 618 622 627 628 639 640 642 647 652 658 664 665 672 677 681 685 689 693 
4 28 38 51 56 58 72 74 111 114 125 126 130 142 167 173 201 202 206 209 216 226 229 245 246 265 266 280 283 284 285 310 315 328 347 349 362 363 371 381 387 390 410 411 417 422 424 426 428 447 448 455 464 468 472 479 484 489 497 511 520 530 540 552 553 565 567 572 582 585 596 599 607 610 619 621 626 632 634 642 643 646 656 659 662 671 694 699 
2 6 19 26 40 42 44 46 60 67 81 96 106 113 116 133 137 140 141 147 148 151 157 180 220 235 236 237 240 248 251 260 264 269 293 311 314 318 319 321 324 334 337 341 350 355 379 380 388 393 408 432 435 442 463 469 478 480 499 529 554 558 564 575 577 588 590 593 596 600 606 608 610 613 628 647 664 665 669 677 680 681 682 689 697 
30 36 46 67 72 79 83 85 96 106 110 113 117 121 123 133 137 141 149 151 165 180 184 213 220 226 231 237 240 251 260 264 270 287 288 293 303 311 314 317 318 324 337 346 347 350 354 369 376 383 388 389 393 403 408 420 427 435 440 452 453 463 467 476 486 488 523 550 558 577 584 590 593 599 605 613 614 618 619 623 625 636 647 655 660 661 664 665 666 672 681 684 686 689 692 
10 17 30 31 32 34 35 36 45 49 50 55 56 62 66 67 70 72 76 79 83 85 87 92 94 96 97 103 105 106 108 110 113 117 121 122 123 129 131 136 139 141 149 150 152 154 158 162 164 165 166 171 177 178 184 199 204 206 214 218 219 225 226 227 231 233 237 238 240 248 249 252 257 260 264 265 266 267 268 270 272 275 283 286 288 293 295 303 305 308 309 311 313 314 317 320 322 323 324 328 329 337 339 340 344 350 354 357 358 364 368 370 372 375 376 383 388 389 392 395 401 403 407 414 415 416 420 421 434 440 444 445 451 452 453 454 459 461 465 467 476 478 479 482 483 488 494 498 499 505 513 518 523 527 534 535 537 538 542 543 545 546 548 550 555 556 558 559 561 570 571 574 577 578 580 584 588 589 590 602 605 614 618 623 625 630 631 636 638 639 640 643 645 647 648 649 651 652 653 655 657 660 661 664 665 666 672 677 680 681 682 684 686 687 688 689 692 693 695 700 
9 57 70 76 88 89 98 108 112 120 124 127 128 137 140 142 153 155 165 166 170 173 176 179 182 185 191 209 212 225 226 230 232 245 246 253 254 256 258 261 266 268 287 291 295 304 305 344 347 356 357 367 370 372 379 384 387 390 399 404 410 419 421 427 436 441 455 462 465 474 476 478 479 489 494 497 499 503 509 511 520 521 524 530 544 547 562 564 569 574 583 586 587 595 607 608 615 619 621 625 630 633 634 635 636 641 642 643 646 655 657 661 666 668 672 694 700 
29 35 36 39 45 47 50 54 56 74 97 102 107 119 122 125 129 134 136 137 142 152 154 165 168 172 173 176 181 185 191 192 195 196 197 205 206 209 211 212 221 226 227 230 232 241 242 246 275 278 280 285 291 300 301 304 325 331 333 345 346 347 348 349 358 359 361 364 368 369 370 371 376 380 385 390 391 395 399 407 410 418 419 422 426 427 429 437 439 444 445 454 455 456 458 459 461 472 482 483 495 497 498 500 505 506 508 519 520 521 526 530 532 533 542 545 548 552 556 557 561 565 572 578 579 585 591 594 601 604 607 609 610 613 615 619 620 621 625 632 633 645 646 648 649 651 659 663 667 668 670 673 675 678 684 688 694 695 696 699 
3 12 15 24 33 38 39 47 48 51 52 54 56 61 69 74 75 77 89 91 98 102 114 119 125 130 131 138 145 154 159 163 165 167 168 169 172 173 174 175 181 183 191 195 197 200 202 205 211 215 216 219 221 224 225 226 229 232 241 243 244 258 268 271 276 278 279 281 285 298 300 304 305 307 309 316 325 328 329 333 336 342 346 347 348 349 358 359 360 361 362 363 365 371 372 380 381 391 392 394 410 411 412 417 418 421 424 425 426 429 439 448 455 458 464 465 466 467 472 473 475 476 479 489 494 495 497 499 500 507 508 510 514 516 519 520 521 524 526 528 530 531 532 533 537 538 540 549 553 555 557 562 565 567 574 579 603 604 609 610 611 613 619 620 625 626 629 634 637 642 643 654 656 657 662 663 666 667 671 672 673 674 675 678 679 683 694 698 699 
9 30 31 32 34 35 36 45 46 49 50 55 66 81 85 96 97 105 108 119 122 123 129 136 141 151 152 154 158 162 177 180 196 204 205 206 214 222 227 249 257 265 267 275 283 286 294 308 313 320 321 324 348 358 364 376 378 392 395 401 407 408 411 416 418 419 435 444 445 456 459 460 461 482 483 488 505 526 537 538 541 542 545 546 548 556 559 561 571 578 579 588 589 594 602 603 604 631 636 638 645 648 649 651 653 670 684 687 688 693 695 
1 9 13 43 71 82 86 96 106 109 118 120 137 143 146 155 161 176 177 184 189 194 207 223 230 233 239 247 270 271 289 294 301 319 337 365 384 398 406 422 425 430 434 436 440 457 460 463 475 481 485 492 509 515 521 537 541 551 564 576 579 582 594 599 604 606 608 629 635 641 667 670 687 691 698 
5 7 18 33 57 63 64 65 68 70 73 80 89 90 95 98 100 111 128 131 132 140 155 156 160 173 175 176 177 182 186 187 191 194 203 208 210 213 217 219 223 225 230 231 246 253 254 255 256 261 262 266 268 271 277 282 285 287 291 294 295 301 304 305 309 310 311 326 330 332 336 338 339 341 344 353 356 357 362 367 370 372 374 379 381 382 384 385 386 387 390 397 401 404 409 410 414 419 421 426 427 428 434 436 441 446 447 458 463 465 468 476 477 479 486 489 494 496 499 500 503 511 512 514 515 522 524 537 538 543 544 546 547 562 563 566 569 574 575 580 581 582 583 585 586 587 594 595 597 598 599 601 607 615 617 620 624 626 629 630 632 633 634 641 643 644 650 655 657 659 666 668 671 672 680 681 694 698 699 700 
27 37 39 47 54 61 69 74 75 77 102 109 119 132 134 138 154 159 163 168 172 181 195 196 197 198 205 211 221 228 241 244 251 278 281 298 300 304 311 313 325 333 346 348 349 358 359 361 365 368 369 380 383 392 411 418 423 425 429 434 436 439 449 453 458 466 470 472 475 495 498 500 508 519 526 528 532 533 545 555 557 571 572 578 579 590 604 609 610 611 613 620 627 648 653 654 657 663 667 668 673 675 678 683 687 688 696 
23 24 53 77 84 104 160 171 183 195 220 222 228 234 238 239 273 284 302 310 331 343 362 373 402 405 417 423 432 447 456 468 470 471 473 476 483 487 490 493 495 502 504 516 517 535 540 552 560 583 591 592 603 612 617 624 654 676 690 696 
