41 60 66 135 156 172 193 314 407 584 645 680 739 851 881 973 1120 1145 1153 1276 1395 1506 1630 1667 
26 58 59 77 142 152 165 182 268 296 301 322 380 420 492 499 544 606 702 768 796 834 890 951 1109 1168 1187 1199 1225 1255 1257 1258 1283 1340 1437 1453 1474 1490 1497 1554 1561 1584 1590 1643 
42 45 235 257 318 396 445 462 651 660 693 748 806 857 1028 1129 1277 1323 1367 1577 1609 1641 
127 148 216 246 449 521 532 554 578 608 646 652 734 762 804 821 992 994 1015 1018 1070 1105 1152 1167 1235 1258 1306 1354 1360 1371 1399 1429 1432 
138 203 321 352 353 370 404 480 529 538 581 624 676 700 713 774 881 932 1057 1076 1078 1088 1126 1127 1148 1159 1214 1216 1227 1288 1292 1293 1311 1331 1346 1356 1371 1424 1451 1560 1572 1676 
100 110 368 375 469 540 563 612 643 669 761 773 801 1175 1478 1479 1591 1595 1619 1685 
33 43 125 213 263 317 340 360 383 415 486 530 605 635 639 674 822 844 896 899 915 1030 1031 1054 1083 1183 1265 1293 1326 1418 1535 1560 
44 73 167 195 229 235 278 286 295 297 304 343 500 514 566 600 629 633 643 653 657 689 698 728 730 732 848 906 929 994 1024 1033 1038 1047 1149 1180 1192 1195 1221 1238 1281 1374 1538 1553 1670 
69 97 98 105 146 214 297 364 370 390 404 451 453 581 601 624 625 681 685 691 700 702 711 736 746 925 932 973 991 1034 1041 1060 1076 1078 1087 1088 1091 1123 1126 1127 1154 1159 1161 1165 1214 1216 1223 1288 1292 1293 1311 1321 1334 1346 1407 1424 1486 1497 1506 1530 1537 1546 1574 1599 1649 1653 1667 1693 
90 136 151 182 269 310 314 525 543 586 785 858 871 967 987 1176 1202 1228 1306 1322 1367 1400 1419 1699 
90 136 151 182 269 310 314 525 543 586 785 858 871 967 987 1176 1202 1228 1306 1322 1367 1400 1419 1515 1624 1699 
15 28 43 154 199 213 263 270 272 283 317 340 360 415 437 453 486 517 528 530 582 605 632 635 639 674 742 800 835 844 864 896 915 930 987 996 1030 1031 1039 1066 1083 1086 1116 1183 1237 1259 1265 1281 1285 1293 1418 1432 1510 1560 1569 1620 1627 1648 
137 212 247 248 276 396 399 457 505 587 631 633 669 697 763 770 851 911 920 959 1016 1084 1110 1153 1161 1164 1171 1199 1276 1298 1318 1348 1387 1534 1535 1537 1542 1598 1685 1693 
17 51 192 210 218 229 257 278 327 396 445 496 600 629 633 651 653 662 698 728 730 748 906 983 1024 1028 1033 1038 1047 1129 1143 1149 1180 1192 1195 1230 1238 1277 1323 1367 1382 1412 1440 1480 1553 1609 1641 1668 
75 211 243 244 440 557 609 623 650 688 732 783 787 873 879 891 919 957 972 991 1005 1011 1048 1093 1095 1125 1133 1201 1217 1218 1317 1335 1347 1394 1436 1480 1515 1551 1581 1621 1629 1641 1659 1660 
121 139 305 307 331 456 473 518 546 551 575 627 655 664 729 752 753 764 775 858 901 923 939 1021 1046 1089 1101 1177 1192 1210 1242 1431 1444 1464 1519 1556 
28 136 138 199 283 437 517 528 582 632 693 742 800 835 864 930 967 1031 1039 1066 1086 1148 1155 1158 1176 1202 1237 1259 1286 1342 1393 1424 1432 1552 1560 1564 1569 1620 1627 1648 
120 131 155 178 225 279 282 287 292 294 303 318 320 322 393 406 420 448 514 519 526 553 555 570 594 603 611 628 677 696 725 734 757 845 912 942 979 983 996 1004 1010 1065 1146 1173 1177 1200 1275 1301 1305 1315 1338 1359 1362 1366 1398 1466 1487 1491 1500 1503 1532 1549 1580 1637 1682 
53 82 115 299 314 334 371 513 605 625 667 741 830 841 884 968 977 1002 1020 1150 1153 1166 1185 1215 1249 1264 1266 1298 1401 1514 1547 1573 1586 1614 1642 1664 1693 
40 54 120 186 200 306 360 381 396 434 467 482 487 496 548 552 604 618 623 684 694 696 708 722 728 745 789 803 815 817 818 824 827 829 870 922 928 983 1063 1122 1144 1163 1195 1235 1279 1305 1310 1381 1396 1450 1455 1468 1529 1538 1554 1570 1667 1669 1670 1696 
168 239 265 337 418 620 640 736 749 781 813 826 872 875 876 907 992 1023 1068 1080 1138 1236 1314 1341 1416 1449 1458 1534 1605 1639 1657 1665 
75 211 243 244 256 322 425 440 540 609 650 721 732 783 787 873 876 879 891 897 919 957 991 1005 1011 1093 1095 1106 1125 1133 1158 1201 1217 1218 1283 1317 1347 1394 1436 1439 1480 1515 1551 1581 1621 1629 1641 1651 1659 1684 
127 148 212 246 411 432 449 516 521 532 554 578 608 652 734 762 804 821 902 992 994 1015 1018 1070 1105 1152 1167 1306 1354 1360 1371 1399 1429 1432 1577 
176 187 202 266 324 330 413 480 541 656 664 737 824 853 854 874 953 975 998 1029 1045 1114 1154 1169 1494 1502 1531 1564 1605 1616 1686 1692 1700 
5 38 40 87 113 144 249 256 312 384 409 432 472 473 478 487 516 534 552 565 572 577 596 602 608 675 831 832 850 881 883 889 940 947 958 982 1007 1009 1017 1025 1053 1081 1085 1089 1147 1155 1186 1191 1197 1226 1261 1286 1302 1311 1316 1326 1344 1364 1386 1409 1428 1438 1441 1446 1455 1479 1481 1487 1544 1562 1577 1583 1630 1647 1667 1676 
56 62 95 155 161 217 244 281 352 381 391 392 397 500 527 574 594 607 612 640 693 736 750 781 809 813 826 841 875 884 907 921 971 977 1023 1044 1068 1106 1121 1153 1185 1206 1215 1264 1266 1267 1314 1386 1416 1464 1480 1488 1521 1573 1586 1635 1639 1644 1654 1655 1665 1676 1683 
23 108 178 209 245 276 287 294 303 320 334 420 513 514 516 519 520 526 553 555 603 611 753 757 845 912 942 1077 1150 1249 1315 1491 1503 1558 1564 1591 1614 1680 1682 
6 22 65 138 196 219 273 276 278 321 334 399 403 438 446 465 524 529 609 613 623 624 659 668 676 690 692 700 711 766 782 836 866 870 879 892 932 1014 1042 1081 1088 1097 1124 1127 1148 1173 1182 1214 1216 1219 1226 1273 1288 1292 1311 1314 1318 1332 1335 1377 1378 1405 1415 1424 1427 1451 1456 1469 1470 1486 1498 1501 1524 1542 1571 1572 1578 1617 1628 1656 1663 1671 1691 
86 109 114 125 127 150 166 175 223 259 298 347 349 358 386 431 504 558 569 571 595 676 762 772 794 840 861 862 863 885 934 952 1049 1061 1125 1137 1149 1224 1291 1313 1348 1421 1452 1484 1500 1536 1540 1618 1668 1686 
86 91 109 113 114 125 127 150 166 175 223 296 298 302 347 349 358 384 386 432 444 455 472 478 504 534 558 569 571 719 762 794 840 850 861 881 885 889 908 952 982 1007 1061 1081 1085 1125 1155 1261 1291 1311 1316 1421 1428 1438 1481 1495 1496 1500 1520 1536 1618 1686 
74 196 200 246 325 434 449 467 482 521 532 542 548 594 604 618 652 688 711 722 745 784 803 804 815 818 821 823 921 928 942 963 985 992 994 1015 1105 1122 1152 1163 1167 1217 1235 1335 1354 1360 1393 1396 1400 1450 1547 1554 1571 1581 1652 1669 
33 37 43 55 68 70 85 145 180 189 190 223 231 234 260 261 267 270 297 301 336 340 360 365 376 395 415 423 425 426 462 487 512 530 545 551 568 581 589 591 635 638 639 669 674 695 710 753 764 791 822 844 856 864 880 897 902 913 914 915 922 938 944 954 960 987 990 1003 1012 1019 1030 1037 1051 1075 1083 1096 1123 1160 1183 1193 1244 1251 1253 1265 1293 1299 1316 1337 1352 1370 1372 1373 1376 1394 1418 1451 1462 1464 1466 1472 1475 1494 1505 1520 1525 1535 1560 1574 1582 1593 1596 1607 1646 1672 1681 1686 
11 102 126 235 253 332 350 354 390 392 403 429 450 460 500 502 507 533 535 561 607 612 673 676 681 697 702 740 741 746 747 754 767 791 820 846 857 862 869 877 879 887 894 917 945 962 1034 1136 1141 1145 1166 1185 1220 1231 1252 1256 1260 1268 1282 1286 1297 1348 1363 1388 1402 1435 1436 1438 1449 1463 1512 1518 1541 1563 1570 1603 1623 1625 1626 1650 1674 1677 1687 1694 1698 
93 97 186 206 209 249 306 315 338 356 381 424 482 552 625 637 678 691 694 707 708 765 774 778 797 817 827 829 880 888 922 937 941 969 983 1013 1016 1063 1144 1158 1195 1235 1245 1305 1310 1321 1328 1353 1381 1383 1399 1468 1471 1508 1529 1538 1550 1570 1580 1624 1667 1696 1697 
31 53 70 99 115 170 183 190 222 250 260 291 297 311 365 369 395 423 455 462 539 551 568 589 615 638 646 654 674 695 735 826 838 844 852 856 869 880 887 889 903 956 987 1003 1012 1037 1043 1096 1107 1128 1130 1131 1140 1224 1275 1299 1309 1348 1349 1357 1370 1373 1395 1401 1410 1425 1441 1456 1462 1464 1466 1484 1489 1505 1509 1520 1521 1540 1548 1607 1608 1626 1649 1650 1667 1689 
46 102 108 126 128 141 248 262 284 298 300 309 325 345 463 486 518 593 599 604 618 665 705 721 735 775 788 812 814 822 839 846 873 901 917 943 956 972 976 980 998 1021 1174 1182 1184 1194 1220 1269 1280 1309 1330 1339 1377 1400 1431 1433 1442 1450 1477 1483 1497 1512 1552 1566 1606 1612 1623 1628 1652 1658 1687 
35 57 72 80 87 91 103 119 126 132 145 169 180 195 261 296 302 326 328 329 337 390 444 488 510 550 562 570 579 597 607 614 675 676 677 688 716 740 741 762 764 830 833 836 846 879 917 922 938 952 997 1011 1020 1048 1081 1082 1145 1150 1166 1187 1195 1220 1239 1249 1282 1312 1333 1337 1357 1363 1389 1402 1436 1449 1487 1489 1512 1525 1528 1533 1539 1543 1564 1588 1596 1613 1614 1623 1625 1638 1642 1646 1664 1679 1681 1687 
41 84 99 105 115 201 247 350 354 371 385 392 434 455 457 460 507 688 746 820 838 869 887 894 903 962 973 998 1034 1087 1123 1136 1153 1154 1161 1163 1165 1172 1275 1298 1334 1349 1388 1401 1441 1463 1506 1514 1530 1537 1541 1563 1574 1626 1649 1650 1693 1694 
21 66 201 226 241 242 271 325 339 345 355 372 373 461 464 468 498 502 503 604 644 689 706 716 724 793 802 816 831 837 846 873 963 1011 1035 1056 1064 1094 1104 1114 1124 1144 1159 1162 1185 1205 1217 1261 1277 1288 1324 1344 1350 1392 1419 1425 1450 1454 1473 1477 1499 1504 1507 1550 1588 1591 1594 1602 1672 
71 84 105 194 201 247 371 385 457 489 579 623 679 688 712 973 1036 1041 1079 1087 1123 1136 1161 1172 1203 1217 1298 1319 1334 1335 1401 1403 1439 1455 1514 1537 1574 1660 1693 
93 97 206 209 249 297 315 338 356 365 424 462 470 637 638 678 691 695 707 765 774 797 817 856 880 888 937 1003 1013 1016 1037 1096 1158 1237 1245 1251 1299 1313 1321 1328 1353 1370 1373 1383 1399 1462 1464 1466 1471 1505 1508 1520 1528 1538 1549 1550 1557 1558 1569 1580 1624 1697 
79 88 198 208 251 258 290 308 357 365 394 401 410 415 441 442 481 501 626 635 658 684 769 823 825 863 924 963 965 1022 1032 1052 1054 1108 1115 1118 1151 1190 1204 1212 1221 1233 1265 1295 1304 1308 1327 1337 1355 1365 1397 1415 1447 1467 1478 1513 1534 1572 1575 1576 1682 1691 
27 162 218 224 228 333 361 384 414 448 493 497 537 611 654 666 733 753 755 776 889 916 948 1062 1091 1107 1112 1130 1157 1280 1304 1309 1333 1342 1362 1441 1445 1459 1484 1489 1540 1550 1580 1587 1600 1608 1645 1676 
113 233 235 241 293 452 463 583 642 771 789 799 806 809 816 878 895 927 932 935 997 1027 1080 1128 1139 1145 1188 1189 1203 1288 1331 1344 1350 1386 1393 1438 1473 1477 1482 1488 1499 1520 1526 1547 1567 1575 1582 1615 1648 
9 28 69 84 98 105 146 154 199 201 214 224 272 283 361 370 414 437 451 457 501 517 528 537 567 581 582 591 601 625 632 654 666 678 736 742 753 800 835 895 925 930 973 991 996 998 1031 1034 1039 1041 1062 1066 1076 1086 1087 1091 1123 1126 1153 1154 1157 1158 1159 1161 1165 1223 1237 1259 1275 1288 1298 1311 1334 1342 1401 1407 1432 1445 1497 1514 1537 1546 1560 1564 1569 1574 1599 1608 1620 1627 1645 1648 1649 1653 1667 
10 13 112 119 146 174 195 212 220 223 231 317 362 374 383 392 422 426 453 471 518 591 657 663 701 711 726 758 760 767 777 792 842 847 858 862 889 902 960 986 991 995 1000 1026 1040 1043 1076 1091 1099 1165 1234 1253 1271 1372 1405 1430 1432 1452 1463 1473 1475 1479 1489 1526 1545 1557 1582 1596 1599 1603 1636 1668 1675 1677 1679 
47 91 106 219 240 267 337 385 416 432 461 465 470 473 550 565 596 779 782 801 808 812 819 847 881 905 950 973 982 1002 1016 1082 1090 1098 1177 1289 1300 1333 1384 1404 1418 1422 1439 1453 1496 1515 1529 1539 1583 1610 1613 1630 1642 1647 1662 1667 1694 
8 53 56 62 95 107 111 117 123 133 155 161 168 170 173 197 210 217 230 237 244 250 259 270 281 299 352 369 391 394 397 402 431 433 443 475 485 547 560 574 621 640 660 667 684 687 693 718 721 736 744 750 772 781 790 807 809 826 841 855 859 875 884 892 907 921 933 936 946 950 955 957 968 971 977 988 997 1002 1008 1023 1044 1067 1068 1069 1071 1090 1092 1100 1106 1111 1121 1142 1145 1175 1196 1206 1207 1215 1219 1240 1241 1245 1250 1256 1259 1264 1266 1267 1279 1289 1313 1314 1333 1342 1343 1351 1386 1390 1391 1410 1411 1416 1443 1464 1466 1483 1488 1498 1509 1547 1548 1573 1586 1606 1613 1635 1639 1644 1654 1655 1656 1665 1676 1683 1686 1688 
22 70 74 131 155 157 184 190 196 200 209 217 225 250 260 282 284 292 300 325 342 359 406 434 435 463 467 480 490 498 506 522 542 548 568 573 589 594 604 618 623 628 633 696 704 724 725 729 735 745 751 771 784 799 814 815 818 852 899 928 963 976 979 980 985 996 1002 1004 1010 1054 1065 1074 1081 1086 1122 1128 1132 1146 1184 1200 1210 1214 1225 1262 1263 1275 1292 1301 1307 1335 1338 1346 1347 1359 1360 1366 1371 1377 1385 1398 1461 1465 1477 1487 1500 1508 1520 1521 1530 1532 1535 1549 1552 1559 1563 1581 1598 1607 1622 1628 1634 1637 1649 1652 1669 1673 
122 178 248 329 345 377 412 464 483 485 491 549 550 675 755 814 833 846 950 1002 1018 1048 1056 1069 1082 1098 1145 1175 1239 1259 1286 1289 1333 1366 1400 1426 1501 1539 1548 1577 1588 1613 1633 1641 1652 
87 131 155 225 279 282 292 318 322 377 406 412 424 435 483 498 549 594 628 720 725 734 833 848 950 979 996 1004 1065 1069 1081 1082 1128 1146 1173 1175 1177 1200 1207 1262 1263 1275 1301 1338 1359 1366 1398 1466 1487 1500 1532 1548 1549 1552 1580 1613 1637 
16 75 84 105 115 143 156 193 227 278 367 371 385 407 457 508 542 557 584 614 645 648 649 674 680 714 739 787 879 897 949 956 972 1073 1087 1124 1136 1153 1161 1177 1208 1275 1276 1298 1334 1345 1378 1380 1401 1420 1470 1498 1501 1514 1537 1554 1570 1627 1640 1649 1660 1663 1680 1693 
101 216 247 301 316 395 400 443 449 496 508 584 646 648 697 823 867 924 981 988 1018 1063 1070 1270 1273 1368 1416 1429 1453 1640 
53 56 62 74 95 196 200 217 223 236 260 281 325 352 450 453 455 467 495 509 533 548 567 604 618 623 640 669 688 693 711 722 723 727 745 750 781 784 803 804 813 815 823 826 875 907 921 928 963 985 1018 1023 1044 1051 1068 1121 1122 1163 1217 1227 1245 1279 1287 1303 1313 1314 1330 1335 1342 1386 1416 1450 1480 1485 1488 1521 1540 1554 1561 1563 1571 1605 1626 1635 1639 1652 1655 1665 1669 1676 
54 103 120 186 212 235 248 306 315 326 337 360 381 390 399 464 482 486 487 505 552 587 607 676 694 708 730 741 762 763 789 817 827 829 836 846 870 879 911 917 920 922 959 983 997 1063 1084 1094 1104 1110 1166 1171 1195 1220 1235 1252 1282 1305 1310 1318 1348 1363 1381 1387 1402 1436 1438 1455 1468 1512 1534 1535 1538 1542 1598 1623 1638 1687 1696 
3 42 45 75 125 181 184 188 210 235 257 280 318 342 377 396 412 439 445 462 476 490 506 633 651 660 661 662 686 693 697 711 715 729 745 748 791 806 822 833 844 857 899 924 966 1028 1045 1056 1098 1128 1129 1132 1175 1219 1277 1278 1289 1307 1323 1366 1367 1385 1396 1398 1413 1461 1465 1498 1516 1530 1548 1559 1577 1609 1613 1622 1634 1641 1656 1673 
236 329 336 345 377 412 453 455 464 491 495 509 549 550 567 669 711 723 727 755 759 833 846 950 1002 1018 1048 1051 1056 1082 1098 1145 1227 1259 1286 1289 1303 1330 1333 1335 1386 1485 1501 1539 1548 1588 1613 1681 
195 288 364 387 398 525 576 615 630 685 710 713 731 773 810 900 964 1050 1092 1114 1155 1247 1290 1336 1342 1393 1406 1423 1476 1486 1526 1545 1546 1582 1592 1617 1620 1663 
4 50 63 92 95 116 129 134 168 170 222 230 259 285 288 323 346 364 369 387 398 421 428 430 431 443 454 475 482 499 510 525 544 561 576 583 584 595 606 620 630 660 685 687 707 709 710 713 717 731 744 760 772 773 778 790 798 805 807 810 849 855 859 900 936 946 955 964 968 998 1008 1040 1043 1050 1071 1073 1079 1092 1100 1103 1114 1131 1156 1175 1191 1196 1233 1243 1245 1247 1248 1251 1253 1254 1271 1279 1290 1336 1342 1343 1357 1358 1361 1393 1406 1408 1410 1411 1423 1437 1443 1457 1460 1476 1486 1493 1509 1517 1526 1545 1546 1547 1565 1592 1617 1619 1644 1663 1678 1688 
16 46 75 102 107 108 111 121 123 128 141 143 173 205 210 227 250 262 274 298 309 367 385 402 433 508 518 542 546 547 557 560 584 593 599 614 627 648 649 665 674 684 705 714 752 775 787 788 803 812 839 879 897 901 933 939 943 949 956 972 988 998 1021 1046 1055 1067 1073 1080 1090 1101 1111 1142 1174 1177 1182 1194 1208 1241 1242 1250 1256 1259 1269 1287 1309 1330 1351 1380 1390 1420 1431 1433 1442 1444 1466 1497 1514 1519 1554 1570 1606 1612 1627 1640 1654 1656 1658 1660 1663 1680 
2 12 20 25 26 34 48 55 58 59 61 67 74 77 81 85 94 99 142 145 152 165 180 182 196 207 232 236 251 261 268 274 296 301 311 320 322 325 336 380 388 419 474 492 498 499 515 539 544 545 548 606 616 622 623 669 702 727 745 759 764 768 796 806 815 818 823 834 838 864 869 886 890 900 903 914 921 928 938 951 954 957 963 968 985 1006 1010 1051 1061 1087 1109 1113 1123 1130 1132 1133 1140 1160 1163 1168 1187 1193 1199 1224 1225 1232 1235 1244 1255 1257 1258 1274 1275 1283 1299 1340 1344 1348 1349 1373 1382 1394 1395 1437 1450 1451 1453 1454 1456 1463 1474 1490 1496 1497 1504 1524 1525 1540 1554 1561 1564 1574 1579 1584 1589 1590 1593 1595 1619 1643 1646 1663 1670 1681 1686 
1 4 92 116 118 168 186 197 230 285 289 323 337 346 443 454 496 510 547 583 606 620 621 660 673 707 709 717 718 798 807 812 819 849 855 936 946 968 998 1023 1068 1069 1071 1073 1100 1103 1132 1156 1175 1225 1245 1254 1290 1300 1307 1313 1332 1343 1358 1383 1411 1422 1443 1457 1493 1496 1517 1547 1559 1565 1583 1610 1613 1622 1644 1662 1673 1678 1694 
30 112 130 152 164 179 201 205 297 335 371 392 393 405 447 450 455 460 466 507 522 531 533 581 634 636 681 702 736 738 740 746 747 750 754 789 820 887 894 895 925 934 962 966 991 1034 1049 1055 1060 1070 1076 1091 1092 1125 1126 1137 1165 1178 1226 1246 1268 1272 1287 1297 1304 1348 1357 1388 1407 1434 1463 1473 1523 1527 1539 1541 1550 1555 1563 1597 1625 1632 1633 1649 1653 1654 
71 117 121 161 194 233 235 270 293 299 305 307 319 331 381 391 397 452 456 463 470 473 486 489 491 512 527 546 574 575 579 583 594 627 642 667 679 688 712 721 752 764 789 806 809 829 841 878 884 895 923 927 932 935 939 971 977 997 1027 1036 1041 1046 1063 1079 1080 1089 1090 1101 1106 1136 1139 1145 1153 1172 1185 1188 1189 1192 1203 1206 1215 1218 1242 1244 1264 1266 1267 1310 1319 1331 1393 1403 1439 1444 1455 1464 1482 1483 1488 1519 1526 1556 1567 1573 1582 1586 1615 1683 
46 102 108 128 141 178 262 274 309 382 439 450 484 518 556 566 593 599 655 665 705 719 756 775 788 812 839 901 908 943 966 978 1021 1080 1174 1194 1222 1269 1281 1287 1331 1339 1422 1431 1433 1442 1476 1495 1496 1497 1558 1566 1568 1612 1631 1634 1694 
7 148 197 233 379 430 479 510 511 536 580 590 765 767 774 786 795 810 843 846 918 937 969 984 1001 1085 1121 1170 1273 1303 1320 1348 1361 1364 1372 1452 1460 1493 1590 1601 1604 1607 1664 1677 1679 1680 
24 62 63 134 170 217 222 259 281 369 421 428 431 464 475 476 482 487 561 569 577 584 595 640 646 670 687 706 707 744 750 760 772 778 790 805 813 826 832 859 875 893 907 909 921 955 1008 1009 1018 1023 1035 1040 1043 1068 1079 1121 1131 1138 1191 1196 1203 1233 1240 1245 1248 1253 1270 1279 1313 1330 1357 1379 1386 1395 1410 1416 1425 1429 1480 1509 1521 1562 1619 1635 1639 1644 1651 1655 1665 1666 1684 1688 
88 93 97 198 206 208 242 249 308 315 338 356 400 401 424 481 501 526 527 585 637 678 691 707 758 765 774 817 880 937 941 965 990 1013 1032 1052 1054 1108 1115 1151 1158 1190 1204 1212 1233 1245 1295 1308 1321 1327 1328 1353 1355 1383 1399 1467 1471 1474 1478 1508 1513 1538 1550 1557 1558 1575 1580 1619 1624 1685 1697 
58 59 77 88 142 165 182 198 208 239 242 268 301 308 380 401 481 492 508 520 527 584 585 648 768 951 965 990 1032 1052 1066 1077 1108 1109 1115 1151 1168 1190 1204 1212 1233 1257 1258 1290 1295 1308 1327 1355 1415 1467 1474 1478 1490 1508 1513 1558 1564 1575 1592 1619 1640 1682 1685 
74 196 308 325 375 401 434 467 469 481 482 501 527 563 585 604 618 623 669 722 745 758 761 784 801 803 818 928 963 985 1052 1115 1122 1163 1204 1212 1233 1290 1308 1327 1355 1415 1450 1467 1478 1513 1530 1547 1575 1685 
76 130 132 175 223 275 340 409 435 438 472 478 551 571 585 602 647 794 852 865 870 883 947 958 1017 1025 1053 1085 1147 1186 1226 1364 1544 
104 138 256 298 322 377 412 435 464 483 487 491 540 549 550 577 579 590 619 670 755 779 785 808 832 833 846 893 909 950 955 1001 1009 1035 1048 1056 1082 1098 1145 1158 1191 1197 1203 1207 1240 1259 1279 1286 1289 1333 1379 1386 1479 1539 1548 1562 1588 1591 1595 1601 1613 1641 1651 1684 1700 
52 116 130 158 177 221 238 252 287 332 341 390 393 403 405 429 483 485 491 500 514 516 519 535 553 555 572 611 612 636 641 646 673 682 692 699 757 791 812 847 857 877 891 898 945 947 989 993 1029 1031 1059 1077 1079 1141 1178 1189 1211 1227 1229 1231 1244 1256 1260 1315 1325 1351 1373 1415 1434 1435 1491 1518 1523 1524 1527 1539 1591 1603 1615 1636 1642 1674 1682 1691 1694 1698 
22 78 157 248 267 270 273 284 300 359 417 435 458 463 559 564 573 592 704 720 735 751 771 780 799 811 814 852 870 899 976 980 996 1002 1074 1081 1116 1128 1181 1184 1198 1210 1214 1262 1263 1285 1303 1339 1377 1448 1465 1477 1487 1510 1546 1552 1577 1628 1652 1676 
112 119 145 174 223 379 502 518 580 643 657 671 767 773 842 847 862 889 1000 1026 1160 1170 1175 1193 1234 1372 1452 1475 1479 1489 1493 1525 1526 1545 1557 1596 1636 1668 1677 1679 
131 155 225 279 282 292 318 406 424 628 725 797 888 926 979 996 1004 1065 1146 1173 1177 1200 1301 1338 1359 1360 1366 1466 1487 1500 1532 1549 1557 1580 1598 1637 
17 72 96 147 159 160 169 171 203 208 254 277 313 315 338 351 356 366 378 408 424 512 616 637 647 671 678 707 760 789 797 836 848 885 888 891 895 910 914 926 937 961 970 999 1026 1061 1072 1089 1094 1134 1135 1154 1193 1261 1294 1321 1375 1383 1389 1399 1417 1439 1442 1447 1506 1511 1528 1533 1538 1539 1557 1585 1686 1690 1697 
18 36 49 57 60 66 72 83 118 124 135 153 156 159 160 169 172 185 193 195 289 314 317 328 332 363 366 393 407 427 429 483 500 512 524 535 570 584 588 645 677 680 692 696 699 710 739 754 824 836 868 877 891 923 945 961 974 986 999 1011 1048 1089 1093 1094 1099 1117 1119 1120 1134 1141 1153 1209 1231 1252 1260 1276 1281 1282 1296 1316 1363 1369 1389 1395 1409 1415 1435 1446 1447 1459 1492 1497 1506 1518 1524 1526 1528 1530 1533 1551 1564 1580 1594 1603 1611 1642 1661 1674 1675 1685 1694 1695 1698 
15 28 65 138 154 199 219 272 283 334 403 437 438 446 453 465 517 528 582 609 613 632 637 659 668 678 690 692 693 742 766 782 800 835 930 1014 1031 1039 1066 1086 1097 1155 1158 1182 1237 1286 1342 1377 1393 1418 1432 1469 1524 1552 1558 1560 1564 1569 1571 1578 1617 1620 1627 1648 1671 1691 
124 138 191 215 219 255 334 438 446 465 477 609 613 659 668 690 693 702 766 782 865 1014 1097 1182 1225 1226 1245 1332 1377 1418 1456 1469 1489 1524 1571 1578 1617 1633 1648 1671 
33 43 213 263 270 317 340 343 360 382 397 415 470 484 486 530 605 635 639 671 674 698 809 841 844 848 884 896 915 971 987 1002 1030 1031 1047 1054 1083 1089 1117 1153 1154 1180 1181 1183 1209 1215 1265 1266 1281 1293 1296 1316 1326 1376 1409 1418 1464 1535 1553 1560 1573 1586 1611 1631 1683 1697 
31 46 53 99 102 108 113 115 126 128 138 144 178 183 245 249 262 274 287 291 294 303 309 311 312 320 321 325 352 384 404 420 432 455 472 473 513 514 516 518 519 520 526 529 534 538 539 553 555 572 593 599 603 611 624 665 676 700 705 757 775 788 803 812 822 831 832 838 839 844 845 850 869 881 889 901 903 912 932 940 942 943 956 972 982 998 1007 1021 1057 1077 1078 1081 1085 1088 1107 1127 1130 1140 1148 1174 1191 1194 1203 1214 1216 1224 1227 1269 1286 1292 1302 1309 1311 1315 1316 1330 1344 1346 1349 1356 1371 1386 1395 1424 1428 1431 1433 1438 1441 1442 1451 1456 1481 1483 1484 1489 1491 1497 1503 1521 1540 1544 1548 1558 1564 1612 1658 1667 1676 1680 1682 1689 
103 168 224 231 234 246 301 337 411 426 449 512 521 524 532 545 554 578 591 605 620 640 652 654 692 710 762 791 804 821 822 897 902 913 944 948 960 990 992 994 1012 1015 1018 1062 1091 1105 1152 1166 1167 1195 1235 1253 1312 1316 1337 1352 1354 1357 1360 1366 1399 1402 1446 1472 1488 1512 1582 1600 1623 1687 1695 
65 138 219 334 403 438 446 465 609 613 659 668 690 692 766 782 865 1014 1072 1097 1182 1226 1332 1377 1378 1415 1418 1426 1469 1524 1571 1578 1617 1648 1671 1691 
79 164 179 251 258 290 335 357 365 410 441 442 466 481 501 522 531 626 658 681 684 734 736 738 769 823 825 863 924 934 963 1022 1049 1052 1055 1060 1092 1118 1178 1221 1246 1272 1287 1295 1304 1327 1355 1357 1365 1397 1447 1473 1534 1555 1572 1575 1576 1597 1607 1632 1633 1691 
30 43 52 76 98 130 132 146 177 196 213 221 238 252 263 270 275 277 336 340 341 360 370 383 389 390 393 405 409 415 435 438 447 451 453 455 485 486 491 495 509 530 567 601 602 605 623 625 636 639 641 646 647 663 682 699 700 711 723 727 736 758 759 836 852 865 870 883 895 896 898 902 915 925 947 958 987 988 989 991 993 1017 1025 1030 1031 1051 1053 1059 1083 1091 1123 1126 1147 1159 1165 1173 1178 1183 1186 1211 1221 1223 1226 1227 1229 1243 1244 1265 1293 1325 1326 1335 1351 1401 1405 1418 1432 1434 1485 1523 1527 1539 1599 1644 1653 1691 
29 70 74 88 141 152 157 164 179 190 198 200 241 242 250 260 308 335 372 381 401 447 450 455 466 481 501 508 522 526 527 531 540 548 551 568 583 585 589 610 612 615 618 634 681 706 721 724 738 802 815 816 818 852 873 930 934 963 965 1032 1049 1052 1054 1055 1060 1066 1070 1104 1108 1115 1122 1137 1140 1151 1190 1204 1205 1212 1217 1233 1246 1272 1280 1287 1288 1304 1308 1327 1328 1350 1355 1400 1419 1467 1473 1478 1483 1499 1507 1513 1520 1521 1550 1555 1557 1561 1582 1591 1592 1595 1597 1607 1632 1649 1654 1655 1669 1685 1686 
14 104 139 192 222 344 348 403 486 542 617 672 706 713 743 785 809 821 828 860 941 950 1029 1058 1117 1141 1160 1215 1228 1253 1284 1342 1400 1425 1426 1509 1573 1577 1633 1666 1698 
29 93 141 196 200 241 242 325 372 381 434 467 468 482 548 551 583 594 604 610 615 618 623 684 706 721 722 724 784 793 803 815 816 817 818 873 928 930 963 985 992 1104 1122 1162 1163 1205 1217 1280 1288 1328 1335 1344 1350 1393 1400 1450 1473 1477 1483 1499 1507 1547 1554 1557 1561 1580 1591 1669 
21 66 74 223 226 241 271 301 339 355 372 373 411 426 453 461 464 468 487 502 503 578 591 610 615 644 689 706 724 793 802 816 818 821 831 837 873 902 913 916 944 960 983 1011 1012 1035 1064 1091 1104 1114 1144 1159 1162 1179 1185 1205 1253 1261 1280 1316 1324 1350 1352 1366 1392 1418 1419 1425 1454 1472 1473 1488 1499 1504 1507 1550 1561 1582 1594 1602 1672 
64 104 138 171 178 203 256 277 313 351 378 382 408 435 439 450 461 484 540 550 556 566 577 606 616 619 647 655 670 671 719 756 785 789 832 840 883 893 895 908 909 910 914 958 966 970 978 1009 1026 1061 1072 1135 1154 1158 1180 1181 1191 1197 1207 1222 1239 1240 1261 1281 1287 1294 1303 1331 1364 1375 1379 1417 1439 1476 1479 1495 1511 1515 1558 1562 1566 1568 1585 1631 1651 1684 1690 1700 
32 163 424 459 494 502 567 598 642 664 683 686 797 812 888 931 1078 1213 1345 1394 1414 1422 1449 1456 1496 1522 1557 1574 1680 1694 
91 140 186 228 264 389 403 436 523 543 719 759 771 797 882 904 1015 1041 1102 1179 1201 1329 1378 1601 
66 71 89 117 129 189 204 221 238 243 252 270 299 319 339 341 376 381 386 391 393 397 405 425 458 470 485 486 512 636 641 650 667 682 703 721 783 797 809 841 884 888 898 915 919 957 971 977 989 993 997 1002 1005 1019 1030 1059 1073 1075 1090 1095 1106 1125 1133 1178 1183 1185 1203 1206 1211 1215 1218 1229 1243 1251 1264 1265 1266 1267 1317 1325 1347 1351 1367 1372 1376 1383 1394 1408 1434 1454 1480 1483 1504 1508 1523 1539 1551 1557 1573 1581 1586 1629 1636 1659 1678 1683 1697 
184 225 318 342 490 506 522 547 633 669 696 718 724 729 968 1010 1054 1110 1128 1132 1146 1164 1225 1243 1255 1307 1323 1347 1385 1398 1461 1535 1559 1622 1673 
60 137 156 172 212 247 248 314 396 399 505 587 631 633 645 669 680 697 760 763 770 851 881 911 920 959 1016 1084 1110 1120 1153 1164 1171 1276 1318 1348 1387 1436 1534 1535 1542 1598 1685 
