1 1411 660 1313 1443 807 936 168 1069 1071 946 443 1343 323 197 1100 718 1103 855 230 620 1644 621 
769 258 1295 658 410 1691 290 1572 1576 684 825 442 441 1221 79 1365 1118 863 357 626 501 1397 1022 
139 1556 1046 923 546 1444 939 305 307 575 1089 456 331 1101 1242 1519 752 627 121 
1539 1286 1289 1548 1048 412 1056 549 550 1588 1333 950 1082 833 1098 1613 483 1002 1259 491 377 122 
512 159 160 36 677 169 49 696 57 570 961 1094 328 72 999 1389 1134 366 1011 1533 
391 397 1683 667 161 1573 809 299 1586 1206 574 319 1215 1090 841 971 977 594 1106 997 1264 1266 1267 884 117 381 
2 1283 12 25 1561 796 1437 544 34 1199 1584 48 1340 957 834 67 207 721 1497 1255 1643 499 886 890 
1472 545 960 897 902 231 1352 426 234 1582 591 944 913 692 1012 791 1337 411 
1152 608 994 578 804 449 521 554 1354 652 1167 1360 1105 532 821 246 1015 734 
4 1156 1678 285 1565 798 1457 50 709 454 717 1358 849 346 92 998 1254 1517 116 
648 649 1420 143 16 1554 787 1177 542 1570 557 949 1208 956 714 972 227 1380 1640 367 1660 
3 899 1413 1045 661 280 686 181 439 188 1219 75 715 476 1634 1516 1396 1530 1278 
867 1368 101 247 395 1453 1070 508 496 400 981 1270 823 216 697 1429 316 924 
771 228 389 904 264 523 140 1179 1102 719 1201 1329 882 436 403 91 797 
1292 1424 529 404 538 1057 289 932 1451 1078 700 1214 1088 321 1346 1216 1356 1371 480 353 1127 624 1148 
1157 776 654 916 149 537 666 27 414 162 1445 1062 1587 948 1600 448 1091 1608 333 1362 1112 733 224 361 493 1645 497 755 
642 1027 927 1567 1188 293 1189 935 1203 452 583 1482 1615 1488 233 878 1648 1393 1139 1526 
128 705 262 775 102 108 141 46 943 274 1269 1174 309 
1287 522 531 1555 1304 152 1049 1055 1060 164 934 681 179 1597 447 450 205 335 466 1246 1632 738 1137 1654 1272 634 
256 1158 138 909 1684 1562 540 670 1191 1197 1207 832 577 464 1240 1379 487 1386 619 1009 1651 893 
384 5 1544 144 1428 534 1302 1438 38 940 1326 432 312 572 1085 1344 1481 850 1364 982 472 478 1007 113 
1536 386 1291 1421 150 794 166 296 298 558 175 822 571 840 1618 86 347 861 349 223 1125 358 109 114 885 504 762 125 127 
1543 1312 35 675 1187 302 562 952 444 326 716 80 597 87 1239 614 103 488 1638 1528 1145 510 
1024 643 1670 1033 906 653 1038 1553 278 1047 1180 286 929 295 167 44 304 698 73 848 1238 343 728 600 730 732 1374 229 629 1149 
1032 527 401 1052 1308 1190 1575 1327 308 1204 1467 1212 965 198 1478 585 1355 1233 1108 88 1115 990 481 1513 242 1151 
1378 866 1124 836 6 1288 524 879 273 1042 1427 1332 1273 1498 892 1501 1470 1081 
1552 22 284 157 799 1184 300 814 1074 435 1465 1210 573 704 463 976 1487 980 345 1628 735 359 1128 1262 751 1263 1652 
261 1160 1681 914 145 37 1193 938 180 55 1593 954 1596 85 864 1646 753 1525 764 
1668 1000 1545 842 1452 1677 174 1679 112 657 1234 847 1493 502 119 1557 862 767 
774 7 1170 786 148 918 536 795 1320 430 1460 1590 1601 1604 580 969 843 590 1361 984 479 1001 379 511 
995 1099 13 758 663 220 701 
257 1028 806 1129 42 1323 396 748 1609 45 651 235 1641 857 1277 445 
64 1568 382 1222 556 1631 655 178 1331 756 1495 1181 606 671 
1303 1051 669 1330 567 453 711 455 329 1227 1485 336 723 727 236 495 759 1018 509 
133 8 394 402 547 933 1067 173 560 433 1606 1111 1241 988 1250 1256 107 237 1390 1391 111 1142 1656 123 
513 514 516 519 520 526 912 1682 23 287 1315 420 294 553 555 942 303 1077 320 845 209 1491 603 1503 611 245 757 
354 392 1034 11 460 561 1650 894 820 533 507 887 1625 1626 1563 253 350 
390 1159 9 1165 146 1432 925 1311 1076 1599 451 69 581 1223 214 601 991 98 1126 370 1653 1407 
736 1665 640 1639 1416 875 1068 813 750 781 907 1044 693 826 1023 95 
1026 647 1417 910 1294 19 147 277 789 408 1690 926 1061 171 1072 1585 313 970 203 208 351 96 1375 1511 616 1261 1135 1399 378 254 895 
385 1537 1154 1161 1298 1693 41 1334 1087 201 457 973 84 1123 105 1514 115 371 1401 1275 
986 471 422 1479 777 10 1675 362 760 1040 374 1271 792 1430 726 1405 383 
898 1059 485 1325 238 177 405 1527 1178 1211 1244 989 30 
194 579 39 71 1319 712 679 1036 489 1136 688 1041 1172 1079 1403 1439 
1305 922 1310 1696 1063 40 552 1455 306 54 694 824 186 827 1468 829 708 1235 983 482 1381 120 
801 100 110 368 563 1619 469 1685 375 1175 761 1595 
636 993 641 1351 393 682 1229 1523 52 341 1434 252 221 
962 1348 1541 740 746 747 1388 1297 754 1268 1463 
768 268 142 1168 26 165 301 182 951 58 59 1474 322 77 1490 1109 1257 1258 492 380 
650 1551 783 919 1659 1317 1581 440 1218 1347 1093 1095 211 1621 1629 1515 1133 1005 243 244 891 
1440 1412 327 1192 1480 1230 17 210 51 662 1143 218 1367 
1409 1296 18 153 1695 1316 1446 1447 427 1459 1209 185 317 1611 588 974 83 1492 1369 1117 1119 868 1252 363 118 1661 
1699 90 967 136 871 586 1419 1306 269 525 1322 785 1202 310 151 1176 858 543 
1666 1284 14 1426 672 1058 941 828 1342 192 706 713 1228 344 860 348 1253 743 104 617 
417 1285 1510 1448 1577 1546 267 780 811 1198 78 559 270 592 720 564 1339 1116 
742 199 15 272 437 1237 
1155 517 1031 1039 528 1560 154 283 28 800 1569 930 1066 1086 835 582 1620 1627 632 
387 900 773 1290 398 1423 1050 288 810 685 1592 1336 576 195 1476 964 710 1092 1486 731 1247 364 630 1406 
770 1542 137 1164 399 911 1171 276 920 1318 1084 1598 959 587 851 212 1110 248 1387 631 1016 505 763 
1664 1249 741 968 1642 1547 1614 334 830 625 82 53 314 1020 605 1150 
259 1279 421 134 1509 744 772 170 687 1008 369 1688 569 955 63 
32 1345 163 931 1414 1574 1449 459 683 494 1456 1680 1522 1394 598 664 1213 
673 612 1260 332 1518 429 945 1141 1435 1694 
1029 266 656 1169 1686 1692 1564 413 541 1700 176 953 187 324 202 330 975 1616 853 1494 854 1114 1502 737 874 1531 
1442 901 518 839 599 1194 1612 812 593 665 788 1431 1433 1658 1021 
352 1121 1314 1635 281 1676 1655 56 217 921 1245 62 
905 779 1422 1300 416 808 47 1583 819 565 1610 596 470 1496 473 1630 1384 106 1647 240 1529 1404 1662 
515 388 20 419 1579 1589 61 1232 81 1113 474 94 1382 232 622 1006 498 1274 251 1663 
1183 33 1030 415 1083 43 844 1265 635 639 
1667 1540 903 1689 539 1309 31 1441 291 311 183 1349 838 1224 1484 1107 99 869 1130 1395 1140 889 
644 1672 1162 1035 271 1425 21 793 1185 802 1064 1324 1454 689 1594 831 1602 837 461 339 468 1504 226 355 1392 373 503 1144 
707 356 678 1383 1321 937 817 338 691 888 249 93 
1415 1671 1418 782 659 668 1182 1571 1578 690 1469 446 65 1097 1617 465 219 1377 609 613 1524 1014 766 
97 1538 1697 637 424 1353 1550 206 1328 1013 1624 315 765 1471 
1025 1186 130 132 870 1226 409 76 275 883 947 852 1017 602 1147 1053 958 
1376 1408 129 1251 1636 1508 458 1483 204 1243 1073 1075 376 89 1019 1372 189 703 
896 486 263 360 1293 530 915 340 213 
1248 1410 859 805 646 778 1131 428 1196 1357 431 1043 595 790 24 475 222 
1673 1559 1307 1054 1461 184 318 1225 1622 342 729 1385 490 1132 1010 1398 633 506 1535 
1698 1603 1674 877 1231 500 535 699 158 
1280 1473 610 1507 1217 1350 873 816 241 1104 724 1205 372 1591 1400 1499 29 
1037 1299 674 423 551 425 297 1462 695 1464 1475 68 1096 462 856 1370 987 1373 1505 1003 365 880 638 
131 1549 1173 406 279 1301 282 155 292 1065 1580 1200 1466 1338 1359 979 725 1366 1500 225 996 1637 1004 628 1146 1532 
1669 1163 784 928 803 548 1450 815 818 434 1335 963 196 1477 325 200 74 722 467 985 604 1122 745 618 623 
1120 193 66 1153 739 645 1506 135 680 584 172 156 881 1276 407 60 
992 418 1605 872 265 876 749 239 1138 1458 1236 1080 1657 1341 1534 
1282 1220 676 1687 1512 1195 1166 846 337 1363 917 1623 1402 1436 126 607 
865 1633 255 1489 438 215 124 477 702 191 
260 70 615 1607 589 1520 1521 1649 568 250 190 
1281 484 966 908 978 1558 566 1566 
