0	1	10.3755	3	
0	4	38.2474	8	
0	5	21.6527	6	
0	9	7.697	2	
0	14	4.66662	1	
0	16	5.67291	2	
0	20	4.72214	1	
0	21	4.65425	1	
0	25	4.78777	1	
0	31	4.88648	1	
0	38	3.86513	1	
0	39	4.28439	1	
0	40	4.0198	1	
0	41	23.6342	5	
0	42	9.06851	2	
0	43	11.8512	3	
0	45	3.16791	1	
0	48	4.9216	1	
0	49	2.04975	1	
0	51	4.42487	1	
0	56	5.33371	2	
0	57	23.4287	5	
0	58	4.33982	1	
0	59	2.00325	1	
0	62	17.385	5	
0	63	4.06288	1	
0	68	3.2885	1	
0	69	24.2335	5	
1	2	6.2729	1	
1	3	25.5498	5	
1	5	15.3228	3	
1	8	21.0713	5	
1	9	3.66184	1	
1	13	20.9273	5	
1	14	5.81606	1	
1	15	8.76105	2	
1	16	18.7296	5	
1	19	23.2383	5	
1	21	4.58955	1	
1	22	3.26825	1	
1	23	10.2245	2	
1	24	21.5326	5	
1	26	5.14	1	
1	27	3.486	1	
1	28	14.0759	3	
1	29	10.5335	2	
1	30	5.06122	1	
1	31	24.9875	5	
1	32	26.0806	5	
1	33	46.8835	9	
1	34	4.79497	2	
1	38	5.27022	1	
1	40	32.1628	7	
1	41	6.70892	2	
1	42	7.30061	1	
1	44	21.1292	4	
1	45	26.8072	6	
1	47	8.36637	2	
1	48	60.9278	13	
1	49	9.40625	2	
1	50	9.08943	2	
1	51	3.48239	1	
1	52	27.72	5	
1	53	30.2726	6	
1	55	19.4884	4	
1	59	3.11747	1	
1	60	3.09539	1	
1	61	6.77307	1	
1	62	4.27579	1	
1	65	59.2986	12	
1	66	20.8454	5	
1	67	6.65657	1	
1	68	20.4806	5	
1	71	28.5654	6	
2	3	26.3283	5	
2	9	6.60552	1	
2	10	10.927	2	
2	11	24.4586	5	
2	15	15.582	3	
2	21	4.91048	1	
2	24	12.1469	2	
2	26	26.7442	6	
2	27	50.5124	10	
2	29	18.2881	4	
2	30	4.43622	1	
2	31	10.0726	3	
2	35	6.41285	1	
2	36	1.9305	1	
2	37	8.55626	2	
2	39	12.3014	3	
2	41	4.98282	1	
2	42	5.10711	1	
2	43	13.9627	3	
2	46	33.4144	7	
2	48	11.0112	3	
2	50	6.42856	1	
2	52	6.51625	1	
2	56	26.5618	5	
2	57	10.362	2	
2	58	5.05681	1	
2	61	5.19369	1	
2	62	8.65412	2	
2	65	6.44514	1	
2	66	32.9159	7	
2	68	5.97917	1	
2	69	5.34918	1	
2	70	0.962665	1	
2	71	29.9102	7	
3	6	4.90477	1	
3	7	8.82271	2	
3	8	2.59919	1	
3	9	15.6874	3	
3	10	4.07837	1	
3	11	4.57416	1	
3	14	2.72091	1	
3	15	3.92277	1	
3	16	4.22821	1	
3	17	4.04311	1	
3	20	18.0877	4	
3	22	23.6538	5	
3	24	9.34042	2	
3	26	23.9917	5	
3	27	25.6132	6	
3	32	5.90728	2	
3	33	43.3091	9	
3	38	27.249	5	
3	40	45.2086	9	
3	41	5.98719	1	
3	44	18.1606	4	
3	45	3.76761	1	
3	46	35.0493	7	
3	49	5.75268	1	
3	50	9.50511	2	
3	51	25.1121	5	
3	52	4.24183	1	
3	53	25.1519	5	
3	55	45.3103	10	
3	57	6.69885	1	
3	58	5.79353	1	
3	60	3.97343	1	
3	65	4.32598	1	
3	67	24.5353	5	
3	69	5.64629	2	
3	71	4.74535	1	
4	5	3.17303	1	
4	6	5.2693	1	
4	7	9.82625	2	
4	9	3.60418	1	
4	12	27.3973	5	
4	15	30.9662	6	
4	16	25.361	6	
4	18	23.0417	5	
4	19	5.44814	1	
4	21	29.859	6	
4	22	45.8981	9	
4	23	27.2585	5	
4	24	66.778	13	
4	26	10.3234	2	
4	28	4.77157	1	
4	29	5.45548	1	
4	30	4.48589	1	
4	31	5.13321	1	
4	32	22.9552	5	
4	34	24.5883	4	
4	36	12.9528	3	
4	37	39.7164	8	
4	38	6.40329	2	
4	39	15.311	4	
4	40	4.59234	1	
4	41	26.6942	6	
4	42	28.1762	6	
4	43	4.91063	1	
4	44	21.8427	5	
4	45	10.2037	2	
4	46	5.89182	1	
4	47	21.2954	5	
4	49	19.4913	4	
4	50	24.7105	5	
4	51	2.36259	1	
4	52	29.007	5	
4	53	6.00101	1	
4	54	3.13983	1	
4	56	9.13918	2	
4	58	48.9142	9	
4	59	18.4248	4	
4	62	33.9462	7	
4	65	3.45203	1	
4	66	25.2548	5	
4	68	40.7456	8	
4	70	29.3073	6	
4	71	9.77891	3	
5	6	25.5658	5	
5	7	49.3175	10	
5	12	4.51079	1	
5	13	3.20442	1	
5	15	31.6446	6	
5	16	10.912	3	
5	19	5.15374	1	
5	20	5.81597	1	
5	22	21.9551	5	
5	25	30.7216	6	
5	26	6.373	2	
5	29	12.8641	3	
5	30	24.3767	5	
5	31	23.2786	4	
5	32	22.0772	4	
5	34	6.92697	1	
5	35	22.5697	5	
5	37	19.3708	4	
5	38	20.0384	5	
5	39	3.40682	1	
5	44	26.0483	6	
5	46	17.1137	4	
5	47	5.82516	1	
5	49	3.56464	1	
5	50	7.1261	1	
5	51	22.6603	5	
5	52	58.0492	11	
5	53	2.7243	1	
5	54	2.48944	1	
5	56	14.6731	4	
5	57	21.5629	5	
5	58	27.3765	6	
5	59	2.71584	1	
5	60	10.1729	2	
5	61	10.7904	2	
5	63	10.5099	2	
5	65	4.69696	1	
5	67	9.11288	1	
5	68	18.1342	4	
5	69	3.16935	1	
5	70	23.4907	5	
5	71	24.5742	6	
6	7	2.65712	1	
6	8	8.56613	2	
6	9	9.20677	2	
6	10	3.42806	1	
6	11	5.49734	1	
6	15	11.5544	2	
6	16	11.5136	2	
6	18	9.99352	2	
6	20	3.69674	1	
6	23	5.62107	1	
6	24	11.3838	3	
6	25	2.12542	1	
6	26	28.1719	6	
6	29	7.57551	2	
6	30	4.15995	1	
6	31	2.94477	1	
6	33	5.87206	1	
6	34	7.54265	2	
6	37	23.977	5	
6	38	10.6884	2	
6	39	4.93424	1	
6	40	2.78493	1	
6	41	26.3485	6	
6	42	17.4714	4	
6	44	5.84383	1	
6	45	14.7925	3	
6	47	14.553	3	
6	48	26.8591	6	
6	49	33.7048	7	
6	50	21.8493	4	
6	51	4.64128	1	
6	52	38.0215	8	
6	53	33.373	7	
6	55	5.37281	1	
6	56	13.1108	3	
6	57	5.51737	1	
6	58	1.80762	1	
6	59	7.18348	1	
6	60	4.10387	1	
6	61	10.8751	2	
6	62	21.9107	5	
6	63	5.87262	2	
6	64	17.2299	4	
6	66	3.143	1	
6	67	6.13477	1	
6	68	15.9985	4	
6	71	1.95981	1	
7	10	22.2508	4	
7	11	10.6659	2	
7	16	6.25169	1	
7	17	25.3641	5	
7	18	2.84748	1	
7	20	31.2964	6	
7	23	20.6797	4	
7	24	3.4098	1	
7	25	5.02427	1	
7	26	2.90031	1	
7	27	5.83264	1	
7	29	7.9556	2	
7	30	27.9046	5	
7	36	3.34567	1	
7	37	21.1202	5	
7	39	13.6431	3	
7	40	3.79228	1	
7	41	3.26245	1	
7	42	36.1426	7	
7	44	25.0384	6	
7	45	4.20754	1	
7	47	11.219	3	
7	50	24.616	5	
7	51	3.79515	1	
7	52	2.30248	1	
7	54	12.6867	3	
7	55	11.4531	2	
7	57	45.07	9	
7	58	3.29176	1	
7	61	31.3328	7	
7	63	4.09039	1	
7	65	13.1431	3	
7	67	4.47872	1	
7	68	13.2076	3	
7	71	9.05373	2	
8	10	26.669	6	
8	14	5.49617	1	
8	16	4.25388	2	
8	20	3.09513	1	
8	24	3.77513	1	
8	26	7.35435	1	
8	28	2.84985	1	
8	30	25.9572	5	
8	31	17.9502	4	
8	33	5.75884	1	
8	39	14.2435	4	
8	40	5.32318	1	
8	42	22.5357	5	
8	44	10.4301	2	
8	45	22.1464	5	
8	47	5.28386	1	
8	48	2.88648	1	
8	50	3.58038	1	
8	53	22.9326	5	
8	56	13.2089	2	
8	57	28.2676	5	
8	60	10.3112	2	
8	61	22.1925	4	
8	62	23.9935	5	
8	63	30.5493	6	
8	64	2.19989	1	
8	65	23.1418	5	
8	69	37.0438	8	
9	10	3.80946	1	
9	11	3.27582	1	
9	15	7.60291	1	
9	17	27.7536	5	
9	18	33.371	6	
9	19	20.702	4	
9	20	21.0354	5	
9	21	8.12358	2	
9	22	50.4706	12	
9	24	19.7149	4	
9	25	4.92051	1	
9	26	38.0316	9	
9	27	13.5552	3	
9	28	23.9559	5	
9	30	9.64195	2	
9	31	78.1677	17	
9	32	15.8901	4	
9	33	16.1588	4	
9	34	4.85959	1	
9	35	19.8889	4	
9	36	21.4092	5	
9	37	20.8749	4	
9	38	25.0277	5	
9	40	39.1233	8	
9	41	5.48347	2	
9	42	15.0795	3	
9	45	18.7983	4	
9	47	10.4192	3	
9	48	5.94142	1	
9	49	7.31837	2	
9	52	4.25957	1	
9	53	20.7547	4	
9	54	14.7607	3	
9	55	3.21007	1	
9	56	18.4172	4	
9	57	4.32586	1	
9	58	5.08922	1	
9	60	4.25945	1	
9	61	7.4324	2	
9	62	4.80043	1	
9	65	9.12794	2	
9	66	26.1164	5	
9	67	3.71415	1	
9	68	24.3194	5	
10	14	2.6297	1	
10	15	5.0569	1	
10	16	9.83979	2	
10	17	24.9854	5	
10	19	23.2502	5	
10	20	7.1196	2	
10	23	22.731	5	
10	26	23.2264	5	
10	27	5.57647	1	
10	28	4.15973	1	
10	30	51.0865	10	
10	31	5.19438	1	
10	33	10.8835	2	
10	36	6.22067	1	
10	37	8.44313	2	
10	40	9.33037	2	
10	41	2.56536	1	
10	42	4.83094	1	
10	43	0.806095	1	
10	44	28.5327	6	
10	45	4.03671	1	
10	48	4.49516	1	
10	50	17.3186	4	
10	51	11.916	3	
10	52	11.2603	3	
10	53	12.7169	3	
10	54	26.0034	6	
10	55	18.4496	4	
10	56	42.1435	8	
10	57	27.1633	6	
10	58	2.11864	1	
10	62	23.2856	5	
10	63	23.4103	5	
10	67	39.8798	8	
10	68	7.05622	2	
10	69	4.45389	1	
10	71	5.00614	1	
11	16	29.0373	6	
11	19	4.10604	1	
11	20	28.8906	6	
11	21	2.00839	1	
11	24	7.65355	2	
11	26	9.87583	2	
11	27	7.04608	1	
11	28	4.39545	1	
11	31	4.07421	1	
11	32	16.9016	4	
11	33	20.1245	4	
11	37	40.7523	9	
11	38	4.78913	1	
11	39	6.88899	1	
11	40	13.3461	3	
11	41	23.0244	5	
11	42	3.00281	1	
11	43	23.2522	5	
11	46	27.8705	5	
11	48	19.0153	4	
11	50	17.9377	4	
11	51	32.8417	7	
11	52	30.9298	5	
11	53	6.10147	1	
11	54	6.40376	1	
11	57	19.3893	4	
11	58	20.6868	5	
11	61	8.40374	2	
11	65	3.83117	1	
11	66	2.16896	1	
11	67	10.2338	2	
11	68	34.8479	7	
11	70	2.07746	1	
11	71	2.93639	1	
12	13	3.02512	1	
12	15	14.1122	3	
12	16	14.5274	4	
12	17	4.79983	1	
12	20	4.15666	2	
12	21	23.8827	5	
12	24	4.38962	1	
12	25	4.87305	1	
12	26	23.9251	5	
12	29	4.90495	1	
12	30	2.20898	1	
12	32	21.2109	4	
12	34	29.8745	5	
12	39	4.76328	1	
12	41	23.0209	5	
12	44	28.8468	6	
12	47	25.2094	6	
12	49	4.49287	1	
12	55	24.7837	5	
12	56	3.09698	1	
12	57	7.62968	1	
12	58	22.0905	4	
12	59	4.11552	1	
12	61	10.6289	2	
12	62	4.56176	1	
12	63	4.83727	1	
12	65	33.767	7	
12	66	3.67273	1	
12	68	10.6076	2	
12	70	3.41334	1	
13	14	4.90314	1	
13	15	3.17292	1	
13	19	4.40822	1	
13	20	18.0821	4	
13	21	2.98917	1	
13	24	18.9465	5	
13	30	15.6675	4	
13	34	17.9834	4	
13	39	12.9674	3	
13	40	3.30961	1	
13	41	3.32515	1	
13	45	14.4381	2	
13	47	49.1668	10	
13	52	5.79625	1	
13	54	4.15216	1	
13	56	25.2168	5	
13	59	2.68623	1	
13	60	21.0023	4	
13	61	17.6986	4	
13	62	17.8564	4	
13	66	4.36922	1	
13	69	5.153	1	
13	71	1.63045	1	
14	15	15.4455	4	
14	16	16.6651	4	
14	19	26.1381	5	
14	23	21.1931	5	
14	24	4.6953	1	
14	28	23.6279	5	
14	30	3.03628	1	
14	32	5.30687	1	
14	33	29.786	6	
14	35	8.88881	2	
14	36	16.8982	4	
14	37	2.32385	1	
14	38	4.61155	1	
14	39	20.9587	5	
14	40	23.2839	6	
14	44	10.6606	2	
14	46	19.6978	4	
14	47	2.98921	1	
14	48	4.69647	1	
14	49	52.6741	11	
14	50	4.9003	1	
14	51	26.2969	5	
14	52	30.8694	6	
14	53	32.6203	7	
14	54	4.49373	1	
14	55	35.4444	8	
14	56	30.9699	6	
14	57	6.87153	1	
14	61	23.9191	5	
14	62	5.58086	1	
14	63	10.0546	2	
14	67	2.33359	1	
14	71	15.6416	4	
15	16	11.4419	3	
15	17	10.7434	2	
15	18	2.81101	1	
15	19	6.24281	1	
15	20	4.44161	1	
15	21	4.52284	1	
15	22	6.97026	2	
15	24	18.6858	4	
15	25	10.685	2	
15	26	10.7483	2	
15	27	3.68957	1	
15	28	25.7933	5	
15	29	16.358	4	
15	30	15.3654	3	
15	33	10.1751	2	
15	36	19.5482	5	
15	37	21.8036	4	
15	38	3.62503	1	
15	39	45.0765	10	
15	41	3.49881	1	
15	42	21.4009	5	
15	43	3.90035	1	
15	44	9.68831	2	
15	45	9.95323	2	
15	46	5.30252	1	
15	47	30.7087	6	
15	48	2.67061	1	
15	49	10.4216	2	
15	51	21.3751	5	
15	53	18.709	4	
15	56	33.3396	7	
15	58	9.51904	2	
15	59	4.79653	1	
15	60	79.7806	17	
15	61	29.4406	7	
15	62	13.8952	3	
15	63	15.4561	4	
15	66	12.9605	3	
15	67	11.4148	3	
15	68	0.47585	1	
15	69	7.58305	2	
15	70	56.4468	12	
15	71	5.34228	1	
16	19	23.8122	5	
16	23	7.02284	2	
16	24	16.7818	3	
16	26	18.1179	4	
16	27	4.10146	1	
16	29	26.5746	6	
16	30	2.86149	1	
16	31	6.62626	2	
16	32	7.54737	2	
16	33	6.81007	1	
16	34	9.96362	2	
16	36	5.21972	1	
16	37	23.4738	5	
16	38	8.62705	2	
16	39	19.1529	4	
16	40	9.87943	2	
16	41	3.43875	1	
16	42	2.41969	1	
16	43	23.0953	5	
16	44	2.40796	1	
16	47	5.24302	1	
16	48	17.5645	4	
16	50	13.5445	3	
16	52	17.2281	3	
16	53	18.2273	4	
16	54	23.4585	5	
16	55	10.7822	2	
16	56	26.9062	5	
16	57	44.3644	9	
16	59	19.1149	5	
16	60	5.37695	1	
16	61	9.57109	2	
16	64	19.0014	4	
16	65	4.27602	1	
16	66	28.5777	5	
16	67	33.2944	7	
16	68	5.5786	1	
16	69	7.1456	2	
16	70	4.37152	1	
16	71	7.26598	1	
17	18	14.8137	4	
17	25	48.2856	10	
17	26	19.5038	4	
17	27	4.08322	1	
17	29	45.0697	10	
17	30	45.899	10	
17	31	30.4755	6	
17	35	4.55557	1	
17	41	33.6826	7	
17	44	6.79091	2	
17	45	18.1563	4	
17	47	15.054	3	
17	52	4.76021	1	
17	55	21.0494	4	
17	56	24.261	5	
17	57	8.88093	3	
17	59	20.7215	4	
17	62	6.23766	1	
17	63	3.24657	1	
17	66	25.5388	5	
17	71	4.87377	1	
18	20	31.0195	6	
18	21	22.1481	5	
18	22	23.2815	5	
18	23	12.9207	3	
18	24	5.26185	1	
18	26	3.63733	1	
18	27	26.9099	5	
18	29	18.2925	4	
18	30	27.4612	6	
18	31	26.0085	5	
18	32	2.26095	1	
18	37	15.6657	4	
18	38	11.986	3	
18	41	4.59033	1	
18	42	15.4463	4	
18	43	19.4645	4	
18	44	4.45481	1	
18	46	2.50545	1	
18	47	1.91926	1	
18	49	9.07853	1	
18	50	16.1889	4	
18	53	8.46989	2	
18	55	3.36729	1	
18	56	22.1658	5	
18	58	5.20269	1	
18	59	21.5192	5	
18	60	2.28971	1	
18	64	3.3607	1	
18	67	5.08904	1	
19	22	4.90599	1	
19	24	6.08888	1	
19	25	4.53644	1	
19	27	6.71559	1	
19	28	7.07329	1	
19	30	4.67395	1	
19	32	3.22725	1	
19	33	19.5799	4	
19	34	11.2073	2	
19	37	31.1468	6	
19	41	5.31179	1	
19	42	7.58916	2	
19	45	3.1869	1	
19	47	9.53281	2	
19	48	4.40802	1	
19	49	45.9085	9	
19	52	3.18649	1	
19	53	23.8782	5	
19	54	23.0016	5	
19	55	1.77669	1	
19	57	5.11804	1	
19	61	4.88105	1	
19	63	25.1178	5	
19	64	3.90761	1	
19	65	2.91655	1	
19	67	4.57337	1	
19	70	7.37686	2	
20	21	5.28304	1	
20	22	15.7667	4	
20	23	3.09366	1	
20	24	24.0555	4	
20	25	5.17474	1	
20	26	3.25819	1	
20	27	8.31393	2	
20	29	7.88225	2	
20	30	21.0225	4	
20	33	3.98473	1	
20	34	18.9506	4	
20	35	12.0407	3	
20	36	3.43005	1	
20	38	4.94455	1	
20	39	5.33466	1	
20	41	7.90825	2	
20	43	19.762	4	
20	45	17.7861	4	
20	47	5.80373	1	
20	49	7.19717	1	
20	50	35.2923	8	
20	52	26.5949	6	
20	53	24.0289	5	
20	55	38.63	8	
20	57	1.66349	1	
20	58	21.8104	4	
20	63	3.12016	1	
20	67	7.51465	2	
20	68	33.8751	7	
20	70	22.9098	5	
21	26	13.9399	3	
21	29	17.7834	4	
21	30	21.7284	5	
21	33	25.5139	5	
21	40	21.8669	5	
21	43	4.50011	1	
21	44	26.3984	5	
21	45	2.55291	1	
21	51	4.82404	1	
21	52	4.81723	1	
21	54	3.77449	1	
21	55	4.81353	1	
21	56	24.8348	5	
21	57	21.5138	4	
21	62	6.56424	1	
21	63	17.6184	4	
21	64	11.4192	3	
21	65	25.2908	5	
21	66	32.4866	6	
21	67	17.1573	4	
21	68	3.4571	1	
21	69	2.11532	1	
21	70	3.8984	1	
21	71	3.73802	1	
22	23	4.30765	1	
22	24	18.0365	4	
22	28	8.71655	2	
22	30	4.23605	1	
22	32	4.28678	1	
22	34	5.01568	1	
22	35	18.0746	4	
22	38	2.87271	1	
22	41	24.1731	5	
22	44	19.2165	4	
22	45	4.31155	1	
22	46	10.3338	2	
22	47	3.91516	1	
22	49	21.7737	4	
22	54	3.18562	1	
22	56	5.0312	1	
22	57	6.46245	1	
22	62	24.4839	5	
22	65	7.48122	2	
22	69	5.741	2	
22	71	1.93344	1	
23	24	4.47061	1	
23	25	5.33087	1	
23	26	19.2088	4	
23	30	23.85	5	
23	33	7.34998	1	
23	35	19.5081	5	
23	36	2.34867	1	
23	38	28.8525	7	
23	39	6.2365	1	
23	40	11.1324	2	
23	41	23.1103	4	
23	45	5.15028	1	
23	47	7.06408	1	
23	48	26.0635	5	
23	49	21.9214	5	
23	50	21.8151	5	
23	52	11.1592	3	
23	53	14.9565	5	
23	55	29.8962	6	
23	56	22.8611	5	
23	57	24.5284	5	
23	58	3.89844	1	
23	59	4.47381	1	
23	60	37.5162	8	
23	61	4.97742	1	
23	63	3.6433	1	
23	65	3.79546	1	
23	68	56.2265	11	
24	26	5.57387	1	
24	28	45.5307	9	
24	29	3.50366	1	
24	30	15.8555	3	
24	32	26.057	5	
24	33	23.5331	5	
24	34	4.97124	1	
24	35	22.8616	5	
24	36	15.3463	4	
24	37	13.7873	3	
24	39	8.37392	2	
24	40	21.1069	4	
24	41	6.63849	1	
24	42	44.4163	9	
24	44	7.32136	2	
24	45	3.44433	1	
24	46	7.40361	2	
24	47	2.5684	1	
24	48	29.1891	6	
24	49	3.27586	1	
24	50	6.87808	1	
24	51	6.1028	1	
24	53	24.981	5	
24	55	32.4379	7	
24	56	10.1487	2	
24	57	29.1578	6	
24	58	32.7837	6	
24	59	3.69664	1	
24	60	22.6178	4	
24	61	5.19361	1	
24	62	29.8817	6	
24	63	24.466	6	
24	65	42.8347	9	
24	66	35.1453	8	
24	67	13.9855	3	
24	68	5.85781	1	
24	69	3.77513	1	
25	26	23.9182	5	
25	29	19.3099	4	
25	31	31.3592	7	
25	33	0.633692	1	
25	37	0.624959	1	
25	40	20.4265	4	
25	42	4.83967	1	
25	44	14.7445	4	
25	47	9.02532	2	
25	48	2.12542	1	
25	54	4.09643	1	
25	55	6.60199	1	
25	56	35.7506	7	
25	58	25.0284	5	
25	60	22.762	5	
25	67	9.86187	2	
26	27	7.26537	2	
26	28	21.7809	5	
26	29	5.94214	1	
26	30	45.4898	9	
26	31	3.4308	1	
26	33	6.92445	1	
26	34	18.395	5	
26	35	1.7484	1	
26	36	6.03132	1	
26	37	7.4536	2	
26	39	31.2765	6	
26	40	1.87828	1	
26	41	18.1919	4	
26	44	14.2628	4	
26	45	30.4998	6	
26	47	22.5325	5	
26	48	2.52888	1	
26	49	63.1454	14	
26	50	12.1419	3	
26	51	2.37903	1	
26	52	38.021	8	
26	53	16.398	4	
26	55	2.43086	1	
26	56	21.5275	4	
26	57	25.6246	5	
26	58	27.1873	5	
26	61	2.34065	1	
26	62	20.9993	6	
26	63	12.3574	3	
26	65	3.08503	1	
26	66	22.8836	5	
26	67	4.92391	1	
26	71	7.54288	2	
27	28	6.08673	1	
27	30	27.7137	6	
27	31	2.07465	1	
27	32	25.8157	5	
27	33	6.17589	1	
27	37	26.8588	5	
27	39	4.46328	1	
27	40	23.7915	5	
27	45	31.1449	6	
27	48	9.34563	3	
27	49	9.08789	2	
27	50	22.9726	5	
27	51	9.26959	2	
27	53	3.23585	1	
27	54	39.1947	8	
27	55	5.08013	1	
27	56	23.9979	5	
27	57	5.01504	1	
27	60	4.90435	1	
27	61	3.11199	1	
27	63	27.5981	5	
27	68	43.902	9	
27	70	8.65831	2	
28	33	25.1827	5	
28	34	25.4182	6	
28	41	7.88074	2	
28	42	20.9716	5	
28	45	4.47362	1	
28	48	33.7202	8	
28	49	4.97792	1	
28	51	43.1254	9	
28	58	9.07317	2	
28	61	20.4397	5	
28	63	20.1817	5	
28	64	3.27101	1	
28	65	28.7648	6	
28	67	9.49038	2	
28	69	4.31106	1	
29	31	2.86566	1	
29	32	4.56511	1	
29	33	39.8854	8	
29	34	8.09124	2	
29	35	6.35146	1	
29	38	19.814	4	
29	39	7.61543	2	
29	40	5.10067	1	
29	41	18.1948	4	
29	42	5.61946	1	
29	45	18.6242	4	
29	46	31.829	7	
29	47	24.742	5	
29	48	13.3084	2	
29	50	7.58927	1	
29	52	33.5648	7	
29	53	28.7483	6	
29	54	14.8331	3	
29	55	15.9978	4	
29	57	48.9855	10	
29	58	25.7254	5	
29	59	64.5314	14	
29	60	30.1093	6	
29	62	5.60005	1	
29	63	44.7041	9	
29	66	50.9439	11	
29	67	20.5805	4	
29	69	27.7648	6	
29	70	18.7614	4	
30	31	7.06661	1	
30	32	39.9008	8	
30	33	8.06541	2	
30	34	4.72946	1	
30	35	18.7041	4	
30	37	24.3421	5	
30	38	18.7842	4	
30	39	48.2729	10	
30	40	4.96435	1	
30	41	7.12585	2	
30	42	18.232	4	
30	44	44.3257	10	
30	45	26.672	6	
30	46	2.88306	1	
30	47	6.44068	1	
30	48	9.09606	2	
30	51	24.784	5	
30	52	34.2418	7	
30	53	34.0309	7	
30	55	23.1133	5	
30	56	3.15049	1	
30	57	4.86578	1	
30	58	22.0617	5	
30	59	3.66973	1	
30	60	2.24154	1	
30	61	16.8133	4	
30	62	3.15585	1	
30	63	13.8416	4	
30	65	5.25306	1	
31	35	28.7903	6	
31	36	4.40903	1	
31	37	5.25345	1	
31	38	22.0767	4	
31	39	18.6023	4	
31	40	26.7652	6	
31	41	14.1938	3	
31	42	4.20756	1	
31	45	5.72458	1	
31	46	8.97135	2	
31	47	24.3966	6	
31	48	4.57219	1	
31	49	2.51022	1	
31	50	3.25002	1	
31	51	5.95376	1	
31	53	5.23162	1	
31	54	25.0352	5	
31	55	17.4104	4	
31	56	22.7257	5	
31	57	6.73536	1	
31	59	4.73846	1	
31	62	21.7581	4	
31	65	29.6778	6	
31	66	22.6338	5	
31	67	14.7232	3	
31	68	16.3631	4	
31	69	17.5624	4	
32	33	26.5016	6	
32	36	14.4825	3	
32	37	42.5727	8	
32	38	6.4451	2	
32	39	9.25995	2	
32	41	23.1315	5	
32	44	2.4467	1	
32	45	4.78871	1	
32	46	5.70999	1	
32	47	16.7657	4	
32	49	8.94107	2	
32	50	23.8893	5	
32	51	29.9391	6	
32	52	6.5016	1	
32	53	21.5817	5	
32	55	27.2901	7	
32	56	5.51618	1	
32	57	18.6336	4	
32	59	15.8352	4	
32	60	4.49316	1	
32	61	4.63443	1	
32	66	18.5108	4	
32	67	7.52145	2	
32	68	5.94759	1	
32	70	3.72564	1	
32	71	5.10632	1	
33	34	16.7114	4	
33	36	17.2147	4	
33	37	22.0037	5	
33	38	13.3104	3	
33	39	4.79702	1	
33	40	2.51603	1	
33	41	6.78849	2	
33	42	16.527	4	
33	43	3.50183	1	
33	44	29.1858	6	
33	45	45.8394	9	
33	47	20.7095	5	
33	49	22.5968	5	
33	50	27.839	6	
33	51	4.64292	1	
33	52	9.47513	2	
33	53	29.9528	7	
33	55	2.28434	1	
33	56	29.3747	7	
33	57	5.59206	1	
33	59	2.59374	1	
33	61	20.4193	5	
33	63	26.7925	6	
33	64	2.38918	1	
33	65	22.4564	4	
33	66	8.59063	2	
33	67	20.7945	5	
33	68	3.93934	1	
33	70	3.97421	1	
33	71	9.42045	2	
34	39	11.7787	3	
34	40	3.68547	1	
34	41	11.5856	2	
34	42	3.03324	1	
34	44	6.52967	1	
34	47	20.6299	4	
34	48	21.3177	5	
34	50	3.19045	1	
34	51	2.54257	1	
34	52	19.9189	4	
34	53	19.1527	4	
34	54	6.69745	1	
34	55	4.89851	1	
34	58	20.5935	4	
34	59	10.0273	2	
34	62	21.0738	5	
34	63	1.73054	1	
34	68	14.9053	4	
34	69	27.3348	7	
34	70	8.58707	2	
35	39	7.77626	2	
35	40	24.4427	5	
35	42	23.329	5	
35	45	9.30092	2	
35	51	19.1792	4	
35	52	4.62089	1	
35	55	47.7	10	
35	57	19.4741	4	
35	60	33.0833	7	
35	62	24.4003	5	
35	65	25.8261	5	
35	68	23.2517	5	
36	37	30.8226	7	
36	38	11.3364	3	
36	39	18.9257	5	
36	42	5.05709	1	
36	45	32.1906	7	
36	46	17.4333	4	
36	49	4.16766	1	
36	52	2.18778	1	
36	60	18.7176	4	
36	63	6.93452	1	
36	65	4.59976	1	
36	71	21.0406	5	
37	38	9.38806	2	
37	39	29.2354	6	
37	40	5.22858	1	
37	42	41.7788	9	
37	43	8.55497	2	
37	44	5.36301	1	
37	45	12.6424	3	
37	46	6.6592	1	
37	47	9.15769	2	
37	48	10.7597	3	
37	49	42.7938	9	
37	50	15.7632	4	
37	51	29.9088	7	
37	52	5.35032	1	
37	53	47.8807	10	
37	54	7.4098	2	
37	55	18.478	4	
37	56	17.6415	4	
37	58	32.6599	8	
37	59	2.20609	1	
37	62	5.85411	1	
37	63	4.25181	1	
37	65	8.53635	2	
37	66	4.87019	1	
37	67	11.2307	2	
37	68	10.8068	2	
37	69	13.5027	4	
37	71	25.8148	5	
38	39	27.9845	6	
38	40	25.4561	5	
38	41	3.06977	1	
38	42	19.2608	5	
38	44	26.4987	5	
38	45	4.31888	1	
38	46	22.5179	4	
38	49	27.3633	6	
38	50	3.58489	1	
38	56	27.6619	6	
38	57	34.7434	7	
38	58	15.0109	3	
38	59	3.13047	1	
38	60	4.57785	1	
38	61	6.43987	1	
38	62	26.2677	5	
38	63	6.34591	1	
38	65	5.61632	1	
38	66	21.0047	5	
38	67	41.6882	9	
38	70	18.7987	4	
39	40	16.0261	4	
39	41	18.9853	4	
39	42	21.8677	5	
39	43	22.7778	6	
39	44	4.99668	1	
39	45	6.16484	1	
39	46	8.02028	2	
39	47	27.783	6	
39	49	4.93452	1	
39	50	3.63871	1	
39	52	9.69868	2	
39	54	15.3688	4	
39	55	4.39297	1	
39	58	9.12421	2	
39	60	7.0633	1	
39	61	6.47875	1	
39	62	19.7469	4	
39	63	4.23519	1	
39	65	7.6877	2	
39	66	17.9861	4	
39	67	22.8645	5	
39	68	7.33181	1	
39	69	3.56583	1	
39	70	3.98282	1	
40	41	7.705	2	
40	42	41.4987	9	
40	44	15.8797	4	
40	45	40.2479	9	
40	46	5.98086	2	
40	47	7.10791	2	
40	48	3.061	1	
40	49	18.9473	4	
40	50	2.71326	1	
40	53	6.72697	1	
40	54	5.96489	1	
40	55	6.28028	1	
40	57	20.4662	4	
40	58	2.74266	1	
40	60	21.7641	5	
40	61	11.8692	3	
40	63	10.6084	2	
40	64	12.2135	3	
40	65	58.7772	11	
40	66	22.3355	5	
40	67	34.5887	8	
40	68	15.1333	4	
40	71	3.7484	1	
41	44	25.5151	5	
41	47	18.0173	3	
41	48	25.3199	5	
41	49	52.1741	10	
41	50	10.4543	2	
41	51	33.0437	7	
41	53	7.68066	2	
41	54	27.0985	6	
41	55	7.91119	2	
41	56	6.70736	1	
41	57	6.76386	2	
41	58	13.1535	3	
41	59	4.76581	1	
41	60	2.30501	1	
41	61	28.5441	6	
41	62	13.4389	3	
41	63	6.63413	1	
41	64	49.4139	11	
41	65	6.04599	1	
41	67	23.5369	5	
41	68	18.1269	4	
41	69	7.58094	2	
42	43	34.4433	7	
42	44	16.5584	4	
42	45	10.3699	3	
42	46	4.10347	1	
42	47	50.2288	11	
42	48	4.7406	1	
42	49	22.5755	5	
42	50	27.5236	6	
42	51	24.9482	5	
42	52	60.6324	12	
42	53	20.3055	4	
42	55	31.3956	6	
42	56	17.1263	4	
42	57	27.0258	5	
42	59	5.8722	1	
42	61	22.7774	5	
42	63	3.61765	1	
42	65	26.0547	5	
42	67	3.16228	1	
42	68	2.82498	1	
43	44	3.96347	1	
43	52	24.5641	5	
43	55	19.1179	4	
43	56	1.93919	1	
43	60	2.1062	1	
43	61	2.39027	1	
43	62	19.212	5	
43	63	2.40377	1	
43	67	4.50011	1	
43	68	23.504	5	
43	71	18.6202	4	
44	45	86.683	19	
44	46	22.2264	4	
44	47	48.9125	10	
44	49	20.3749	5	
44	50	18.6559	4	
44	51	19.0777	4	
44	52	21.3155	5	
44	56	24.6075	5	
44	57	3.35262	1	
44	58	4.23391	1	
44	60	3.91296	1	
44	61	44.3239	9	
44	62	25.0482	5	
44	63	4.41928	1	
44	67	46.9203	9	
44	68	38.127	9	
44	70	6.00691	1	
44	71	2.70117	1	
45	46	23.6318	5	
45	47	44.4258	9	
45	49	14.4151	3	
45	50	68.1378	14	
45	51	8.74555	2	
45	52	10.2983	2	
45	53	48.3062	11	
45	56	5.33768	1	
45	57	10.9902	2	
45	58	3.14021	1	
45	59	26.0026	6	
45	60	12.9909	3	
45	61	4.28349	1	
45	62	24.6936	5	
45	63	22.632	5	
45	64	12.2198	3	
45	65	14.6267	3	
45	67	4.27726	1	
45	68	4.63862	1	
45	69	7.73684	2	
45	71	2.7381	1	
46	47	38.3428	8	
46	48	19.6724	5	
46	49	9.64572	2	
46	50	26.5	5	
46	51	21.2583	5	
46	52	23.1206	5	
46	53	5.72229	1	
46	55	6.04732	1	
46	57	9.29246	2	
46	58	10.2741	2	
46	59	26.0569	5	
46	60	28.0581	6	
46	62	2.66979	1	
46	64	4.55517	1	
46	66	5.44866	1	
46	67	9.56557	2	
46	69	27.0289	5	
47	48	6.10671	1	
47	49	6.52005	1	
47	50	24.4732	5	
47	52	15.7068	3	
47	54	17.4798	4	
47	55	3.31331	1	
47	56	24.2706	5	
47	58	11.178	2	
47	59	21.3606	4	
47	60	55.1223	11	
47	61	30.292	6	
47	62	2.86479	1	
47	65	25.8118	5	
47	66	6.91332	2	
47	67	30.0104	6	
47	68	9.59484	2	
47	70	3.89931	1	
47	71	13.0356	4	
48	49	34.7722	7	
48	51	31.9869	7	
48	52	20.4609	4	
48	55	11.8795	3	
48	57	45.8704	10	
48	60	1.76618	1	
48	63	4.14718	1	
48	65	8.20023	2	
48	68	26.7836	5	
48	70	8.32727	2	
48	71	1.95981	1	
49	50	41.7512	9	
49	51	16.6445	3	
49	52	3.99784	1	
49	53	5.38559	1	
49	54	5.11291	1	
49	57	8.15584	2	
49	58	3.80083	1	
49	59	18.6795	4	
49	60	6.12447	1	
49	61	5.4224	1	
49	62	11.2956	2	
49	64	19.702	4	
49	65	22.0527	5	
49	66	21.205	4	
49	67	7.68519	2	
49	68	31.6333	6	
49	71	18.769	4	
50	51	64.3885	13	
50	53	21.8115	4	
50	58	20.5115	5	
50	59	20.3635	4	
50	60	12.0797	3	
50	63	14.0507	3	
50	64	8.90899	2	
50	67	10.7351	2	
50	68	17.1065	4	
50	70	21.455	5	
51	52	39.3018	8	
51	53	28.3868	6	
51	56	25.7469	5	
51	57	9.62697	3	
51	61	3.74114	1	
51	62	4.14622	1	
51	63	27.3311	6	
51	65	5.05057	1	
51	67	20.0364	4	
51	68	7.8452	1	
51	69	3.79893	1	
51	70	5.54338	1	
52	53	53.8042	11	
52	56	7.67395	2	
52	57	17.7301	4	
52	58	24.6721	5	
52	59	10.9461	2	
52	60	5.99853	1	
52	62	7.93662	2	
52	65	2.58397	1	
52	66	17.1562	4	
52	68	5.58107	1	
52	69	12.3783	3	
52	71	32.4783	6	
53	56	6.99199	1	
53	58	24.5111	5	
53	59	27.9667	7	
53	60	19.8905	4	
53	61	7.29915	1	
53	63	5.49652	1	
53	66	6.10411	1	
53	67	6.77497	1	
53	71	28.5293	6	
54	57	4.39927	1	
54	61	7.00584	2	
54	62	21.8619	4	
54	64	10.8003	3	
54	65	37.3782	8	
54	67	3.45158	1	
54	68	34.7428	7	
54	69	4.38832	1	
54	70	5.35753	1	
55	56	50.0495	10	
55	58	31.4281	6	
55	60	19.4609	4	
55	61	10.4476	3	
55	62	28.4682	6	
55	64	20.6707	5	
55	65	25.489	5	
55	67	33.4551	7	
55	68	44.358	9	
55	69	20.0386	4	
55	70	4.54682	1	
56	57	6.8618	1	
56	58	12.0041	2	
56	59	25.0602	5	
56	60	22.9514	5	
56	61	23.5914	5	
56	62	7.18323	1	
56	65	2.70192	1	
56	66	23.8489	5	
56	67	21.2214	5	
56	69	17.4071	3	
56	71	9.9628	3	
57	58	67.0404	14	
57	59	3.05658	1	
57	61	20.3948	4	
57	62	20.8922	4	
57	63	2.99867	1	
57	64	17.7919	5	
57	66	5.93643	1	
57	68	32.8988	7	
57	69	31.648	7	
57	70	16.6757	4	
57	71	26.1841	5	
58	60	6.09865	1	
58	61	28.2126	6	
58	62	23.6558	5	
58	65	6.85382	1	
58	66	2.65473	1	
58	67	23.2208	5	
58	68	3.12658	1	
58	69	5.85596	1	
58	71	27.2816	5	
59	60	32.0133	7	
59	62	5.41069	1	
59	66	2.89611	1	
59	67	2.84142	1	
59	68	10.1637	2	
59	69	4.49807	1	
60	61	2.40346	1	
60	62	5.3776	1	
60	63	32.0269	6	
60	65	26.1585	5	
60	67	30.5381	6	
60	68	32.0241	6	
60	69	22.2379	5	
60	71	22.3651	5	
61	62	49.3251	10	
61	63	8.04525	2	
61	64	17.3942	4	
61	65	6.79292	2	
61	66	5.34454	1	
61	67	18.6173	4	
61	68	10.6251	3	
61	69	4.49937	1	
61	70	12.3709	3	
61	71	6.53818	2	
62	63	27.5641	6	
62	68	16.4979	4	
62	69	26.1429	6	
62	71	4.59483	1	
63	64	3.38223	1	
63	65	3.97758	1	
63	66	5.50139	1	
63	67	94.0372	20	
63	68	22.9328	5	
63	69	44.1119	9	
63	71	5.1423	1	
64	65	33.6007	7	
64	67	19.2729	4	
64	68	12.9095	3	
64	69	27.2417	6	
65	66	22.1143	5	
65	67	6.58301	1	
65	68	20.0254	4	
65	69	12.2636	3	
66	67	33.5082	7	
66	68	4.44501	1	
66	70	7.80929	2	
66	71	5.43353	1	
67	68	3.11733	1	
67	69	23.8739	5	
68	69	4.10319	1	
68	70	27.0626	6	
68	71	5.73545	1	
69	70	31.2073	7	
69	71	2.9567	1	
