0	1	54.7945	12	
0	2	237.875	51	
0	3	301.917	63	
0	4	177.963	38	
0	5	101.817	22	
0	6	186.512	41	
0	7	137.628	29	
0	8	89.4658	19	
0	9	255.684	53	
0	10	300.912	66	
0	11	39.2162	8	
0	12	75.0016	15	
0	13	53.7246	13	
0	14	38.1566	8	
0	15	39.8738	10	
0	16	55.9108	12	
0	17	57.3519	13	
0	18	24.0555	4	
0	19	29.8804	6	
0	20	38.1087	9	
0	21	118.056	23	
0	22	56.5021	14	
0	23	19.9461	5	
0	24	10.8865	2	
0	25	16.0616	4	
0	26	115.108	23	
0	28	37.3782	8	
0	29	34.1574	7	
0	30	78.1049	18	
0	31	8.32727	2	
1	2	49.8691	11	
1	3	31.191	7	
1	4	111.819	24	
1	5	69.1838	14	
1	6	128.778	26	
1	7	15.8035	3	
1	8	4.98282	1	
1	9	61.3741	12	
1	10	103.12	21	
1	11	51.9415	11	
1	16	19.2716	4	
1	17	4.10146	1	
1	18	8.31393	2	
1	19	4.91048	1	
1	20	34.0096	8	
1	21	6.17589	1	
1	23	1.9305	1	
1	25	16.7647	4	
1	26	23.7915	5	
1	27	13.9627	3	
1	28	39.1947	8	
1	29	8.65412	2	
1	30	32.9159	7	
1	31	9.62097	3	
2	3	381.852	79	
2	4	200.059	44	
2	5	369.617	81	
2	6	242.922	53	
2	7	77.6323	17	
2	8	108.913	26	
2	9	205.241	45	
2	10	475.672	103	
2	11	21.3973	4	
2	12	113.054	23	
2	13	50.4601	9	
2	14	44.2288	8	
2	15	23.0141	6	
2	16	61.0148	13	
2	17	80.4373	17	
2	18	61.7746	13	
2	19	30.4457	6	
2	20	90.5439	19	
2	21	35.6704	8	
2	22	34.0164	7	
2	23	13.287	4	
2	24	70.0784	15	
2	25	33.2617	7	
2	26	49.677	11	
2	27	35.8336	9	
2	28	20.3586	5	
2	29	117.524	26	
2	30	25.2306	6	
2	31	40.792	10	
3	4	176.544	39	
3	5	259.039	57	
3	6	357.534	74	
3	7	188.35	40	
3	8	67.7809	16	
3	9	159.322	36	
3	10	437.786	95	
3	11	48.4668	10	
3	12	60.0207	13	
3	13	56.7824	13	
3	15	6.16492	2	
3	16	72.7457	16	
3	17	52.7402	11	
3	18	41.0231	9	
3	19	6.68964	2	
3	20	68.5413	16	
3	21	79.0141	18	
3	22	40.9593	10	
3	23	25.1203	6	
3	24	32.2549	8	
3	25	42.1306	10	
3	26	64.5267	15	
3	27	56.0354	12	
3	28	2.24687	1	
3	29	33.0399	8	
3	30	20.542	5	
3	31	2.77169	1	
4	5	320.498	67	
4	6	131.423	30	
4	7	83.2859	16	
4	8	75.3501	17	
4	9	238.343	51	
4	10	385.265	87	
4	11	41.3627	9	
4	12	86.8163	18	
4	13	31.1591	6	
4	14	7.12124	2	
4	15	25.2168	5	
4	16	59.6571	13	
4	17	33.5325	7	
4	18	69.5465	15	
4	19	55.1065	12	
4	20	84.3519	19	
4	21	45.7447	11	
4	22	9.87527	2	
4	23	25.8183	6	
4	24	89.625	19	
4	25	18.6023	4	
4	26	72.6973	15	
4	27	21.4037	5	
4	28	44.347	9	
4	29	61.3444	12	
4	30	85.3685	18	
5	6	209.529	45	
5	7	58.2821	13	
5	8	47.0312	11	
5	9	202.315	44	
5	10	490.908	107	
5	11	21.4754	5	
5	12	27.0087	6	
5	13	68.9144	15	
5	14	22.9121	5	
5	15	24.4887	6	
5	16	54.9987	11	
5	17	22.4871	6	
5	18	57.3162	12	
5	19	36.2041	8	
5	20	113.459	24	
5	21	56.6728	12	
5	22	11.4578	2	
5	23	23.9888	5	
5	24	44.2122	10	
5	25	62.3786	13	
5	26	51.0635	11	
5	27	2.78783	2	
5	28	34.9569	8	
5	29	54.4311	12	
5	30	12.7694	3	
5	31	14.7488	3	
6	7	140.775	30	
6	8	74.637	16	
6	9	133.367	29	
6	10	386.749	83	
6	11	45.3147	10	
6	12	79.154	17	
6	13	1.79019	1	
6	14	21.2109	4	
6	16	35.1424	7	
6	17	66.8308	15	
6	18	46.5368	10	
6	19	4.42041	2	
6	20	24.5899	6	
6	21	84.8707	19	
6	22	2.86651	1	
6	23	54.0217	12	
6	24	33.6737	8	
6	25	51.2139	11	
6	26	22.9218	6	
6	27	31.8072	7	
6	28	13.8136	3	
6	29	9.26212	2	
6	30	28.2743	7	
6	31	19.3023	5	
7	8	81.0955	16	
7	9	88.0945	20	
7	10	139.424	30	
7	11	7.11313	2	
7	12	24.9394	5	
7	13	2.74809	1	
7	14	4.49287	1	
7	15	6.85979	2	
7	16	24.3871	5	
7	17	32.1447	7	
7	18	7.19717	1	
7	20	63.1454	14	
7	21	57.0697	12	
7	22	11.2073	2	
7	23	12.6167	3	
7	24	29.669	7	
7	25	15.4139	4	
7	26	30.5892	7	
7	28	30.3614	7	
7	29	14.086	3	
7	30	21.205	4	
7	31	7.37686	2	
8	9	82.7286	18	
8	10	161.758	35	
8	11	5.98719	1	
8	12	26.6942	6	
8	13	2.19989	1	
8	14	23.0209	5	
8	15	3.32515	1	
8	16	3.49881	1	
8	17	22.4402	5	
8	18	7.90825	2	
8	19	11.4192	3	
8	20	18.1919	4	
8	21	9.17767	3	
8	22	11.5856	2	
8	24	3.06977	1	
8	25	18.9853	4	
8	26	19.9185	5	
8	28	37.8989	9	
8	29	13.4389	3	
9	10	317.427	68	
9	11	45.3103	10	
9	12	68.0041	13	
9	14	35.3913	7	
9	16	0.47585	1	
9	17	23.3836	5	
9	18	87.6394	19	
9	19	8.27063	2	
9	20	23.388	6	
9	21	13.5737	3	
9	22	19.8038	5	
9	23	2.34867	1	
9	24	28.8525	7	
9	25	25.7375	5	
9	26	56.9887	12	
9	27	42.6219	9	
9	28	34.7428	7	
9	29	69.3664	15	
9	30	4.44501	1	
9	31	31.6095	7	
10	11	67.3963	15	
10	12	76.5	17	
10	13	101.267	21	
10	14	53.4905	12	
10	15	85.2275	17	
10	16	178.57	40	
10	17	104.726	24	
10	18	50.86	12	
10	19	69.15	16	
10	20	74.2082	17	
10	21	162.208	36	
10	22	72.6738	17	
10	23	50.464	11	
10	24	104.017	22	
10	25	84.5375	19	
10	26	111.581	26	
10	27	10.9918	4	
10	28	40.1527	9	
10	29	99.1659	22	
10	30	102.487	23	
10	31	67.5989	15	
11	13	2.59919	1	
11	16	3.92277	1	
11	17	4.22821	1	
11	18	18.0877	4	
11	20	23.9917	5	
11	21	43.3091	9	
11	24	27.249	5	
11	26	45.2086	9	
12	14	27.3973	5	
12	16	30.9662	6	
12	17	25.361	6	
12	19	29.859	6	
12	20	10.3234	2	
12	22	24.5883	4	
12	23	12.9528	3	
12	24	6.40329	2	
12	25	15.311	4	
12	26	4.59234	1	
12	27	4.91063	1	
12	28	3.13983	1	
12	29	33.9462	7	
12	30	25.2548	5	
12	31	29.3073	6	
13	17	4.25388	2	
13	18	3.09513	1	
13	20	7.35435	1	
13	21	5.75884	1	
13	25	14.2435	4	
13	26	5.32318	1	
13	29	23.9935	5	
14	15	3.02512	1	
14	16	14.1122	3	
14	17	14.5274	4	
14	18	4.15666	2	
14	19	23.8827	5	
14	20	23.9251	5	
14	22	29.8745	5	
14	25	4.76328	1	
14	29	4.56176	1	
14	30	3.67273	1	
14	31	3.41334	1	
15	16	3.17292	1	
15	18	18.0821	4	
15	19	2.98917	1	
15	22	17.9834	4	
15	25	12.9674	3	
15	26	3.30961	1	
15	28	4.15216	1	
15	29	17.8564	4	
15	30	4.36922	1	
16	17	11.4419	3	
16	18	4.44161	1	
16	19	4.52284	1	
16	20	10.7483	2	
16	21	10.1751	2	
16	23	19.5482	5	
16	24	3.62503	1	
16	25	45.0765	10	
16	27	3.90035	1	
16	29	13.8952	3	
16	30	12.9605	3	
16	31	56.4468	12	
17	20	18.1179	4	
17	21	6.81007	1	
17	22	9.96362	2	
17	23	5.21972	1	
17	24	8.62705	2	
17	25	19.1529	4	
17	26	9.87943	2	
17	27	23.0953	5	
17	28	23.4585	5	
17	30	28.5777	5	
17	31	4.37152	1	
18	19	5.28304	1	
18	20	3.25819	1	
18	21	3.98473	1	
18	22	18.9506	4	
18	23	3.43005	1	
18	24	4.94455	1	
18	25	5.33466	1	
18	27	19.762	4	
18	31	22.9098	5	
19	20	13.9399	3	
19	21	25.5139	5	
19	26	21.8669	5	
19	27	4.50011	1	
19	28	3.77449	1	
19	29	6.56424	1	
19	30	32.4866	6	
19	31	3.8984	1	
20	21	6.92445	1	
20	22	18.395	5	
20	23	6.03132	1	
20	25	31.2765	6	
20	26	1.87828	1	
20	29	20.9993	6	
20	30	22.8836	5	
21	22	16.7114	4	
21	23	17.2147	4	
21	24	13.3104	3	
21	25	4.79702	1	
21	26	2.51603	1	
21	27	3.50183	1	
21	30	8.59063	2	
21	31	3.97421	1	
22	25	11.7787	3	
22	26	3.68547	1	
22	28	6.69745	1	
22	29	21.0738	5	
22	31	8.58707	2	
23	24	11.3364	3	
23	25	18.9257	5	
24	25	27.9845	6	
24	26	25.4561	5	
24	29	26.2677	5	
24	30	21.0047	5	
24	31	18.7987	4	
25	26	16.0261	4	
25	27	22.7778	6	
25	28	15.3688	4	
25	29	19.7469	4	
25	30	17.9861	4	
25	31	3.98282	1	
26	28	5.96489	1	
26	30	22.3355	5	
27	29	19.212	5	
28	29	21.8619	4	
28	31	5.35753	1	
30	31	7.80929	2	
