13 21 38 47 55 60 68 77 90 107 140 233 297 354 355 365 461 
31 40 42 59 64 78 83 85 93 133 137 174 209 212 337 339 340 390 436 
9 12 41 49 66 69 71 100 101 120 136 166 220 317 318 351 
1 8 28 62 63 65 76 103 113 118 138 154 179 180 200 227 247 278 279 302 421 
29 44 46 86 98 105 106 119 122 155 213 234 235 239 250 257 277 278 287 304 336 344 351 356 370 374 383 393 400 403 440 481 493 
27 33 39 73 117 146 147 178 198 211 242 254 265 269 271 282 289 295 310 329 346 354 368 390 396 398 402 408 419 424 436 441 475 
19 31 39 46 82 108 116 128 129 134 142 151 160 228 230 241 244 259 264 292 294 304 308 311 317 326 328 332 347 363 380 385 386 389 390 405 407 412 413 417 427 435 440 447 451 454 471 483 484 485 
19 31 39 46 82 94 116 119 128 129 134 213 228 230 239 259 294 304 308 326 328 332 336 360 363 383 385 386 389 390 393 395 405 407 412 427 435 442 447 451 454 484 
14 36 54 81 102 119 148 151 173 203 222 225 246 263 266 280 299 300 303 304 305 313 321 324 340 360 367 376 382 384 387 391 405 406 410 414 428 429 431 433 445 447 450 452 458 460 478 
2 3 5 27 30 33 35 37 39 44 50 52 53 70 79 89 99 110 117 118 131 146 147 157 162 165 175 178 182 186 198 205 207 209 211 217 229 238 242 251 252 254 265 270 271 282 283 289 295 296 307 310 312 314 323 328 329 340 345 346 348 354 359 368 389 390 392 394 396 398 401 402 407 408 415 418 419 424 436 441 442 444 448 460 464 472 475 476 491 499 
2 5 6 22 24 27 31 32 35 43 50 56 61 72 79 99 111 126 127 131 135 149 152 161 164 165 167 175 177 182 191 205 217 228 229 255 270 285 286 296 306 309 310 312 314 335 339 363 375 392 394 395 398 411 415 421 431 432 442 443 444 451 464 470 474 475 476 482 489 491 495 500 
4 14 45 61 108 119 122 136 158 159 181 189 194 195 214 216 218 236 272 290 298 301 310 330 346 373 375 405 425 430 456 458 461 464 484 498 
11 75 81 102 109 114 119 122 140 148 153 163 169 173 203 206 222 225 245 246 255 263 266 273 280 299 300 303 304 305 313 321 324 333 339 349 360 363 367 376 382 384 387 388 391 405 410 414 428 429 445 450 452 478 
3 10 14 19 30 33 35 37 44 50 52 53 58 61 65 67 70 73 74 79 87 89 94 95 97 99 110 115 118 123 131 134 139 143 157 162 165 175 182 184 185 190 202 205 206 209 210 215 220 229 233 252 255 260 262 263 268 272 275 292 296 297 310 311 312 314 326 328 341 354 357 358 375 377 379 389 392 394 398 401 403 408 415 418 420 427 438 439 440 442 444 449 451 454 457 461 464 465 467 468 471 475 476 477 481 482 483 488 491 492 494 495 499 
19 33 58 65 87 94 134 143 185 202 206 210 233 255 272 275 357 398 399 438 444 449 451 461 465 467 477 488 494 
10 14 19 44 61 67 73 74 95 97 123 139 184 190 215 220 233 260 262 263 268 272 326 341 354 356 358 364 377 378 379 401 403 418 420 439 468 481 492 495 
15 33 46 47 48 68 88 92 97 121 130 132 133 170 172 173 175 199 201 207 228 237 243 251 252 256 270 274 282 283 286 293 307 312 316 317 320 322 323 331 334 340 345 348 352 359 361 362 371 378 380 392 394 401 415 418 419 422 442 443 446 448 455 456 459 460 472 475 476 480 486 
2 6 17 22 23 24 27 31 32 43 46 47 50 51 56 57 61 68 72 81 91 92 97 108 111 112 118 119 120 121 124 125 126 127 132 135 142 144 149 151 152 160 161 164 166 167 170 172 173 175 177 182 183 191 199 201 206 207 215 217 224 226 228 237 241 243 244 251 252 255 256 258 264 270 271 274 278 282 285 286 288 291 292 293 306 307 309 311 314 315 316 317 320 322 323 328 331 333 334 335 337 345 346 347 348 352 353 355 359 361 362 363 371 375 378 380 383 395 397 398 401 406 410 411 413 417 418 419 422 431 432 436 438 439 440 441 443 445 446 447 448 451 452 453 454 455 456 459 460 470 471 472 480 482 483 485 486 489 495 499 500 
17 46 47 68 91 92 119 121 132 144 166 170 173 175 191 199 215 226 228 237 256 258 282 288 291 293 315 317 322 331 334 352 355 359 361 362 378 380 418 419 422 438 439 446 453 455 459 460 480 486 
23 51 57 97 108 124 125 132 172 201 243 258 274 295 316 320 371 438 441 443 460 500 
20 34 50 79 81 97 126 135 136 141 145 173 176 177 183 196 222 223 224 281 285 286 297 299 307 309 310 314 333 335 347 351 365 376 384 395 397 406 410 411 421 432 433 445 452 470 478 482 489 500 
16 17 35 56 67 68 84 91 96 104 108 112 119 123 127 128 132 139 142 144 149 150 151 156 159 160 164 166 167 187 190 191 192 193 204 206 215 217 219 221 224 226 230 232 241 244 248 258 259 264 271 278 281 282 283 284 288 291 292 299 309 311 315 317 318 326 327 328 337 338 342 343 346 347 349 352 353 355 358 359 361 362 372 377 378 380 381 404 413 416 417 418 421 423 426 434 437 438 439 440 441 443 453 454 462 466 469 471 474 477 479 483 484 485 490 492 496 497 500 
7 28 32 61 72 79 84 92 104 111 126 135 140 142 152 156 159 161 168 175 177 181 182 186 187 191 192 193 195 204 208 217 219 228 230 232 237 238 241 244 248 253 255 258 261 264 269 270 271 283 284 285 286 292 299 306 309 311 314 318 327 330 331 335 337 338 339 342 343 346 349 350 366 367 372 373 374 375 380 381 389 395 398 399 404 409 411 416 418 421 422 426 430 432 434 437 443 446 453 455 461 462 464 466 470 473 474 479 480 482 483 484 489 490 496 497 500 
18 25 27 35 39 47 65 67 73 74 84 95 96 104 115 140 150 159 166 171 176 184 188 190 192 197 204 209 217 219 220 221 224 230 240 248 249 258 260 262 267 268 271 276 282 284 309 318 319 326 330 337 338 341 343 346 355 358 362 364 369 372 377 379 388 403 404 416 418 420 423 426 431 434 437 439 443 453 456 462 463 468 469 481 484 487 492 497 499 
18 26 28 79 80 99 165 168 186 208 231 238 242 253 261 269 270 283 286 312 325 350 365 366 374 392 395 399 409 419 442 444 453 457 464 465 473 475 476 494 499 
24 31 43 56 112 118 120 127 149 164 167 182 271 306 337 362 436 443 451 495 499 
18 25 27 39 47 65 91 96 115 119 132 140 144 150 162 163 166 169 171 173 176 188 197 209 221 224 226 240 245 249 266 267 273 276 282 288 291 305 315 319 330 362 364 367 369 378 380 384 388 391 403 422 423 431 439 456 463 469 471 487 499 
