1 5 14 15 20 28 30 31 34 35 40 46 48 53 56 57 59 60 62 64 72 75 77 79 81 85 87 90 91 93 95 97 98 101 102 104 107 110 114 116 118 119 121 122 123 124 128 129 132 133 136 137 139 141 145 149 150 152 153 156 157 158 159 160 163 164 165 166 169 170 171 175 176 177 180 181 187 188 191 192 194 195 196 198 200 204 205 206 209 211 216 217 219 222 223 224 226 227 228 230 233 236 238 240 246 247 248 251 255 257 260 262 263 266 267 269 270 271 274 276 277 279 285 286 287 288 291 292 294 295 298 299 
11 23 27 52 57 64 66 71 76 81 82 86 94 112 117 128 133 142 165 167 169 170 174 183 186 187 199 207 212 213 214 218 221 223 225 233 235 250 258 261 268 272 279 291 293 
41 57 58 67 68 74 79 83 89 96 99 108 116 125 127 129 134 135 140 145 147 168 173 178 182 183 184 185 189 190 196 197 201 202 204 207 210 222 226 232 234 237 239 240 241 242 244 246 249 251 253 258 259 264 268 269 271 273 276 280 283 284 290 292 294 297 300 
1 2 15 17 25 30 38 40 46 48 57 59 60 62 65 67 69 72 74 77 85 91 94 95 96 99 100 101 102 104 105 109 110 111 113 114 116 117 118 121 125 127 128 135 140 141 148 149 151 153 158 159 164 165 168 171 172 173 174 177 178 180 182 183 184 185 195 196 200 202 203 204 205 206 208 209 210 211 214 215 223 224 227 228 229 230 231 237 242 243 245 246 248 252 254 257 259 260 265 266 268 269 270 276 277 278 280 282 284 285 288 290 292 293 294 295 296 298 299 300 
29 30 37 44 45 47 49 50 54 55 56 59 84 87 94 96 102 103 104 114 116 118 126 128 141 149 152 159 163 164 165 177 180 196 204 206 209 212 217 220 223 224 227 234 236 256 277 288 289 292 298 
4 8 12 18 33 34 49 63 65 70 74 78 105 108 115 121 122 130 143 154 155 158 162 174 205 212 250 261 298 
5 8 20 24 28 29 31 34 35 37 44 45 47 50 53 55 59 60 72 79 89 90 93 98 104 107 124 133 136 138 143 145 149 150 163 167 169 171 175 176 191 192 194 205 210 216 217 226 228 230 240 247 250 251 259 262 263 266 269 270 271 275 285 287 290 295 298 
3 6 7 9 10 13 16 19 24 26 28 36 43 54 56 57 61 66 73 75 80 82 83 84 87 89 92 96 97 103 106 107 108 119 121 123 126 131 132 139 152 154 156 157 159 160 163 166 169 181 188 198 200 219 220 231 236 238 246 255 256 267 271 274 275 281 286 289 291 294 
5 29 30 37 44 45 47 50 55 59 79 94 96 104 114 116 118 128 141 159 163 164 165 177 180 196 204 206 209 212 217 223 224 227 234 254 277 288 292 298 
6 26 34 35 58 66 68 75 80 82 89 92 96 107 109 116 119 123 129 132 134 137 139 147 150 160 166 168 177 181 183 186 188 189 190 196 197 200 201 204 207 217 219 222 229 232 234 237 238 239 241 244 246 249 253 255 258 264 271 273 274 281 283 286 288 291 292 297 
13 19 32 41 42 51 54 56 57 58 61 66 68 73 74 83 84 87 88 94 97 106 120 126 129 131 132 134 137 138 144 146 147 150 152 156 157 160 161 163 179 181 183 188 189 190 193 194 197 198 201 204 207 210 220 221 222 224 232 234 236 239 241 242 244 249 250 253 255 256 258 264 267 271 273 275 276 283 286 289 292 294 297 
5 6 17 21 22 23 25 26 27 29 30 32 35 37 39 41 42 43 44 45 47 49 50 51 52 55 56 57 58 59 64 65 66 67 69 70 71 72 74 75 76 80 81 82 83 86 87 88 89 92 93 94 96 97 99 100 104 105 106 107 108 109 111 112 113 114 115 116 117 118 119 120 122 123 125 126 127 128 130 131 132 133 134 135 137 138 139 140 141 142 143 144 145 146 147 148 150 151 152 154 155 159 160 161 162 163 164 165 166 167 168 169 170 172 173 174 175 177 178 179 180 181 182 183 184 185 186 187 188 189 190 191 192 193 196 197 198 199 200 201 202 203 204 205 207 208 209 210 212 213 214 215 216 217 218 219 220 221 222 223 224 225 227 229 231 232 233 234 235 236 237 238 239 240 241 242 243 244 245 246 249 250 252 253 254 255 256 258 259 261 263 264 265 267 268 271 272 273 274 275 276 277 278 279 280 281 282 283 284 286 288 290 291 292 293 294 296 297 298 300 
19 32 38 42 51 54 56 61 72 73 82 83 84 87 88 89 94 97 99 103 105 106 120 125 126 131 135 137 138 144 146 150 152 156 157 161 163 169 177 179 193 198 202 204 220 221 224 231 236 247 250 256 259 267 271 275 286 289 292 294 297 299 
6 26 34 35 41 57 58 66 68 75 80 82 89 92 96 107 108 109 116 119 123 129 132 134 137 139 140 147 150 160 166 168 177 181 183 188 189 190 193 196 197 200 201 204 207 217 219 222 225 229 232 234 238 239 241 242 244 246 249 253 255 258 264 268 271 273 274 276 281 283 286 291 292 297 
19 38 54 56 61 72 73 82 83 84 87 89 97 103 105 106 118 126 131 137 149 152 156 157 163 169 183 190 197 198 204 207 220 221 224 231 232 236 239 244 256 267 271 275 286 289 292 294 297 
4 5 8 14 18 20 23 27 28 29 30 31 33 34 37 40 44 45 47 48 49 50 52 53 55 57 59 60 63 64 65 71 72 76 78 79 81 86 89 90 91 93 94 95 96 98 104 107 112 114 116 118 124 128 133 136 137 141 142 145 149 150 153 158 159 163 164 165 167 169 170 171 174 175 176 177 179 180 183 186 187 191 192 194 195 199 200 204 205 206 209 211 212 213 214 216 217 218 221 222 223 225 226 227 228 230 233 234 235 240 246 247 248 250 251 257 260 261 262 263 266 269 270 271 272 275 277 279 285 287 288 292 293 295 298 299 
8 17 38 56 67 69 72 75 88 94 96 99 105 109 111 116 120 125 127 131 135 138 140 144 146 147 161 170 173 177 178 179 182 184 185 193 202 210 231 237 242 244 249 252 259 268 276 280 284 290 294 300 
