1 2 101 102 229 231 200 268 77 46 15 110 206 242 276 85 117 62 
257 260 266 269 14 270 149 153 285 158 295 40 171 299 48 195 211 91 222 95 228 230 246 248 
130 162 261 70 39 154 168 74 109 205 143 49 115 21 22 281 122 155 
3 36 7 9 10 43 169 13 16 24 57 
265 148 278 151 25 282 38 296 172 183 203 208 215 100 113 243 245 252 254 
33 65 34 4 8 105 12 108 78 174 18 121 63 
11 142 272 23 279 27 293 167 170 52 186 187 64 199 71 76 81 213 214 86 218 225 233 235 112 
96 37 104 234 298 44 45 47 50 212 180 55 217 29 
137 138 144 146 19 150 286 32 161 294 297 42 179 51 193 88 221 94 120 250 
128 5 141 277 30 159 288 163 164 165 292 177 59 196 204 209 223 224 227 114 116 118 
256 131 267 275 152 156 157 289 54 56 61 198 72 73 82 83 84 87 220 97 103 106 236 126 
133 262 263 136 145 20 28 31 287 175 176 53 60 191 192 194 79 216 89 90 93 98 226 107 240 247 251 124 
132 6 139 274 26 160 35 291 166 181 188 189 66 75 80 219 92 238 119 123 255 
259 135 140 17 280 284 290 300 173 178 182 184 185 67 69 202 210 99 237 111 125 127 
129 258 134 264 271 273 147 283 41 58 190 68 197 201 207 232 239 241 244 249 253 
