#module 0 size: 80 bs: 0.000394976
18 23 38 46 69 86 94 111 140 155 180 188 206 240 248 254 270 281 290 300 306 311 312 313 319 332 336 358 363 371 375 397 404 406 414 418 420 427 440 442 444 445 460 465 471 477 478 501 532 534 554 555 568 576 589 616 629 631 632 634 635 646 658 660 675 678 707 722 740 745 755 789 795 810 811 812 832 857 863 869 
#module 1 size: 58 bs: 0.0018906
3 8 20 55 85 91 98 120 142 153 191 208 250 261 265 282 286 340 362 374 396 403 423 426 427 428 430 483 506 519 525 531 565 566 572 581 594 610 612 619 620 626 627 637 647 654 680 685 690 703 739 763 782 796 800 827 863 871 
#module 2 size: 29 bs: 1
43 107 169 182 192 223 273 286 348 364 406 419 443 466 480 530 532 546 560 714 749 752 808 811 818 837 853 856 885 
#module 3 size: 26 bs: 1
59 73 147 179 202 204 221 227 284 285 326 334 480 503 538 550 569 580 613 641 644 691 692 698 839 898 
#module 4 size: 27 bs: 1
84 113 170 190 211 217 238 257 269 330 449 469 634 663 668 690 692 723 729 753 759 781 817 836 851 870 872 
#module 5 size: 21 bs: 1
132 150 157 158 172 204 222 264 274 369 384 424 510 515 532 540 648 662 717 729 894 
#module 6 size: 19 bs: 1
28 72 139 148 237 299 308 340 434 493 505 555 590 603 639 652 699 771 775 
#module 7 size: 21 bs: 1
47 79 104 219 263 272 325 463 539 549 562 563 645 651 675 736 746 748 767 878 886 
#module 8 size: 24 bs: 1
41 44 50 103 151 167 253 288 379 394 464 489 498 623 636 679 725 728 773 777 785 822 828 896 
#module 9 size: 36 bs: 1
9 56 152 161 176 236 247 275 280 287 301 322 340 366 398 441 453 511 523 527 536 570 624 664 667 764 767 776 779 792 797 841 865 866 880 884 
#module 10 size: 32 bs: 1
54 97 143 145 150 205 207 220 296 315 324 339 391 407 421 440 445 514 522 545 625 683 684 692 695 713 721 734 747 813 816 889 
#module 11 size: 31 bs: 1
95 163 228 328 333 338 344 357 365 373 392 445 452 524 531 533 559 573 579 595 605 606 644 731 751 765 814 824 846 852 861 
#module 12 size: 30 bs: 1
7 37 57 96 99 126 198 303 346 382 482 545 609 622 651 679 689 693 704 706 742 744 750 754 760 783 788 830 843 850 
#module 13 size: 26 bs: 1
45 67 108 116 173 184 194 213 252 267 321 329 352 376 378 389 545 597 615 639 642 705 769 830 848 874 
#module 14 size: 28 bs: 1
59 78 82 123 136 157 193 293 311 318 320 338 399 434 494 496 499 516 518 527 608 655 686 702 768 801 838 868 
#module 15 size: 26 bs: 1
11 25 75 81 109 141 209 230 370 411 472 486 527 529 544 588 617 628 684 719 761 794 806 819 851 900 
#module 16 size: 19 bs: 1
4 74 87 203 236 295 337 349 387 400 431 435 480 657 711 830 844 845 888 
#module 17 size: 28 bs: 1
33 40 127 131 139 150 154 177 200 210 239 251 307 327 341 354 422 436 475 481 512 525 574 575 605 651 726 812 
#module 18 size: 31 bs: 1
5 30 39 134 162 171 214 283 316 322 343 358 372 381 402 446 485 487 513 557 564 609 662 709 716 746 766 800 806 856 881 
#module 19 size: 23 bs: 1
156 212 260 262 319 356 367 386 429 472 539 556 638 663 670 679 697 710 785 842 849 868 898 
#module 20 size: 36 bs: 1
14 34 114 118 183 185 232 234 305 310 346 360 395 434 447 457 505 507 559 589 611 631 643 650 663 666 672 700 706 708 718 726 732 793 881 891 
#module 21 size: 31 bs: 1
12 36 71 124 129 186 235 279 282 317 338 405 430 484 492 505 526 553 596 600 666 677 730 750 775 798 805 821 835 841 842 
#module 22 size: 25 bs: 1
2 17 51 79 115 149 157 159 181 187 199 233 256 289 305 343 347 359 409 490 577 700 774 809 833 
#module 23 size: 33 bs: 1
24 61 65 89 119 196 215 216 229 242 256 278 291 331 335 345 437 456 483 518 537 547 617 633 701 724 743 746 802 823 840 864 875 
#module 24 size: 15 bs: 1
16 48 117 135 258 292 475 676 700 806 831 834 860 882 893 
#module 25 size: 27 bs: 1
76 105 130 195 218 224 244 276 350 401 455 508 509 517 555 589 592 599 614 621 656 694 733 741 772 862 883 
#module 26 size: 41 bs: 1
6 42 49 66 83 198 231 255 314 319 322 334 342 352 377 413 417 443 451 458 470 473 479 488 504 543 567 616 701 709 732 757 758 766 791 799 807 844 855 873 897 
#module 27 size: 27 bs: 1
19 88 90 133 146 160 197 355 390 404 495 518 520 523 531 561 617 649 659 681 687 735 756 762 803 826 895 
#module 28 size: 17 bs: 1
52 101 122 247 388 409 416 490 521 525 542 653 737 818 876 887 899 
#module 29 size: 22 bs: 1
1 13 80 93 106 128 241 245 361 432 438 500 571 586 607 618 688 727 858 877 879 890 
#module 30 size: 24 bs: 1
100 125 189 277 304 368 383 408 433 448 502 548 552 578 582 587 640 662 682 778 790 804 841 847 
#module 31 size: 17 bs: 1
53 70 77 164 249 302 410 450 493 497 551 598 705 712 720 854 898 
#module 32 size: 18 bs: 1
21 27 121 232 266 309 320 353 360 486 493 570 583 604 673 721 775 876 
#module 33 size: 24 bs: 1
22 31 62 64 144 201 246 294 323 385 454 459 474 504 584 605 704 733 769 787 812 829 867 892 
#module 34 size: 19 bs: 1
35 60 63 102 165 166 225 243 259 271 558 570 580 585 616 661 715 750 780 
#module 35 size: 16 bs: 1
10 32 268 297 298 355 415 439 476 521 593 666 674 738 770 820 
#module 36 size: 30 bs: 1
15 29 68 110 112 137 138 168 178 222 270 306 380 393 412 461 462 468 485 491 535 541 630 669 671 696 766 800 825 868 
#module 37 size: 24 bs: 1
26 58 92 174 175 226 351 384 425 431 467 528 591 601 602 631 661 665 731 784 786 815 859 896 
