0	2	2.67926	1	
0	3	2.17939	1	
0	4	3.45377	1	
0	5	2.87812	1	
0	7	7.24935	2	
0	9	8.38348	2	
0	10	2.76797	1	
0	11	4.63558	1	
0	13	22.6722	5	
0	14	45.2257	10	
0	15	3.37673	1	
0	18	25.8173	6	
0	19	3.51535	1	
0	21	2.37263	1	
0	22	27.214	5	
0	23	4.60073	1	
0	24	10.9098	2	
0	28	3.71167	1	
0	30	9.18229	2	
0	31	34.0597	8	
0	32	25.1295	5	
0	33	19.9414	5	
0	34	4.57692	1	
0	37	4.30846	1	
0	38	2.17939	1	
0	39	32.9927	7	
0	41	27.8334	6	
0	42	15.9144	4	
1	3	12.5642	3	
1	4	22.7537	5	
1	5	10.5685	2	
1	7	59.9871	13	
1	8	3.09795	1	
1	9	45.0682	9	
1	10	42.6693	9	
1	13	3.68775	1	
1	14	16.9335	4	
1	18	6.01292	2	
1	19	21.2085	5	
1	20	17.5648	4	
1	21	18.5185	4	
1	22	3.21786	1	
1	24	23.9706	5	
1	26	25.3554	5	
1	28	2.12568	1	
1	29	40.8338	9	
1	31	23.9038	5	
1	33	27.6509	6	
1	34	26.9284	6	
1	35	6.26049	1	
1	36	5.1226	1	
1	38	31.7515	6	
1	41	43.3026	9	
1	42	4.616	1	
2	3	39.2072	8	
2	4	3.30459	1	
2	5	29.9997	6	
2	6	18.847	4	
2	7	7.56814	2	
2	8	42.4645	9	
2	9	14.0514	4	
2	10	28.4109	6	
2	11	54.2065	11	
2	13	45.5714	9	
2	14	16.5551	4	
2	15	29.4499	7	
2	17	27.6903	6	
2	18	7.69312	2	
2	19	12.9831	3	
2	20	22.7467	4	
2	21	20.3769	5	
2	22	16.5371	4	
2	23	22.5574	4	
2	24	8.65991	2	
2	25	25.9688	6	
2	26	52.018	11	
2	27	14.1667	3	
2	28	25.7765	7	
2	29	24.1003	5	
2	30	3.43189	1	
2	31	14.6148	4	
2	32	9.08007	2	
2	34	3.44831	1	
2	36	11.5552	3	
2	39	6.5204	1	
2	41	18.4544	4	
2	42	5.28408	1	
3	4	10.0999	2	
3	5	5.83053	1	
3	6	37.3208	9	
3	7	17.8345	4	
3	8	13.3423	3	
3	9	7.76463	2	
3	10	10.5218	2	
3	12	32.6413	7	
3	13	39.9212	8	
3	15	75.6051	14	
3	16	1.99341	1	
3	17	8.68569	2	
3	18	3.87278	1	
3	19	25.6661	6	
3	20	6.98297	2	
3	21	7.80358	2	
3	22	7.3153	2	
3	23	7.64247	2	
3	24	18.1833	5	
3	25	11.6534	3	
3	26	5.56544	1	
3	28	27.9279	6	
3	29	23.7626	6	
3	30	27.7117	5	
3	31	20.6871	5	
3	32	21.1248	5	
3	33	14.0142	3	
3	34	56.1793	11	
3	35	9.7031	3	
3	36	10.8602	2	
3	37	12.3098	3	
3	38	23.2841	5	
3	40	5.82513	1	
3	41	2.7968	1	
3	42	6.12073	1	
4	5	23.7922	5	
4	6	42.6743	10	
4	7	9.86414	2	
4	8	48.9182	11	
4	9	31.0452	7	
4	10	44.2642	10	
4	11	6.19832	1	
4	12	9.51654	3	
4	13	53.9195	12	
4	14	56.04	11	
4	15	6.96281	2	
4	16	76.0507	17	
4	17	42.9352	10	
4	18	48.7973	10	
4	19	12.6674	3	
4	20	16.6387	4	
4	21	51.4085	12	
4	22	30.3279	7	
4	23	47.0527	10	
4	24	15.6525	3	
4	25	23.9333	6	
4	26	28.9542	7	
4	27	5.78539	1	
4	28	43.1796	10	
4	29	5.39726	1	
4	30	51.5963	11	
4	31	8.28867	2	
4	32	29.3358	6	
4	33	55.4009	11	
4	34	3.37742	1	
4	36	2.72532	1	
4	37	13.5432	3	
4	38	11.1706	2	
4	39	10.1673	2	
4	40	22.8214	5	
4	41	64.4258	14	
4	42	20.5904	5	
5	6	7.64377	2	
5	7	41.0687	9	
5	8	95.607	21	
5	9	17.9645	4	
5	10	40.9893	8	
5	11	5.07626	1	
5	12	7.51177	1	
5	13	27.0159	6	
5	14	4.52086	1	
5	15	26.2469	6	
5	16	6.55143	1	
5	17	48.3992	9	
5	18	62.1374	12	
5	19	7.33758	1	
5	20	17.5283	4	
5	21	24.7708	6	
5	22	28.487	6	
5	23	15.7915	4	
5	24	75.8711	15	
5	25	50.8384	10	
5	26	62.5381	14	
5	27	7.06753	1	
5	28	21.2691	4	
5	29	12.4043	3	
5	30	15.164	3	
5	31	22.6505	5	
5	32	73.7156	15	
5	33	7.88066	2	
5	34	41.3172	9	
5	35	2.12741	1	
5	36	31.5448	7	
5	37	88.074	18	
5	38	2.68288	1	
5	39	20.5633	4	
5	40	18.5169	4	
5	41	11.6667	2	
5	42	10.2797	2	
6	7	32.899	8	
6	9	19.0317	4	
6	11	24.5017	5	
6	12	21.4518	6	
6	13	23.0741	5	
6	14	7.13906	1	
6	16	2.58935	1	
6	17	19.9562	5	
6	18	2.98533	1	
6	20	1.75003	1	
6	21	35.8079	9	
6	22	34.6855	8	
6	23	18.8892	4	
6	24	14.3091	4	
6	25	5.37588	1	
6	28	20.9743	5	
6	29	3.13184	1	
6	30	29.0453	7	
6	31	25.4984	6	
6	32	28.0706	6	
6	33	14.4781	4	
6	34	27.1557	5	
6	35	2.57465	1	
6	36	4.41196	1	
6	37	23.1706	5	
6	38	23.5024	5	
6	39	11.151	2	
6	41	11.5304	2	
6	42	3.86365	1	
7	8	10.1585	2	
7	9	19.0876	4	
7	10	54.8657	13	
7	12	21.7928	5	
7	13	25.0235	5	
7	14	7.00708	1	
7	15	25.4401	6	
7	16	4.32408	1	
7	17	23.45	5	
7	18	23.316	5	
7	19	42.227	10	
7	20	11.4234	3	
7	21	45.1395	9	
7	22	7.3865	1	
7	23	4.57027	1	
7	24	21.7245	4	
7	25	9.00339	2	
7	26	27.182	6	
7	27	27.5806	6	
7	28	16.5158	3	
7	29	3.42289	1	
7	30	8.15954	2	
7	31	32.1385	6	
7	33	21.2556	4	
7	34	46.718	10	
7	36	20.7595	4	
7	37	14.4579	4	
7	38	5.77122	1	
7	39	79.3665	17	
7	40	4.63817	1	
7	41	51.955	11	
7	42	31.158	7	
8	9	29.4417	6	
8	10	42.4904	9	
8	11	2.53466	1	
8	12	21.2663	5	
8	13	64.1911	14	
8	14	2.19186	1	
8	15	43.4432	10	
8	16	26.6315	6	
8	17	39.8336	8	
8	18	24.8566	5	
8	19	10.5511	2	
8	20	30.8533	7	
8	21	8.34121	1	
8	22	27.2973	5	
8	23	22.4751	5	
8	24	23.5472	5	
8	25	19.3687	4	
8	26	7.33235	2	
8	27	3.82742	1	
8	28	32.4146	8	
8	29	21.3281	4	
8	30	7.61125	2	
8	31	4.85379	1	
8	32	29.1603	6	
8	33	16.2733	5	
8	34	6.81544	1	
8	36	54.628	12	
8	37	8.28122	3	
8	38	6.63091	2	
8	39	71.7075	16	
8	40	19.846	4	
8	41	29.6732	7	
8	42	16.2031	4	
9	10	62.5691	13	
9	11	6.98811	2	
9	12	8.34647	2	
9	13	13.7463	3	
9	14	4.55171	1	
9	15	47.2252	11	
9	16	12.4688	3	
9	17	20.9691	5	
9	18	87.9256	20	
9	19	3.43682	1	
9	20	30.7514	7	
9	21	30.376	6	
9	22	8.87747	2	
9	23	12.4465	2	
9	24	7.89459	2	
9	25	4.98014	1	
9	26	36.7945	8	
9	27	36.4694	7	
9	28	38.1634	8	
9	29	46.968	9	
9	30	66.2036	14	
9	31	17.1979	4	
9	32	7.63867	2	
9	33	29.2348	7	
9	34	48.106	11	
9	35	13.483	3	
9	36	5.2712	1	
9	37	3.64925	1	
9	38	30.5618	6	
9	39	14.8087	4	
9	40	20.488	5	
9	41	55.0747	12	
9	42	6.40097	2	
10	11	2.60356	1	
10	12	35.9483	7	
10	13	39.7112	8	
10	15	34.9777	7	
10	16	7.84402	1	
10	17	22.2568	5	
10	18	43.0088	9	
10	19	20.9387	4	
10	20	24.0989	5	
10	21	58.8481	13	
10	22	29.0337	7	
10	23	41.5689	8	
10	24	31.3898	6	
10	25	21.2608	5	
10	26	12.6189	3	
10	27	17.1122	3	
10	28	13.7111	3	
10	29	35.4046	7	
10	30	19.2063	4	
10	31	8.6631	2	
10	32	32.8343	7	
10	33	14.5748	3	
10	34	21.2698	4	
10	35	23.3616	5	
10	36	40.5919	9	
10	37	7.84779	2	
10	39	18.5814	4	
10	40	25.5835	5	
10	41	70.826	14	
10	42	22.148	5	
11	12	29.021	7	
11	13	38.4557	8	
11	14	17.4402	4	
11	17	21.5343	5	
11	18	46.004	11	
11	20	15.931	4	
11	21	30.1944	7	
11	22	54.753	13	
11	23	32.3562	6	
11	24	2.42555	1	
11	25	7.73003	2	
11	26	23.6698	5	
11	27	2.79028	1	
11	29	18.3514	4	
11	30	11.3097	3	
11	31	15.9694	4	
11	32	24.2715	5	
11	33	5.03169	1	
11	36	23.0759	5	
11	37	18.5559	4	
11	38	35.3678	7	
11	39	4.11724	1	
11	40	2.71909	1	
11	41	5.69931	1	
11	42	5.89963	2	
12	13	10.2919	2	
12	15	20.7231	4	
12	16	33.1544	7	
12	17	22.2502	4	
12	18	13.0684	3	
12	19	20.6769	4	
12	20	18.4857	5	
12	21	15.4298	3	
12	22	16.3273	4	
12	23	22.2119	5	
12	24	4.47359	1	
12	25	35.353	7	
12	26	7.35323	2	
12	27	25.617	5	
12	28	62.7642	12	
12	29	2.80733	1	
12	30	28.0187	5	
12	31	3.90834	1	
12	34	41.9524	8	
12	36	3.61676	1	
12	37	16.8389	4	
12	38	28.3019	6	
12	39	26.2717	6	
12	41	25.5403	5	
12	42	50.0763	10	
13	15	18.8355	4	
13	16	2.5074	1	
13	17	60.4761	13	
13	18	42.8264	10	
13	20	18.8139	4	
13	21	4.75867	1	
13	22	6.38534	2	
13	23	25.6577	5	
13	24	22.2206	6	
13	25	29.7748	7	
13	26	46.1993	10	
13	27	24.3682	5	
13	28	8.09578	2	
13	29	4.79066	1	
13	30	61.7117	14	
13	31	28.5613	6	
13	32	5.44849	1	
13	33	39.892	8	
13	34	35.6166	7	
13	36	41.9764	8	
13	37	22.6898	5	
13	38	22.8923	5	
13	39	20.7273	5	
13	40	8.24057	2	
13	41	15.7567	3	
13	42	14.2144	3	
14	15	15.1459	4	
14	16	14.6366	3	
14	17	4.53353	1	
14	18	3.40796	1	
14	21	5.69727	1	
14	22	28.0347	6	
14	23	14.0042	3	
14	25	59.9501	11	
14	27	25.2817	5	
14	29	20.8361	5	
14	30	11.9071	3	
14	31	35.6506	8	
14	32	24.8196	5	
14	33	5.34159	1	
14	34	3.81519	1	
14	35	25.6793	6	
14	37	4.04045	1	
14	39	13.1445	3	
14	40	2.9784	1	
14	41	32.7078	7	
14	42	31.7004	6	
15	16	6.01708	2	
15	18	43.7936	9	
15	19	4.28284	1	
15	20	26.1811	5	
15	21	34.8124	7	
15	22	22.1027	5	
15	23	6.42253	2	
15	24	11.0969	3	
15	26	34.1299	7	
15	28	50.9276	10	
15	29	43.4615	9	
15	30	13.2555	3	
15	31	18.7295	5	
15	32	10.8594	2	
15	33	8.59286	2	
15	34	40.7338	8	
15	35	3.19026	1	
15	36	22.7394	5	
15	37	7.03766	1	
15	38	28.8139	6	
15	39	25.6589	5	
15	40	17.6918	4	
15	41	2.96	1	
15	42	21.6816	5	
16	17	30.9516	7	
16	18	27.7629	6	
16	19	19.3744	4	
16	20	5.02193	1	
16	21	13.2878	3	
16	22	8.70819	2	
16	25	17.7278	3	
16	26	27.7039	6	
16	28	23.6586	5	
16	29	3.10563	1	
16	30	35.2369	8	
16	32	18.8702	4	
16	34	5.61197	1	
16	36	11.0469	3	
16	37	4.94307	1	
16	39	5.89482	1	
16	40	2.13526	1	
16	41	4.05505	1	
16	42	4.09092	1	
17	18	32.3319	7	
17	19	12.6217	3	
17	20	18.5207	4	
17	21	17.5423	4	
17	22	33.6593	7	
17	24	25.1657	5	
17	25	28.0564	6	
17	26	4.79384	1	
17	27	7.36748	2	
17	28	14.0416	3	
17	29	22.4081	4	
17	30	12.0833	2	
17	31	33.3791	7	
17	32	37.7189	8	
17	34	23.6317	5	
17	35	3.15783	1	
17	36	4.85506	1	
17	37	35.5396	7	
17	38	8.68848	2	
17	39	31.8662	8	
17	41	7.68755	2	
17	42	17.5845	4	
18	19	38.8935	9	
18	20	67.6264	16	
18	21	28.7316	6	
18	22	6.98287	2	
18	23	13.9618	3	
18	24	27.0449	6	
18	25	26.8424	5	
18	26	29.8939	7	
18	27	5.28258	1	
18	28	35.0191	8	
18	29	17.1475	4	
18	30	25.011	6	
18	31	13.3524	3	
18	32	4.28282	1	
18	33	2.28766	1	
18	34	16.1361	3	
18	35	1.6017	1	
18	36	16.2731	3	
18	37	27.5101	6	
18	38	11.8537	3	
18	39	48.0396	11	
18	40	14.8865	4	
18	41	33.2091	8	
18	42	16.9595	4	
19	20	5.71731	1	
19	21	33.8559	8	
19	22	22.8163	5	
19	23	22.5615	5	
19	24	18.2127	4	
19	25	6.56406	2	
19	26	27.4554	6	
19	30	44.1034	9	
19	32	18.3867	4	
19	33	4.71188	1	
19	34	22.4925	5	
19	35	7.80876	2	
19	36	4.16924	1	
19	37	24.106	5	
19	39	13.9638	3	
19	40	10.5192	2	
19	41	33.6803	7	
19	42	2.7847	1	
20	21	36.4873	9	
20	22	2.77499	1	
20	23	13.5676	3	
20	24	6.38702	1	
20	25	42.1049	9	
20	26	4.79028	1	
20	28	9.7637	2	
20	29	22.5396	5	
20	30	5.56064	1	
20	31	18.441	4	
20	32	2.71288	1	
20	33	22.084	4	
20	34	20.9498	4	
20	35	7.40676	1	
20	36	55.8631	12	
20	37	26.1965	6	
20	38	20.6155	5	
20	39	19.8242	4	
20	41	14.1724	3	
20	42	2.14675	1	
21	22	49.1405	11	
21	23	7.62574	1	
21	24	9.65177	2	
21	25	8.12071	2	
21	26	5.13461	1	
21	27	5.80756	1	
21	28	36.8143	8	
21	29	43.4702	10	
21	30	11.4367	2	
21	32	14.4009	3	
21	33	34.0102	7	
21	34	12.1301	3	
21	35	4.98586	1	
21	36	4.134	1	
21	37	20.122	5	
21	38	44.0915	10	
21	39	12.4097	3	
21	40	27.6927	6	
21	41	75.5579	16	
21	42	6.82701	2	
22	23	20.4332	4	
22	24	23.6503	5	
22	25	5.45557	1	
22	26	12.8551	4	
22	27	4.9856	1	
22	28	11.0759	3	
22	29	22.5365	5	
22	30	35.0175	7	
22	31	28.0504	6	
22	32	24.4276	5	
22	33	18.2414	4	
22	34	49.2247	10	
22	35	14.4951	3	
22	37	33.0497	7	
22	38	5.58342	1	
22	39	2.84362	1	
22	40	16.7113	4	
22	41	44.3409	9	
22	42	28.9835	5	
23	24	31.6596	6	
23	25	18.1517	4	
23	26	4.47562	1	
23	27	18.1258	5	
23	28	12.6252	3	
23	30	36.9227	8	
23	31	4.85306	1	
23	32	20.1498	4	
23	33	7.51718	1	
23	34	21.783	6	
23	35	3.80895	1	
23	36	10.2654	2	
23	37	16.416	3	
23	38	3.32943	1	
23	39	21.7487	5	
23	40	16.0405	3	
23	41	18.0179	4	
23	42	8.26005	2	
24	25	39.9335	9	
24	26	11.846	3	
24	27	14.8148	3	
24	28	32.2602	7	
24	29	5.17612	1	
24	30	33.2316	7	
24	31	20.2688	4	
24	32	3.33397	1	
24	33	59.3676	12	
24	34	31.6225	6	
24	36	5.92938	1	
24	37	79.9321	17	
24	38	2.02998	1	
24	39	10.0488	2	
24	40	23.7683	6	
24	41	52.8703	11	
24	42	13.7052	3	
25	26	32.5099	7	
25	27	30.1551	6	
25	28	44.8395	9	
25	30	16.9865	4	
25	31	6.25817	1	
25	32	12.3413	3	
25	33	24.4938	5	
25	34	5.88176	2	
25	35	12.6795	3	
25	36	3.78976	1	
25	37	12.9023	3	
25	38	11.427	3	
25	39	14.2384	3	
25	40	6.14356	2	
25	41	8.03729	2	
25	42	36.6412	8	
26	27	36.0207	7	
26	28	52.7092	12	
26	29	29.5988	6	
26	30	11.0323	2	
26	31	23.8959	5	
26	32	5.06139	1	
26	33	16.6938	4	
26	34	26.1896	5	
26	35	3.0012	1	
26	36	3.57274	1	
26	37	21.0174	5	
26	39	13.5512	3	
26	41	14.3145	3	
26	42	23.0218	6	
27	29	2.56477	1	
27	30	6.50942	1	
27	32	32.1578	8	
27	33	68.6489	14	
27	34	4.25034	1	
27	35	10.6861	3	
27	36	5.58811	1	
27	38	12.1055	2	
27	39	26.0214	6	
27	40	35.8155	8	
27	41	5.6992	1	
27	42	55.3466	11	
28	29	36.7491	8	
28	30	51.6303	11	
28	31	61.496	12	
28	32	15.7745	3	
28	33	26.8586	5	
28	34	20.9379	4	
28	35	10.5819	3	
28	36	45.229	10	
28	37	48.1528	10	
28	38	45.7902	10	
28	39	37.3241	8	
28	41	45.0216	10	
29	30	17.3821	4	
29	33	21.4135	4	
29	34	5.93118	1	
29	36	20.1254	4	
29	37	13.9941	3	
29	38	6.04555	1	
29	41	19.0647	4	
30	31	12.6377	3	
30	32	8.18406	2	
30	33	21.4031	4	
30	34	55.1479	12	
30	36	15.223	4	
30	37	25.0957	6	
30	38	30.1769	6	
30	39	60.7875	13	
30	40	5.43873	1	
30	41	23.0881	5	
30	42	31.7213	6	
31	32	3.80059	1	
31	33	7.57993	2	
31	34	25.6564	5	
31	35	36.4193	7	
31	36	42.6706	8	
31	37	3.58978	1	
31	38	83.4749	17	
31	39	11.2022	2	
31	41	9.14663	2	
31	42	47.8153	10	
32	33	46.8039	11	
32	34	8.68227	2	
32	35	3.46474	1	
32	37	31.3064	7	
32	38	16.753	4	
32	39	39.0986	9	
32	41	6.78648	1	
32	42	36.6954	7	
33	34	20.6809	5	
33	36	3.08897	1	
33	38	33.5905	6	
33	39	4.02595	1	
33	40	2.69852	1	
33	41	61.4239	13	
33	42	24.0904	5	
34	35	57.8357	13	
34	36	39.8978	8	
34	37	48.8188	11	
34	38	5.89395	1	
34	39	11.8494	3	
34	40	3.24127	1	
34	41	37.4967	8	
34	42	98.9296	21	
35	36	18.1319	4	
35	37	18.0082	4	
35	38	11.8635	3	
35	41	22.6023	6	
35	42	21.0257	5	
36	37	55.0652	11	
36	38	80.078	17	
36	39	19.1833	4	
36	40	3.19827	1	
36	41	36.6119	8	
36	42	68.048	15	
37	38	3.4625	1	
37	39	6.74865	1	
37	40	4.96927	1	
37	41	44.5467	9	
37	42	27.4051	6	
38	39	33.3842	7	
38	41	7.59325	2	
38	42	50.0915	11	
39	40	5.69351	1	
39	41	50.0282	11	
39	42	20.2224	4	
40	41	27.9821	6	
40	42	33.3609	7	
41	42	35.7286	8	
