# The contained cliques in the communities at k=3
# from C:\Users\gerard\Downloads\CFinderWinLinux\CFinder-2.0.6--1448\C:\Users\gerard\Downloads\CFinderWinLinux\CFinder-2.0.6--1448\demo_files\protein-protein_graph_DIP_yeast_core.txt
# at no lower link weight threshold,
# and at no upper link weight threshold.
# Links were treated as undirected.
# No time limit was set for the clique search.

0: 0 11 12 13 14 15 16 162 163 353 354 355 666 
1: 1 507 1284 508 348 347 95 286 346 420 788 878 1314 979 1414 514 515 652 653 654 787 877 978 651 18 99 104 449 575 851 1002 1063 1225 1415 450 1411 770 140 143 510 876 980 1087 141 145 983 1315 1360 144 984 985 333 981 982 1147 518 669 1093 1007 168 1008 1094 874 565 375 566 567 376 568 511 509 868 875 870 869 871 1287 54 61 226 288 300 311 578 803 1285 577 142 229 418 679 709 419 680 1224 681 1003 1146 
2: 2 433 706 918 118 314 900 
3: 3 
4: 4 154 
5: 5 159 340 
6: 6 343 
7: 7 344 345 
8: 8 
9: 9 
10: 10 161 237 238 425 241 
11: 17 165 171 412 
12: 19 1010 521 539 867 1011 182 183 1009 1236 1235 67 228 410 547 647 1190 1237 546 358 359 909 234 910 1260 315 538 866 1124 1125 400 1261 928 958 962 1073 1075 1077 1279 1290 929 759 760 771 960 963 965 966 1074 1076 1078 1079 1264 1265 1267 1281 1282 1283 1291 1321 1322 1323 1327 1343 1357 1417 1418 1428 1429 492 493 570 579 761 1215 1266 1307 1324 1325 1330 1332 1342 1344 1356 1409 1410 1328 1329 580 839 1057 1058 1059 1060 1223 837 838 840 1338 1345 1337 820 1340 1341 478 714 1416 1427 479 480 1213 1214 454 1088 1361 455 1090 135 335 384 549 852 853 854 879 881 882 883 884 1089 1091 1092 1149 1150 1226 1320 1362 1412 1426 334 513 988 989 512 990 73 440 991 441 497 496 498 880 643 1148 938 1135 1151 1316 583 584 939 940 1136 1137 265 267 604 266 605 830 269 268 98 915 1138 690 1228 1297 1305 890 891 899 1110 1111 1113 1114 1227 892 893 1026 1112 385 550 1364 551 1312 1180 30 913 1064 1115 488 368 369 270 129 192 443 723 128 886 887 888 205 885 1205 1286 204 613 614 88 1140 87 90 1141 89 281 453 224 1363 1355 427 713 715 716 428 941 173 125 1422 459 1432 460 1317 612 773 1004 1102 1189 667 668 1308 1331 964 1292 113 172 957 959 1280 961 1262 1365 1366 1263 916 1421 1431 233 914 917 232 615 751 795 933 954 1219 1229 1377 1382 1399 1402 1433 469 752 753 953 1220 470 106 1218 471 516 616 797 857 956 1217 1222 1351 1354 1381 1385 1401 1404 855 856 858 955 1221 927 536 925 926 826 1350 1353 1383 1349 1352 1067 1425 1430 832 1065 1066 78 409 608 1068 1207 408 219 808 809 432 473 1187 1208 1209 1210 1384 1185 1186 1400 833 1403 834 271 1289 1310 1395 1424 272 108 178 1032 1299 792 992 1030 1031 1033 1034 1298 1301 1302 461 772 789 790 791 1028 1029 1035 462 843 1303 629 845 848 1300 628 630 844 847 1027 849 1304 1396 850 1278 624 748 1277 623 622 1270 1271 1268 1269 60 413 554 746 749 1051 1052 1251 1252 1272 1358 284 747 947 1104 1388 1163 1105 948 1106 1107 1294 1295 611 736 949 950 1296 1359 1386 1387 1389 610 768 1293 737 738 739 246 247 846 936 423 424 27 522 1183 523 524 1182 31 328 781 1181 754 1419 609 836 1211 1379 1378 1380 447 446 1216 342 1420 220 1326 591 593 248 251 592 930 249 594 51 252 426 825 1061 824 822 1276 258 317 319 587 588 620 621 658 744 745 821 823 943 944 1131 1132 1273 1374 257 58 93 94 280 363 366 457 619 657 729 743 800 942 998 1122 1373 85 364 589 590 114 458 1133 724 725 659 1274 1367 1375 1405 999 1121 1175 1369 1000 1117 372 997 1120 1173 1243 1244 1245 1368 370 371 1334 1333 717 1232 1347 1391 1392 1393 1394 718 720 721 676 719 1019 1021 1164 1166 1193 1195 1238 1239 1346 259 595 677 782 897 1020 1119 1134 1165 1194 1390 260 596 245 1022 1109 1196 1275 1348 898 1172 711 1174 1168 1240 397 436 801 1169 1170 1198 1241 1406 437 70 398 786 1025 1197 399 1234 783 785 1023 1159 1230 1233 779 778 1017 1158 1162 174 896 175 1024 1231 1018 780 784 1171 774 350 64 733 731 732 730 1167 1376 1370 1108 1318 1371 1372 1288 986 995 996 1139 1423 633 831 632 1152 1212 1054 656 1335 661 660 1001 206 332 976 209 977 1398 112 117 124 326 395 421 430 987 327 396 422 712 207 208 828 827 829 705 704 670 793 318 678 250 299 935 934 835 952 1053 951 301 932 931 
13: 20 21 22 23 24 25 170 1015 
14: 26 365 674 
15: 28 
16: 29 
17: 32 756 757 758 305 307 306 308 309 636 635 637 111 
18: 33 
19: 34 
20: 35 184 
21: 36 
22: 37 
23: 38 40 188 189 379 380 684 1036 1178 1242 190 381 1005 1006 686 904 564 563 905 907 908 906 42 43 44 45 200 388 389 548 685 1016 553 378 1177 1184 1157 1176 1179 798 1156 39 191 544 377 1246 1247 181 373 535 794 1097 1116 1123 1336 1339 1397 1407 1408 1155 648 993 649 994 
24: 41 
25: 46 1126 1042 1127 445 555 689 1043 1044 970 491 601 969 490 489 600 321 599 741 1082 742 740 1069 534 764 971 1070 322 324 325 569 638 639 945 1071 1080 323 1081 122 765 920 946 1083 541 766 921 121 1072 123 320 
26: 47 203 
27: 48 213 214 215 804 1200 1095 1096 1199 1099 1161 1201 361 520 672 895 1013 1098 1160 360 1101 1145 519 671 894 1012 404 405 806 1258 1413 1014 1259 77 216 193 456 475 640 818 1100 474 476 641 819 435 434 805 1084 631 767 775 1055 650 842 634 627 110 374 626 293 136 
28: 49 
29: 50 134 
30: 52 
31: 53 542 543 
32: 55 225 1103 
33: 56 414 416 573 810 813 901 922 1202 415 417 574 811 815 902 924 1203 1311 254 812 814 816 673 817 1056 1130 356 776 357 481 482 923 169 
34: 57 337 
35: 59 
36: 62 
37: 63 
38: 65 
39: 66 
40: 68 
41: 69 160 872 873 1086 261 431 
42: 71 
43: 72 
44: 74 442 75 
45: 76 218 
46: 79 
47: 80 735 562 695 696 755 864 865 1313 561 477 693 694 734 863 
48: 81 277 
49: 82 
50: 83 
51: 84 
52: 86 
53: 91 841 472 597 645 687 255 282 
54: 92 
55: 96 
56: 97 
57: 100 683 102 487 486 
58: 101 262 
59: 103 
60: 105 919 
61: 107 
62: 109 
63: 115 
64: 116 
65: 119 
66: 120 
67: 126 
68: 127 
69: 130 330 642 131 
70: 132 495 494 
71: 133 
72: 137 138 
73: 139 581 582 1206 975 1085 502 504 617 618 763 973 974 500 501 499 506 968 505 967 503 762 972 
74: 146 
75: 147 148 
76: 149 889 
77: 150 
78: 151 152 
79: 153 
80: 155 156 158 157 
81: 164 
82: 166 167 
83: 176 177 
84: 179 217 
85: 180 
86: 185 
87: 186 187 
88: 194 195 401 406 402 407 644 769 1257 278 403 
89: 196 197 391 556 1037 1038 1040 557 1039 1041 1046 1248 1306 692 1045 210 558 691 392 201 202 390 
90: 198 387 552 386 517 
91: 199 
92: 211 
93: 212 
94: 221 
95: 222 
96: 223 571 
97: 227 290 289 576 
98: 230 231 
99: 235 236 1047 1128 393 394 912 1048 1049 1050 1118 1129 1192 1253 1254 1255 1256 1309 1191 1319 911 701 702 700 
100: 239 240 
101: 242 243 244 
102: 253 
103: 256 598 
104: 263 
105: 264 
106: 273 274 
107: 275 276 
108: 279 
109: 283 
110: 285 
111: 287 
112: 291 292 
113: 294 467 
114: 295 296 
115: 297 
116: 298 
117: 302 303 
118: 304 331 
119: 310 411 
120: 312 313 466 
121: 316 
122: 329 
123: 336 
124: 338 
125: 339 
126: 341 
127: 349 
128: 351 352 
129: 362 
130: 367 439 438 
131: 382 
132: 383 
133: 429 
134: 444 
135: 448 560 559 
136: 451 452 
137: 463 625 
138: 464 465 
139: 468 1142 750 
140: 483 484 
141: 485 
142: 525 528 526 527 
143: 529 530 531 
144: 532 533 
145: 537 
146: 540 
147: 545 
148: 572 585 
149: 586 697 698 699 
150: 602 603 1153 1154 646 722 
151: 606 607 726 727 728 1062 
152: 655 
153: 662 663 664 665 
154: 675 777 
155: 682 
156: 688 799 
157: 703 
158: 707 708 807 
159: 710 
160: 796 903 
161: 802 1188 
162: 859 860 861 862 
163: 937 
164: 1143 1144 
165: 1204 
166: 1249 1250 
