# The graph of at k=3
# from C:\Users\gerard\Downloads\CFinderWinLinux\CFinder-2.0.6--1448\C:\Users\gerard\Downloads\CFinderWinLinux\CFinder-2.0.6--1448\demo_files\protein-protein_graph_DIP_yeast_core.txt
# at no lower link weight threshold,
# and at no upper link weight threshold.
# Links were treated as undirected.
# No time limit was set for the clique search.

1 12 8
1 14 1
1 23 4
1 40 1
1 41 1
1 50 1
1 76 1
1 86 1
1 88 1
1 93 1
1 126 2
1 127 1
1 144 1
1 150 1
1 156 1
1 159 1
1 161 1
1 163 1
2 114 1
2 131 1
5 27 1
6 25 1
6 27 1
6 166 1
7 108 1
7 148 1
8 12 1
9 128 1
11 106 1
11 110 1
12 15 1
12 23 8
12 25 4
12 27 6
12 29 1
12 32 1
12 33 1
12 34 1
12 37 1
12 41 4
12 42 1
12 43 1
12 47 5
12 49 1
12 50 1
12 53 1
12 57 1
12 60 1
12 61 2
12 64 1
12 69 1
12 73 1
12 78 1
12 82 1
12 83 1
12 84 1
12 86 1
12 88 1
12 89 3
12 92 2
12 94 1
12 96 1
12 99 4
12 101 2
12 104 1
12 107 1
12 109 1
12 111 1
12 120 2
12 127 1
12 133 1
12 135 2
12 136 2
12 138 1
12 139 1
12 140 1
12 141 1
12 144 2
12 145 2
12 146 1
12 150 1
12 152 1
12 153 1
12 155 1
12 156 2
12 157 2
12 158 2
12 159 1
12 160 2
12 161 2
12 162 1
12 164 2
12 166 2
16 128 1
18 19 1
18 142 1
18 155 1
19 142 1
19 143 1
22 23 1
23 27 1
23 53 1
23 73 1
23 76 1
23 84 1
23 86 1
23 98 1
23 99 1
23 126 1
23 127 1
23 142 1
23 144 1
23 147 1
23 149 2
23 155 1
23 156 1
23 166 1
25 49 1
25 85 1
25 98 1
25 99 1
25 103 1
25 146 1
25 164 1
25 166 1
27 33 3
27 67 1
27 78 1
27 101 1
27 115 1
27 137 1
27 140 1
27 166 1
29 50 1
29 155 1
30 56 1
30 97 1
30 112 1
32 108 1
32 121 1
32 136 1
33 34 1
33 65 1
33 133 1
33 137 2
34 76 1
34 133 1
36 87 1
38 100 1
38 106 1
38 110 1
43 104 1
44 70 1
47 62 1
47 92 1
47 107 1
50 155 1
51 158 1
56 97 1
56 112 1
57 59 1
57 114 1
57 152 1
58 114 1
58 131 1
58 139 1
59 114 1
60 165 1
65 137 1
69 83 1
70 123 1
73 142 1
73 151 1
75 123 1
76 150 1
86 127 1
86 144 1
86 156 1
86 162 1
87 160 1
88 142 1
88 150 1
88 160 1
88 163 1
90 147 1
91 125 1
95 105 1
95 164 1
96 148 1
97 112 1
97 118 1
99 125 1
99 130 1
99 154 1
99 164 1
100 106 1
100 110 1
102 120 1
105 164 1
106 110 1
108 121 1
112 113 1
114 131 1
114 139 1
116 163 1
124 125 1
127 144 1
127 156 1
129 146 1
132 149 1
132 150 1
135 145 1
138 161 1
139 141 1
139 164 1
141 164 1
142 143 2
142 160 1
144 156 1
147 166 1
148 149 1
149 150 2
150 163 1
