130 135 166 167 184 235 268 280 315 320 346 384 464 468 565 588 591 665 678 699 736 797 811 863 879 884 890 899 913 944 945 968 1098 
23 24 29 39 50 51 71 104 117 122 144 145 154 164 168 195 199 206 237 246 247 299 318 399 415 417 421 506 570 595 616 638 643 665 668 711 716 746 752 774 833 860 868 883 923 925 935 989 991 993 995 1017 1022 1069 1071 1075 1092 
14 127 129 149 151 247 256 271 286 400 435 473 567 585 599 611 613 633 635 692 713 730 768 788 790 818 848 862 864 866 893 900 907 916 921 985 996 1006 1019 1023 1026 1040 1044 1087 
47 57 80 143 153 180 201 221 328 331 333 339 395 439 463 465 562 610 648 667 693 707 724 748 751 793 804 809 815 841 856 880 888 890 897 1017 1027 1077 1081 
13 57 135 160 166 167 184 185 205 235 268 272 280 315 320 345 346 360 384 389 450 460 565 599 665 674 699 715 736 797 808 836 863 879 884 890 899 913 944 945 965 968 984 1098 
112 114 126 170 202 231 234 257 270 386 443 464 493 529 538 588 632 641 646 661 668 708 723 767 799 811 894 903 904 916 1072 1098 
2 23 52 62 65 99 118 119 126 130 135 166 167 171 175 186 214 235 266 268 280 301 302 303 315 320 368 384 408 423 426 467 468 487 500 533 546 556 583 584 591 595 600 604 620 637 643 655 668 678 695 697 698 699 726 736 742 748 755 761 766 792 794 797 810 813 830 841 854 863 865 870 884 890 899 913 922 926 928 948 950 968 982 1005 1032 1051 1062 1098 
22 63 94 123 133 146 161 190 194 222 223 239 283 312 314 391 408 442 451 490 503 542 556 591 631 652 666 727 788 821 853 898 907 918 933 951 967 1033 1051 
45 57 87 148 157 189 193 265 305 331 348 466 498 499 539 614 666 803 814 823 849 918 938 971 980 1024 1036 1062 1068 
68 93 102 123 140 162 190 198 200 210 212 223 234 275 297 306 312 321 334 343 391 402 406 427 442 455 478 492 534 550 551 553 568 622 631 652 662 701 713 727 761 790 791 812 818 873 876 885 886 891 907 921 939 957 967 978 991 1004 
19 53 62 91 114 163 202 231 257 258 277 301 302 424 426 443 450 464 496 500 510 517 529 533 538 588 604 637 641 646 661 668 708 723 731 767 792 799 811 903 904 906 1005 1072 1098 
97 136 157 251 252 263 273 336 415 444 520 541 557 583 634 639 685 721 730 785 808 823 843 911 920 922 979 1001 1005 1021 1055 
39 43 56 96 130 131 133 148 215 222 229 245 251 275 287 307 316 351 359 365 375 378 382 396 431 440 452 458 465 467 480 484 491 517 532 536 547 575 576 604 612 632 658 675 678 685 695 697 712 718 723 734 748 764 773 783 787 805 814 831 852 860 881 895 898 922 956 984 993 1005 1012 1014 1015 1066 1081 1082 1095 
36 60 68 102 140 162 169 187 200 244 275 276 289 297 306 319 321 331 334 338 376 406 419 442 443 455 456 470 478 526 546 550 551 553 569 580 602 617 638 645 662 676 693 701 703 713 718 753 761 791 807 812 818 827 830 834 855 864 873 885 886 890 896 905 917 921 957 966 978 983 1004 1022 1047 1050 1052 
58 70 72 80 81 97 103 109 117 119 141 142 170 174 176 192 199 201 205 216 225 238 270 289 328 337 353 386 389 390 394 395 415 443 446 472 485 513 516 538 543 544 549 552 558 564 566 567 568 571 586 604 616 625 627 628 635 669 672 691 704 707 710 726 735 745 748 793 804 806 809 821 845 856 869 871 878 889 891 897 905 912 917 919 928 960 988 989 997 1017 1022 1024 1030 1037 1054 1065 1071 1075 1077 1082 1088 
17 27 30 66 108 219 232 294 317 367 370 387 388 393 473 474 507 524 590 593 609 717 732 850 858 862 877 882 907 929 941 961 978 981 985 992 995 1036 1039 1084 1086 1093 
41 63 79 109 134 157 172 226 242 305 353 410 412 446 481 509 520 531 540 546 591 593 607 620 636 669 671 689 721 731 733 779 781 820 823 830 833 861 873 882 960 973 985 1003 1009 1024 1034 1036 1053 1055 1063 1068 1085 1086 1088 
1 4 7 19 41 63 79 124 163 172 207 226 233 242 258 276 305 410 510 540 546 583 607 669 689 729 733 760 762 779 820 830 833 837 873 882 927 942 956 957 973 1003 1028 1036 1053 1055 1063 1068 1086 
8 70 81 85 103 121 142 174 176 182 192 216 218 224 238 240 243 274 296 309 326 353 372 390 394 445 446 472 487 497 513 515 516 528 529 543 549 552 554 564 567 571 589 596 604 605 635 648 650 672 677 692 704 710 728 733 745 772 783 821 823 830 845 854 856 862 869 871 888 891 895 908 917 919 920 930 937 950 952 974 991 994 997 1000 1002 1022 1030 1035 1037 1044 1065 
11 61 88 118 119 156 165 170 178 183 222 225 241 242 270 284 337 345 386 394 398 403 421 424 428 435 453 469 485 490 491 496 525 544 563 566 568 572 581 586 593 625 627 682 684 686 706 707 719 726 735 754 776 777 787 806 834 844 855 856 859 875 889 902 905 908 909 912 919 928 940 954 963 974 984 988 989 997 1014 1025 1031 1039 1041 1054 1085 1088 
37 47 57 69 80 117 123 134 143 148 153 173 180 183 201 212 221 237 251 253 282 285 296 299 308 321 328 331 336 339 350 362 374 392 395 433 437 453 463 465 481 491 510 516 526 527 529 539 555 558 560 562 578 587 610 615 618 620 632 643 648 666 667 696 707 724 740 748 751 756 758 770 786 793 804 809 812 815 854 856 862 874 879 890 897 907 908 925 926 939 970 993 994 1002 1004 1006 1018 1027 1046 1049 1057 1060 1066 1077 1081 1088 1090 1094 1096 1100 
60 64 65 74 107 112 114 177 193 218 227 231 233 249 257 294 318 478 498 501 509 514 529 538 588 599 601 604 614 621 634 641 661 664 674 675 692 693 708 714 729 737 762 767 783 799 811 826 836 837 858 864 898 903 904 905 920 982 997 1005 1020 1042 1072 1098 
31 48 56 64 65 74 86 93 98 107 116 123 158 160 177 190 210 212 218 222 223 233 234 249 282 297 312 314 334 343 359 367 375 391 402 426 427 431 460 478 483 492 498 503 509 514 517 519 522 532 534 561 599 614 630 631 642 652 666 674 685 697 715 727 773 783 787 802 826 836 852 876 898 907 911 922 925 937 939 965 967 972 978 984 997 1005 1020 1027 1042 1049 1064 1082 1095 
27 30 108 125 219 228 232 292 294 317 324 354 367 370 387 388 393 474 507 511 524 590 626 649 653 661 679 686 694 717 732 765 771 842 850 877 902 929 941 961 976 978 981 985 992 995 1010 1013 1045 1067 1084 1086 1093 
28 37 55 56 76 158 204 249 269 308 347 359 362 369 373 374 375 414 433 448 484 503 509 518 526 527 531 539 555 558 565 578 587 610 618 620 723 758 766 773 786 798 812 852 895 898 922 934 944 953 956 960 970 973 984 993 999 1051 1060 1073 1082 
21 23 49 68 77 88 115 152 155 193 246 281 335 348 370 371 429 443 454 476 521 528 550 582 585 611 613 619 660 676 714 750 765 777 778 823 849 864 868 886 917 947 983 990 1026 1047 1050 1052 1055 1060 1082 1088 1094 
50 66 75 82 110 111 113 122 129 134 142 145 156 184 199 206 211 241 246 279 290 300 304 313 329 371 380 386 412 413 417 421 449 471 475 477 511 512 525 530 546 570 573 588 670 678 690 691 716 729 738 743 745 747 752 757 761 794 824 833 838 846 868 872 906 923 925 928 931 936 943 959 975 982 989 995 1011 1027 1029 1053 1060 1064 1069 1088 1091 1094 1095 1098 
6 35 41 48 72 86 93 97 100 122 129 131 141 150 158 160 172 177 179 181 185 190 191 198 205 210 211 212 215 223 226 234 245 248 259 282 286 287 294 297 300 304 305 307 308 312 314 315 332 343 344 346 348 356 357 365 371 375 379 384 389 391 394 396 398 402 404 410 425 427 440 444 445 452 466 471 472 483 485 492 493 508 512 517 519 522 530 532 534 540 546 564 576 588 590 591 603 607 622 631 632 640 642 651 652 655 666 670 674 678 684 689 691 700 712 715 731 734 738 779 793 794 798 805 814 820 824 825 826 830 836 839 858 868 876 880 882 887 891 894 898 904 907 908 909 925 937 938 939 949 965 967 970 982 984 989 995 999 1008 1009 1012 1024 1027 1028 1029 1036 1042 1043 1050 1053 1056 1058 1060 1063 1068 1073 1079 1081 1088 1089 1094 1095 1098 
66 75 103 110 111 113 163 184 197 199 218 279 290 313 325 329 359 380 386 412 413 442 449 459 475 477 478 482 512 518 539 551 570 573 577 628 636 646 664 665 690 692 729 730 743 747 757 773 783 809 838 851 852 872 881 906 911 936 943 959 967 989 1011 1019 1027 1049 1054 1064 1082 1091 1092 
12 58 65 84 90 99 118 141 156 178 229 241 284 288 310 330 358 363 400 420 424 428 430 453 469 512 514 525 532 534 549 572 581 625 642 680 682 683 684 691 706 725 782 810 825 828 846 859 865 878 889 912 928 931 940 954 962 983 992 998 1007 1019 1025 1038 1041 1062 1092 
15 19 31 38 39 44 54 56 89 101 130 133 136 157 159 183 222 229 251 252 273 275 301 316 345 367 378 426 431 444 458 467 480 491 496 517 520 536 547 557 566 583 604 627 685 697 719 730 735 754 773 776 777 787 802 808 823 834 852 855 856 875 895 897 898 902 911 920 922 963 984 1005 1014 1015 1039 1054 1055 1082 
12 65 66 78 97 118 128 139 141 156 165 170 178 241 245 261 262 263 271 288 311 333 341 345 364 365 372 381 398 403 428 432 434 436 445 448 452 453 469 495 522 525 540 541 544 561 568 572 592 620 625 634 639 650 675 682 684 706 710 712 721 730 738 749 785 787 794 834 843 844 855 859 875 892 909 926 928 940 954 963 964 975 979 984 989 994 1001 1012 1014 1015 1021 1025 1041 1062 1070 1076 1079 1097 1099 
15 17 19 27 38 44 54 89 101 159 222 375 474 590 627 636 675 732 773 889 895 898 922 941 993 1039 1054 1082 1084 1093 
85 240 255 309 326 394 445 458 515 520 528 529 557 589 648 677 718 721 772 823 895 920 974 
21 56 112 114 198 202 231 234 248 257 348 351 357 378 398 458 464 466 480 493 503 514 529 536 538 547 588 614 622 632 641 646 661 675 687 708 718 723 767 773 799 811 814 881 895 903 904 906 938 973 999 1008 1024 1072 1089 
60 83 117 128 147 237 264 296 299 323 399 456 488 501 508 596 643 671 687 709 720 723 770 800 835 865 867 888 915 1002 1057 1060 1079 
5 9 11 61 72 82 95 110 125 170 183 205 222 228 236 242 244 261 279 290 292 324 329 333 340 343 345 354 359 377 381 389 402 418 432 436 457 490 491 494 495 496 502 504 511 512 537 559 566 570 580 592 593 626 629 630 636 647 649 650 653 656 657 679 680 686 693 694 703 719 743 754 757 765 771 775 776 777 787 807 817 819 824 834 836 842 844 855 875 876 896 901 902 906 908 926 931 936 943 955 959 963 964 969 972 973 974 975 976 984 1010 1011 1014 1031 1045 1048 1062 1067 1076 1079 1080 1085 1091 1099 
28 37 55 73 76 105 116 148 155 158 173 191 204 212 249 251 253 269 282 285 308 321 336 347 350 362 369 373 374 392 414 433 437 448 453 483 484 491 503 509 510 516 526 527 531 539 555 558 560 565 575 578 587 610 615 618 620 666 674 696 715 724 740 751 756 758 766 773 786 812 815 874 879 918 926 934 939 944 956 968 970 974 993 994 1002 1004 1006 1018 1051 1060 1066 1073 1090 1096 1100 
17 23 26 27 58 67 103 113 121 163 186 213 221 234 254 264 267 278 293 297 298 313 320 325 328 363 368 380 382 383 407 409 413 435 439 442 456 462 465 474 475 477 478 508 518 535 538 539 548 551 573 574 577 579 601 610 628 641 659 667 668 673 690 722 729 731 745 747 760 768 793 810 811 824 832 838 841 857 872 880 911 924 927 932 942 955 971 986 990 995 1000 1016 1019 1024 1038 1039 1044 1049 1054 1059 1064 
9 76 82 100 103 141 150 165 181 185 197 220 254 255 262 264 286 316 322 324 344 346 354 356 385 394 403 408 425 441 448 493 511 523 541 548 563 569 579 598 601 603 608 620 639 640 649 654 657 673 674 681 683 686 694 721 727 731 744 763 765 769 771 787 796 822 829 839 840 842 843 861 905 908 909 919 931 949 971 974 976 979 995 1000 1001 1009 1010 1016 1021 1045 1056 1060 1083 1087 
2 5 25 49 61 69 76 82 100 117 147 213 220 230 236 237 254 255 264 278 281 296 299 308 316 322 340 359 363 377 379 383 385 409 416 418 429 435 439 441 448 450 457 462 465 481 493 502 504 508 523 531 533 535 537 548 563 570 573 579 596 597 601 608 610 629 630 636 641 643 647 656 659 668 671 673 674 676 681 709 713 722 729 739 744 760 763 765 769 770 771 775 784 789 796 816 819 822 824 829 835 840 841 865 868 888 902 908 909 927 930 931 942 943 955 957 969 972 973 990 995 1000 1002 1007 1038 1039 1046 1048 1052 1056 1057 1059 1060 1061 1067 1080 1083 1085 1087 1097 
21 65 88 112 114 126 146 202 209 231 257 351 443 464 503 514 529 538 588 599 604 614 641 646 661 668 675 687 708 723 767 799 811 826 894 903 904 906 916 938 970 1005 1020 1065 1072 1073 
16 109 198 218 233 248 253 258 259 306 308 321 348 357 398 404 422 445 453 466 479 509 518 614 622 651 664 669 675 687 692 700 790 791 793 798 862 880 887 894 938 997 999 1008 1024 1043 1058 1089 1095 
5 9 60 83 92 125 128 133 236 244 323 340 373 377 399 418 456 457 488 494 502 504 508 537 551 559 629 630 636 647 656 680 687 713 720 723 771 775 784 800 819 824 867 901 915 934 955 969 972 973 1010 1048 1079 1080 
26 72 75 86 92 103 113 116 137 158 160 171 177 186 195 197 199 205 208 264 271 272 282 284 293 311 325 346 360 380 386 389 390 397 413 414 442 460 466 475 477 483 505 512 518 519 530 561 573 577 581 595 598 599 612 624 628 634 640 644 670 690 702 703 705 715 729 731 745 747 749 761 762 764 774 780 795 805 824 829 836 851 861 872 902 925 937 944 967 968 972 1013 1016 1028 1029 1034 1042 1043 1049 1051 1064 1077 1086 1088 1092 1094 
10 66 67 78 80 92 128 143 153 170 182 192 216 224 238 243 261 264 274 293 297 298 333 341 364 372 373 381 382 395 407 432 434 436 439 457 466 472 487 495 497 549 554 567 574 592 605 610 635 647 650 659 671 672 675 692 704 710 728 733 738 768 770 772 775 816 824 832 834 841 844 845 854 871 880 892 893 911 917 924 926 932 934 937 950 952 964 975 986 989 990 991 994 1002 1024 1038 1044 1076 1097 1099 
20 32 59 86 105 116 120 130 135 142 158 160 166 167 177 184 191 196 197 205 227 233 235 267 268 272 274 275 280 282 284 293 298 308 315 342 346 373 382 384 389 400 407 414 416 447 460 466 468 483 501 509 519 558 565 574 601 621 659 716 722 733 736 737 746 762 768 772 781 784 797 819 820 824 832 836 837 858 863 868 879 883 884 890 893 899 911 913 924 932 934 937 944 949 950 963 965 968 970 971 986 987 994 996 997 1017 1022 1024 1038 1042 1044 
11 17 40 58 65 90 99 111 156 164 178 181 209 217 223 229 241 247 254 259 266 279 284 288 295 303 310 314 316 325 343 358 363 386 391 398 405 420 421 424 427 428 430 442 449 453 459 460 469 482 492 503 514 525 549 561 573 590 600 623 625 628 631 642 667 673 680 682 683 684 686 688 691 706 725 747 759 782 783 801 806 810 825 828 838 846 851 859 872 878 881 888 906 907 926 928 931 936 940 948 954 958 962 967 983 998 1006 1007 1019 1025 1031 1032 1041 1043 1062 1074 1077 1081 1091 1092 
25 41 49 69 79 110 117 137 171 172 195 208 226 230 264 271 293 296 299 305 308 311 329 346 379 390 397 399 410 412 425 450 470 481 509 512 531 532 533 546 561 583 596 597 598 607 612 624 636 640 643 644 671 689 702 705 709 731 733 739 749 770 774 779 782 789 795 796 816 820 835 836 861 865 882 888 906 908 919 930 956 957 970 973 986 1002 1007 1009 1013 1016 1034 1036 1038 1043 1046 1053 1057 1059 1060 1061 1063 1066 1068 1081 1085 1086 1097 
33 46 99 106 126 171 175 186 266 267 291 303 320 368 401 423 467 489 516 546 584 655 695 698 726 742 748 755 758 761 766 794 810 813 865 870 880 899 926 948 1005 1032 1051 1062 
20 32 39 59 105 120 122 144 145 154 196 227 233 256 267 272 275 334 342 361 373 399 414 416 421 444 447 457 466 501 601 621 638 643 665 668 711 716 722 733 737 746 752 762 781 783 784 833 837 858 860 868 883 893 923 934 935 949 963 968 971 974 987 991 1017 1069 
20 32 59 65 100 118 119 120 125 128 139 141 150 155 165 181 185 197 225 227 233 262 263 267 271 272 286 289 294 324 334 337 342 344 356 386 394 403 416 425 444 447 448 485 493 501 541 544 586 601 603 620 621 625 627 639 721 730 735 781 783 784 785 787 839 843 858 868 889 905 908 909 912 928 934 940 946 949 963 971 974 979 987 988 991 1001 1009 1015 1018 1021 1054 1056 1060 1097 
21 24 71 104 113 119 137 154 168 182 192 195 199 208 216 224 225 234 237 238 243 244 256 270 274 276 337 372 386 415 472 477 485 492 497 505 506 516 544 567 568 586 595 605 612 616 624 627 638 644 650 652 668 672 677 692 703 704 710 716 726 735 746 758 772 774 795 843 845 854 860 861 862 868 871 876 883 889 891 893 905 912 919 920 935 937 950 952 966 988 994 1000 1013 1017 1022 1030 1034 1049 1066 1071 1075 1088 
26 58 72 86 97 116 160 163 177 191 205 282 284 295 345 360 389 400 405 435 459 460 482 483 485 491 496 519 522 564 566 581 590 593 595 599 623 634 673 715 719 735 754 759 762 776 777 787 801 806 836 855 859 875 902 937 940 944 963 965 970 974 984 996 1014 1025 1028 1031 1042 1043 1074 1092 
3 6 14 25 61 69 77 100 115 117 118 125 127 129 133 138 141 147 149 150 151 181 193 203 227 230 237 242 247 256 260 263 271 281 296 299 300 308 324 327 334 340 344 349 352 366 379 400 416 422 425 435 438 443 450 457 473 476 481 484 486 498 504 521 529 565 566 570 585 594 596 597 603 606 611 613 619 630 633 636 643 656 658 659 660 664 671 692 709 713 714 724 730 739 741 750 770 775 778 788 789 790 801 816 817 818 819 824 835 836 839 847 848 849 851 860 862 864 865 866 868 888 893 900 901 908 909 910 916 930 931 946 947 949 953 955 957 958 960 966 969 991 996 1002 1006 1009 1019 1023 1026 1040 1046 1048 1056 1057 1060 1061 1080 1085 1087 1094 1095 
18 49 58 69 75 84 90 103 113 186 230 237 259 288 296 310 313 325 330 358 363 379 400 420 430 442 450 459 470 475 477 512 514 518 532 549 551 569 572 573 577 591 628 643 663 665 671 680 683 690 691 709 725 730 747 766 782 783 789 801 816 825 835 838 846 857 865 872 878 888 906 914 930 945 958 962 977 998 1007 1019 1035 1046 1049 1054 1057 1061 1064 1075 
132 152 188 245 250 355 361 380 411 413 456 461 496 539 545 551 573 582 622 639 648 652 663 690 712 713 721 747 785 801 823 838 843 844 857 872 886 914 945 977 994 1001 1015 1035 1070 1078 
41 65 66 79 110 111 113 142 157 172 181 226 247 259 279 284 290 305 329 386 405 410 412 424 449 459 481 482 540 590 607 620 623 636 646 669 671 673 688 689 729 743 757 759 761 779 801 806 809 820 828 830 846 851 873 881 882 906 928 936 940 943 959 973 979 989 1003 1011 1027 1036 1053 1055 1063 1068 1073 1074 1086 1091 1092 
40 72 88 132 146 152 164 188 208 209 217 250 289 355 361 380 411 413 456 461 496 545 551 573 582 595 622 647 663 667 713 747 801 823 838 844 857 872 881 886 914 945 963 977 1035 1052 1070 1072 1078 
95 121 125 134 228 292 324 354 359 364 511 537 626 649 653 657 674 679 686 694 727 765 771 817 842 892 902 976 978 1010 1045 1062 1067 1100 
23 32 49 59 68 88 105 120 139 152 155 188 196 227 233 272 281 289 335 342 355 361 411 429 454 461 466 496 501 509 528 545 550 569 582 601 621 622 638 645 663 676 716 718 737 753 765 781 784 801 823 837 838 849 857 858 893 914 917 934 937 971 974 977 983 987 990 1018 1024 1035 1047 1050 1052 1055 1067 1070 1078 1082 
55 73 76 105 120 148 155 204 227 265 342 347 361 369 373 447 499 501 509 575 621 666 737 766 781 784 803 837 860 918 934 956 968 971 980 987 1073 
34 40 72 88 92 131 132 137 146 154 164 171 186 195 208 209 215 217 245 264 271 281 287 304 307 311 316 333 353 365 371 373 397 411 413 440 452 457 465 505 522 532 561 576 584 595 598 612 624 632 640 644 647 648 667 678 702 703 705 712 731 734 749 751 761 764 769 774 780 785 795 796 805 814 822 829 831 861 881 902 934 956 970 973 1012 1013 1015 1016 1034 1035 1043 1055 1059 1063 1066 1073 1079 1081 1086 1087 
63 131 148 215 245 287 307 316 365 371 440 452 465 472 511 522 532 576 612 632 678 697 712 734 783 794 805 814 831 881 902 1012 1015 1058 1066 1073 1079 1081 1094 
41 79 134 170 172 183 226 242 305 341 345 364 381 389 410 412 432 434 435 481 491 495 540 546 564 566 583 591 592 593 607 624 689 719 733 749 754 776 777 779 780 781 787 820 834 844 855 873 882 892 904 908 926 940 941 956 964 974 985 1003 1014 1028 1036 1053 1055 1063 1068 1073 1099 
13 27 30 66 108 112 114 202 219 231 232 257 292 294 317 367 370 387 388 393 464 474 503 507 524 529 538 588 590 593 609 641 646 661 668 687 708 717 723 732 767 799 811 850 877 889 894 903 904 906 916 929 941 961 970 978 981 985 992 995 1005 1036 1039 1072 1073 1084 1086 1093 
