18 43 51 68 77 79 130 133 135 137 153 160 161 198 244 248 266 277 289 295 297 303 311 315 331 332 340 341 358 363 368 371 377 378 381 396 401 420 434 437 443 456 463 465 481 484 490 498 508 512 544 547 558 563 570 582 604 609 615 617 620 622 623 626 628 631 637 640 642 661 664 671 678 679 686 
34 42 43 47 50 51 58 67 83 103 108 115 116 129 139 152 154 156 177 178 182 203 207 231 232 234 239 244 269 283 284 303 317 320 321 329 336 338 339 346 348 350 377 396 402 411 416 419 427 438 450 462 471 472 481 483 487 496 534 543 554 569 577 579 584 592 594 598 614 625 627 630 637 644 645 659 662 663 692 697 
17 23 34 43 47 58 60 64 68 83 97 99 103 129 136 142 144 145 147 149 152 153 156 158 172 175 179 194 206 215 219 228 234 240 244 246 254 260 261 265 276 279 283 309 314 318 320 322 326 330 346 350 351 352 372 396 399 402 409 412 414 416 418 432 438 439 459 464 482 483 491 493 496 504 509 533 539 549 550 562 565 579 580 586 598 600 632 653 657 671 675 680 682 683 689 692 698 
38 103 111 122 131 144 189 204 220 230 231 275 316 356 363 375 384 399 418 429 437 445 452 453 493 521 531 568 589 599 638 648 652 658 674 693 695 
10 18 33 43 47 50 51 61 77 86 87 91 108 116 129 131 133 139 151 165 175 178 186 191 196 216 228 244 245 248 249 263 277 287 300 302 307 308 317 318 320 321 326 327 329 340 341 346 352 365 369 376 377 378 387 389 395 402 404 416 420 434 438 441 463 470 471 472 481 483 484 487 489 494 497 498 506 514 534 541 543 549 557 561 566 569 570 572 576 579 582 586 597 598 604 618 621 625 628 630 632 636 640 641 644 645 649 654 664 666 672 675 679 680 683 691 692 698 699 
10 43 45 50 61 77 87 94 102 109 116 131 150 178 184 193 196 198 207 216 217 244 247 248 255 256 260 261 276 287 290 302 307 317 318 319 326 327 336 340 364 365 401 412 414 421 426 438 441 458 472 484 487 494 497 500 506 534 542 543 567 569 588 590 600 601 605 614 619 625 630 632 644 657 672 677 679 689 691 698 
4 8 46 68 69 72 76 80 93 109 116 119 155 158 160 161 165 168 186 194 198 209 212 215 242 245 251 253 258 263 266 289 295 296 307 308 323 325 328 329 337 344 352 355 358 362 363 367 375 376 381 386 389 392 396 398 423 428 437 440 442 444 447 449 454 455 456 458 461 462 470 483 489 490 492 493 499 501 506 514 516 525 527 540 544 549 557 566 568 569 574 575 603 604 609 610 612 616 619 628 629 635 643 646 649 651 664 666 673 674 681 685 686 691 697 699 
11 15 30 34 44 51 54 57 60 65 68 74 77 80 82 84 90 103 114 116 136 144 158 159 171 183 187 188 194 199 210 214 225 226 227 231 234 237 246 256 265 271 287 291 296 299 310 314 317 325 339 341 344 346 348 351 352 356 357 362 370 376 383 396 399 401 416 418 419 423 429 444 445 447 449 450 453 456 457 459 461 463 470 481 485 488 492 493 495 499 509 510 521 529 531 538 547 556 559 565 575 577 579 587 590 595 598 601 606 609 616 620 626 629 633 634 636 637 639 649 659 660 661 667 675 680 683 686 691 692 
34 35 44 56 70 84 114 164 188 199 210 218 227 231 235 248 256 274 295 339 341 346 348 351 357 361 366 370 416 419 421 429 450 463 466 473 480 482 488 499 503 521 524 527 529 531 536 547 551 553 554 558 559 577 585 590 595 606 609 611 614 623 628 632 637 655 676 683 695 
1 21 72 81 89 93 94 104 105 113 123 127 138 155 165 168 170 176 178 181 185 193 212 220 226 238 242 256 257 261 268 271 284 294 295 297 307 312 316 318 323 325 328 334 347 354 355 375 377 393 398 403 407 410 412 413 421 422 424 426 427 429 430 444 451 460 461 465 466 468 484 489 492 494 495 499 500 506 507 510 520 521 522 525 526 527 533 535 540 549 551 553 554 556 557 559 560 563 568 574 575 578 581 583 589 595 599 603 607 610 611 614 619 620 626 629 640 641 643 646 651 652 660 662 664 669 674 676 685 690 693 696 699 
4 12 22 29 39 76 79 106 135 137 148 153 160 170 191 195 215 219 222 224 241 262 280 293 302 309 332 341 343 368 371 374 375 386 402 431 443 446 454 457 463 498 500 515 533 554 571 594 612 650 661 687 689 692 694 
26 42 49 61 82 91 92 98 119 139 141 145 147 148 163 167 168 171 178 187 188 200 202 207 209 216 222 235 240 247 258 259 263 276 285 286 289 298 299 300 311 327 332 335 338 352 354 357 373 374 380 381 391 397 404 411 423 435 448 457 463 468 469 474 475 478 485 494 497 500 515 523 528 555 565 573 586 587 593 594 597 601 612 615 616 621 624 628 630 635 639 641 646 648 649 661 665 672 680 685 688 691 700 
58 82 91 92 98 100 124 141 145 146 147 148 156 159 171 191 192 207 222 225 235 254 258 259 260 272 285 298 300 309 311 326 327 335 357 374 380 386 391 404 411 414 431 457 461 468 469 474 478 485 495 500 510 515 587 591 593 594 612 616 618 620 624 627 635 639 649 655 656 659 661 665 672 679 680 684 685 697 700 
17 23 53 60 64 66 83 85 97 103 116 132 142 149 152 158 177 179 192 194 206 215 222 228 254 260 265 273 279 283 287 288 309 313 318 322 326 328 331 350 352 363 372 392 409 414 418 428 432 450 459 464 482 491 504 511 515 525 539 547 550 562 571 577 580 606 623 653 654 657 682 692 
15 16 24 25 28 40 41 44 46 48 55 57 59 62 65 66 75 78 82 84 89 92 94 95 96 98 102 105 108 109 118 121 125 126 127 134 141 143 144 146 148 150 151 168 170 176 180 186 187 190 193 194 197 198 200 211 213 217 221 223 225 226 228 229 232 233 239 241 242 243 246 249 252 253 255 261 262 264 272 275 284 285 286 292 295 301 305 306 310 311 312 315 319 323 328 333 337 345 346 350 351 354 357 360 363 367 368 373 379 380 384 387 389 390 392 393 400 406 410 412 413 415 421 423 424 425 427 428 432 433 435 436 442 443 448 451 455 459 462 466 467 469 471 472 473 476 477 479 480 486 495 497 500 501 503 507 510 513 514 516 517 518 519 523 524 527 536 537 538 542 548 550 551 553 556 558 559 565 566 567 573 576 581 587 588 589 591 594 595 599 601 603 605 607 610 611 613 618 619 623 624 627 631 634 638 639 645 647 650 655 657 662 663 664 666 670 676 678 681 687 690 694 696 
5 7 16 24 25 41 45 46 48 57 62 66 68 75 78 79 89 94 95 99 102 105 108 109 123 136 138 148 180 185 194 200 217 221 223 228 232 239 240 241 242 246 253 256 257 259 262 263 264 267 268 275 281 284 290 294 295 297 305 306 307 310 312 313 315 319 321 324 329 333 334 337 345 352 353 354 355 359 361 368 379 385 388 390 392 393 400 403 406 407 413 418 421 425 428 433 435 442 451 455 458 462 465 471 473 479 484 486 488 493 496 497 499 500 501 504 506 508 512 513 514 516 519 520 522 523 532 537 541 551 553 556 558 559 560 563 567 573 576 578 579 583 586 587 589 599 601 605 607 611 614 618 619 624 631 632 639 640 650 654 656 662 663 669 673 676 678 680 683 687 694 696 699 
7 25 30 31 54 60 64 65 69 74 84 88 114 119 124 148 158 166 169 194 200 204 213 214 224 231 237 251 255 258 271 279 286 304 305 309 313 345 351 353 354 379 383 384 391 393 399 401 408 418 423 435 447 493 503 509 510 512 522 523 532 542 555 568 573 577 586 601 622 627 631 633 634 635 636 655 665 667 675 682 684 687 690 
22 35 51 56 62 70 73 114 120 122 163 194 199 218 227 234 248 261 267 274 287 314 317 366 373 412 433 438 473 480 482 487 499 524 525 538 558 585 590 595 597 600 683 
47 99 114 121 143 177 185 194 203 205 211 212 216 225 226 229 235 238 240 242 246 247 287 310 405 410 415 416 421 422 430 436 438 460 462 465 467 495 499 503 507 510 518 524 535 536 538 539 546 561 565 579 589 596 598 602 605 625 626 630 641 648 660 676 691 696 
19 21 49 57 96 115 117 121 124 126 132 143 146 151 157 184 205 211 216 222 226 228 230 236 238 240 248 250 251 261 273 276 283 284 289 292 296 302 310 318 328 337 350 360 372 392 408 410 415 430 436 462 467 495 497 504 505 518 524 526 529 535 536 541 542 543 546 548 550 552 564 572 577 587 591 599 600 605 607 608 609 610 621 623 626 629 657 658 670 671 675 688 691 
18 22 32 42 51 68 71 78 80 81 86 96 104 113 130 133 135 137 144 153 160 161 167 180 188 198 207 231 234 238 240 247 259 263 266 271 272 277 282 287 289 294 295 297 303 317 324 331 332 341 355 358 373 374 378 381 383 391 396 402 407 420 436 437 439 443 456 457 461 463 465 467 470 478 481 484 487 490 498 515 522 527 534 544 558 560 563 568 570 578 579 582 583 595 604 609 610 612 615 618 622 623 628 629 631 637 640 642 664 678 685 686 689 699 
6 7 30 31 41 46 50 54 61 74 86 99 101 108 111 124 153 160 161 162 166 167 169 171 173 178 180 182 186 205 207 210 214 219 222 237 238 248 249 255 260 266 268 270 272 273 277 286 300 303 305 308 313 320 327 329 330 347 349 353 358 359 360 363 374 377 383 384 385 388 394 401 402 404 405 408 417 428 433 434 437 440 456 457 460 461 463 468 483 496 508 509 512 515 526 530 532 533 544 545 546 547 548 568 570 582 584 591 596 598 602 612 613 617 618 622 626 627 629 632 633 636 647 648 651 656 658 663 664 665 667 668 671 678 679 684 686 689 690 694 695 
12 24 35 40 45 51 55 56 58 59 62 70 86 95 98 115 120 125 126 127 144 169 176 185 190 191 193 197 199 218 222 224 226 227 233 242 243 255 261 264 267 272 274 275 280 290 292 298 301 306 307 312 316 321 323 326 333 337 363 366 374 375 387 412 416 421 423 424 425 428 431 433 438 459 461 462 467 470 477 479 480 483 495 500 513 515 517 519 524 530 533 538 541 542 571 574 581 585 587 589 594 595 600 607 609 610 611 613 618 623 627 629 660 676 687 692 696 
1 27 40 49 60 73 79 80 86 88 96 101 110 114 120 121 127 139 143 151 153 159 160 161 162 163 165 168 202 205 211 220 222 225 226 238 245 246 248 250 265 266 276 277 278 281 284 290 292 298 303 308 310 311 312 317 318 322 328 341 342 360 366 377 381 382 386 391 395 399 411 412 415 426 429 430 434 437 443 448 456 467 474 477 485 489 495 502 503 506 507 514 518 520 524 526 527 528 535 536 538 539 541 544 548 551 557 561 565 566 570 581 582 583 586 591 597 600 607 608 615 616 618 620 622 626 635 637 641 645 649 655 656 659 666 672 673 675 683 684 686 688 692 697 700 
38 63 107 110 111 122 134 159 179 189 198 204 230 290 303 316 369 375 384 387 437 443 451 452 471 475 476 487 500 568 576 585 600 634 652 674 687 693 695 
37 59 67 86 96 112 128 130 133 137 153 160 161 164 172 175 191 192 203 208 219 266 290 303 332 336 364 381 395 402 420 426 429 432 433 437 439 446 467 472 488 511 524 528 538 582 622 638 642 680 686 
26 40 52 57 58 73 100 125 156 159 163 166 168 176 190 201 202 233 243 254 259 292 298 301 306 307 322 328 335 338 341 373 383 384 387 397 404 411 425 434 442 448 468 470 474 478 513 517 524 528 540 542 563 574 576 586 587 594 597 603 612 615 616 623 627 628 633 634 637 672 700 
28 32 42 62 66 71 76 81 89 112 113 118 127 128 134 172 180 181 198 201 208 220 223 229 233 241 246 257 259 262 272 282 295 297 298 301 307 310 311 315 324 331 355 368 406 407 427 429 433 436 439 453 497 522 523 526 537 551 560 563 568 574 578 580 583 588 594 607 611 619 627 634 638 640 647 650 657 669 678 687 694 698 699 
27 49 53 81 85 101 126 134 162 163 209 211 222 248 278 326 335 341 342 351 352 382 394 408 410 470 474 495 498 502 518 527 532 535 536 538 552 564 565 587 592 608 641 645 649 656 675 698 
39 49 65 98 104 119 123 127 148 150 177 188 200 213 216 221 235 240 242 247 255 261 279 286 289 294 295 305 310 334 339 345 346 354 377 380 389 393 397 403 426 435 451 458 462 469 481 484 488 503 520 522 523 560 565 567 573 576 586 587 593 607 630 631 640 641 648 660 669 690 691 
26 52 65 79 80 84 86 88 119 130 134 153 160 161 204 205 209 231 251 258 263 266 269 278 281 289 299 309 339 341 342 346 348 352 358 370 377 378 382 387 391 396 401 419 422 434 436 456 463 468 470 478 481 492 498 499 502 503 517 521 544 555 565 577 593 606 609 614 617 620 626 628 635 637 649 655 660 664 681 684 686 697 
10 18 36 43 48 50 61 77 79 87 103 104 111 114 116 131 146 151 178 184 186 189 192 193 196 199 217 221 227 234 253 255 256 264 268 276 281 287 289 290 294 295 300 317 321 326 327 333 334 335 337 340 346 365 367 369 388 392 396 403 409 428 438 441 445 452 455 459 472 484 486 487 493 494 497 499 516 520 522 525 529 534 549 552 559 560 562 564 565 569 590 591 595 600 632 644 654 656 669 675 677 679 681 695 698 
6 20 38 41 46 48 66 69 71 75 81 83 93 94 101 105 107 108 117 122 132 138 140 142 149 151 152 165 168 170 171 174 177 179 181 182 185 186 187 192 205 216 218 221 228 229 230 232 238 239 242 245 246 249 251 253 257 260 267 270 273 275 282 283 284 288 291 292 295 297 302 303 304 307 308 309 312 321 328 329 330 331 349 350 351 355 360 368 369 379 384 385 388 389 390 394 395 400 405 407 408 413 417 421 432 436 437 440 444 445 448 460 463 466 468 476 477 482 486 488 489 494 495 497 499 501 506 507 511 514 516 522 526 530 533 543 545 546 547 548 550 553 554 556 557 559 563 566 568 572 574 578 580 582 583 584 586 591 596 602 603 606 609 611 613 614 617 621 623 624 625 626 634 638 639 640 641 643 648 649 650 652 654 655 658 660 662 663 666 668 671 673 676 677 680 684 688 690 692 695 696 697 699 
7 26 53 68 69 94 124 129 138 168 173 185 214 237 255 268 297 304 305 312 313 353 359 396 408 411 421 423 433 436 460 466 468 483 507 508 512 527 532 533 544 545 568 570 571 589 595 597 614 615 618 622 629 632 656 660 663 664 674 676 
6 18 29 39 50 51 53 71 79 86 106 124 130 135 148 152 160 169 174 175 177 181 192 195 205 208 214 226 229 233 238 248 249 252 257 260 268 273 277 280 282 293 302 304 307 321 324 330 331 332 343 350 351 353 355 358 359 368 369 371 378 381 405 408 420 422 433 434 446 451 454 463 465 490 498 501 508 511 525 530 532 533 536 545 546 547 548 563 570 571 578 582 583 588 596 602 609 617 618 623 629 640 642 648 658 671 679 684 690 698 699 
2 3 14 44 48 52 69 73 85 100 103 104 106 117 127 139 140 146 159 163 168 174 182 191 201 202 216 221 224 233 235 249 252 254 259 261 265 268 270 279 280 281 289 290 291 292 294 295 297 298 302 310 316 322 329 334 335 338 343 347 348 349 371 373 376 385 388 397 403 411 417 418 431 440 451 463 474 484 488 506 520 522 528 540 560 563 571 584 586 587 588 597 606 607 615 616 624 631 634 640 660 668 669 673 677 699 700 
47 85 88 96 119 120 126 129 143 156 194 204 205 211 213 219 222 246 251 253 258 287 304 311 320 321 325 338 372 386 388 391 395 396 402 406 410 415 416 429 467 468 483 486 496 499 526 536 538 548 551 555 559 561 589 598 605 620 628 635 645 654 655 661 663 677 680 684 697 
6 18 35 66 70 83 85 88 106 108 119 132 149 152 174 177 184 192 194 205 213 218 236 258 273 274 281 287 288 304 309 313 320 328 329 331 350 351 362 365 372 386 391 396 407 432 463 472 482 490 496 507 511 525 538 541 550 555 577 584 585 593 598 620 623 635 645 648 649 654 661 665 679 684 690 
19 27 41 49 57 81 84 85 101 117 121 126 151 157 162 184 205 211 217 222 225 226 230 236 250 251 276 278 289 292 296 335 341 342 360 365 372 382 394 395 419 467 498 501 502 503 505 516 524 526 529 535 538 541 543 548 552 561 564 565 572 577 591 599 605 607 608 619 645 655 656 666 670 675 684 688 697 
24 36 38 48 55 59 63 79 85 89 107 118 127 129 146 150 156 165 173 179 188 193 194 197 204 230 240 241 247 253 261 264 285 293 312 315 316 323 331 333 337 338 343 347 359 362 363 365 367 369 371 373 376 384 389 392 421 423 424 425 428 431 452 455 459 460 470 475 476 477 481 483 486 499 508 514 515 516 528 530 537 562 563 571 572 578 581 583 589 605 607 610 611 613 629 634 640 647 652 654 660 663 664 669 681 692 693 694 695 
8 15 46 52 65 69 71 72 76 77 82 90 92 93 98 134 141 155 165 168 180 183 186 194 209 215 230 232 235 239 240 245 247 249 259 261 263 296 299 307 310 318 325 328 331 344 352 354 362 367 368 379 380 389 390 393 397 398 400 402 426 434 453 458 461 469 470 483 485 489 492 493 494 497 498 499 501 506 509 510 514 523 525 540 549 556 557 566 574 575 579 603 612 628 636 641 643 646 649 651 665 666 667 673 674 685 697 698 
14 34 44 57 74 153 180 183 194 209 210 231 248 256 263 274 281 291 299 339 346 348 351 352 357 359 361 370 397 401 419 434 450 453 463 470 488 492 495 498 499 503 521 526 531 547 551 556 559 577 606 609 626 628 632 637 649 654 655 659 682 683 
11 15 44 60 90 103 113 114 136 144 145 158 171 180 183 187 209 214 231 240 246 263 265 285 299 312 314 324 340 345 348 352 356 362 376 380 390 395 397 399 418 423 437 445 449 453 457 463 485 493 494 495 498 556 557 583 592 593 599 601 606 621 630 634 639 648 649 659 661 675 680 683 
14 25 30 31 33 45 54 65 74 91 95 111 147 166 175 180 192 196 200 208 219 224 237 240 244 252 253 264 271 283 286 306 326 327 337 338 344 365 367 374 383 397 401 404 431 439 442 444 447 455 460 461 471 472 479 486 500 503 509 516 522 523 526 541 542 551 555 559 568 572 573 576 590 591 604 605 612 625 627 630 633 634 636 637 644 647 665 667 668 672 675 681 691 
9 33 51 61 67 86 88 91 124 133 135 137 144 146 147 153 164 167 175 178 187 192 195 207 213 215 219 251 258 260 265 269 272 277 280 281 286 290 300 304 309 322 327 332 335 336 364 368 374 378 381 383 386 391 402 404 414 420 426 434 443 457 463 465 468 474 475 478 488 490 491 498 499 510 515 541 554 555 570 582 591 592 604 612 620 627 629 635 636 640 642 648 655 656 661 664 679 680 684 685 689 691 697 
3 6 20 26 40 47 67 75 85 96 117 140 143 146 154 164 171 174 182 186 192 203 216 221 232 235 239 265 267 268 269 270 273 276 281 284 290 291 297 308 317 321 329 335 336 347 348 349 361 364 376 379 382 385 388 390 394 400 417 426 427 436 440 444 449 451 454 459 468 472 478 488 494 496 499 511 527 528 542 549 556 557 567 572 584 586 590 592 598 600 619 623 624 647 649 654 658 662 668 677 695 
1 5 6 13 24 27 28 30 31 36 38 39 40 41 47 48 54 55 57 63 66 68 69 77 78 81 89 93 94 95 99 101 102 103 104 105 107 109 113 115 118 123 138 150 151 157 161 162 165 166 170 178 179 181 183 185 187 194 212 214 217 218 220 222 223 224 231 234 236 237 238 242 245 249 253 257 262 264 266 271 273 275 276 278 282 290 294 295 304 307 308 309 310 311 312 313 314 315 317 318 319 324 330 331 334 335 337 342 348 352 355 356 357 358 360 361 362 367 368 369 370 375 376 377 382 383 389 392 394 395 399 401 403 405 406 407 413 416 419 420 421 422 423 426 428 429 430 437 438 442 444 445 447 448 449 450 452 453 455 458 459 460 465 466 471 473 481 484 485 486 487 489 493 495 497 499 500 502 503 505 506 507 510 514 516 519 521 522 526 530 531 533 534 537 540 541 542 544 545 546 548 549 551 553 554 557 559 560 563 565 566 567 572 574 576 579 583 589 591 594 596 598 599 600 603 604 605 606 607 608 609 611 613 614 617 619 626 629 631 633 634 636 637 638 641 645 646 649 650 654 655 657 658 659 660 662 665 666 667 669 670 671 673 674 676 678 681 684 687 688 693 694 695 696 697 699 
35 38 51 55 56 59 62 63 70 107 110 120 122 127 134 146 150 157 179 189 191 193 197 204 218 220 227 234 235 255 267 274 296 303 306 316 323 333 337 366 384 392 412 424 425 428 433 437 438 452 459 462 468 473 475 476 477 479 480 482 487 516 519 527 528 529 541 552 563 572 576 581 585 589 595 600 607 609 610 611 623 634 646 652 674 681 683 693 695 
13 24 39 43 45 78 87 99 102 131 150 162 177 184 188 196 198 216 217 230 240 244 247 249 251 256 260 273 302 319 321 330 340 355 365 367 369 373 376 394 405 420 426 433 438 441 458 462 465 471 472 473 487 490 494 514 530 533 545 546 547 561 565 567 569 570 588 589 590 596 598 601 602 605 617 619 625 630 631 634 644 658 666 671 684 687 690 691 698 
9 35 37 39 40 52 59 67 86 100 112 115 128 147 159 164 167 169 172 175 178 187 191 192 197 199 202 203 208 215 219 220 222 224 227 265 267 269 272 282 286 290 297 300 303 309 311 326 327 330 336 364 366 368 374 397 402 404 411 424 426 427 429 431 433 439 443 446 451 457 461 472 475 478 480 488 515 527 528 530 551 554 571 581 585 590 592 595 611 612 615 619 622 638 646 656 658 683 689 691 700 
39 88 110 119 121 143 151 203 205 222 225 226 229 230 240 248 252 255 362 377 415 433 443 447 450 462 463 467 468 481 501 507 518 520 526 527 536 551 555 561 565 593 605 628 630 635 655 668 683 699 
