1 4 28 42 69 81 115 123 169 181 212 224 238 271 375 422 426 430 460 465 481 485 500 501 541 549 626 629 641 655 660 674 
2 3 12 14 22 39 85 101 139 168 169 170 191 221 224 252 287 329 373 376 425 431 443 451 500 525 533 558 571 588 613 618 631 692 
4 8 46 72 76 77 155 168 215 296 307 325 328 344 362 398 444 454 458 461 483 492 494 501 525 540 549 574 575 603 612 643 646 651 673 674 685 
4 29 79 106 148 170 195 280 293 302 343 371 446 454 571 
5 16 25 41 45 57 95 109 275 306 333 433 442 471 473 479 519 576 587 599 607 
5 7 21 53 69 80 124 173 214 255 268 304 305 313 353 359 408 423 460 483 508 512 532 533 618 622 629 632 656 663 
5 93 165 194 245 249 307 308 318 367 376 389 395 444 458 489 499 506 514 557 566 604 641 649 666 
6 20 69 85 117 140 154 171 174 182 186 249 254 270 291 308 321 329 347 349 385 388 394 417 440 444 454 468 488 496 584 586 624 654 668 677 
6 66 83 132 149 152 174 177 192 228 273 288 313 328 350 351 432 482 496 507 511 525 550 623 654 690 
6 46 76 99 192 205 229 249 251 260 273 302 304 330 369 394 405 433 530 533 545 546 547 596 602 613 617 626 658 671 684 690 
9 13 40 52 67 115 164 187 191 203 265 267 269 290 336 364 402 426 427 475 478 488 554 592 612 
10 36 43 45 50 77 87 108 109 116 131 184 196 244 256 260 287 305 326 340 365 369 438 441 471 472 487 494 504 534 543 569 625 632 644 672 679 698 
11 15 57 90 99 103 171 183 187 275 284 314 335 356 362 363 376 423 437 445 449 453 485 599 638 639 645 648 649 659 661 
13 39 88 118 119 120 205 213 251 255 258 281 287 304 309 312 321 322 375 386 391 429 448 465 468 474 520 547 555 593 607 620 635 648 661 665 673 680 684 697 
13 24 39 78 89 102 150 217 319 458 473 567 589 601 619 631 
16 40 58 125 126 144 176 190 233 243 292 301 387 425 451 513 517 542 594 623 627 687 
16 28 36 38 41 55 63 107 110 111 122 123 134 179 181 189 198 204 220 230 303 316 333 363 369 384 437 452 475 476 487 522 528 568 589 634 652 693 695 
17 23 53 58 64 97 142 145 158 194 206 215 228 254 260 265 279 283 309 318 322 326 372 409 414 459 464 491 539 562 580 653 682 
18 25 33 51 86 130 133 135 137 175 198 219 248 277 289 332 368 378 381 402 420 434 443 463 465 490 498 558 570 582 604 618 628 640 642 664 679 680 685 
19 21 49 57 126 146 157 184 230 236 250 251 289 372 392 504 505 529 535 543 552 564 572 605 608 670 675 688 
21 68 96 110 114 121 126 143 201 205 211 225 226 229 246 310 311 351 372 377 395 396 410 415 436 443 467 495 503 507 510 518 524 527 535 536 538 561 565 629 
25 30 31 33 54 65 74 111 166 180 224 237 286 309 313 347 383 398 401 447 460 461 503 509 510 522 542 568 590 627 633 634 636 665 667 675 
26 28 52 73 100 139 159 163 168 201 202 235 254 259 292 298 316 322 338 397 411 436 448 451 468 474 478 524 528 586 587 597 615 616 672 700 
27 49 81 101 162 222 248 278 335 341 342 382 394 474 498 502 535 565 619 645 656 
32 58 66 71 81 89 113 181 220 229 257 259 282 295 297 307 324 331 355 407 427 436 551 563 568 578 583 619 634 640 699 
33 61 91 144 145 146 147 153 167 178 188 207 215 219 222 272 286 300 311 326 327 374 404 457 461 475 478 515 549 554 571 612 627 656 679 689 
34 44 45 84 103 153 210 220 231 256 281 339 341 346 348 351 357 361 370 419 429 446 450 459 463 488 503 521 531 547 559 561 577 606 609 628 632 637 655 657 
35 51 56 62 70 114 120 199 218 227 267 274 366 433 473 480 482 524 541 558 585 590 595 623 683 
36 41 48 79 89 109 118 174 253 264 268 290 295 337 338 363 367 373 392 428 455 471 486 499 516 541 551 559 572 611 647 654 681 
37 112 128 172 175 192 208 219 303 429 439 446 528 622 638 
40 101 151 222 284 292 308 328 360 448 495 526 548 572 591 655 673 684 688 697 
42 49 53 64 111 139 187 188 216 230 235 240 247 302 338 362 373 377 395 397 438 462 463 481 494 543 561 565 588 593 605 621 630 641 648 683 688 691 
42 52 65 80 127 134 180 194 209 213 263 299 352 367 397 434 470 495 497 498 499 556 588 601 628 647 649 697 
46 66 75 108 221 232 239 267 284 368 379 390 400 497 501 556 624 639 662 663 
47 85 108 116 120 129 156 228 320 321 329 396 402 416 438 481 483 496 579 598 645 663 692 
51 55 80 115 116 146 169 175 184 188 234 248 261 276 290 314 317 318 347 426 482 487 542 579 590 594 600 637 657 
55 59 62 93 127 191 193 197 255 261 312 316 323 333 375 392 412 423 424 425 459 462 477 581 589 607 609 610 611 613 
60 64 68 77 99 110 114 136 144 246 265 310 314 399 418 493 504 579 601 639 675 680 683 692 
62 76 118 134 198 201 223 241 246 262 273 311 315 368 406 427 497 537 551 594 605 638 647 650 657 678 687 694 
65 123 148 180 200 213 286 305 345 354 393 435 462 523 573 586 587 631 687 690 
68 79 153 160 161 266 303 341 358 377 396 434 437 456 544 604 609 622 626 637 686 
82 92 98 141 145 148 171 235 259 285 380 469 485 500 510 593 624 661 665 672 685 
93 94 105 138 170 185 242 256 275 312 398 413 421 466 507 553 554 556 559 599 611 614 660 674 676 696 
103 104 127 221 261 268 281 289 294 295 310 334 335 403 484 522 560 640 660 669 
