#module 0 size: 80 bs: 0.00102766
25 71 79 82 121 139 174 183 190 191 218 237 260 267 269 276 282 288 289 295 315 320 321 363 377 382 383 386 387 450 452 461 480 487 489 495 502 508 532 533 537 551 557 559 561 584 586 591 598 601 605 608 628 631 641 643 647 655 692 693 705 712 717 725 734 758 773 782 785 789 806 824 825 833 836 840 849 855 871 900 
#module 1 size: 179 bs: 0.00153926
3 4 23 27 30 32 37 41 48 52 54 60 62 67 75 78 97 99 106 108 110 120 123 127 150 154 155 157 158 162 166 170 175 185 193 199 204 206 210 220 227 229 233 235 238 239 241 249 253 257 261 265 276 278 281 294 298 302 303 304 309 313 316 317 326 327 328 331 339 347 349 358 360 368 369 370 372 385 390 391 396 398 403 404 417 418 427 431 438 440 457 464 476 477 478 499 506 507 514 519 520 534 542 547 558 565 568 576 580 581 587 592 597 598 602 603 604 606 610 617 618 632 644 661 662 670 671 672 677 679 682 687 691 693 694 695 697 699 718 724 726 728 729 733 735 747 751 752 753 762 766 775 778 787 794 795 798 802 804 812 823 824 829 830 847 856 863 865 866 867 874 875 876 879 887 893 895 896 897 
#module 2 size: 187 bs: 0.000535495
1 8 11 18 27 37 45 49 60 72 75 76 78 95 97 111 115 118 119 126 135 138 146 147 151 155 158 160 170 175 176 185 189 193 197 207 208 215 230 233 235 238 242 245 247 248 249 250 252 257 260 263 266 281 302 306 309 316 324 327 330 331 337 338 339 340 341 343 344 346 355 362 365 374 377 381 390 394 402 405 406 413 419 434 436 444 445 447 455 457 464 469 476 479 485 488 496 497 504 505 518 519 520 521 522 524 525 538 539 542 545 546 547 548 552 565 566 569 570 571 573 583 586 590 592 593 598 604 606 610 611 612 619 625 632 634 636 638 651 654 661 669 678 682 685 702 703 706 716 723 724 735 741 743 749 754 762 765 767 770 771 772 774 781 786 788 790 798 799 800 801 803 812 813 814 829 830 834 847 848 854 860 862 866 871 886 893 
#module 3 size: 121 bs: 0.00223036
17 31 34 39 40 56 57 65 73 81 84 86 92 103 117 125 128 130 131 133 149 153 156 181 186 187 194 207 216 219 265 276 280 286 293 311 317 325 335 336 355 356 357 366 388 392 393 399 401 410 414 420 425 432 433 440 479 493 494 516 530 531 544 555 563 574 575 582 587 589 595 615 626 635 640 645 648 649 659 661 668 681 700 708 710 713 721 726 730 733 734 748 754 760 762 776 777 779 783 792 793 796 797 805 817 819 826 828 832 840 843 845 848 850 852 854 855 869 870 873 899 
#module 4 size: 26 bs: 1
85 159 167 225 273 294 332 389 429 446 449 454 513 536 588 594 624 657 665 688 714 738 815 856 863 898 
#module 5 size: 19 bs: 1
9 16 202 212 214 232 247 262 274 299 300 407 426 428 451 453 584 595 649 
#module 6 size: 34 bs: 1
38 53 57 61 80 104 120 155 195 198 211 217 278 352 445 467 485 509 535 554 556 562 663 667 689 710 727 742 757 822 839 857 863 900 
#module 7 size: 39 bs: 1
26 94 107 129 144 145 183 194 207 223 255 421 422 459 532 540 577 578 614 627 636 637 639 653 666 674 684 690 701 707 740 768 796 797 808 812 821 872 882 
#module 8 size: 28 bs: 1
35 44 97 102 161 275 291 376 384 391 429 486 549 550 571 605 616 646 649 732 736 750 763 784 809 841 858 900 
#module 9 size: 30 bs: 1
88 93 142 211 212 297 312 323 376 479 483 491 588 613 658 676 706 711 781 789 803 811 827 861 864 877 880 882 884 890 
#module 10 size: 37 bs: 1
23 27 83 109 152 179 200 201 211 217 234 240 357 359 456 460 474 485 500 510 511 547 560 572 629 662 704 737 761 764 777 780 821 837 838 881 895 
#module 11 size: 27 bs: 1
90 101 200 227 260 317 334 354 364 380 400 471 520 560 591 599 617 630 652 662 708 778 816 838 864 878 885 
#module 12 size: 33 bs: 1
10 43 59 156 164 169 184 272 314 316 348 397 409 492 495 512 526 543 588 605 656 669 709 718 720 737 744 745 754 810 821 842 887 
#module 13 size: 38 bs: 1
20 105 140 178 196 221 244 265 296 320 325 362 364 391 416 429 430 499 525 529 564 585 607 609 620 671 680 682 719 791 803 807 819 824 844 864 889 897 
#module 14 size: 15 bs: 1
74 87 89 137 143 163 203 356 453 517 555 796 844 882 890 
#module 15 size: 17 bs: 1
46 136 165 182 212 224 227 283 310 329 342 357 464 517 614 680 856 
#module 16 size: 37 bs: 1
69 70 86 96 124 144 183 187 205 268 290 314 318 319 339 361 362 376 395 419 453 456 463 465 468 482 484 490 503 596 635 718 759 835 848 886 890 
#module 17 size: 28 bs: 1
64 68 77 108 112 114 177 222 243 278 314 428 442 515 528 584 600 617 642 696 701 726 734 746 756 836 887 897 
#module 18 size: 37 bs: 1
7 13 14 42 51 55 100 141 192 195 203 246 254 261 271 307 308 364 411 415 419 428 501 527 544 567 589 598 622 635 680 683 722 735 838 855 886 
#module 19 size: 36 bs: 1
2 19 50 113 116 122 173 184 209 236 259 375 379 423 437 448 458 470 473 532 571 589 610 623 673 686 699 739 769 818 831 836 853 868 888 891 
#module 20 size: 30 bs: 1
36 63 120 125 148 171 172 187 194 256 270 271 277 312 358 367 371 412 441 443 471 472 586 621 660 706 742 846 851 854 
#module 21 size: 19 bs: 1
12 58 134 213 287 301 333 338 373 456 475 541 553 671 672 693 708 869 893 
#module 22 size: 20 bs: 1
15 22 24 98 132 188 195 228 231 264 355 442 462 466 498 499 523 525 595 895 
#module 23 size: 32 bs: 1
5 6 21 33 66 168 200 226 251 258 271 284 285 305 320 350 378 408 439 471 476 478 481 701 715 733 737 742 844 859 874 883 
#module 24 size: 37 bs: 1
28 29 47 91 129 180 279 292 294 312 322 345 351 353 356 390 424 435 440 517 544 555 560 579 633 650 664 675 698 731 752 755 781 820 869 892 894 
