25 32 38 50 73 75 79 80 82 91 100 122 133 144 145 147 148 159 163 167 178 179 185 196 217 237 241 259 269 274 275 279 282 305 309 319 325 326 336 350 360 361 373 381 385 390 402 403 424 428 430 435 454 457 466 472 477 478 491 493 507 521 522 530 533 537 550 564 569 577 582 587 589 594 610 620 624 626 631 633 635 636 637 640 643 661 683 697 699 
20 34 50 70 112 133 145 155 177 179 180 181 185 212 238 241 266 282 305 325 337 360 385 410 427 457 467 535 549 550 564 588 611 624 626 631 670 671 697 
3 13 31 33 35 37 48 49 52 60 70 71 83 85 86 93 108 109 110 113 119 123 126 132 136 140 154 155 162 164 168 177 184 190 194 195 208 212 213 230 232 235 239 251 257 261 262 263 269 281 282 287 297 299 303 307 308 313 317 320 324 333 337 339 341 343 352 368 370 377 383 385 397 414 416 419 423 429 431 434 439 445 448 450 462 464 474 481 486 492 495 513 515 537 538 549 554 565 567 586 588 600 604 619 626 628 630 635 647 648 658 659 662 670 672 673 684 689 693 694 700 
32 38 56 75 81 105 111 112 122 124 128 136 140 148 160 163 170 178 181 196 197 201 217 220 237 242 243 255 274 275 279 292 307 309 310 314 323 335 337 340 344 346 350 361 366 371 373 390 402 411 426 438 460 463 469 470 471 484 490 491 494 499 518 520 521 522 528 530 536 537 554 563 569 570 573 576 578 582 583 587 590 594 607 618 633 634 637 638 640 643 645 651 654 657 660 669 670 680 683 692 699 
2 5 7 15 30 42 48 56 63 74 79 80 81 86 91 102 116 117 120 138 143 152 158 159 162 167 169 170 190 194 197 199 206 208 220 225 226 231 236 237 257 259 266 276 284 286 290 291 296 304 314 323 336 344 346 355 368 369 384 398 401 408 409 417 426 431 435 437 447 448 449 454 460 461 471 477 488 489 494 499 518 522 527 528 536 539 556 568 570 573 578 590 593 596 604 607 621 622 625 633 635 645 651 654 657 660 671 680 687 695 
26 33 39 57 65 72 78 87 88 95 99 104 108 132 138 165 168 172 175 176 180 184 187 189 202 228 244 258 262 264 267 283 288 289 293 315 328 351 353 357 368 386 391 393 405 408 416 423 425 433 436 458 465 476 478 489 499 510 517 518 526 532 535 555 566 573 579 589 603 611 612 621 629 633 635 653 654 661 668 681 683 689 
4 11 53 68 106 117 130 135 136 138 139 146 152 154 156 158 169 180 193 205 213 225 228 231 235 236 237 239 252 261 278 279 284 289 291 304 315 322 327 335 342 343 352 358 360 368 372 400 405 408 410 421 427 429 434 442 449 455 458 461 462 464 478 489 492 493 495 499 509 510 517 518 526 527 530 534 535 538 543 544 546 568 587 588 595 596 612 617 631 644 647 651 652 653 654 659 662 664 670 671 681 686 693 700 
4 11 37 41 48 57 58 59 78 84 88 109 110 113 121 131 138 149 152 173 176 180 186 189 193 194 198 203 205 207 214 225 231 236 237 250 256 257 264 269 279 282 284 288 289 291 302 304 315 327 330 341 367 371 372 378 380 381 384 393 398 403 405 408 410 420 423 431 436 438 439 442 443 445 448 449 450 455 458 461 468 481 483 485 486 489 494 510 517 518 520 526 527 534 535 540 551 556 560 567 568 570 586 592 596 597 600 603 612 617 630 636 646 647 648 650 651 653 658 661 663 667 669 689 691 694 
25 26 33 39 40 57 67 72 76 87 88 95 96 97 99 104 106 107 108 109 114 127 137 141 161 165 168 175 178 187 188 189 209 219 244 256 262 264 280 283 293 300 321 326 328 329 338 349 350 351 354 366 368 372 393 396 399 410 411 412 418 433 436 452 458 469 474 475 476 478 483 493 496 497 500 503 515 516 518 523 532 540 541 546 558 561 562 573 574 575 579 580 583 603 607 611 621 633 642 649 654 658 661 668 672 681 682 683 696 
8 21 23 40 41 59 65 67 69 73 76 78 79 80 85 87 89 96 97 99 101 103 104 109 112 114 124 125 136 137 142 150 153 159 165 167 172 184 188 191 192 202 206 209 210 214 215 220 221 227 229 242 244 249 253 262 265 267 269 272 288 293 295 300 301 302 309 310 314 317 319 321 326 329 330 332 337 338 342 349 351 353 354 359 365 366 378 380 383 388 396 398 399 401 403 406 407 411 418 420 422 424 426 428 431 433 435 440 441 442 447 454 462 466 469 472 473 474 475 476 483 485 491 492 493 496 497 500 503 511 513 516 523 530 532 533 540 541 546 547 552 554 555 558 563 569 571 573 574 575 577 579 580 583 585 610 611 620 623 625 629 635 642 643 645 646 649 650 654 657 658 661 669 672 675 676 682 683 685 686 690 695 696 
23 44 62 67 72 97 99 114 150 152 172 174 192 209 227 240 244 255 262 265 301 303 312 321 326 340 347 354 368 376 383 404 413 418 422 446 452 458 459 465 468 469 470 473 474 484 488 493 496 501 502 503 508 510 512 523 535 547 556 557 559 564 568 573 574 591 595 598 606 613 623 627 640 643 649 654 672 676 686 692 698 
2 7 20 30 42 86 102 120 157 167 169 190 199 206 208 227 246 249 257 259 266 276 286 296 309 327 336 355 359 367 368 369 385 398 409 417 431 437 448 461 476 477 488 521 526 539 549 621 622 629 654 687 
6 20 21 24 30 37 41 42 45 48 51 52 70 77 88 91 92 99 103 110 113 115 127 141 157 161 164 169 180 183 184 186 189 190 193 194 200 212 219 223 231 232 237 249 250 256 262 269 270 280 283 287 324 334 344 355 367 369 372 383 394 396 397 406 408 410 412 423 431 433 439 440 445 447 448 449 450 452 455 458 468 476 478 481 486 488 494 513 515 517 518 520 526 528 532 533 544 545 550 556 561 562 567 579 586 588 596 600 611 617 623 628 630 644 647 648 653 654 687 690 694 
16 34 38 40 60 64 112 129 133 145 147 177 180 182 185 191 206 211 212 228 239 262 266 305 309 313 325 328 367 383 385 386 395 406 433 456 457 463 482 506 515 520 521 525 529 542 564 579 608 610 614 623 624 625 631 641 644 652 671 682 687 690 697 
16 17 22 38 40 53 60 64 68 94 96 97 106 125 129 134 136 139 146 147 154 156 182 184 191 206 211 213 228 235 239 252 261 272 295 300 309 313 316 327 328 329 332 335 339 342 343 349 352 385 386 389 395 399 411 421 434 439 441 442 462 463 464 475 492 493 495 497 500 506 509 511 519 520 521 523 525 527 529 541 546 558 575 580 595 610 614 622 623 626 640 641 644 652 659 662 672 682 687 690 693 696 700 
27 30 38 43 65 69 79 116 127 130 131 143 145 151 164 166 167 183 198 201 205 215 216 222 224 228 232 238 246 253 258 260 265 285 300 302 310 313 319 335 344 345 348 350 353 359 364 368 382 386 387 391 401 403 406 410 417 422 424 425 428 430 435 439 440 444 445 451 454 467 472 473 491 499 505 530 533 536 569 571 577 587 589 592 594 597 608 612 625 635 655 658 666 669 679 695 
17 26 29 33 39 57 66 72 78 87 88 90 94 95 97 105 106 114 118 132 140 144 152 165 168 169 172 174 175 176 184 187 189 196 209 223 228 236 253 283 284 289 304 309 322 328 356 357 362 363 374 379 380 393 405 412 413 416 418 436 442 458 468 469 474 478 479 487 489 490 493 496 504 507 510 523 527 530 532 540 547 549 555 566 568 574 576 581 584 591 594 596 601 602 603 607 612 624 633 634 640 661 664 668 672 676 677 678 681 686 689 
10 18 19 31 37 41 44 48 52 62 66 67 70 72 73 79 84 86 94 108 110 113 118 127 149 150 155 159 162 164 174 176 180 183 184 193 194 196 210 219 223 233 237 253 255 256 258 260 269 271 278 282 302 303 308 312 324 341 346 347 357 363 368 372 374 376 378 384 397 401 403 404 406 407 409 410 413 428 430 431 437 439 443 445 446 447 448 450 454 455 465 468 470 472 474 481 486 487 490 491 496 501 502 507 509 513 514 533 535 544 559 566 567 570 576 578 579 584 586 588 590 591 595 596 598 599 600 610 613 620 628 630 631 635 639 647 648 649 656 658 664 667 670 671 673 677 685 686 694 695 
35 49 83 85 119 123 195 208 221 230 251 257 262 263 281 287 297 299 303 368 370 377 378 402 411 416 419 422 476 502 503 507 508 516 546 577 580 619 626 639 672 684 693 696 
49 67 97 99 105 111 114 121 124 128 136 140 152 160 172 181 186 191 192 194 200 209 220 227 242 243 244 250 271 272 279 282 292 301 307 309 321 326 335 340 354 366 368 383 390 406 418 438 455 458 459 463 468 469 474 484 488 496 499 503 518 520 523 535 536 547 563 569 573 574 607 612 616 617 618 628 634 638 640 649 650 651 654 669 670 672 676 680 692 
21 35 49 83 91 103 115 119 126 141 157 161 181 195 200 208 212 217 219 230 232 251 257 263 265 268 280 281 286 287 293 297 299 321 337 368 370 377 396 403 406 412 416 419 422 424 425 447 452 461 476 501 508 515 550 561 562 574 586 611 619 622 626 684 690 
14 28 29 46 48 53 58 59 78 84 85 86 94 98 106 109 123 129 131 136 142 144 146 149 151 153 154 156 173 188 198 203 205 207 213 214 224 227 228 229 239 241 252 256 261 266 286 288 302 305 313 327 328 330 339 342 343 352 356 362 368 371 372 378 379 380 381 385 388 392 398 405 407 420 421 430 434 441 442 443 444 461 462 464 468 473 479 483 485 492 495 498 504 530 534 540 551 554 556 560 570 572 576 581 592 595 597 601 605 622 635 636 644 645 646 647 650 652 658 661 663 666 667 669 675 677 678 685 691 693 697 
27 30 38 46 58 61 69 74 84 109 130 131 133 142 143 149 151 152 173 177 184 193 198 203 205 206 207 215 222 224 225 227 228 229 231 256 260 266 285 289 299 302 327 337 344 364 366 371 372 379 380 381 392 398 406 407 408 420 422 430 439 440 442 443 444 449 462 478 479 506 510 527 530 534 540 551 554 556 560 568 571 574 577 587 592 593 594 596 597 603 605 610 612 618 623 636 641 645 646 650 654 655 658 661 666 667 668 675 679 685 691 693 
2 5 7 25 32 42 56 58 60 63 69 74 77 78 81 82 84 85 91 100 116 119 120 122 123 126 130 148 149 151 160 162 163 170 173 178 181 184 190 195 196 197 198 199 201 203 205 207 208 215 217 220 222 224 226 243 246 251 259 260 274 275 276 279 282 285 287 292 296 297 299 302 303 307 314 323 327 333 336 337 341 346 350 359 361 364 370 371 373 377 384 390 398 402 405 409 419 423 424 426 430 437 438 440 442 443 444 460 461 466 471 477 484 494 509 514 518 520 521 522 527 528 530 534 536 537 538 539 551 556 560 563 570 571 574 577 578 580 582 587 590 592 593 594 597 598 604 607 610 618 619 622 623 626 634 637 638 639 640 643 645 647 654 655 656 657 660 661 666 667 675 679 680 684 691 693 699 
1 3 15 24 40 63 76 84 89 96 97 101 103 104 117 125 132 135 137 158 186 188 202 204 206 221 233 241 247 248 251 257 267 268 271 272 277 278 288 291 293 295 298 300 301 304 307 313 316 317 318 320 322 328 329 331 332 333 338 349 351 353 358 360 365 366 375 381 383 389 399 400 403 405 411 414 416 417 426 427 428 429 432 433 453 456 462 475 476 480 483 487 489 497 500 504 508 509 511 514 516 519 523 524 526 535 538 540 541 542 543 546 548 554 555 558 563 565 572 575 579 580 583 586 599 602 609 611 615 624 629 632 634 637 642 658 674 677 678 682 683 686 696 
23 26 43 47 53 65 68 78 87 89 94 95 101 104 108 113 126 134 139 165 166 168 175 176 183 187 213 216 218 221 232 235 238 239 245 246 247 251 258 261 265 267 270 272 282 283 285 290 293 301 303 311 313 316 317 335 338 339 343 345 348 351 352 353 365 373 381 382 386 387 389 391 393 402 410 415 416 417 422 425 432 433 434 436 451 463 464 467 476 482 487 492 495 498 499 505 516 531 533 538 552 555 572 579 583 586 589 597 599 602 603 604 605 608 609 611 621 629 630 632 644 645 651 652 659 662 663 668 678 681 688 693 694 
12 28 29 86 98 129 142 144 153 179 214 229 238 241 245 249 266 288 305 310 325 330 356 359 362 379 380 381 398 407 420 441 457 467 479 483 485 490 491 498 504 540 550 554 563 576 581 583 601 612 618 624 631 636 646 650 669 671 675 679 685 697 
10 34 46 47 50 63 70 91 94 112 121 133 134 136 145 154 171 177 179 181 185 204 212 218 233 238 241 245 247 248 265 266 268 272 277 294 298 300 305 311 313 316 317 318 325 328 331 337 338 343 345 353 360 375 381 383 389 397 415 427 432 434 453 457 463 467 479 480 482 484 491 495 498 499 517 519 524 531 535 538 542 545 548 550 552 553 558 564 567 572 573 599 602 605 607 609 611 615 616 624 630 631 632 636 642 644 648 670 671 674 678 688 692 697 
43 65 110 113 127 164 166 176 181 183 186 194 216 232 242 246 258 267 269 279 282 285 307 313 324 335 341 345 348 353 382 383 386 387 391 397 422 425 431 438 445 448 451 467 472 481 484 486 487 499 505 513 532 533 536 563 567 586 588 589 599 600 607 608 613 621 628 630 635 647 648 658 673 694 
6 8 26 30 33 37 39 41 45 52 70 72 73 77 79 80 86 87 88 89 92 95 99 101 102 104 106 108 116 123 127 136 138 155 157 159 165 167 175 176 180 183 184 186 187 189 193 194 202 210 216 221 223 227 228 231 235 237 249 250 260 261 264 269 270 282 283 284 287 289 293 301 303 304 310 315 319 332 334 337 338 342 343 359 365 366 367 378 383 385 393 394 397 401 403 405 406 408 423 424 428 430 431 433 435 436 439 445 447 448 454 455 458 462 464 466 472 473 476 478 481 489 491 492 495 497 499 509 516 517 518 520 526 532 544 555 556 567 568 569 571 574 577 579 583 585 589 600 603 607 610 611 617 620 621 623 625 628 629 630 633 635 644 646 648 653 658 661 662 663 668 671 679 681 683 686 689 690 693 695 699 
47 59 74 78 84 89 97 101 104 121 134 153 168 202 205 214 218 221 229 256 262 265 267 272 285 288 293 301 311 317 322 328 338 339 343 351 353 358 365 366 378 379 381 389 405 415 420 425 432 433 441 476 479 483 495 516 518 531 532 540 552 555 572 579 583 586 602 609 611 629 630 632 651 663 669 677 678 683 688 690 
9 23 36 47 55 85 128 134 160 174 200 218 234 238 239 240 241 245 247 254 265 270 271 290 294 301 303 306 307 309 311 316 317 324 340 342 348 354 356 373 376 381 389 392 408 415 432 459 463 472 474 482 485 494 498 508 512 516 531 536 547 554 557 559 565 572 586 605 606 609 615 624 627 628 632 636 649 651 652 656 660 670 678 680 688 694 698 
5 27 36 52 54 56 61 69 81 100 107 116 120 121 128 130 143 144 151 162 169 170 171 173 174 190 197 199 201 215 217 220 222 224 226 260 273 274 285 286 296 308 314 323 332 335 344 345 346 350 359 361 364 365 368 369 377 384 387 398 402 406 409 423 426 428 430 437 439 440 444 460 461 463 466 467 469 471 477 478 488 494 505 509 511 521 528 530 534 536 537 539 544 545 551 552 553 570 571 577 578 580 582 585 587 590 593 594 595 598 604 608 616 618 622 623 633 637 640 643 645 654 655 657 660 665 666 673 679 692 699 
1 15 18 19 23 24 44 47 48 58 62 72 73 84 85 96 109 117 123 126 131 132 134 135 140 149 150 158 168 173 203 218 241 245 247 255 257 264 265 271 278 284 290 291 292 300 303 311 312 316 317 322 333 336 347 353 358 376 377 378 389 392 399 400 404 407 408 413 415 417 427 429 432 437 443 445 446 448 456 464 465 469 470 473 482 497 498 500 501 502 507 509 512 514 531 536 538 543 545 551 552 556 560 565 572 575 577 579 582 586 591 592 595 597 598 599 602 605 609 613 615 632 636 639 646 649 656 661 667 677 678 688 691 694 
21 36 40 47 48 52 54 56 61 76 81 85 91 92 94 96 107 109 121 125 134 162 165 170 171 174 188 197 201 218 220 226 238 245 247 262 265 273 283 286 290 295 297 300 308 311 323 332 335 344 346 359 370 377 381 384 389 390 396 399 411 412 415 419 426 432 455 460 463 469 471 475 478 482 494 497 498 500 503 508 511 518 522 526 528 531 536 538 540 541 542 544 545 546 552 553 554 558 570 572 575 576 578 585 586 590 593 595 601 602 604 605 607 609 610 616 632 636 642 645 656 657 660 664 665 672 673 678 680 682 684 688 692 696 
14 58 59 65 78 84 85 86 98 111 121 124 131 134 142 149 153 173 181 184 186 198 205 207 214 227 229 242 243 256 259 272 279 288 290 292 295 296 302 307 309 327 328 330 340 358 361 366 371 372 380 381 385 388 390 398 405 413 420 438 441 443 483 485 489 518 534 536 540 551 554 560 563 571 592 597 602 603 607 618 622 634 636 638 639 646 650 661 663 667 668 669 675 677 685 691 
