1 514 291 322 358 135 456 427 429 271 15 400 117 278 535 538 158 543 
384 578 5 201 426 314 460 590 654 657 116 570 471 346 220 
658 403 159 424 41 428 430 310 569 447 73 79 80 210 472 610 359 620 635 
386 258 387 391 533 536 166 425 43 65 451 589 467 216 345 348 608 232 499 246 505 382 
320 3 132 549 71 554 670 333 13 689 337 565 281 123 93 414 
640 643 521 522 274 275 148 402 537 25 32 163 178 699 582 75 466 82 217 350 100 361 373 633 122 637 
417 2 259 355 257 199 296 74 42 461 622 336 276 20 91 477 190 
223 6 455 423 617 394 383 77 45 270 334 367 526 24 250 92 127 
162 323 344 197 645 226 170 494 143 528 81 660 56 604 
227 102 7 488 169 369 437 120 409 539 286 
644 261 136 139 652 146 659 22 662 154 156 421 434 53 693 700 68 462 464 339 213 342 343 85 352 106 235 492 495 239 252 509 
273 21 665 544 545 673 552 553 171 308 692 54 61 585 335 593 595 616 107 121 
256 131 149 534 661 667 551 556 173 46 302 560 691 58 443 198 327 203 205 207 592 84 597 109 371 378 
130 260 655 530 151 666 27 285 38 679 439 440 571 444 577 69 587 594 215 222 224 364 623 
133 266 145 671 34 550 177 50 179 564 305 697 185 325 457 212 360 491 238 112 624 631 
642 519 10 268 524 277 542 674 548 298 313 317 318 63 453 331 204 599 480 615 233 375 248 
8 137 399 272 411 540 541 546 295 40 682 300 558 696 188 575 580 329 332 76 475 349 96 497 500 125 511 
4 138 11 653 527 405 152 408 410 284 289 304 180 568 442 315 449 193 458 596 478 225 612 231 489 236 237 372 510 
513 647 648 397 269 282 155 31 164 37 431 48 52 694 567 184 183 186 445 448 194 450 324 70 588 341 600 481 486 110 113 628 630 
255 656 18 19 404 150 413 44 303 312 446 62 591 465 598 470 347 613 501 502 639 
388 646 650 398 14 142 153 288 675 420 685 441 59 330 78 86 214 98 483 229 485 380 636 
454 167 401 625 435 406 695 473 319 
17 664 677 686 566 576 66 196 584 468 90 357 487 490 363 374 118 507 253 
515 452 396 141 219 412 157 
128 160 292 518 680 105 618 140 463 307 340 309 438 634 124 669 638 607 
262 649 523 672 418 547 676 422 172 573 574 192 321 67 326 209 469 474 97 354 99 493 496 114 244 503 
264 393 532 26 283 668 33 165 39 168 681 175 176 436 57 187 189 72 87 88 603 95 108 621 
512 392 9 651 23 36 294 557 174 559 306 55 698 459 606 234 240 627 376 508 254 
516 267 663 293 555 683 301 433 579 583 328 202 338 89 476 221 351 353 611 101 104 365 366 629 
641 385 520 395 525 16 529 147 687 690 182 60 191 64 206 211 228 614 506 
389 134 265 531 415 290 678 47 688 432 311 316 572 586 602 218 605 94 609 482 498 245 247 632 381 
161 517 103 200 561 562 115 51 280 30 
129 356 581 249 362 12 144 241 407 504 601 379 28 29 479 
263 287 416 35 419 297 299 684 49 195 208 83 230 619 368 370 626 119 377 251 126 
484 390 111 242 243 563 181 279 
