17 26 33 39 57 66 72 78 87 88 90 94 95 105 108 118 140 165 174 175 176 180 184 187 189 196 223 253 264 283 304 328 335 357 362 363 374 393 413 416 423 436 463 468 487 490 493 507 510 526 540 553 566 576 581 584 591 602 603 607 616 621 624 633 634 661 664 665 668 672 677 678 681 686 692 
27 29 30 38 58 60 61 64 69 84 94 109 112 129 130 131 133 143 144 145 151 157 173 177 191 198 201 203 205 206 211 215 222 224 226 228 241 249 260 266 285 302 325 337 344 350 356 359 360 362 364 371 372 379 381 385 392 395 410 427 428 430 439 440 443 444 449 479 498 504 506 525 529 530 534 535 540 551 556 560 564 571 574 576 577 581 587 592 594 597 601 605 611 612 614 618 623 626 636 641 643 646 655 661 666 667 671 679 691 697 
37 41 46 48 58 74 84 85 109 110 113 123 131 136 149 154 173 183 186 193 198 203 205 207 213 228 256 257 258 282 302 310 324 327 339 341 343 352 359 366 371 381 392 397 443 445 449 462 464 481 486 495 513 534 540 551 556 560 568 570 586 592 597 600 610 630 635 636 645 646 647 648 658 661 663 667 669 691 693 694 700 
4 11 58 84 115 130 138 141 149 152 157 169 173 180 187 193 198 200 201 205 207 219 225 228 231 232 236 237 280 284 289 302 304 315 322 327 341 344 350 366 368 371 372 385 393 396 405 408 410 412 442 443 449 452 458 478 479 489 493 510 515 517 526 527 530 534 535 555 556 561 562 568 586 587 588 592 596 597 612 617 631 647 651 653 654 663 664 667 670 681 686 691 700 
23 26 34 39 43 47 50 53 65 68 72 78 85 87 88 94 95 106 108 112 123 126 127 133 134 136 138 139 145 146 148 152 154 156 166 168 175 176 177 179 181 183 185 187 189 193 213 216 218 225 227 231 232 235 236 237 238 239 241 243 245 246 247 252 258 261 264 265 267 270 272 279 283 284 285 289 290 291 300 303 305 311 313 315 316 317 325 335 338 339 343 345 348 352 353 360 373 381 382 386 387 389 391 393 408 410 415 416 417 422 425 432 434 439 442 445 449 451 457 461 462 463 464 467 478 482 487 489 491 492 495 498 499 505 508 509 510 518 526 527 531 532 533 536 538 550 552 554 564 568 572 586 589 590 595 596 602 603 604 605 607 608 609 612 615 621 624 632 635 636 638 644 645 651 652 653 656 659 662 668 671 672 673 678 681 688 693 694 697 700 
6 20 21 24 30 31 34 37 41 42 45 46 48 50 51 52 63 70 77 79 86 91 92 99 103 110 112 113 114 115 121 127 133 141 145 155 157 159 161 164 167 177 179 180 181 183 184 185 186 190 194 200 204 210 212 219 223 232 233 248 250 253 256 260 266 268 269 270 277 280 282 287 298 305 310 318 319 324 325 328 331 334 337 344 353 355 367 375 378 383 385 394 396 397 401 406 410 412 418 423 428 431 435 439 440 445 447 448 450 452 453 454 455 457 463 472 473 474 478 480 481 482 486 488 493 494 503 513 515 517 519 520 523 524 526 528 532 533 535 542 544 545 548 549 550 553 556 561 562 564 567 569 573 574 586 588 599 600 610 611 615 616 617 620 623 624 625 628 630 631 635 642 644 647 648 649 654 658 671 672 673 674 687 690 692 694 695 697 
49 56 81 99 105 111 112 124 128 136 143 160 170 181 197 201 220 226 242 243 255 279 292 307 309 314 323 335 340 344 346 371 390 398 411 438 459 460 463 469 470 471 484 494 499 518 520 528 535 536 554 563 569 570 573 578 583 590 604 607 616 618 631 633 634 638 645 651 654 657 660 669 670 671 680 692 
5 27 36 38 52 54 56 58 61 68 69 81 84 94 97 99 106 107 114 116 123 130 136 143 146 149 151 156 162 170 171 192 197 198 201 203 205 207 213 215 220 222 224 226 227 235 239 244 260 261 265 266 273 285 286 299 302 303 308 314 321 323 326 327 332 342 343 344 346 359 364 365 368 371 377 384 392 396 398 406 409 412 418 422 426 430 434 439 440 442 443 444 460 462 464 469 471 492 494 495 498 509 511 518 522 527 528 530 534 536 538 544 545 546 547 551 553 560 570 571 572 574 576 577 578 580 585 587 590 593 594 595 598 604 610 616 623 633 635 639 644 645 646 649 652 654 655 656 657 660 662 665 666 667 672 673 676 678 679 680 691 692 693 697 700 
35 49 83 119 126 195 208 217 230 244 251 257 262 263 276 281 287 297 299 337 355 368 370 377 403 416 419 422 424 447 458 476 508 510 574 619 622 626 654 684 
25 26 33 39 41 45 57 72 77 87 88 95 106 108 109 127 165 168 172 175 178 180 184 186 187 189 250 256 264 270 283 287 328 334 341 350 367 372 393 394 412 416 423 431 436 439 447 448 455 476 478 481 520 526 532 540 541 544 603 612 617 621 623 629 630 633 654 658 661 668 679 681 689 690 696 
23 25 32 55 67 69 75 82 97 99 114 122 148 150 152 161 163 172 178 191 192 209 217 232 244 262 265 274 275 297 301 309 321 326 337 350 354 361 368 373 383 402 406 418 422 424 433 435 444 452 458 466 468 469 471 473 474 478 488 493 496 503 510 518 521 523 530 537 547 557 562 564 568 573 574 582 593 606 627 628 637 640 643 649 651 654 672 676 683 686 695 
26 33 39 57 72 78 87 88 95 108 123 132 140 142 165 168 172 175 176 184 187 189 193 229 231 237 257 264 283 289 320 328 333 357 372 380 393 398 407 408 410 414 416 420 423 436 445 449 456 458 465 499 517 518 532 538 549 554 565 566 573 596 603 607 633 635 646 650 653 661 668 670 675 681 685 689 
25 32 64 73 75 82 89 100 122 144 147 148 163 178 182 191 211 217 228 259 269 274 275 301 303 309 337 350 361 365 373 377 378 385 402 466 471 478 491 502 506 507 515 521 522 525 529 537 577 579 582 583 608 614 633 637 639 640 641 643 683 687 690 699 
16 34 38 40 60 63 64 76 96 125 129 134 137 147 165 182 183 188 191 204 206 211 228 239 248 250 262 268 271 272 277 295 298 300 309 313 317 318 329 331 332 349 367 375 383 385 386 395 397 399 403 411 426 428 441 453 456 463 475 482 497 500 506 511 515 519 520 521 524 525 526 529 541 542 546 548 558 575 580 599 608 610 614 615 623 629 631 641 642 644 652 658 659 672 674 682 687 690 696 
27 43 65 69 73 77 79 116 130 131 136 145 151 159 164 166 167 183 205 207 215 216 222 224 228 232 238 246 256 258 260 265 267 285 300 302 310 313 319 327 335 345 348 353 359 364 368 382 386 387 391 401 406 410 417 422 423 424 425 428 430 435 439 440 443 444 445 451 467 472 473 491 499 505 530 533 536 560 569 571 577 580 585 587 589 592 594 597 599 608 610 612 620 621 623 625 635 646 655 661 666 667 679 691 695 
1 15 18 19 24 44 48 62 72 73 99 104 114 117 126 135 138 150 152 158 169 172 174 202 209 228 233 236 240 244 255 259 262 264 267 271 278 284 289 291 292 293 303 304 306 312 316 317 322 333 338 347 351 353 358 360 375 376 377 378 391 393 399 400 404 405 407 410 413 414 415 417 425 427 429 433 437 442 446 448 449 456 458 459 465 468 469 470 472 473 474 476 487 489 496 501 502 503 507 508 509 510 512 513 514 523 526 527 535 538 543 547 555 556 557 559 565 568 573 574 577 579 582 583 591 594 595 596 598 599 606 611 612 613 624 627 629 639 649 651 654 656 672 676 677 678 681 683 686 690 698 
3 13 31 33 35 37 48 49 52 60 70 71 83 85 93 106 108 109 110 113 119 123 126 132 140 155 162 164 168 177 184 186 187 190 194 195 208 212 219 227 230 232 251 257 260 262 263 269 281 282 287 297 299 303 307 308 317 320 324 333 337 341 368 370 377 384 385 397 414 416 419 422 423 429 431 439 445 448 450 462 481 486 501 508 513 515 537 549 554 565 567 578 586 588 590 600 619 626 628 630 647 648 658 670 673 684 689 693 694 
25 32 38 73 75 80 82 94 100 101 104 122 140 147 148 163 178 196 217 221 237 251 263 274 275 309 319 322 326 338 350 351 361 365 368 370 373 402 403 405 416 428 430 454 466 468 478 479 490 491 493 507 516 521 522 530 537 555 576 579 582 587 589 594 610 611 620 633 634 637 640 643 650 651 677 699 
7 15 30 42 74 75 79 91 100 102 117 120 126 143 144 148 152 157 158 167 169 190 199 206 208 227 237 249 257 259 266 274 275 276 286 296 304 327 336 346 350 355 359 368 369 373 385 402 409 417 431 437 448 458 461 477 488 521 522 539 577 582 589 621 622 633 640 643 654 687 699 
21 36 41 48 52 54 61 73 79 91 92 107 121 128 136 159 167 171 174 210 220 249 269 273 286 308 310 319 335 359 368 401 403 406 424 428 430 435 447 454 455 460 461 463 466 469 472 478 491 533 541 544 545 552 553 569 570 585 593 595 604 610 616 620 622 625 635 658 660 661 664 665 673 685 692 695 
21 30 35 49 51 57 83 88 103 115 119 127 138 141 152 157 161 173 176 180 183 189 193 195 200 208 219 225 228 230 231 232 237 249 251 257 263 280 281 287 289 297 299 315 344 368 370 372 393 396 408 410 412 416 419 422 442 449 452 458 468 476 478 489 501 508 510 515 517 526 527 528 533 535 550 561 562 568 586 594 596 612 619 621 626 644 653 654 684 690 
36 49 55 84 105 111 121 124 128 140 153 160 181 186 196 200 205 214 242 243 254 271 272 279 282 288 292 295 307 309 335 340 358 361 366 371 390 392 438 459 463 483 484 499 512 518 520 536 557 559 563 565 606 607 615 616 618 634 638 650 651 669 670 677 680 
10 63 70 91 103 115 161 164 181 186 194 200 204 212 233 248 262 268 272 277 294 298 300 313 317 318 328 331 345 353 375 383 396 406 412 445 452 453 455 480 515 517 518 519 520 524 538 542 548 550 558 562 567 573 588 599 600 607 612 613 615 628 642 674 690 
6 8 21 37 41 45 46 52 70 73 77 79 80 84 86 87 92 96 98 99 102 110 113 116 125 127 142 159 166 167 180 183 184 189 194 203 207 210 216 223 229 246 249 250 253 256 269 270 272 282 284 288 295 300 301 310 319 324 329 332 334 337 345 348 349 359 367 372 378 379 380 382 383 384 387 391 394 398 399 401 403 406 408 411 420 422 423 424 425 428 430 431 435 441 443 445 447 448 451 454 455 466 472 473 475 476 478 481 483 485 486 491 492 497 499 500 505 511 513 520 523 526 532 533 540 541 544 546 554 556 558 567 569 574 575 580 585 588 599 600 610 617 620 623 625 628 630 635 646 647 654 658 671 675 681 682 685 686 690 694 695 696 699 
1 3 13 15 24 33 34 41 50 71 74 84 85 89 93 96 101 103 112 117 123 132 133 135 140 145 148 158 168 171 177 179 181 185 202 205 221 232 238 241 256 257 266 267 271 278 281 291 293 300 301 303 305 307 316 317 320 322 325 328 329 332 333 336 337 338 351 353 358 360 365 366 378 379 381 385 399 400 403 414 417 425 427 429 433 456 457 467 476 479 483 489 491 497 500 504 509 511 514 516 535 538 543 549 550 554 555 564 565 575 579 580 583 602 611 624 629 631 636 637 658 663 668 670 671 677 682 683 684 689 693 697 
9 23 34 36 50 55 128 133 145 160 174 177 179 180 181 185 200 209 212 234 240 241 254 266 268 269 271 294 305 306 307 309 325 340 342 348 356 360 376 381 385 392 427 432 438 457 458 459 463 468 472 474 485 494 508 512 513 516 533 535 536 547 550 557 559 564 565 606 607 615 618 624 627 631 638 642 649 651 660 670 671 680 697 698 
14 59 65 78 85 86 98 111 124 131 142 149 153 160 181 188 198 205 207 214 227 229 242 245 256 259 265 279 288 292 296 302 309 327 330 361 371 379 380 385 388 390 398 405 407 413 420 436 441 443 463 473 483 484 485 489 540 551 554 560 563 571 592 597 602 607 634 636 639 646 650 656 661 663 667 669 675 677 680 685 691 
2 7 20 30 42 48 56 63 80 81 86 91 102 111 112 117 120 128 136 143 159 162 167 169 170 181 190 194 197 199 201 206 208 220 226 227 242 243 246 259 266 274 276 279 282 286 292 296 304 307 310 312 314 323 327 336 346 355 368 369 384 390 398 401 402 404 409 412 417 426 435 437 438 447 448 454 460 461 463 471 477 484 488 494 499 518 520 522 526 528 539 549 554 556 563 569 570 578 583 590 593 598 604 607 618 621 622 625 633 635 638 640 645 654 657 660 671 680 687 695 
10 31 34 37 41 44 48 52 58 62 66 70 72 79 86 94 100 108 109 110 113 118 149 150 155 162 164 173 174 175 176 180 183 184 189 193 194 196 203 210 219 223 250 253 255 258 269 270 278 282 283 290 308 319 324 334 341 347 357 359 363 367 372 374 376 383 384 394 397 401 404 413 423 430 431 436 439 445 450 454 455 465 466 468 469 470 472 481 486 487 490 498 501 502 507 513 520 526 535 556 559 566 567 569 576 579 584 586 588 591 598 600 605 613 617 620 621 625 628 630 631 635 639 647 648 649 656 658 664 667 670 671 677 685 686 689 694 
8 23 31 40 59 67 69 70 76 78 96 97 98 99 103 104 107 109 112 114 118 124 125 134 137 142 150 153 165 172 184 188 191 192 194 196 202 206 209 210 214 221 227 229 241 244 250 253 262 265 267 271 272 288 293 295 300 301 309 321 326 329 330 332 337 342 349 351 354 359 363 365 366 374 380 381 383 385 388 396 398 399 406 407 411 418 420 422 426 428 431 433 441 442 455 458 468 469 473 474 475 476 483 485 486 487 490 491 493 496 497 500 503 511 513 518 523 526 535 540 541 546 547 554 555 558 563 566 571 572 573 574 575 577 579 580 583 588 611 617 623 629 635 636 640 642 646 649 650 658 663 664 669 672 675 676 677 682 683 685 686 694 696 
59 78 84 89 94 97 101 104 149 173 202 205 207 214 218 221 238 251 262 265 267 283 288 290 293 301 302 317 322 327 328 338 351 353 354 365 366 371 378 381 405 415 416 425 432 433 443 462 476 479 483 498 516 518 532 534 540 547 551 552 555 560 570 572 576 579 583 586 592 601 602 605 609 611 628 629 630 651 654 658 661 663 667 669 678 683 688 690 691 
12 28 29 46 47 50 78 85 94 121 129 133 134 144 153 168 177 179 185 212 214 218 229 238 239 241 245 247 249 265 266 270 272 285 288 290 303 305 311 316 317 325 328 343 345 356 360 362 373 379 380 381 385 387 388 389 398 407 415 420 432 438 441 457 463 467 479 482 483 485 490 491 495 498 504 505 508 531 536 538 545 550 554 563 564 571 572 576 581 583 586 601 602 605 608 609 612 615 618 624 626 631 632 636 639 650 652 663 669 671 675 678 679 685 688 697 
16 17 22 38 40 53 60 64 68 94 104 106 134 136 139 146 147 154 156 182 191 206 211 213 235 239 252 261 265 272 288 309 311 313 316 327 328 335 339 342 343 352 381 385 386 389 395 421 422 434 439 441 442 462 464 492 495 503 506 509 511 519 520 521 525 527 529 531 536 546 555 586 595 604 609 614 622 623 626 632 641 644 652 659 662 678 687 690 693 696 700 
2 5 7 23 37 42 47 48 52 56 61 63 69 74 81 86 91 102 116 120 123 130 132 134 140 143 151 162 168 169 170 173 176 183 184 186 190 197 199 201 208 215 218 220 222 224 226 238 241 245 246 247 250 257 259 260 265 269 272 276 282 285 286 290 296 299 311 314 317 323 324 333 336 338 341 344 346 355 364 367 368 369 370 381 383 384 389 390 397 398 406 409 415 417 423 426 430 431 432 437 439 440 444 445 448 450 460 461 471 477 481 482 486 488 494 495 498 513 518 522 528 530 531 534 536 538 539 549 552 565 570 571 572 577 578 586 587 590 593 600 602 604 605 609 615 622 623 628 630 632 633 636 645 647 648 654 655 657 660 666 667 678 679 688 694 
4 11 33 40 48 65 72 84 89 99 101 104 107 109 131 138 149 152 173 176 180 187 189 193 198 202 203 205 207 215 225 231 236 237 244 256 258 262 264 267 269 279 284 289 291 293 301 302 304 307 312 315 327 328 338 351 353 365 366 371 378 384 386 393 399 404 405 408 433 440 442 443 449 458 476 478 483 489 494 495 510 516 517 518 526 527 530 532 534 536 540 546 551 555 556 560 568 573 579 583 589 592 596 597 598 603 611 612 621 629 630 638 642 646 651 653 654 658 661 663 667 668 669 683 690 691 696 700 
