0	1	16
0	2	6
0	3	11
0	4	12
0	5	4
0	6	8
0	7	8
0	8	9
0	9	7
0	10	4
0	11	12
0	12	15
0	13	8
0	14	4
0	15	20
0	16	10
0	17	9
0	18	8
0	19	9
0	20	14
0	21	15
0	22	13
0	23	16
0	24	8
0	25	7
0	26	11
0	27	12
0	28	13
0	29	11
1	2	5
1	3	13
1	4	11
1	5	9
1	6	8
1	7	4
1	8	5
1	9	9
1	10	4
1	11	9
1	12	13
1	13	14
1	14	8
1	15	7
1	16	6
1	17	7
1	18	10
1	19	10
1	20	7
1	21	6
1	22	3
1	23	11
1	24	11
1	25	12
1	26	6
1	27	13
1	28	6
1	29	8
2	3	8
2	4	11
2	5	6
2	6	7
2	7	4
2	8	3
2	9	6
2	10	1
2	11	9
2	12	10
2	13	8
2	14	3
2	15	6
2	16	10
2	17	7
2	18	8
2	19	4
2	20	4
2	21	9
2	22	7
2	23	9
2	24	10
2	25	5
2	26	5
2	27	7
2	28	11
2	29	3
3	4	12
3	5	7
3	6	7
3	7	8
3	8	10
3	9	16
3	10	5
3	11	11
3	12	13
3	13	11
3	14	11
3	15	9
3	16	16
3	17	6
3	18	9
3	19	3
3	20	8
3	21	18
3	22	9
3	23	15
3	24	6
3	25	9
3	26	9
3	27	9
3	28	7
3	29	7
4	5	14
4	6	20
4	7	6
4	8	7
4	9	11
4	10	5
4	11	4
4	12	9
4	13	14
4	14	7
4	15	13
4	16	14
4	17	12
4	18	13
4	19	11
4	20	7
4	21	13
4	22	5
4	23	19
4	24	17
4	25	10
4	26	9
4	27	17
4	28	21
4	29	10
5	6	5
5	7	4
5	8	5
5	9	1
5	10	3
5	11	8
5	12	14
5	13	11
5	14	5
5	15	11
5	16	6
5	17	10
5	18	8
5	20	7
5	21	12
5	22	6
5	23	7
5	24	12
5	25	11
5	26	5
5	27	19
5	28	11
5	29	6
6	7	7
6	8	8
6	9	10
6	10	3
6	11	10
6	12	6
6	13	13
6	14	10
6	15	23
6	16	15
6	17	5
6	18	10
6	19	4
6	20	11
6	21	17
6	22	3
6	23	21
6	24	14
6	25	10
6	26	3
6	27	15
6	28	10
6	29	3
7	8	6
7	9	6
7	10	2
7	11	8
7	12	2
7	13	8
7	14	4
7	15	3
7	16	8
7	17	6
7	18	9
7	19	4
7	20	2
7	21	6
7	22	1
7	23	13
7	24	12
7	25	9
7	26	8
7	27	22
7	28	6
7	29	8
8	9	6
8	10	3
8	11	5
8	12	7
8	13	9
8	14	3
8	15	9
8	16	8
8	17	6
8	18	10
8	19	6
8	20	8
8	21	9
8	22	13
8	23	15
8	24	13
8	25	7
8	26	7
8	27	12
8	28	9
8	29	4
9	10	1
9	11	3
9	12	5
9	13	9
9	14	7
9	15	6
9	16	5
9	17	7
9	18	13
9	19	4
9	20	8
9	21	10
9	22	4
9	23	5
9	24	11
9	25	6
9	26	4
9	27	11
9	28	7
9	29	2
10	11	7
10	12	4
10	13	3
10	14	4
10	15	6
10	16	4
10	17	8
10	18	5
10	19	8
10	20	2
10	21	3
10	22	1
10	23	2
10	24	3
10	25	3
10	26	3
10	27	4
10	28	4
10	29	3
11	12	12
11	13	7
11	14	9
11	15	11
11	16	11
11	17	7
11	18	8
11	19	9
11	20	6
11	21	4
11	22	11
11	23	10
11	24	6
11	25	5
11	26	3
11	27	7
11	28	16
11	29	3
12	13	12
12	14	3
12	15	9
12	16	11
12	17	11
12	18	12
12	19	4
12	20	9
12	21	9
12	22	5
12	23	10
12	24	5
12	25	8
12	26	5
12	27	16
12	28	7
12	29	5
13	14	5
13	15	16
13	16	7
13	17	10
13	18	9
13	19	3
13	20	6
13	21	8
13	22	3
13	23	15
13	24	10
13	25	7
13	26	5
13	27	12
13	28	15
13	29	7
14	15	7
14	16	16
14	17	6
14	18	6
14	19	4
14	20	4
14	21	16
14	22	4
14	23	12
14	24	6
14	25	9
14	26	8
14	27	11
14	28	9
14	29	8
15	16	15
15	17	8
15	18	16
15	19	3
15	20	5
15	21	14
15	22	9
15	23	13
15	24	13
15	25	13
15	26	11
15	27	11
15	28	14
15	29	6
16	17	12
16	18	9
16	19	11
16	20	9
16	21	13
16	22	3
16	23	4
16	24	11
16	25	11
16	26	5
16	27	16
16	28	6
16	29	13
17	18	11
17	19	3
17	20	6
17	21	12
17	22	7
17	23	10
17	24	8
17	25	10
17	26	8
17	27	13
17	28	7
17	29	8
18	19	5
18	20	4
18	21	18
18	22	5
18	23	13
18	24	7
18	25	7
18	26	8
18	27	18
18	28	4
18	29	7
19	20	9
19	21	5
19	22	3
19	23	6
19	24	14
19	25	4
19	26	1
19	27	10
19	28	9
19	29	5
20	21	12
20	22	4
20	23	9
20	24	12
20	25	5
20	26	4
20	27	4
20	28	9
20	29	3
21	22	5
21	23	14
21	24	12
21	25	10
21	26	6
21	27	13
21	28	12
21	29	12
22	23	3
22	24	8
22	25	4
22	26	2
22	27	5
22	28	10
22	29	1
23	24	7
23	25	8
23	26	8
23	27	10
23	28	13
23	29	7
24	25	7
24	26	2
24	27	17
24	28	10
24	29	8
25	26	12
25	27	13
25	28	7
25	29	5
26	27	11
26	28	5
26	29	2
27	28	10
27	29	6
28	29	9
