0	1	5
0	2	8
0	3	4
0	4	7
0	5	3
0	6	5
0	7	1
0	8	2
0	9	4
0	10	4
0	11	3
0	12	6
0	13	9
0	14	9
0	15	3
0	16	9
0	17	8
0	18	3
0	19	1
0	20	3
0	21	5
0	22	2
0	23	10
0	24	4
0	25	3
0	26	4
0	27	8
1	2	11
1	3	1
1	4	11
1	5	5
1	6	5
1	7	3
1	8	13
1	9	4
1	10	5
1	11	7
1	12	4
1	13	7
1	14	4
1	15	9
1	16	9
1	17	9
1	18	5
1	19	10
1	20	9
1	21	6
1	22	14
1	23	8
1	24	12
1	25	3
1	26	4
1	27	7
2	3	9
2	4	16
2	5	12
2	6	9
2	7	15
2	8	13
2	9	14
2	10	17
2	11	14
2	12	4
2	13	5
2	14	14
2	15	10
2	16	11
2	17	9
2	18	13
2	19	9
2	20	13
2	21	10
2	22	13
2	23	13
2	24	7
2	25	13
2	26	9
2	27	5
3	4	3
3	5	9
3	6	10
3	7	3
3	8	7
3	9	3
3	10	7
3	11	5
3	12	9
3	13	11
3	14	5
3	15	11
3	16	12
3	17	5
3	18	10
3	19	12
3	20	13
3	21	9
3	22	11
3	23	6
3	24	8
3	25	11
3	26	7
3	27	7
4	5	5
4	6	4
4	7	11
4	8	7
4	9	5
4	10	3
4	11	7
4	12	3
4	13	4
4	14	10
4	15	5
4	16	3
4	17	4
4	18	9
4	19	4
4	20	5
4	21	5
4	22	8
4	23	9
4	24	3
4	25	5
4	26	10
4	27	5
5	6	8
5	7	3
5	8	6
5	9	6
5	10	3
5	11	12
5	12	4
5	13	6
5	14	7
5	15	9
5	16	15
5	17	5
5	18	7
5	19	10
5	20	14
5	21	8
5	22	7
5	23	18
5	24	3
5	25	7
5	26	10
5	27	9
6	7	5
6	8	8
6	9	14
6	10	10
6	11	14
6	12	4
6	13	7
6	14	7
6	15	16
6	16	10
6	17	7
6	18	12
6	19	12
6	20	18
6	21	15
6	22	17
6	23	9
6	24	11
6	25	6
6	26	5
6	27	13
7	8	3
7	9	12
7	10	5
7	11	6
7	12	4
7	13	9
7	14	15
7	15	7
7	16	10
7	17	4
7	18	14
7	19	8
7	20	5
7	21	12
7	22	8
7	23	10
7	24	5
7	25	8
7	26	6
7	27	3
8	9	6
8	10	13
8	11	4
8	12	4
8	13	18
8	14	9
8	15	12
8	16	8
8	17	5
8	18	8
8	19	9
8	20	7
8	21	12
8	22	14
8	23	9
8	24	25
8	25	12
8	26	14
8	27	5
9	10	12
9	11	14
9	12	11
9	13	8
9	14	16
9	15	16
9	16	19
9	17	11
9	18	15
9	19	20
9	20	20
9	21	28
9	22	15
9	23	13
9	24	14
9	25	11
9	26	10
9	27	11
10	11	11
10	12	8
10	13	4
10	14	8
10	15	15
10	16	11
10	17	9
10	18	9
10	19	10
10	20	7
10	21	7
10	22	7
10	23	22
10	24	8
10	25	14
10	26	15
10	27	9
11	12	9
11	13	11
11	14	7
11	15	13
11	16	3
11	17	6
11	18	4
11	19	7
11	20	12
11	21	10
11	22	12
11	23	10
11	24	17
11	25	7
11	26	3
11	27	8
12	13	4
12	14	14
12	15	12
12	16	12
12	17	5
12	18	5
12	19	11
12	20	6
12	21	6
12	22	6
12	23	7
12	24	4
12	25	11
12	26	4
12	27	5
13	14	6
13	15	5
13	16	4
13	17	8
13	18	15
13	19	13
13	20	19
13	21	15
13	22	12
13	23	11
13	24	5
13	25	10
13	26	13
13	27	10
14	15	20
14	16	9
14	17	5
14	18	5
14	19	12
14	20	15
14	21	8
14	22	7
14	23	14
14	24	8
14	25	9
14	26	7
14	27	13
15	16	14
15	17	12
15	18	13
15	19	15
15	20	17
15	21	12
15	22	17
15	23	17
15	24	15
15	25	11
15	26	9
15	27	12
16	17	15
16	18	8
16	19	15
16	20	10
16	21	16
16	22	15
16	23	11
16	24	14
16	25	12
16	26	12
16	27	17
17	18	25
17	19	10
17	20	11
17	21	9
17	22	9
17	23	25
17	24	8
17	25	12
17	26	7
17	27	4
18	19	13
18	20	6
18	21	18
18	22	17
18	23	9
18	24	8
18	25	10
18	26	6
18	27	6
19	20	26
19	21	18
19	22	14
19	23	18
19	24	13
19	25	8
19	26	9
19	27	12
20	21	15
20	22	6
20	23	16
20	24	13
20	25	15
20	26	7
20	27	12
21	22	13
21	23	15
21	24	8
21	25	18
21	26	8
21	27	24
22	23	16
22	24	20
22	25	16
22	26	10
22	27	11
23	24	21
23	25	17
23	26	6
23	27	18
24	25	16
24	26	8
24	27	17
25	26	11
25	27	22
26	27	17
