4 83 86 98 109 124 177 210 235 284 333 360 376 390 417 448 456 474 508 509 533 537 538 
20 74 80 86 88 98 109 114 117 135 177 210 211 235 304 360 390 402 417 430 434 448 486 538 578 621 656 
14 19 27 56 57 85 137 138 140 153 158 168 190 202 213 315 339 345 379 383 385 421 458 511 514 521 525 529 548 581 585 588 600 604 614 620 623 643 644 648 651 656 665 685 689 697 
19 50 56 64 72 97 108 134 136 137 138 140 149 153 156 158 161 168 186 190 191 193 202 221 231 233 248 273 275 289 295 314 315 324 339 345 359 377 379 381 383 424 425 449 453 458 473 490 498 502 511 514 525 529 537 540 553 576 581 585 588 590 595 604 620 623 638 643 644 647 651 656 665 675 682 688 689 697 
22 48 69 78 97 120 131 143 170 203 210 224 225 325 352 372 380 399 431 452 457 487 499 500 528 530 538 556 559 577 613 622 626 637 639 649 660 663 681 
9 30 45 58 63 67 73 89 100 102 107 138 146 151 153 163 184 199 234 258 266 269 317 330 336 342 355 367 369 371 382 398 505 558 582 586 587 589 590 598 614 623 633 655 676 677 
17 82 122 211 219 238 248 282 294 297 304 314 331 363 396 433 450 509 590 607 668 
19 37 50 56 64 97 108 134 136 137 140 145 147 149 153 156 158 161 186 190 191 202 213 221 231 233 248 273 275 283 314 315 324 339 359 363 379 381 385 405 424 425 449 453 458 463 490 498 502 514 525 537 540 553 564 576 581 585 588 595 604 643 644 645 651 654 656 682 689 697 
8 10 13 31 43 54 121 141 159 196 198 216 249 281 320 327 341 347 358 366 397 399 429 451 456 459 464 468 474 492 508 525 532 565 629 653 693 
21 26 80 87 90 110 112 132 134 149 150 160 182 194 198 212 239 241 257 302 306 319 323 354 362 370 376 377 402 411 444 466 471 473 479 488 489 496 526 539 561 565 570 573 578 602 615 635 649 669 675 
18 23 28 37 52 72 94 96 97 104 108 126 139 145 146 154 157 161 167 169 174 175 181 185 186 191 193 194 200 215 217 220 230 233 245 250 252 257 259 270 275 289 295 311 323 329 346 350 351 358 373 375 377 378 385 394 397 405 406 412 422 424 425 427 430 436 437 440 445 446 456 463 465 473 477 482 483 486 494 511 518 519 520 535 540 544 546 551 555 558 575 576 582 583 589 590 596 597 598 614 631 632 641 645 654 657 658 659 668 673 675 682 688 
8 10 13 25 31 43 54 77 84 91 121 141 159 170 196 198 207 216 249 262 279 281 283 287 309 313 320 327 341 344 347 358 366 397 399 429 451 456 459 464 468 470 474 475 480 490 492 493 506 508 525 532 543 546 565 620 629 653 672 683 693 
3 34 51 59 104 139 155 164 193 197 205 209 214 218 263 280 296 318 329 361 370 410 415 419 436 438 446 473 484 494 512 519 523 534 535 551 564 571 575 616 628 646 650 
34 49 51 59 72 92 101 104 105 108 119 134 145 149 155 161 164 167 186 191 193 204 205 209 218 227 230 233 246 253 257 261 263 267 276 280 281 283 287 289 295 296 319 323 329 361 362 385 392 397 404 410 419 424 425 436 437 438 446 458 471 473 484 489 495 498 512 519 523 534 535 540 544 545 551 557 564 575 576 582 590 594 599 631 645 647 651 654 675 685 688 695 
11 29 32 35 36 40 44 49 50 55 60 70 79 84 85 93 113 127 129 135 142 143 144 147 148 149 154 162 163 165 172 179 182 201 202 204 209 217 227 230 253 265 277 281 290 296 300 303 310 314 319 322 328 337 345 357 368 371 375 383 385 387 391 403 411 429 433 434 435 437 460 478 500 527 531 532 539 545 547 552 557 560 563 568 569 572 574 579 580 582 586 596 599 623 624 645 655 670 680 683 685 686 687 695 698 700 
44 58 61 65 69 103 127 139 152 213 256 312 323 325 328 338 392 421 431 485 513 524 529 606 609 617 619 626 630 666 676 686 688 
27 39 57 58 63 69 85 90 106 116 123 125 133 166 176 202 213 231 236 255 272 278 308 309 361 364 383 399 401 413 432 442 450 470 494 506 507 521 522 525 544 558 563 584 585 591 626 654 656 658 662 665 667 680 685 689 
38 46 53 81 82 84 86 90 91 106 116 122 166 170 171 176 187 192 198 207 211 213 236 238 251 254 266 272 278 279 282 287 294 300 308 309 313 331 343 344 363 364 383 395 396 399 400 401 402 411 413 416 432 440 445 450 470 474 475 480 507 509 521 584 590 591 596 607 609 621 658 662 667 668 683 697 699 
12 33 49 79 100 123 129 142 149 162 163 172 179 202 204 209 219 224 227 228 230 232 253 264 265 274 281 304 306 314 337 350 358 359 365 368 384 385 388 400 403 422 434 440 469 478 493 510 511 521 527 543 545 547 548 552 557 563 571 579 582 600 602 615 623 624 629 638 645 647 648 658 670 672 682 683 689 695 697 698 699 
9 32 70 86 125 173 180 197 214 220 224 226 236 255 281 296 321 370 374 376 378 387 422 441 444 495 550 554 566 587 589 612 616 628 635 646 650 655 
6 17 44 72 89 96 99 108 126 127 133 144 145 148 152 154 161 165 169 178 191 192 201 212 217 219 223 233 239 250 257 259 264 270 271 282 289 292 295 296 298 299 300 303 319 323 326 330 333 346 354 362 373 375 377 378 386 391 393 396 397 400 402 404 409 422 424 425 429 433 440 444 454 458 460 467 469 471 472 473 479 488 489 496 510 515 518 520 537 540 544 546 548 550 555 560 561 569 573 574 576 583 593 597 599 602 605 606 608 611 615 632 647 648 651 652 654 657 658 659 662 664 668 673 682 686 688 690 692 
1 7 25 33 39 50 63 68 69 72 77 79 84 89 99 106 108 116 118 125 143 144 145 147 149 161 166 176 178 183 188 191 213 219 224 233 236 239 243 249 256 257 260 262 271 272 278 282 283 287 289 291 295 299 308 309 319 323 325 327 330 332 333 345 350 354 359 361 362 364 377 383 386 392 393 397 399 401 402 404 413 424 425 426 429 437 442 443 447 450 454 455 458 461 470 471 473 479 486 489 490 493 494 496 497 502 506 507 518 522 536 537 539 540 541 543 544 551 561 563 564 565 573 584 586 588 591 593 603 615 620 625 626 630 636 641 647 650 651 652 654 656 662 663 667 672 675 678 684 688 690 
19 21 26 87 89 99 108 110 112 132 134 145 149 150 160 161 178 191 219 233 239 241 257 271 282 289 299 302 306 319 323 330 333 354 357 362 371 376 377 386 393 402 404 411 424 437 444 458 466 471 473 479 489 496 522 526 537 539 540 555 561 565 569 570 573 576 578 593 602 647 649 652 654 662 669 675 688 
7 25 62 63 68 72 77 79 84 97 118 125 133 144 145 154 168 174 175 183 188 191 193 194 200 215 220 224 236 243 248 249 250 256 260 262 275 283 287 291 309 311 325 327 341 345 348 350 351 353 358 359 373 384 386 387 392 394 406 426 427 429 443 445 447 449 454 455 456 461 465 481 482 486 490 493 497 506 517 518 526 536 540 541 543 549 551 563 564 565 582 586 588 596 603 610 620 625 627 630 633 635 636 645 647 650 651 672 675 678 684 688 694 
7 25 71 77 84 89 97 100 130 174 175 187 193 194 200 215 220 222 236 252 262 264 308 311 316 327 334 345 350 351 358 394 405 406 427 429 445 456 482 483 490 493 518 543 547 565 582 594 596 620 631 645 651 670 672 675 684 700 
19 62 63 64 72 95 97 108 125 133 136 147 154 156 161 168 186 188 189 191 193 221 231 233 240 243 248 250 260 273 275 289 314 323 324 325 327 341 345 346 348 349 353 373 381 385 386 387 397 425 427 443 449 453 455 456 458 461 481 486 490 497 498 502 516 517 526 536 537 540 541 549 551 553 564 581 586 588 595 603 610 615 616 625 627 630 633 635 636 647 652 672 678 682 684 688 694 700 
17 47 50 70 93 95 113 146 154 182 189 208 231 240 272 277 284 290 294 300 303 305 310 328 336 345 349 357 371 373 375 386 418 430 435 442 447 460 479 507 516 531 532 547 562 568 572 580 592 596 601 615 618 652 655 657 680 681 685 687 699 700 
2 21 53 66 80 81 90 91 110 134 170 207 237 241 247 249 251 254 279 284 287 300 302 307 308 313 323 344 371 376 377 395 411 432 440 445 457 462 466 470 474 475 476 480 488 500 509 522 570 587 596 607 621 634 635 649 669 674 681 683 691 
59 79 116 124 179 195 206 207 251 268 293 297 335 336 340 356 361 375 389 414 415 420 454 504 507 508 529 542 547 594 642 661 671 679 
15 16 44 58 61 65 69 76 115 127 128 139 213 215 229 235 244 312 323 328 338 339 365 376 392 407 408 421 431 465 485 501 503 513 518 524 529 533 538 578 606 609 617 619 626 629 666 676 686 688 
17 42 47 70 95 146 189 208 231 240 284 294 305 328 336 345 349 371 373 386 418 430 442 447 460 507 516 562 568 572 580 592 601 615 618 652 681 687 699 700 
24 75 135 192 212 241 250 255 259 266 286 288 292 303 332 333 346 409 422 447 467 471 472 488 515 520 526 544 546 550 558 569 583 589 597 608 611 632 640 657 659 664 673 676 692 
14 27 39 46 57 58 63 85 90 106 116 123 125 133 166 167 171 176 187 202 213 231 236 255 272 278 305 308 309 343 346 356 357 361 364 375 383 399 400 401 413 416 418 442 450 460 470 494 495 506 507 510 516 521 522 525 544 558 563 584 591 592 618 626 654 656 658 659 662 667 681 685 699 
12 14 19 27 33 47 57 58 70 85 89 95 99 100 123 124 134 146 178 179 189 195 206 207 208 219 228 231 232 239 240 251 255 257 264 268 271 274 282 284 293 294 297 299 305 306 319 326 328 330 333 335 336 340 349 354 356 359 361 362 365 375 381 383 384 386 388 389 393 402 404 414 415 418 420 422 430 440 444 447 454 469 471 473 479 489 496 504 506 507 510 511 516 521 522 529 537 539 542 545 547 548 555 557 561 562 565 569 571 573 583 592 593 594 600 601 602 615 618 629 638 642 647 648 652 658 661 662 670 671 679 682 683 695 697 699 700 
38 46 49 84 86 152 171 187 192 198 204 219 227 230 253 266 309 326 343 395 400 402 416 433 450 490 545 605 609 621 626 690 697 699 
20 32 40 74 88 109 114 117 129 135 142 144 162 163 172 202 209 265 304 314 337 368 403 430 434 478 486 527 545 552 557 563 579 621 623 624 656 670 698 
41 42 62 63 81 96 103 111 123 124 125 133 163 168 170 207 240 242 243 250 251 254 260 282 285 294 300 301 308 313 341 344 348 353 373 378 411 423 427 428 431 432 437 439 442 445 449 475 480 481 491 517 526 541 549 551 567 571 588 606 607 610 627 633 636 678 684 694 696 
41 42 53 81 82 90 91 96 103 111 114 122 123 124 156 163 168 170 207 211 219 221 231 238 242 248 251 254 279 282 285 287 294 297 300 301 304 308 313 314 324 331 341 344 363 378 396 411 423 427 428 431 432 437 439 440 442 445 450 474 475 480 491 502 509 567 571 588 590 595 596 607 621 633 668 683 696 
5 12 27 33 71 87 89 100 110 112 123 130 150 167 179 194 202 220 222 228 232 241 264 274 297 302 306 308 316 323 327 334 359 365 377 384 388 422 440 445 449 466 469 490 510 511 521 526 545 547 548 557 561 570 571 594 600 602 615 620 629 635 638 647 648 658 669 670 675 682 683 695 697 700 
47 95 126 133 154 169 192 208 217 250 257 259 270 295 305 346 373 375 378 386 418 422 425 440 460 516 518 520 544 546 583 597 601 602 632 652 654 657 658 659 668 673 682 687 688 700 
6 17 30 44 45 67 70 73 84 93 102 112 113 127 143 144 148 152 154 165 182 192 201 223 258 277 290 298 300 303 310 319 322 326 328 330 345 357 369 371 375 391 397 411 426 429 433 435 444 454 460 488 531 532 547 555 560 568 569 572 574 576 580 582 586 596 599 605 623 655 676 680 683 685 686 687 690 700 
