21 23 46 54 62 77 93 127 131 135 147 148 149 152 158 165 179 180 182 190 195 202 209 223 241 250 259 282 304 307 308 314 319 321 322 335 347 351 366 371 382 384 387 402 405 412 416 426 459 470 479 483 490 
8 9 16 29 38 53 56 65 66 71 80 83 84 91 94 97 106 109 116 122 129 133 135 139 157 158 160 163 164 172 184 190 196 199 207 210 219 220 226 228 230 231 242 244 245 248 254 255 256 263 267 270 274 276 280 281 285 287 292 293 299 306 313 315 321 323 325 329 332 333 336 337 338 342 345 347 356 359 364 365 367 370 372 374 379 382 386 388 390 392 401 404 408 413 416 421 422 425 427 430 433 434 441 444 445 446 450 451 453 458 465 471 473 476 479 480 483 484 485 487 494 496 498 
6 8 23 31 39 42 44 55 59 63 64 68 83 88 96 98 102 106 109 117 123 134 136 137 139 140 154 161 165 170 171 174 175 178 183 185 192 198 204 208 210 216 218 221 223 224 226 240 263 266 267 273 277 283 292 294 298 309 310 311 315 322 328 330 332 334 339 340 344 346 353 355 356 361 363 365 368 369 377 380 383 387 393 406 411 413 424 430 435 437 440 442 444 447 451 462 468 471 473 474 476 480 481 490 491 492 
15 16 17 18 20 23 24 25 28 31 40 49 52 59 65 74 81 85 86 90 92 93 95 97 98 100 104 105 115 116 117 121 125 128 129 132 133 136 138 148 149 158 162 171 172 178 181 183 187 188 195 198 199 204 210 211 212 214 217 218 219 223 233 240 241 247 248 251 255 258 259 260 263 264 267 270 271 272 278 282 290 295 306 311 313 316 321 323 325 328 329 331 334 342 345 348 350 352 355 357 359 360 367 370 372 375 376 377 383 385 387 390 393 394 400 401 407 412 415 417 419 423 424 428 431 432 435 437 438 442 443 444 449 450 451 456 463 466 468 469 470 472 474 476 480 481 482 483 489 491 496 499 
13 21 32 46 49 51 68 69 73 75 77 85 92 93 95 104 107 109 113 115 118 129 130 132 133 138 141 142 145 148 149 156 165 168 169 170 181 187 195 201 222 231 234 241 243 250 257 258 259 264 271 275 282 286 288 290 300 301 308 311 317 318 329 330 344 347 352 353 355 362 366 367 378 383 387 388 390 393 394 395 396 397 398 401 402 412 415 416 419 426 428 433 438 439 450 452 456 462 465 466 468 470 471 476 487 493 
4 5 9 13 15 17 18 19 20 21 25 29 30 32 36 37 40 41 50 60 61 62 75 76 79 81 85 87 90 92 93 94 95 97 100 101 102 104 105 107 109 110 111 112 113 115 118 119 121 124 128 132 133 138 142 145 148 149 151 155 156 159 167 168 169 170 173 175 176 179 180 181 183 190 191 192 193 194 200 201 202 206 210 211 212 213 215 218 219 222 223 229 231 233 234 237 238 241 243 244 247 248 259 264 267 269 271 272 276 278 280 281 282 284 286 288 289 290 293 296 299 300 301 302 305 306 309 312 316 317 318 322 324 327 330 333 335 336 337 338 339 340 341 344 350 352 358 360 364 365 366 367 370 372 375 377 379 381 382 384 386 390 392 394 395 396 397 398 399 401 402 403 404 407 408 412 416 417 418 419 422 425 426 428 429 430 433 435 439 443 446 450 452 455 456 457 463 465 468 470 471 472 474 475 479 483 486 487 488 490 493 495 
3 6 10 12 14 16 17 19 20 24 26 28 29 31 34 35 40 43 45 46 47 49 52 53 56 57 65 68 72 74 77 78 79 83 86 88 91 94 95 97 99 101 105 108 114 117 125 128 134 139 143 150 157 158 159 163 164 172 178 181 182 184 186 187 188 189 190 192 194 197 198 203 205 210 211 212 214 217 219 220 226 228 229 231 232 235 239 240 242 243 245 248 249 251 255 256 260 264 265 269 270 272 279 284 288 290 294 295 297 298 299 303 307 309 314 315 317 318 319 322 323 325 328 329 331 333 338 340 341 342 343 345 347 351 352 357 359 364 365 366 369 371 372 374 375 377 378 379 381 382 384 389 390 395 397 400 402 405 407 409 413 414 415 416 418 419 422 423 424 425 428 429 431 432 434 435 438 441 444 446 448 449 453 454 456 457 459 460 461 462 465 466 467 469 471 472 475 476 477 478 481 482 485 486 487 488 489 491 492 493 494 495 497 498 499 500 
9 12 14 23 29 34 37 39 42 43 44 45 46 53 54 57 63 65 68 71 77 83 84 88 89 94 97 103 104 110 115 123 127 130 134 137 156 158 164 165 168 172 174 177 185 190 191 194 202 207 212 216 219 220 226 227 228 231 232 239 241 242 244 248 252 254 255 256 257 262 266 269 273 280 281 283 284 285 286 287 288 289 292 293 298 299 301 306 314 318 319 320 322 325 326 329 335 336 342 345 349 351 352 353 354 355 356 359 362 363 366 371 372 376 377 380 381 382 384 385 390 391 392 393 400 402 403 404 405 406 409 410 416 418 419 420 422 426 428 430 433 440 445 448 449 450 453 454 457 459 460 462 464 466 471 476 477 479 485 487 490 491 496 497 499 500 
11 23 33 38 48 56 58 64 66 67 69 71 80 82 85 93 95 103 104 106 107 109 116 132 135 138 139 148 149 153 156 157 158 162 163 170 178 180 185 187 195 207 227 236 238 241 245 247 250 258 259 272 274 275 276 277 282 285 290 297 308 311 312 319 320 321 324 333 338 340 346 353 360 362 365 367 368 371 373 374 376 386 387 388 391 393 395 396 398 400 401 403 408 412 413 420 421 425 427 430 437 441 442 446 447 456 458 468 470 479 482 484 491 494 
2 3 4 5 11 12 14 15 17 18 19 24 26 30 34 43 45 47 57 59 60 61 66 68 70 79 80 82 85 87 88 90 92 93 97 100 102 104 105 107 109 111 119 121 122 124 128 133 135 137 141 147 150 151 155 156 157 159 160 163 166 167 171 175 176 179 180 182 183 185 193 194 196 199 200 204 206 207 210 211 213 215 218 223 229 233 238 239 244 246 247 248 250 261 263 267 270 276 278 291 293 296 297 301 304 305 314 316 317 318 319 322 323 324 327 333 334 339 340 341 342 343 349 350 354 356 358 359 360 361 362 364 367 369 370 374 381 382 384 386 388 390 397 399 401 403 407 408 409 411 412 413 417 421 425 427 430 436 439 443 444 448 451 457 458 459 461 463 464 472 473 474 475 477 480 483 484 487 488 492 493 494 495 496 497 500 
35 48 62 65 68 72 78 89 95 108 115 118 120 130 172 177 180 190 197 201 232 235 248 252 254 256 257 262 265 267 269 271 284 293 303 307 318 326 341 344 345 348 351 354 362 372 376 378 385 389 390 393 397 407 414 415 419 422 433 434 439 442 446 452 458 460 461 462 466 467 489 493 496 497 
7 12 16 18 20 23 26 29 31 38 47 49 51 56 57 60 61 65 68 70 72 77 78 79 85 88 91 93 102 106 108 111 115 116 118 121 122 132 135 138 139 141 143 145 149 150 152 153 155 158 164 168 176 182 183 187 189 193 194 195 197 206 213 215 219 229 232 237 238 239 240 241 242 245 246 250 255 256 258 259 262 263 268 270 274 276 282 284 288 290 293 296 297 298 299 303 304 307 312 314 315 317 318 323 325 329 332 333 337 338 343 348 349 354 359 361 364 365 368 369 372 374 381 383 387 388 389 391 392 397 401 404 408 409 411 413 414 415 416 417 418 419 421 427 434 436 441 443 444 447 448 449 456 457 458 462 464 465 467 470 471 472 473 477 478 479 484 485 489 491 492 493 496 497 498 499 500 
3 4 5 6 7 8 9 10 11 17 25 26 28 29 30 31 34 35 36 37 39 40 41 42 43 44 45 47 49 50 51 52 53 55 57 58 60 61 63 64 65 66 67 68 69 70 71 73 74 77 78 79 80 81 82 83 84 85 87 88 89 93 95 97 98 102 103 104 105 107 108 109 110 111 114 115 117 118 119 121 122 123 124 125 129 130 133 134 135 136 137 138 139 140 141 142 143 144 146 148 149 150 151 152 153 154 155 157 159 160 161 162 163 164 167 168 169 170 171 172 174 175 177 178 180 181 183 184 185 188 190 191 193 194 195 197 199 200 202 203 204 205 206 207 208 211 212 213 214 215 216 217 220 221 222 224 225 226 227 228 229 231 232 233 234 235 236 237 238 239 241 242 243 244 245 246 248 250 251 252 253 254 255 256 257 258 259 260 261 262 263 264 265 266 267 268 269 271 272 273 275 276 277 280 281 282 283 285 287 289 290 292 293 294 295 296 297 298 299 300 301 302 303 305 306 308 312 314 315 316 317 318 319 320 323 324 326 327 328 329 331 332 334 336 339 340 341 342 343 344 345 346 347 348 349 352 353 354 355 356 358 360 361 362 363 364 366 367 368 369 370 371 372 373 374 376 377 378 379 380 381 382 383 385 386 387 388 389 390 391 392 393 394 395 396 398 399 400 401 403 404 405 406 407 408 409 410 411 412 414 415 418 419 420 421 424 425 427 428 429 430 431 432 433 434 435 436 437 438 439 440 442 444 445 446 447 448 449 450 451 452 453 454 455 456 457 458 460 461 462 463 464 467 468 469 470 471 472 473 476 477 480 481 482 483 484 485 487 488 489 490 491 492 493 494 495 497 498 500 
11 14 16 19 20 22 27 33 42 44 48 49 55 58 64 67 71 73 86 89 96 98 100 103 106 116 120 123 126 130 135 140 143 147 154 162 163 165 166 168 170 171 175 177 179 185 191 196 199 204 207 208 209 212 221 223 224 225 227 236 250 252 257 262 263 266 267 269 273 275 277 278 285 291 292 294 295 301 304 310 320 321 322 326 328 332 334 337 340 346 353 354 356 362 363 368 373 376 377 378 380 381 385 391 393 399 400 401 403 406 410 417 422 425 430 432 437 440 442 443 444 458 459 460 472 474 480 481 482 490 491 492 494 496 499 
17 23 24 29 31 40 43 49 55 59 81 92 94 96 98 99 101 114 126 128 131 134 136 140 144 146 147 158 175 178 186 187 188 189 192 196 198 202 203 204 205 209 210 214 217 225 229 230 234 235 240 245 247 249 250 251 253 263 264 266 268 271 275 279 285 290 291 294 295 298 300 309 310 312 314 322 328 331 336 340 350 353 356 357 374 375 377 383 384 396 399 400 410 418 420 423 424 429 431 432 434 435 438 444 447 455 460 469 474 476 478 481 482 486 490 492 
12 17 21 23 29 41 43 45 46 47 48 51 53 57 58 69 71 73 77 83 86 95 98 103 107 109 113 118 123 124 133 142 145 146 154 162 167 168 169 171 175 180 181 182 184 185 198 199 205 207 208 218 221 222 224 225 227 228 236 238 242 243 255 256 271 272 285 286 297 301 305 307 308 311 316 317 318 320 327 330 332 344 347 350 356 360 362 363 368 371 381 382 388 390 395 396 398 400 402 403 409 418 420 422 424 426 428 431 439 446 447 449 452 453 454 455 468 471 474 476 477 485 490 491 495 
25 49 78 86 90 105 115 121 141 151 159 172 187 194 203 212 213 219 233 240 248 261 288 316 317 325 329 352 355 367 372 390 399 410 417 419 425 443 449 496 499 
23 60 61 70 72 79 89 102 109 111 115 135 141 149 155 158 168 182 193 197 206 213 215 229 232 235 238 248 263 265 282 284 296 303 317 321 322 329 345 348 352 359 361 378 387 389 390 397 399 400 402 411 412 434 443 456 461 462 466 467 475 487 489 493 496 497 498 499 
7 16 25 27 33 46 49 50 54 56 62 65 76 78 81 91 106 112 121 125 126 127 133 134 139 140 143 144 147 152 153 165 166 167 170 172 173 176 179 182 183 188 190 192 194 196 198 199 202 208 209 212 217 218 219 223 236 237 246 248 250 256 260 264 268 269 270 271 274 288 289 291 295 302 304 307 310 312 315 319 321 322 324 325 329 330 331 335 336 337 338 339 342 343 349 351 352 361 363 364 366 367 368 371 372 375 377 379 381 384 390 399 405 407 408 409 410 413 416 423 436 438 439 441 445 446 449 455 463 464 465 469 471 472 475 477 479 482 488 492 494 499 
3 4 5 9 10 12 14 16 18 20 22 24 25 28 29 32 34 35 37 39 41 42 45 48 49 50 51 52 53 54 56 57 58 60 63 64 65 67 68 69 70 71 72 74 75 76 77 78 79 83 84 85 93 94 95 96 98 102 103 107 108 109 110 111 112 115 116 117 118 121 123 125 126 127 129 131 137 139 140 144 146 147 148 151 154 156 158 161 162 164 165 166 167 168 169 170 171 172 173 174 175 176 178 180 181 182 184 185 187 188 190 191 192 193 194 195 197 198 199 201 202 204 205 206 207 208 209 210 212 213 214 216 217 218 220 221 222 223 224 225 227 228 229 230 231 232 236 237 238 240 241 242 243 244 245 248 250 251 252 253 254 255 256 258 259 260 263 264 265 266 267 268 269 270 271 272 273 274 275 278 280 281 282 283 284 286 287 288 289 290 291 292 294 295 296 298 299 302 303 304 306 307 308 310 311 313 315 316 317 318 319 321 322 323 325 327 329 330 331 334 335 336 337 339 342 344 345 346 347 348 349 351 352 353 356 357 358 359 360 363 364 366 367 370 371 372 373 375 377 378 379 380 383 384 387 388 389 390 391 392 394 395 396 397 398 399 400 402 403 404 405 406 407 409 410 411 412 413 414 415 416 417 419 422 423 424 425 426 428 431 432 433 434 435 437 438 439 440 441 442 443 444 445 446 447 450 451 452 453 454 455 456 458 459 461 462 463 465 466 467 468 469 470 471 474 475 476 479 480 481 483 485 486 487 488 489 490 493 496 497 498 499 
26 29 31 47 49 68 88 94 98 99 100 101 109 114 128 129 130 131 134 150 158 175 184 186 189 190 192 198 199 205 210 220 230 235 239 244 245 249 266 267 274 279 285 295 299 305 309 310 313 314 321 328 342 347 354 356 359 365 367 369 370 384 388 401 409 418 422 429 444 448 451 454 457 477 478 480 483 486 492 496 497 498 499 500 
11 21 46 48 54 57 62 66 67 78 80 82 103 122 127 134 138 156 157 160 164 167 175 182 184 190 192 194 202 203 220 228 229 236 242 245 254 255 256 276 285 288 293 294 297 298 299 307 319 323 324 329 331 338 347 351 352 360 362 363 366 371 374 384 386 388 389 392 393 402 403 405 408 412 416 421 422 427 430 447 449 454 455 458 472 473 478 483 484 485 494 497 498 
1 6 8 9 13 16 19 21 27 32 33 36 37 38 39 42 44 46 51 54 59 62 63 69 71 73 75 76 77 81 83 84 85 91 93 94 95 97 104 106 109 110 113 116 123 126 127 129 131 133 136 137 139 140 141 142 145 146 147 148 154 158 160 161 163 165 166 167 168 171 174 175 179 180 181 188 190 191 192 196 199 201 202 203 204 205 208 209 216 221 223 224 226 227 230 231 234 237 239 240 243 244 245 250 254 258 259 266 268 270 271 272 273 274 275 280 281 282 283 286 287 289 291 292 293 295 298 300 304 306 307 310 312 315 319 322 323 324 328 329 330 332 333 334 335 336 337 338 340 342 344 347 351 353 355 356 362 363 365 368 371 380 381 382 383 387 391 392 394 395 399 401 402 404 405 406 407 409 410 412 413 416 419 420 422 426 428 433 435 437 439 440 441 444 445 446 447 448 450 451 452 454 458 459 462 463 465 467 470 471 472 474 479 480 481 483 487 489 490 491 492 494 
19 24 28 34 42 52 58 66 73 74 79 86 105 114 117 122 123 125 130 132 138 154 160 170 171 178 182 185 187 188 189 195 199 208 212 213 214 217 221 224 228 238 241 251 252 255 258 260 264 269 290 295 296 309 313 331 332 340 356 357 374 375 392 401 407 416 418 419 423 424 431 432 438 447 450 456 462 469 472 473 476 482 491 
