1 33 291 196 165 166 230 163 140 399 304 209 179 147 310 27 126 223 
288 121 352 449 65 325 97 329 172 78 49 499 212 20 372 248 25 219 
395 396 398 272 168 41 169 428 51 308 181 446 69 77 468 344 222 95 107 243 118 
194 133 167 488 364 269 173 302 176 112 50 339 76 180 377 218 475 
263 8 136 23 161 435 437 55 311 59 322 328 204 334 474 96 481 98 355 240 383 
139 270 16 274 29 413 38 56 441 315 333 337 465 338 91 479 226 106 365 116 245 381 
389 265 397 284 414 415 35 303 434 197 72 462 466 467 345 348 232 489 108 493 115 378 
2 4 261 5 141 151 30 159 301 305 317 318 327 200 211 341 87 358 360 233 238 495 119 124 382 
392 9 137 404 280 281 287 37 433 306 57 445 191 450 335 84 476 94 231 487 110 244 254 
6 268 144 146 275 410 289 420 36 300 312 455 203 463 336 81 225 234 237 253 
7 361 143 368 464 436 246 343 152 153 250 349 
256 129 388 10 164 298 299 53 184 453 454 461 347 220 228 485 497 498 242 379 255 
34 3 323 459 12 45 14 43 472 477 
224 356 73 491 332 205 171 208 154 123 221 447 
391 393 400 403 277 22 162 294 425 170 430 185 58 442 320 64 71 207 340 346 353 227 103 363 236 373 
384 192 418 99 101 198 486 134 235 429 114 309 279 249 186 189 478 
416 131 319 202 127 366 46 307 371 405 54 190 62 351 
266 273 402 21 406 283 292 39 42 44 174 175 440 63 83 471 216 490 380 
128 417 100 390 247 40 15 92 17 18 278 86 183 90 443 316 350 
258 387 132 259 135 138 401 148 149 282 412 158 290 187 195 456 85 470 93 104 241 
448 68 293 457 314 492 47 239 369 500 150 88 409 26 31 
193 229 102 70 296 105 206 111 79 411 213 182 215 155 60 61 
480 321 483 451 359 199 267 109 367 496 370 210 342 313 444 
386 11 276 408 285 157 160 421 297 427 66 67 324 458 80 82 473 484 494 374 122 
260 264 407 24 28 423 424 295 431 432 178 52 438 188 74 331 469 214 217 482 357 117 375 251 125 
32 419 452 201 394 426 330 13 142 75 113 145 19 439 156 286 
385 257 354 130 422 326 262 362 460 271 48 177 252 376 89 120 
