0	1	2.79316	1	
0	2	2.09559	1	
0	4	21.2033	5	
0	5	24.6576	5	
0	6	23.5761	5	
0	11	5.33613	1	
0	12	18.7746	4	
0	13	3.02976	1	
0	14	24.0661	5	
0	19	13.5257	3	
0	21	5.56327	1	
0	23	5.63186	1	
0	27	17.1569	4	
0	28	8.84175	2	
0	29	24.8108	4	
0	30	6.65702	1	
0	31	3.45734	1	
0	34	2.7062	1	
0	37	1.70165	1	
0	39	6.3086	1	
0	40	23.7574	5	
0	41	27.6594	6	
0	42	15.4038	3	
0	43	6.87479	2	
0	46	5.81919	2	
0	47	22.2723	5	
0	49	5.64125	1	
0	50	29.0677	6	
0	51	5.02848	1	
0	54	41.438	9	
0	55	36.4632	8	
0	56	23.3713	5	
0	57	5.48341	1	
0	58	8.63423	2	
0	66	2.68502	1	
1	6	3.33977	1	
1	10	20.2409	4	
1	17	25.0466	5	
1	29	27.3446	5	
1	32	23.8334	5	
1	33	4.59036	1	
1	34	3.42447	1	
1	37	25.1676	5	
1	39	19.4674	4	
1	43	7.04409	2	
1	45	4.45132	1	
1	48	22.9475	5	
1	51	20.6483	4	
1	52	22.1098	5	
1	53	4.45093	1	
1	54	14.8436	4	
1	56	3.79408	1	
1	64	4.16199	1	
2	3	4.69395	1	
2	13	2.21625	1	
2	18	23.8071	5	
2	21	21.9352	5	
2	25	9.77994	3	
2	27	1.87795	1	
2	32	30.6058	7	
2	34	18.8768	4	
2	38	3.30127	1	
2	39	2.21625	1	
2	40	6.14046	1	
2	41	5.90022	1	
2	53	3.06289	1	
2	56	4.40234	1	
2	58	9.9332	3	
2	66	4.15954	1	
2	67	3.98469	1	
3	4	19.7712	5	
3	5	36.26	8	
3	13	11.9627	2	
3	15	6.42701	1	
3	17	6.41278	1	
3	18	15.5692	4	
3	21	34.6442	7	
3	23	2.81505	1	
3	25	25.8035	5	
3	26	11.6069	2	
3	29	4.67678	1	
3	31	6.30836	1	
3	32	4.47812	1	
3	34	28.5341	7	
3	35	7.31063	1	
3	37	13.9003	3	
3	38	34.2816	7	
3	39	15.2126	3	
3	40	9.16248	1	
3	41	5.55094	1	
3	43	9.33554	2	
3	44	15.2598	4	
3	45	15.5251	4	
3	47	30.9811	6	
3	49	7.93293	2	
3	51	4.56742	1	
3	52	25.9184	5	
3	53	25.5271	5	
3	57	5.68731	1	
3	58	12.4611	3	
3	60	3.11535	1	
3	63	4.26028	1	
3	64	3.95673	1	
3	66	2.82048	1	
3	67	18.6819	4	
4	5	15.9452	4	
4	18	28.1134	6	
4	19	22.072	5	
4	30	23.6366	5	
4	31	9.31955	2	
4	41	2.41256	1	
4	42	6.6579	1	
4	44	4.15888	1	
4	45	5.74684	1	
4	52	21.1797	5	
4	53	5.65866	1	
4	55	24.4687	5	
4	59	2.9038	1	
4	61	15.8613	4	
4	63	21.2339	4	
5	8	25.5592	5	
5	10	2.44387	1	
5	12	21.6739	5	
5	13	7.07512	1	
5	14	25.226	5	
5	15	5.74942	1	
5	17	4.97264	1	
5	21	6.04197	1	
5	23	24.4356	4	
5	29	44.9486	9	
5	30	3.5787	1	
5	31	3.99378	1	
5	34	30.7088	6	
5	37	2.51061	1	
5	38	17.6089	4	
5	39	4.46688	1	
5	40	4.74764	1	
5	41	23.1647	5	
5	42	10.8225	2	
5	43	2.95303	1	
5	44	27.4383	6	
5	46	5.89029	1	
5	49	2.73614	1	
5	51	10.8406	2	
5	52	5.60901	1	
5	53	25.5779	6	
5	55	10.3996	2	
5	59	2.11017	1	
5	60	25.0956	5	
5	61	35.8651	8	
5	62	26.8318	5	
5	66	35.7881	7	
5	67	20.048	4	
6	7	4.36115	1	
6	10	4.69726	1	
6	13	4.56317	1	
6	15	6.69651	1	
6	17	19.7872	4	
6	19	3.76372	1	
6	26	2.70267	1	
6	29	20.9383	4	
6	30	6.38009	1	
6	32	5.88363	1	
6	33	3.16481	1	
6	40	2.90354	1	
6	44	12.8192	3	
6	46	7.0837	1	
6	50	5.30973	1	
6	53	4.7044	1	
6	54	25.2386	5	
6	56	7.14514	2	
6	57	4.12162	1	
6	58	3.00884	1	
6	60	7.46246	1	
6	61	5.7908	1	
6	62	5.95659	2	
6	63	3.77192	1	
6	66	5.22734	1	
7	8	28.9371	6	
7	9	16.2008	4	
7	10	15.9082	4	
7	11	4.63618	1	
7	20	14.0492	4	
7	26	5.65765	1	
7	37	3.76532	1	
7	39	18.6174	4	
7	43	14.8673	4	
7	45	14.26	3	
7	49	5.18478	1	
7	50	5.80671	1	
7	52	20.1275	5	
7	64	3.48339	1	
8	10	10.9393	2	
8	13	3.66584	1	
8	14	24.7566	5	
8	15	26.4744	5	
8	19	4.43322	1	
8	22	26.3299	7	
8	23	27.3482	6	
8	24	20.7794	5	
8	25	18.9383	4	
8	26	2.62031	1	
8	28	21.5753	5	
8	31	3.78321	1	
8	32	5.86637	1	
8	33	20.9926	5	
8	34	15.3878	4	
8	35	6.12616	1	
8	36	3.13413	1	
8	37	20.7592	4	
8	38	2.8765	1	
8	39	40.3248	9	
8	40	3.66464	1	
8	41	36.9129	9	
8	42	34.78	7	
8	43	7.07458	2	
8	44	19.7192	4	
8	45	13.476	3	
8	48	1.94988	1	
8	49	2.14816	1	
8	50	14.5224	3	
8	51	4.55262	1	
8	52	3.18326	1	
8	53	3.05369	1	
8	55	5.79877	1	
8	57	29.533	6	
8	60	55.2463	11	
8	63	19.3072	4	
8	64	33.0558	7	
9	12	16.8953	4	
9	14	23.2966	6	
9	15	22.4445	5	
9	18	2.0171	1	
9	19	4.58111	1	
9	20	18.7566	5	
9	24	21.1643	5	
9	29	4.88284	1	
9	30	15.8931	4	
9	31	16.3822	4	
9	35	9.75989	2	
9	37	4.23102	1	
9	38	26.4041	6	
9	40	20.5651	5	
9	42	25.516	5	
9	43	3.7986	1	
9	45	20.9462	4	
9	50	19.778	4	
9	55	6.29881	1	
9	57	17.7487	4	
9	58	2.9359	1	
9	59	21.6868	5	
9	63	4.18611	1	
9	65	28.4984	6	
9	67	10.8135	3	
10	14	12.8018	2	
10	16	5.17781	1	
10	17	4.23182	1	
10	18	31.1859	6	
10	21	5.16129	1	
10	22	3.85292	1	
10	24	3.78914	1	
10	25	2.73324	1	
10	27	2.29142	1	
10	28	4.01905	1	
10	30	19.24	4	
10	32	29.8216	6	
10	34	6.28631	1	
10	35	15.0221	3	
10	38	4.03976	1	
10	39	44.3029	10	
10	40	18.5488	5	
10	41	5.11959	1	
10	44	3.04128	1	
10	45	16.2298	4	
10	46	5.70477	1	
10	47	2.18273	1	
10	50	5.09178	1	
10	51	4.2274	1	
10	52	24.1725	5	
10	53	10.5572	2	
10	55	6.82288	2	
10	57	4.15792	1	
10	58	30.4684	6	
10	59	26.9221	6	
10	60	16.2328	4	
10	63	7.81667	2	
10	64	12.8241	3	
10	65	4.62132	1	
10	66	10.0954	2	
10	67	8.51358	2	
11	13	4.5761	1	
11	15	4.74004	2	
11	23	16.733	4	
11	26	29.3042	6	
11	30	3.60194	1	
11	34	7.38601	2	
11	35	4.51184	1	
11	37	5.96717	1	
11	39	3.60155	1	
11	40	19.6693	5	
11	41	23.5546	4	
11	42	4.92702	1	
11	43	7.00673	2	
11	48	4.9001	1	
11	49	20.4566	4	
11	50	22.3194	5	
11	57	6.02833	1	
11	58	19.8812	5	
11	60	18.4974	5	
11	64	1.91634	1	
11	65	3.64823	1	
12	13	15.7485	4	
12	14	34.739	8	
12	15	21.5025	5	
12	17	23.5634	6	
12	18	5.21603	1	
12	31	18.5234	4	
12	35	20.2992	5	
12	37	1.58027	1	
12	44	20.4865	4	
12	45	6.1257	1	
12	56	4.97529	1	
12	60	3.77589	1	
12	61	19.5422	4	
12	65	6.48084	1	
12	67	1.58027	1	
13	15	10.3321	2	
13	18	25.7348	5	
13	20	48.3445	10	
13	22	28.2273	5	
13	23	5.07076	1	
13	25	3.05941	1	
13	26	21.6058	5	
13	28	5.97752	1	
13	30	7.35756	2	
13	31	10.8257	2	
13	32	27.0723	6	
13	34	7.1905	2	
13	35	23.1533	5	
13	37	21.9222	5	
13	38	29.0816	6	
13	39	21.6757	5	
13	40	31.8034	7	
13	41	9.72554	2	
13	43	10.5291	2	
13	44	18.046	4	
13	46	2.05218	1	
13	48	28.2452	6	
13	50	12.894	3	
13	51	8.77094	2	
13	52	7.93918	2	
13	54	3.28715	1	
13	55	5.11477	1	
13	56	25.5891	5	
13	58	12.9265	3	
13	59	4.13753	1	
13	61	20.8129	5	
13	63	5.68397	1	
13	66	3.07342	1	
14	15	24.3686	5	
14	17	31.1509	6	
14	18	40.4375	10	
14	19	5.52414	1	
14	25	20.8226	5	
14	27	5.16393	1	
14	29	4.75241	1	
14	30	28.9608	7	
14	31	25.7667	6	
14	32	3.94044	1	
14	33	4.46621	1	
14	34	4.99606	1	
14	35	21.4272	5	
14	37	10.9096	2	
14	38	20.5829	4	
14	39	28.7326	6	
14	40	35.2635	7	
14	41	49.4624	11	
14	42	50.807	10	
14	43	15.0826	3	
14	45	31.0518	6	
14	46	9.10212	2	
14	48	19.1178	4	
14	49	12.7942	3	
14	51	53.0254	11	
14	52	11.6597	2	
14	53	4.63769	1	
14	54	4.10059	1	
14	55	8.65224	2	
14	56	5.72231	1	
14	57	34.3915	7	
14	58	37.1439	7	
14	60	34.8977	7	
14	63	34.0553	7	
14	66	8.07666	2	
15	17	12.1081	3	
15	18	11.5992	2	
15	19	9.98154	3	
15	20	5.52011	1	
15	23	6.16466	1	
15	24	15.2704	4	
15	26	4.93616	1	
15	27	3.93409	1	
15	29	28.9397	8	
15	30	14.0301	4	
15	31	20.3971	4	
15	32	37.3578	8	
15	35	8.0392	2	
15	37	5.3563	1	
15	38	12.2117	2	
15	40	6.10485	1	
15	42	2.23342	1	
15	43	30.437	7	
15	44	2.40858	1	
15	45	28.4929	6	
15	47	5.52508	1	
15	48	41.6093	10	
15	50	5.14637	1	
15	51	12.7896	3	
15	52	35.7954	7	
15	54	3.81706	1	
15	55	3.96682	1	
15	56	24.4383	5	
15	58	6.2524	2	
15	59	21.6834	4	
15	60	39.9081	8	
15	61	38.4214	8	
15	63	4.3809	1	
15	65	25.4767	5	
15	67	5.2198	1	
16	17	4.7843	1	
16	27	3.32283	1	
16	29	8.40383	2	
16	32	19.3421	4	
16	33	4.29987	1	
16	37	41.2284	9	
16	42	12.9168	3	
16	44	27.551	7	
16	47	17.2984	4	
16	48	5.22042	1	
16	49	3.53967	1	
16	50	21.9293	5	
16	52	23.6497	5	
16	53	4.65544	1	
16	55	17.7006	4	
16	62	2.21762	1	
16	64	19.7091	4	
17	18	4.65572	1	
17	19	1.74656	1	
17	22	3.54804	1	
17	24	20.2797	4	
17	25	16.8684	4	
17	26	19.412	4	
17	27	13.0035	3	
17	29	26.2477	6	
17	30	8.61264	2	
17	32	38.1982	8	
17	34	3.20758	1	
17	35	23.8101	6	
17	36	5.04309	1	
17	37	9.17446	2	
17	38	15.8235	3	
17	39	6.62515	1	
17	40	3.42726	1	
17	42	11.8476	3	
17	43	3.62814	1	
17	44	3.3893	1	
17	46	4.44155	1	
17	48	14.2987	3	
17	49	45.6322	10	
17	50	7.39897	1	
17	51	21.9768	5	
17	52	36.0846	8	
17	53	4.9524	1	
17	55	22.337	5	
17	56	7.28557	1	
17	57	41.7622	9	
17	58	2.68912	1	
17	59	5.72318	1	
17	60	5.75999	1	
17	61	11.0285	3	
17	62	5.02527	1	
17	63	14.9186	3	
17	64	3.34929	1	
17	65	5.32707	1	
17	67	10.2817	2	
18	19	25.7081	5	
18	20	5.38268	2	
18	23	10.3997	2	
18	26	34.0196	7	
18	27	8.55147	2	
18	29	17.6955	4	
18	30	7.63113	2	
18	31	10.9735	3	
18	32	34.0963	7	
18	33	20.4502	5	
18	34	5.42702	1	
18	35	28.555	5	
18	36	8.95728	2	
18	37	9.49394	2	
18	41	2.40767	1	
18	42	7.46736	2	
18	43	16.0848	3	
18	44	17.1852	4	
18	45	3.10319	1	
18	46	7.02154	1	
18	47	3.19209	1	
18	48	11.7781	2	
18	49	33.8306	7	
18	50	6.83965	1	
18	51	15.5363	3	
18	52	6.25697	1	
18	53	14.5285	3	
18	55	34.2221	7	
18	56	23.3794	6	
18	57	3.75384	1	
18	58	35.0374	8	
18	59	4.73383	1	
18	60	19.3564	4	
18	61	24.0148	5	
18	62	4.96129	1	
18	63	7.07145	1	
18	64	11.5447	2	
18	66	12.9817	3	
19	21	15.6682	4	
19	29	20.1897	5	
19	30	4.1165	1	
19	31	5.00473	1	
19	35	6.59538	2	
19	40	15.7633	4	
19	43	25.7156	6	
19	44	4.4747	1	
19	48	11.6269	3	
19	50	4.63005	1	
19	52	11.3788	3	
19	53	1.88597	1	
19	55	15.2831	4	
19	56	17.2267	4	
19	57	6.44032	2	
19	59	1.88597	1	
19	65	4.70182	1	
20	21	25.1406	5	
20	22	40.3754	9	
20	23	20.6129	5	
20	27	4.324	1	
20	32	23.1901	4	
20	37	20.8693	4	
20	38	4.4245	1	
20	39	7.99019	2	
20	44	7.50363	2	
20	45	4.84664	1	
20	47	37.4526	8	
20	51	10.7385	3	
20	53	24.3916	6	
20	54	14.1282	3	
20	55	16.8242	4	
20	56	28.4777	6	
20	57	2.56082	1	
20	66	30.988	6	
21	22	5.67272	1	
21	23	18.5467	4	
21	24	20.2694	5	
21	26	5.04338	1	
21	27	3.98572	1	
21	29	21.6102	4	
21	30	4.35639	1	
21	32	26.2414	6	
21	34	30.5333	7	
21	35	19.752	4	
21	37	24.4973	5	
21	38	28.4441	6	
21	39	7.45411	1	
21	40	6.85789	1	
21	43	10.1268	3	
21	44	3.72703	1	
21	45	7.94723	2	
21	46	4.60111	1	
21	47	3.49463	1	
21	48	12.79	3	
21	49	6.13271	1	
21	50	5.59555	1	
21	53	10.3056	2	
21	55	17.586	4	
21	56	5.33492	1	
21	57	38.7297	8	
21	58	20.9598	4	
21	59	4.22093	1	
21	60	7.60368	2	
21	61	16.4214	4	
21	66	30.1292	6	
21	67	21.2715	4	
22	26	4.14693	1	
22	29	16.991	4	
22	32	21.0881	5	
22	34	30.4481	6	
22	37	7.80061	2	
22	38	6.10291	1	
22	40	24.6406	5	
22	42	4.85931	1	
22	45	15.5211	4	
22	49	3.34576	1	
22	50	4.72833	1	
22	51	14.1427	3	
22	52	2.85303	1	
22	53	24.0985	5	
22	54	2.20125	1	
22	55	28.3814	6	
22	56	7.86766	2	
22	57	21.7868	5	
22	58	20.2892	5	
22	59	23.09	5	
22	60	4.12102	1	
22	63	4.59231	1	
22	64	15.151	4	
22	67	2.83989	1	
23	26	6.92171	1	
23	27	22.4439	5	
23	28	1.94581	1	
23	29	2.46298	1	
23	30	28.8617	6	
23	31	22.2932	5	
23	32	55.3905	11	
23	33	21.0576	4	
23	34	25.4409	5	
23	35	3.42178	1	
23	36	5.63829	1	
23	37	45.6968	10	
23	38	2.77613	1	
23	39	7.85117	2	
23	40	33.7025	8	
23	41	15.9115	4	
23	42	1.99466	1	
23	43	2.57116	1	
23	44	23.0243	5	
23	45	20.6251	5	
23	46	21.6977	5	
23	47	33.1503	7	
23	49	3.06285	1	
23	50	53.6813	11	
23	51	2.735	1	
23	52	4.56911	1	
23	55	4.56887	1	
23	56	6.73086	1	
23	57	18.4119	4	
23	58	27.1539	6	
23	59	2.55781	1	
23	60	53.7129	11	
23	61	10.9948	2	
23	62	24.3228	5	
23	63	21.4481	5	
23	64	2.43656	1	
23	66	56.0885	12	
24	29	33.0691	8	
24	33	17.1476	4	
24	35	24.3167	5	
24	40	29.6118	6	
24	45	22.951	5	
24	46	18.0935	4	
24	47	19.5156	4	
24	51	22.5549	5	
24	55	27.1	6	
24	57	17.5873	4	
24	58	3.25186	1	
24	61	3.46458	1	
24	65	4.97451	1	
24	66	6.29808	1	
25	26	34.9511	8	
25	27	22.1208	5	
25	29	3.15186	1	
25	30	49.3103	10	
25	36	3.78047	1	
25	38	18.8528	5	
25	41	3.32231	1	
25	42	3.92227	1	
25	45	3.17463	1	
25	46	20.7943	4	
25	47	21.887	5	
25	50	23.9783	5	
25	52	20.8545	5	
25	53	1.96561	1	
25	54	1.96561	1	
25	57	15.9477	4	
25	58	16.7379	4	
25	60	3.06729	1	
25	62	4.51139	1	
25	63	16.4034	4	
25	66	2.49426	1	
25	67	3.13807	1	
26	30	33.8049	7	
26	32	4.13576	1	
26	34	3.08139	1	
26	35	68.6491	14	
26	36	9.32821	2	
26	38	7.96693	2	
26	39	22.4226	5	
26	40	19.1929	4	
26	41	22.5222	5	
26	42	21.146	4	
26	43	25.108	5	
26	44	31.9539	6	
26	45	21.0679	4	
26	46	5.43929	1	
26	47	9.41083	2	
26	48	2.77365	1	
26	49	22.4615	5	
26	51	39.252	8	
26	52	12.5832	3	
26	53	6.63685	1	
26	55	18.1423	4	
26	56	6.31264	1	
26	57	32.0421	7	
26	59	21.2454	4	
26	60	20.1256	4	
26	61	4.58844	1	
26	62	46.8724	10	
26	63	8.10819	2	
26	64	4.79834	1	
26	66	7.41009	2	
26	67	5.41251	1	
27	29	17.5265	4	
27	30	4.62874	1	
27	33	3.67091	1	
27	39	3.77455	1	
27	41	8.32206	2	
27	42	17.6326	4	
27	44	17.4963	4	
27	46	45.8643	9	
27	48	6.47515	1	
27	50	22.9395	6	
27	55	11.1575	2	
27	58	2.47994	1	
27	60	23.6194	5	
27	61	4.17244	1	
27	66	27.052	6	
27	67	26.2065	5	
28	30	22.0192	5	
28	31	4.02017	1	
28	33	7.87061	2	
28	34	22.6066	5	
28	36	4.2622	1	
28	37	5.60293	1	
28	39	21.5953	4	
28	40	0.318637	1	
28	45	8.4161	2	
28	47	3.94091	1	
28	48	2.1311	1	
28	49	21.1027	4	
28	51	22.722	5	
28	55	5.13603	1	
28	56	3.16289	1	
28	58	18.0311	5	
28	63	4.93276	1	
28	64	18.9265	4	
28	66	23.3206	5	
28	67	3.04502	1	
29	30	5.22258	1	
29	31	37.049	8	
29	32	8.22342	2	
29	34	4.58272	1	
29	35	6.65291	1	
29	37	32.9909	6	
29	39	6.37195	1	
29	40	12.4189	3	
29	41	34.767	7	
29	42	30.7238	7	
29	43	34.1352	8	
29	44	18.9726	4	
29	45	5.1462	1	
29	46	10.6435	2	
29	47	21.9853	5	
29	49	7.29237	2	
29	50	19.5651	5	
29	51	11.875	3	
29	52	3.31607	1	
29	56	4.72684	1	
29	57	25.8529	5	
29	60	2.75375	1	
29	61	10.9565	3	
29	62	24.3579	6	
29	64	13.0458	3	
29	65	23.7932	5	
29	66	8.688	2	
29	67	21.1796	4	
30	31	3.92181	1	
30	32	49.1973	11	
30	35	32.1727	7	
30	36	4.91005	1	
30	37	12.2161	3	
30	38	5.31357	1	
30	39	45.6417	9	
30	40	5.77012	1	
30	41	10.412	2	
30	42	7.99091	2	
30	44	38.053	8	
30	45	3.28895	1	
30	46	27.2938	6	
30	47	10.3876	2	
30	48	35.4881	8	
30	49	8.13886	2	
30	50	58.1747	12	
30	51	7.47867	2	
30	52	39.7018	9	
30	54	16.4558	4	
30	56	3.55761	1	
30	57	4.94653	1	
30	58	47.7988	10	
30	60	11.1636	2	
30	62	9.07002	2	
30	63	72.6377	15	
30	64	3.75174	1	
30	65	10.2399	2	
30	66	2.43167	1	
30	67	8.85937	2	
31	32	12.8968	3	
31	34	24.2684	5	
31	35	33.903	7	
31	37	21.2451	4	
31	39	8.40368	2	
31	40	19.7928	4	
31	41	13.314	3	
31	42	4.60643	1	
31	43	26.6593	5	
31	45	28.7871	6	
31	47	31.1227	7	
31	48	7.84976	2	
31	50	18.8985	4	
31	51	26.461	6	
31	53	26.7321	6	
31	55	5.0839	1	
31	56	21.1243	4	
31	57	19.3723	4	
31	58	3.77248	1	
31	61	23.8556	5	
31	62	4.43371	1	
31	63	6.78157	1	
31	64	44.884	9	
31	65	31.5102	6	
31	66	6.76	2	
31	67	4.28216	1	
32	33	23.8683	5	
32	34	15.2663	3	
32	35	2.44291	1	
32	38	2.71839	1	
32	40	16.5161	4	
32	41	3.03782	1	
32	43	18.9577	5	
32	44	7.13629	2	
32	45	3.23353	1	
32	46	11.0242	2	
32	51	10.4669	2	
32	52	13.6303	3	
32	55	5.66804	1	
32	56	22.6811	4	
32	57	35.1667	8	
32	58	46.1397	10	
32	59	18.7083	4	
32	60	5.72691	1	
32	63	25.6177	5	
32	64	24.5877	5	
32	66	26.6145	6	
33	35	5.04074	1	
33	38	4.40556	1	
33	42	20.0646	4	
33	48	5.00555	1	
33	50	6.45536	1	
33	57	22.4958	5	
33	58	20.3502	4	
33	60	23.0993	5	
33	62	4.60919	1	
33	63	3.74525	1	
33	66	29.3902	7	
34	35	21.2583	4	
34	36	4.27845	1	
34	37	3.83679	1	
34	38	23.3496	5	
34	39	2.98452	1	
34	40	58.5794	11	
34	41	19.3928	4	
34	42	2.05401	1	
34	43	13.5708	3	
34	44	10.3348	2	
34	46	11.4442	2	
34	49	35.9285	8	
34	52	21.8193	5	
34	53	28.9072	6	
34	58	5.03477	1	
34	59	6.37977	1	
34	61	40.6321	8	
34	62	53.9283	10	
34	63	29.674	6	
34	64	7.77645	2	
34	65	22.2172	5	
34	67	4.89908	1	
35	38	5.38124	1	
35	39	22.9081	5	
35	40	25.1477	5	
35	41	24.4664	5	
35	42	15.6956	4	
35	45	4.66535	1	
35	46	3.38787	1	
35	47	21.5483	4	
35	48	2.08706	1	
35	49	8.12058	2	
35	50	16.975	3	
35	55	3.65727	1	
35	57	8.57009	2	
35	59	9.16832	2	
35	60	13.034	2	
35	62	17.1919	4	
35	63	29.954	6	
35	65	5.10499	1	
35	66	6.65433	1	
35	67	9.3539	2	
36	37	4.66699	1	
36	39	32.5334	6	
36	40	25.8399	5	
36	41	8.43642	2	
36	43	5.59002	1	
36	46	5.09575	1	
36	48	27.4897	5	
36	59	23.3301	5	
36	61	4.61539	1	
36	64	2.35963	1	
37	39	17.5106	4	
37	40	37.4223	8	
37	41	8.73649	2	
37	42	28.8179	6	
37	43	24.171	5	
37	44	21.7895	5	
37	45	10.6479	2	
37	46	2.64544	1	
37	47	14.7114	3	
37	48	21.407	5	
37	50	31.5072	6	
37	51	22.2582	5	
37	52	21.5206	5	
37	53	28.4456	6	
37	56	19.9429	5	
37	57	14.7245	2	
37	58	5.2395	1	
37	59	12.8941	3	
37	60	14.1384	3	
37	61	22.2242	5	
37	62	6.87778	1	
37	64	8.04048	2	
37	66	3.94253	1	
37	67	32.6905	7	
38	40	23.1793	5	
38	41	2.33816	1	
38	42	55.3672	11	
38	44	3.49231	1	
38	46	22.5223	5	
38	50	25.6481	5	
38	51	21.5583	5	
38	53	2.17787	1	
38	55	5.05048	1	
38	57	27.7729	6	
38	58	40.8699	9	
38	59	17.5705	4	
38	60	4.87346	1	
38	61	20.8462	4	
38	62	22.4553	4	
38	65	10.5225	2	
38	66	51.645	12	
39	40	52.1348	12	
39	41	9.46002	2	
39	42	3.8817	1	
39	43	7.79499	1	
39	45	33.1152	6	
39	46	2.05218	1	
39	47	2.18273	1	
39	48	4.36434	1	
39	50	8.67592	2	
39	51	24.4844	5	
39	52	24.8405	5	
39	53	5.03106	1	
39	54	3.35367	1	
39	55	34.1633	7	
39	56	4.63322	1	
39	57	3.53047	1	
39	58	26.1176	5	
39	59	5.29142	1	
39	60	12.5239	3	
39	61	41.1995	9	
39	62	30.7994	6	
39	64	9.65487	2	
39	65	4.73824	1	
39	67	4.53538	1	
40	42	22.1454	5	
40	43	6.82933	1	
40	44	6.93342	1	
40	46	33.2206	7	
40	47	38.7672	8	
40	48	3.84307	1	
40	49	18.9844	4	
40	50	36.1578	7	
40	51	21.3276	4	
40	52	15.095	4	
40	53	6.24602	1	
40	55	10.3809	2	
40	57	2.29615	1	
40	58	15.8065	3	
40	59	22.3787	4	
40	60	8.00239	2	
40	61	26.3828	5	
40	62	9.32978	2	
40	64	24.1336	5	
41	42	61.7892	13	
41	43	18.6583	5	
41	44	29.8256	6	
41	45	28.633	5	
41	47	52.7449	11	
41	48	11.1978	2	
41	49	6.79223	1	
41	50	7.0275	2	
41	51	5.58198	1	
41	52	5.56286	1	
41	53	17.8623	4	
41	55	14.388	3	
41	56	15.3386	5	
41	57	5.57829	1	
41	58	2.22333	1	
41	60	2.33046	1	
41	61	15.9115	3	
41	62	6.53614	1	
41	63	21.1195	4	
41	65	30.0035	6	
41	67	26.5529	6	
42	43	9.95026	2	
42	44	16.6939	4	
42	45	4.40898	1	
42	46	25.4904	6	
42	47	30.8934	6	
42	49	6.70896	1	
42	50	30.6067	6	
42	51	42.095	9	
42	52	3.64373	1	
42	53	28.5317	6	
42	55	11.3667	2	
42	57	25.2832	5	
42	58	53.8157	11	
42	59	21.181	5	
42	60	6.81893	1	
42	65	2.62659	1	
42	66	36.8862	9	
42	67	13.8502	4	
43	45	13.0233	3	
43	46	20.2108	5	
43	47	25.5616	5	
43	48	27.6922	5	
43	49	44.451	9	
43	50	5.10588	1	
43	51	36.1326	8	
43	52	27.7397	6	
43	53	5.15463	1	
43	54	2.54492	1	
43	55	3.07577	1	
43	56	36.7056	8	
43	57	27.1732	6	
43	58	31.278	6	
43	59	6.76197	1	
43	60	6.61147	1	
43	61	15.6927	4	
43	63	4.72861	1	
43	64	20.4992	5	
43	65	13.2052	3	
43	66	9.696	2	
43	67	26.5562	6	
44	45	58.9331	12	
44	46	5.37994	1	
44	47	19.0525	5	
44	48	43.8831	10	
44	51	21.5189	4	
44	53	6.45923	2	
44	56	32.4582	7	
44	57	30.9558	7	
44	58	29.3769	7	
44	59	13.1701	3	
44	60	13.0999	2	
44	61	4.42346	1	
44	62	38.7895	8	
44	63	22.6787	5	
44	65	13.8373	3	
44	66	4.56417	1	
45	46	25.5133	6	
45	49	25.2268	5	
45	50	19.1744	4	
45	51	30.8126	6	
45	53	4.77321	1	
45	57	40.5371	8	
45	58	4.92742	1	
45	59	18.0366	4	
45	60	22.8205	5	
45	61	5.9776	1	
45	63	12.1132	3	
45	64	2.8636	1	
45	65	22.1165	4	
45	67	6.07692	1	
46	48	4.72367	1	
46	51	22.3148	5	
46	52	21.9051	5	
46	54	21.3263	4	
46	55	4.4072	1	
46	56	6.18537	1	
46	57	17.7047	4	
46	59	23.2524	4	
46	60	20.2295	4	
46	63	9.42345	2	
46	64	16.6184	4	
46	66	26.6158	6	
46	67	9.95065	3	
47	49	20.0989	4	
47	53	11.2563	2	
47	55	43.3946	10	
47	56	32.5179	6	
47	57	7.82206	2	
47	59	14.7604	3	
47	61	2.70367	1	
47	63	4.52621	1	
47	65	2.67515	1	
47	66	22.5162	4	
48	49	38.6162	9	
48	51	53.2153	11	
48	52	2.77274	1	
48	53	13.5054	3	
48	55	13.5439	3	
48	56	24.4639	5	
48	57	4.04075	1	
48	58	34.7818	7	
48	59	23.9215	4	
48	60	16.9271	4	
48	61	20.0274	5	
48	62	6.42702	1	
48	63	12.8534	3	
48	64	8.1293	2	
48	66	6.85774	1	
48	67	26.6492	6	
49	50	28.9467	6	
49	51	20.4223	4	
49	52	5.44968	1	
49	53	18.9123	4	
49	55	23.675	5	
49	56	45.3727	9	
49	57	5.42362	1	
49	60	1.76296	1	
49	64	2.6915	1	
49	65	28.9447	6	
49	66	2.57211	1	
50	52	19.0401	4	
50	53	10.3098	2	
50	54	48.7788	10	
50	55	24.3829	5	
50	56	9.70151	2	
50	57	34.8707	7	
50	58	21.1145	4	
50	59	32.4371	7	
50	60	30.8469	6	
50	61	18.6898	4	
50	62	4.36054	1	
50	64	5.98165	1	
50	65	8.15664	2	
50	66	43.75	9	
50	67	6.85234	1	
51	52	17.9557	3	
51	53	3.62656	1	
51	57	29.4309	6	
51	59	38.3966	8	
51	61	21.9612	5	
51	62	26.6588	5	
51	63	29.7157	6	
51	64	22.4691	5	
51	66	64.2254	13	
51	67	8.75888	3	
52	53	19.8029	5	
52	54	17.5747	4	
52	55	8.53438	2	
52	58	2.66038	1	
52	59	35.9407	7	
52	60	27.0709	6	
52	61	52.5892	12	
52	62	19.6192	4	
52	63	7.44036	2	
52	64	9.43819	2	
52	66	31.6431	7	
53	54	20.3134	5	
53	55	15.2164	3	
53	56	25.8895	6	
53	57	5.92088	1	
53	59	29.2727	7	
53	60	7.76056	2	
53	61	22.2241	5	
53	62	37.2869	8	
53	63	28.9162	6	
53	64	17.485	4	
53	65	20.4773	4	
53	66	2.94517	1	
53	67	59.9624	12	
54	55	29.3732	7	
54	57	16.0365	4	
54	60	21.41	5	
54	62	2.18865	1	
54	64	5.83223	1	
54	66	5.53634	1	
54	67	11.6891	3	
55	57	12.144	3	
55	58	31.4657	6	
55	59	22.7765	5	
55	60	19.4837	4	
55	61	33.5584	7	
55	63	42.266	10	
55	64	12.5004	3	
55	66	22.2344	4	
55	67	9.60088	2	
56	57	38.6116	8	
56	58	5.39203	1	
56	61	4.43337	1	
56	62	2.87125	1	
56	63	6.12436	1	
56	66	4.86852	1	
57	58	15.9889	3	
57	60	5.41415	1	
57	62	4.36798	1	
57	63	5.00063	1	
57	64	4.21236	1	
57	65	5.71534	1	
57	66	59.1979	13	
57	67	5.62947	1	
58	59	37.7642	8	
58	60	48.1991	11	
58	61	4.39679	1	
58	62	26.3721	5	
58	64	15.1555	3	
58	65	17.4149	4	
58	66	18.215	4	
58	67	32.8662	6	
59	61	1.97679	1	
59	62	47.1511	10	
59	64	37.2963	8	
59	66	41.3363	9	
60	61	4.35581	1	
60	62	3.53938	1	
60	63	6.16113	1	
60	64	5.27596	1	
60	66	6.54447	1	
60	67	47.1285	9	
61	62	44.4224	10	
61	63	16.0099	3	
61	65	17.0172	4	
61	66	4.00316	1	
62	63	5.60284	1	
62	65	11.7159	3	
62	67	24.3876	5	
63	65	16.35	4	
63	66	29.4746	6	
63	67	68.3195	15	
64	65	3.85633	1	
64	66	9.1195	2	
64	67	4.65452	1	
65	67	2.48278	1	
66	67	4.29742	1	
