9 20 47 69 89 110 123 169 590 627 1059 1090 
71 77 90 165 178 199 244 251 297 337 510 613 676 858 1054 1097 1233 
1 34 46 56 70 137 155 159 191 205 258 282 330 346 351 352 365 400 443 460 501 506 507 509 664 696 698 709 802 837 879 901 929 991 1026 1038 1079 1141 1151 1203 1245 1275 1280 
28 166 214 288 291 315 358 514 566 612 665 785 801 885 928 931 965 1237 1256 
120 136 170 184 220 230 235 282 283 292 338 349 360 397 406 418 436 505 552 564 644 704 723 724 745 764 783 795 814 848 857 869 882 902 903 915 917 919 923 954 985 990 1039 1076 1157 1202 1212 1213 1219 1249 1252 1255 
60 91 127 158 176 184 187 208 230 243 266 287 329 394 419 526 552 621 626 630 644 691 704 713 721 722 745 751 760 783 804 828 848 857 863 882 921 944 947 958 985 1028 1037 1105 1121 1124 1190 1191 1252 1271 1273 1284 1289 1295 1298 
19 42 58 73 86 94 116 117 185 206 216 218 226 227 265 278 291 315 320 331 353 377 380 387 396 398 450 472 520 587 591 611 620 627 652 678 682 699 726 737 768 803 831 835 843 849 862 864 880 885 902 910 915 931 957 979 998 1001 1015 1050 1073 1077 1098 1112 1164 1166 1180 1190 1191 1218 1224 1233 1236 1281 
148 162 265 400 434 464 568 597 613 624 721 728 744 793 800 813 834 838 892 893 931 939 1012 1043 1117 1124 1166 1168 1224 1289 
17 30 106 151 161 164 221 232 270 286 296 313 314 335 336 338 368 391 400 411 467 499 511 541 572 573 582 617 654 661 697 701 720 730 755 757 780 810 820 846 858 869 876 878 892 896 906 908 911 974 995 1011 1021 1045 1046 1128 1181 1188 1205 1221 1246 1259 1292 
48 68 112 125 131 202 228 233 248 263 348 516 585 597 604 618 640 728 733 738 782 801 884 963 972 975 989 1070 1078 1129 1187 1189 1276 1298 
2 48 54 68 112 131 133 142 155 175 202 203 211 213 218 228 233 242 248 263 273 302 303 323 348 516 542 578 585 597 604 618 622 628 637 640 673 692 714 733 737 738 774 782 801 884 902 903 928 963 967 972 975 989 1070 1074 1078 1083 1088 1092 1129 1130 1139 1149 1154 1174 1187 1189 1202 1222 1229 1234 1269 1276 1298 
26 49 101 113 144 153 168 176 181 215 222 237 238 240 245 272 291 309 320 367 389 408 438 444 446 455 490 493 499 512 521 541 557 570 575 579 584 676 680 719 727 729 742 748 749 779 781 792 794 803 805 808 809 812 826 838 841 886 888 905 938 945 960 989 999 1014 1049 1051 1054 1114 1136 1141 1162 1200 1208 1212 1213 1225 1257 1258 1260 1282 1293 
85 87 97 100 129 137 174 205 206 209 241 242 267 278 303 304 317 393 414 492 509 518 547 574 578 587 632 654 656 766 777 821 824 836 837 842 854 879 901 933 937 939 946 974 978 990 996 1053 1071 1087 1123 1151 1173 1195 1197 1239 1243 1285 1296 
117 140 141 171 198 204 223 307 352 401 478 527 593 641 663 693 706 709 712 716 739 741 743 750 758 799 819 829 864 872 875 877 919 971 976 988 1002 1029 1033 1044 1046 1060 1131 1137 1158 1161 1181 1201 1219 
13 78 160 170 213 223 283 287 292 338 355 374 376 379 397 502 503 531 564 708 723 787 795 814 917 919 923 970 1073 1076 1203 1249 1255 
80 130 162 168 181 215 244 271 272 309 330 395 438 499 541 557 579 588 602 659 676 712 727 729 742 749 779 781 803 805 854 888 906 969 989 997 999 1049 1051 1054 1097 1136 1141 1166 1188 1208 1232 1257 1293 1300 
83 98 223 247 251 256 260 323 466 497 502 532 534 584 638 642 725 785 818 927 952 975 1027 1146 1152 1178 1182 1193 1243 1282 1292 
76 105 149 171 173 219 259 269 275 294 317 326 340 367 375 384 420 436 476 554 555 594 598 599 621 647 654 684 689 715 759 764 793 794 806 864 938 951 1009 1046 1061 1075 1189 1212 1235 
13 16 17 30 34 106 111 112 122 150 151 161 164 170 179 180 185 188 221 223 235 239 272 283 286 292 296 313 314 318 328 336 338 353 361 368 372 377 380 387 397 400 411 437 442 447 452 457 459 467 488 505 511 517 530 550 560 563 564 572 582 587 589 592 603 607 617 629 633 649 654 661 680 687 694 697 701 702 711 717 720 721 724 728 730 735 737 754 755 757 760 762 764 771 780 784 788 794 795 796 807 814 819 820 839 846 867 869 873 876 878 896 906 908 911 912 915 917 923 936 941 956 962 967 968 982 990 995 1000 1006 1008 1011 1021 1028 1042 1045 1046 1047 1058 1072 1073 1076 1089 1091 1095 1101 1112 1133 1138 1150 1169 1173 1174 1179 1181 1184 1188 1204 1205 1214 1219 1221 1233 1239 1246 1248 1249 1250 1253 1255 1259 1265 1277 1282 1283 1285 1287 1292 1298 
29 50 52 75 80 201 254 319 341 359 361 388 393 400 413 421 464 484 486 569 588 634 648 659 686 712 730 762 786 794 811 854 913 944 969 986 993 997 1016 1018 1037 1170 1196 1232 1238 1253 1291 1300 
7 108 111 119 132 145 174 183 235 255 257 278 304 317 343 361 409 437 441 448 452 474 482 603 717 765 770 788 830 935 943 978 1034 1038 1042 1053 1076 1089 1091 1100 1109 1138 1169 1173 1184 1197 1204 1208 1210 1214 1219 1239 1253 1277 1285 
15 31 54 59 62 72 107 120 135 195 222 256 285 301 356 370 441 467 487 493 556 565 571 599 610 651 670 675 679 690 725 747 765 767 772 806 810 858 878 900 936 1020 1026 1027 1034 1048 1060 1074 1081 1082 1113 1128 1136 1137 1146 1148 1152 1154 1156 1210 1219 1227 1234 1251 1261 1279 
26 49 87 97 100 101 113 153 167 176 206 209 222 237 240 241 245 265 267 291 298 304 317 393 408 434 446 455 464 490 493 509 512 531 547 570 574 575 584 587 589 620 632 654 656 665 680 766 777 794 800 803 808 821 827 836 838 841 842 854 880 886 901 916 933 939 946 960 978 1087 1114 1117 1143 1162 1173 1177 1195 1197 1213 1225 1239 1258 1282 1296 
106 164 221 243 270 296 314 328 335 336 447 499 511 572 617 633 697 720 721 730 757 768 786 839 876 908 911 918 995 1011 1021 1045 1046 1066 1072 1082 1167 1173 1182 1205 1221 
6 36 53 55 64 91 125 133 139 146 155 159 175 179 191 207 211 239 242 266 290 295 302 303 316 324 330 365 383 399 415 419 459 485 498 501 506 509 511 529 573 578 580 596 604 607 669 673 691 692 700 705 710 713 722 731 791 797 802 839 864 884 892 903 915 922 951 953 958 965 992 1003 1005 1024 1026 1027 1030 1053 1059 1065 1077 1079 1088 1089 1098 1101 1121 1125 1130 1139 1151 1165 1169 1174 1229 1248 1258 1262 1280 1284 1295 
12 87 97 100 115 174 209 241 246 267 270 274 304 317 390 391 414 425 469 509 524 531 547 561 574 587 589 595 632 651 656 665 766 777 780 821 836 900 901 933 939 946 974 978 990 1020 1071 1077 1087 1089 1100 1128 1148 1173 1195 1197 1225 1239 1296 
39 45 85 137 146 155 159 191 203 212 213 242 267 330 365 390 399 420 460 484 501 506 507 509 524 561 578 595 596 604 628 662 672 679 696 791 802 821 837 871 879 901 915 922 936 955 974 991 1026 1053 1059 1079 1125 1130 1141 1147 1151 1153 1154 1171 1209 1280 
44 116 143 157 192 193 197 239 277 284 299 354 432 440 453 543 583 603 622 623 653 674 687 699 711 746 761 822 827 957 1022 1035 1064 1072 1092 1093 1103 1132 1222 1288 
92 147 201 229 310 345 351 404 416 448 464 480 492 600 602 603 639 657 671 702 756 860 959 1001 1005 1018 1037 1041 1096 1101 1116 1170 1185 1266 1290 
67 76 87 105 130 259 268 269 276 294 317 326 367 378 384 409 424 436 470 484 488 491 495 501 504 509 554 594 603 608 667 672 685 715 732 738 764 773 776 793 794 798 801 806 807 816 824 830 854 871 882 887 889 901 909 914 938 951 955 991 994 1009 1010 1061 1071 1075 1135 1140 1147 1153 1197 1209 1212 
31 57 74 81 152 217 225 280 293 325 383 410 427 431 479 487 533 535 551 556 581 585 586 611 615 625 630 636 640 654 698 700 718 723 752 775 778 815 819 823 824 844 850 852 855 890 898 907 940 950 973 981 995 1031 1033 1098 1102 1125 1134 1156 1167 1192 1207 1215 1216 1230 1254 1272 1283 1287 1291 
29 50 52 63 75 80 81 162 186 196 208 254 318 319 341 343 388 393 400 407 413 421 444 464 513 543 573 588 648 659 667 693 712 728 730 747 762 811 850 854 875 912 913 920 925 934 942 943 986 993 997 1011 1016 1018 1019 1023 1029 1057 1081 1108 1196 1228 1232 1237 1238 1270 1282 1291 1297 1299 1300 
22 41 56 79 84 117 132 136 138 140 141 151 154 171 194 204 217 232 235 262 308 338 360 383 412 418 426 455 459 478 496 523 527 543 582 583 593 641 643 663 664 687 693 702 706 712 716 724 736 740 741 799 800 829 861 862 869 872 901 904 910 919 924 927 939 956 971 976 984 987 988 1002 1012 1017 1027 1030 1033 1044 1060 1063 1075 1081 1090 1107 1115 1118 1119 1131 1137 1155 1160 1161 1166 1168 1176 1181 1183 1194 1199 1201 1206 1220 1239 1245 1246 1263 
63 104 121 122 128 156 167 188 208 226 233 265 289 332 334 362 363 400 406 433 434 439 440 463 465 476 536 538 559 567 568 602 649 661 693 771 800 802 833 856 865 881 889 892 894 906 931 932 1029 1086 1095 1101 1103 1117 1166 1177 1186 1198 1214 1223 1224 1236 1267 
150 173 249 253 289 318 332 457 508 520 530 560 589 629 693 728 762 819 839 846 873 881 912 942 943 962 967 1000 1091 1150 1177 1182 1250 1277 
24 135 149 173 177 182 219 224 271 275 281 295 330 340 375 395 420 541 555 557 577 579 598 599 621 647 654 684 689 719 727 729 747 759 779 804 805 864 1035 1046 1048 1049 1054 1061 1082 1136 1189 1208 1235 1257 1293 
17 30 34 64 91 106 151 161 221 242 243 256 270 271 286 287 290 295 296 313 314 330 334 338 368 391 415 419 467 485 498 511 529 541 572 573 580 607 633 654 661 669 673 691 692 697 700 701 705 710 715 717 722 730 755 780 797 820 825 839 869 876 878 892 896 906 908 911 924 958 977 992 1003 1005 1011 1021 1024 1027 1045 1046 1059 1062 1064 1088 1125 1149 1165 1188 1205 1229 1246 1248 1259 1262 1264 1282 1292 1295 
106 107 164 221 243 270 296 314 328 335 336 447 494 511 572 617 633 648 697 720 721 730 757 768 786 839 842 876 895 908 918 995 1011 1021 1032 1045 1046 1066 1072 1082 1167 1173 1182 1196 1205 1221 1224 1274 1298 1300 
120 121 142 146 184 198 220 240 282 291 298 306 316 323 352 359 366 394 401 408 422 444 452 484 486 512 519 552 570 584 589 634 639 644 658 680 687 704 709 745 748 774 783 792 848 854 857 862 882 886 894 902 916 928 935 948 951 969 985 1014 1020 1038 1070 1074 1129 1154 1162 1191 1208 1252 1269 1277 1282 
74 117 140 141 152 176 204 217 225 234 305 307 316 410 427 467 478 479 481 508 533 535 550 561 581 586 593 614 619 641 662 663 675 687 706 709 716 723 741 765 775 776 778 799 810 815 819 829 846 852 855 864 872 877 898 904 919 930 940 971 976 981 988 995 1002 1031 1033 1044 1046 1055 1060 1085 1098 1120 1125 1131 1137 1161 1162 1167 1181 1194 1201 1207 1215 1230 1239 1272 1291 
3 14 15 18 33 58 94 112 117 125 134 150 173 179 189 207 249 253 289 295 329 364 382 386 398 407 417 423 426 431 449 450 454 457 473 481 483 484 495 507 508 520 530 538 551 565 568 576 592 605 620 629 630 631 640 652 662 672 681 682 711 714 719 728 731 733 737 738 753 758 762 763 804 819 825 835 846 849 862 864 867 871 873 880 885 907 912 914 918 936 953 955 956 958 962 967 983 984 1000 1008 1015 1028 1050 1055 1058 1077 1080 1083 1084 1085 1091 1104 1106 1120 1127 1133 1135 1147 1150 1153 1154 1159 1164 1167 1171 1177 1180 1182 1191 1209 1214 1228 1231 1250 1277 1285 1286 1287 
4 16 30 56 74 92 154 155 166 170 179 194 217 283 292 308 368 376 400 412 427 454 459 463 479 496 505 523 533 535 543 561 566 581 582 607 612 643 657 664 723 724 736 740 775 778 780 795 814 815 819 852 855 861 862 867 869 877 887 888 898 901 904 910 917 919 923 924 927 940 959 965 981 984 987 1017 1031 1063 1075 1076 1090 1096 1098 1118 1119 1125 1155 1160 1176 1183 1194 1199 1206 1207 1215 1230 1245 1246 1255 1263 1272 1286 1291 
94 113 216 227 313 366 396 398 450 551 565 591 620 652 682 737 738 752 756 806 823 833 835 849 862 864 880 902 918 1015 1050 1070 1077 1084 1143 1164 1173 1180 1191 1285 
31 57 81 94 103 129 139 216 225 227 236 279 293 325 396 398 431 450 487 504 518 545 551 556 565 586 591 611 615 620 625 630 636 652 654 682 698 700 718 730 736 737 738 752 756 778 789 806 823 824 833 835 844 849 852 862 864 880 890 902 907 918 950 981 1001 1015 1050 1070 1077 1084 1098 1123 1143 1156 1164 1173 1180 1191 1216 1225 1254 1285 1295 
63 88 138 187 208 220 243 268 307 371 394 409 458 465 477 494 549 599 623 626 630 639 644 656 668 672 679 721 743 750 751 760 792 828 833 856 860 863 875 921 934 944 947 948 955 985 1015 1019 1029 1036 1040 1065 1067 1094 1121 1168 1173 1190 1271 1273 1282 1289 
53 66 76 92 136 147 180 201 252 272 289 302 303 310 332 345 360 372 383 418 456 480 489 599 600 602 607 640 657 671 686 693 700 702 711 739 756 784 807 817 860 876 881 895 899 915 959 1001 1005 1006 1007 1025 1030 1037 1040 1041 1045 1047 1053 1068 1094 1096 1101 1112 1127 1134 1143 1144 1150 1170 1182 1185 1241 1251 1265 1283 1284 1286 1290 1297 
63 77 130 165 168 178 181 213 215 297 309 330 395 438 444 499 510 541 557 579 676 681 727 729 742 749 779 781 803 805 836 888 906 969 999 1049 1051 1054 1097 1136 1208 1257 1293 
8 49 99 113 153 167 222 237 240 245 291 312 342 372 408 442 445 446 455 468 490 506 512 544 570 575 584 593 606 641 685 696 739 803 836 838 866 886 899 960 961 1097 1099 1110 1112 1158 1161 1162 1177 1181 1225 1240 1243 1256 1258 1283 
8 42 96 99 143 153 173 185 198 210 231 236 304 312 322 342 353 377 387 392 407 411 442 445 448 461 468 520 544 551 553 587 632 641 685 703 737 739 745 784 786 803 836 866 899 915 949 961 1004 1036 1068 1073 1097 1099 1100 1110 1112 1153 1158 1163 1173 1175 1179 1233 1243 1256 1283 1285 1297 
38 51 95 114 185 272 311 331 353 377 380 387 396 488 517 522 563 592 606 694 735 738 739 754 770 867 869 899 917 923 941 957 968 990 995 1042 1058 1073 1076 1105 1112 1233 1275 1277 1285 
11 50 59 62 64 72 91 107 120 135 153 188 195 207 229 254 256 266 285 287 290 312 333 335 356 399 415 416 419 430 441 445 467 477 481 483 485 492 493 507 529 538 553 565 580 590 599 611 631 662 669 673 675 679 690 691 692 698 710 713 727 740 753 765 772 810 825 829 839 856 858 868 885 903 906 936 958 975 982 1003 1005 1018 1022 1024 1026 1027 1030 1034 1055 1065 1071 1081 1082 1085 1088 1092 1104 1106 1116 1120 1135 1136 1137 1147 1152 1154 1176 1182 1208 1210 1213 1219 1228 1237 1251 1262 1266 1277 1284 1294 1295 
32 64 91 164 188 256 266 271 287 290 333 419 481 483 485 492 498 503 511 529 572 573 580 617 669 673 691 692 710 713 722 730 753 757 825 839 876 903 958 977 1003 1005 1021 1024 1026 1046 1055 1065 1085 1101 1104 1106 1120 1135 1137 1154 1167 1169 1176 1213 1221 1228 1262 1295 
10 82 144 238 261 320 389 394 519 521 609 610 680 688 714 748 792 808 809 811 812 825 826 851 905 935 945 954 1009 1014 1020 1051 1101 1135 1179 1200 1220 1260 
42 58 73 86 92 111 121 147 188 206 216 229 235 236 255 298 304 310 331 345 351 361 404 409 437 441 448 452 472 474 480 482 492 536 569 589 600 627 657 671 678 680 699 700 702 717 726 756 768 787 788 794 796 831 833 843 896 923 943 957 959 979 986 990 996 998 1001 1013 1018 1037 1041 1042 1053 1089 1091 1096 1100 1101 1109 1138 1153 1169 1170 1173 1184 1185 1198 1204 1208 1214 1218 1219 1226 1230 1239 1251 1253 1277 1281 1286 1290 
4 92 111 147 188 196 201 229 254 272 310 345 361 404 421 437 448 464 480 492 496 513 543 594 600 602 603 612 657 667 671 702 749 756 788 850 920 943 959 986 1001 1017 1018 1023 1037 1041 1042 1057 1068 1089 1096 1100 1101 1108 1135 1138 1169 1170 1185 1204 1228 1230 1246 1251 1270 1286 1290 1299 
66 76 96 143 180 198 210 231 252 289 322 332 372 392 411 448 456 461 544 551 553 590 599 615 625 632 640 657 662 703 711 716 753 760 784 786 807 817 860 866 875 881 890 895 915 949 950 961 983 1004 1006 1007 1025 1036 1047 1055 1068 1085 1099 1110 1134 1143 1144 1158 1163 1175 1241 1251 1254 1265 1283 1284 1286 1294 1297 
33 35 37 42 83 85 98 125 138 178 185 200 208 247 251 256 264 268 276 296 300 327 347 351 353 364 377 378 381 387 424 428 465 466 470 474 475 484 489 491 495 497 500 502 507 515 532 534 538 549 584 587 608 635 638 640 645 650 660 662 668 672 686 695 707 725 732 734 737 743 745 750 753 773 785 790 793 798 801 803 818 830 839 840 847 858 870 871 874 887 889 909 914 915 926 927 936 937 940 948 951 952 955 977 983 991 994 996 1025 1029 1039 1040 1062 1067 1071 1073 1085 1094 1105 1106 1109 1112 1122 1126 1140 1146 1147 1152 1153 1163 1171 1178 1182 1193 1202 1209 1213 1217 1233 1240 1243 1277 1287 
72 97 135 195 222 229 242 285 304 312 356 399 416 430 467 526 604 611 654 675 679 690 772 791 810 829 856 858 868 878 906 947 1001 1026 1071 1081 1082 1092 1116 1137 1195 1210 1259 1266 1284 1294 
18 163 229 239 332 334 376 403 456 536 540 548 666 715 732 757 767 796 832 859 878 924 973 994 1013 1038 1064 1069 1130 1145 1186 1190 1226 1244 1247 1275 1278 
65 93 104 121 122 128 153 156 206 222 233 237 321 344 362 363 366 369 406 431 433 439 440 451 462 476 525 528 559 560 566 567 582 606 612 649 661 669 771 833 861 889 891 894 913 925 932 951 965 966 967 980 1056 1086 1093 1095 1125 1130 1132 1139 1178 1186 1198 1214 1223 1242 1258 1264 1267 1271 1273 
5 10 21 59 85 97 151 158 167 181 185 226 240 246 265 318 353 377 387 400 402 404 426 434 446 464 527 537 568 583 602 609 696 737 800 808 856 865 868 906 931 934 949 1010 1012 1019 1022 1067 1068 1077 1096 1117 1135 1150 1166 1177 1195 1206 1211 1213 1224 1236 1267 
25 36 42 58 73 102 118 124 179 191 206 300 330 349 373 395 403 407 443 456 507 537 539 546 558 579 601 631 662 698 716 726 744 768 770 787 796 805 851 853 877 885 918 922 929 979 982 994 998 1022 1026 1038 1085 1104 1106 1114 1120 1131 1132 1141 1188 1201 1213 1218 1280 
143 192 239 277 284 354 426 432 453 543 559 603 623 653 674 704 711 746 761 822 999 1022 1035 1064 1092 1222 1247 1288 
58 152 217 350 427 429 471 479 533 535 538 581 585 655 687 769 775 778 827 841 850 855 877 885 898 964 973 981 1031 1052 1072 1086 1098 1102 1103 1142 1150 1157 1167 1192 1207 1215 1272 1291 
62 152 176 179 230 234 300 305 307 349 403 404 407 443 456 508 537 550 558 601 614 619 631 747 776 796 846 851 853 929 930 944 994 1091 1114 1162 1184 
14 15 18 31 57 77 81 112 134 179 189 207 218 280 293 295 325 329 382 386 407 417 423 426 431 449 454 473 484 487 551 553 556 565 568 576 586 592 605 615 620 625 630 636 681 700 714 718 731 733 752 758 763 804 823 824 844 862 890 907 914 936 950 953 956 1008 1028 1035 1058 1080 1083 1084 1099 1123 1127 1133 1156 1159 1166 1167 1216 1225 1231 1254 1285 1286 1287 
36 121 146 186 187 196 198 220 282 298 299 306 316 343 352 359 401 407 422 444 486 513 573 634 639 658 667 687 709 723 850 854 859 916 920 928 935 951 985 1023 1038 1057 1070 1074 1108 1129 1208 1222 1237 1269 1270 1277 1299 
29 50 75 80 81 93 116 153 162 166 201 250 254 312 319 321 333 341 344 357 366 369 388 393 400 413 421 431 440 445 451 462 463 464 477 481 494 525 528 560 562 566 569 582 588 606 612 634 648 659 712 730 747 753 786 811 825 854 891 913 925 965 966 967 969 980 986 993 997 1016 1055 1056 1081 1085 1093 1104 1106 1111 1120 1125 1130 1132 1154 1196 1228 1232 1237 1238 1242 1264 1268 1273 1297 1300 
8 23 40 43 63 96 98 109 151 172 186 187 190 196 198 210 213 231 249 270 299 300 301 318 322 343 347 351 364 370 385 392 402 406 407 411 435 444 461 491 513 515 543 544 553 571 573 590 594 610 637 651 667 670 693 703 727 728 743 749 767 790 793 806 840 845 850 866 883 889 899 900 910 912 920 926 942 943 948 949 959 961 962 977 1004 1011 1020 1023 1027 1029 1036 1039 1042 1047 1048 1057 1062 1085 1088 1099 1105 1108 1109 1110 1113 1120 1122 1128 1148 1149 1158 1162 1163 1175 1186 1202 1208 1213 1220 1222 1227 1237 1240 1256 1261 1270 1275 1279 1286 1294 1299 
85 103 129 139 236 279 307 325 405 459 491 504 518 545 608 677 700 730 763 773 789 801 816 833 849 918 1123 1140 1161 1164 1212 
3 36 39 45 55 67 76 133 136 139 155 158 159 171 175 191 206 207 211 212 239 242 246 259 269 290 294 295 303 316 324 326 351 365 367 379 383 384 399 402 415 418 422 432 460 476 491 501 506 509 515 527 539 554 569 573 578 583 594 596 603 607 631 673 683 696 702 705 713 715 722 738 740 764 776 790 791 797 802 806 825 837 840 861 865 879 884 885 901 922 926 938 958 959 977 991 992 995 1009 1010 1022 1024 1026 1030 1039 1053 1059 1062 1064 1068 1075 1078 1079 1081 1088 1105 1107 1130 1133 1135 1139 1141 1149 1151 1161 1165 1174 1202 1206 1211 1212 1229 1240 1242 1248 1262 1264 1280 1294 
14 59 76 85 103 129 134 138 139 158 166 181 207 226 236 244 265 279 309 318 382 405 417 426 428 434 438 459 484 489 491 499 504 518 545 551 568 579 583 602 605 609 640 645 660 676 677 686 707 724 727 731 779 789 800 801 803 805 816 856 858 871 888 931 953 983 999 1006 1012 1025 1047 1049 1060 1076 1077 1096 1117 1123 1135 1136 1141 1143 1166 1167 1177 1184 1188 1224 1236 1257 1265 1267 1293 
40 98 109 130 181 213 222 251 270 300 301 312 370 395 399 416 430 435 438 444 526 557 571 579 595 602 610 611 651 670 672 727 729 742 743 749 767 779 781 806 836 856 868 883 888 900 906 931 947 949 974 999 1020 1047 1048 1049 1054 1071 1092 1113 1116 1117 1128 1136 1148 1166 1208 1220 1227 1236 1257 1261 1266 1275 1279 1284 1293 1294 
13 16 17 34 76 116 120 138 157 170 184 193 197 206 212 220 223 230 283 292 299 306 308 338 349 352 368 379 397 401 428 444 486 489 505 527 539 552 564 583 607 609 634 639 643 644 645 660 686 687 704 707 723 724 745 764 783 795 812 814 848 857 858 861 862 865 867 869 882 902 903 904 908 915 916 917 919 923 928 954 969 982 983 985 990 1010 1025 1060 1068 1072 1075 1076 1095 1103 1107 1133 1157 1184 1188 1191 1203 1211 1249 1251 1252 1255 1259 1265 1269 
88 96 173 198 210 231 246 268 270 291 302 322 371 392 411 446 458 461 465 477 544 549 551 568 570 599 627 644 656 668 703 739 743 750 792 833 856 860 866 875 934 948 961 1004 1015 1029 1036 1040 1065 1067 1094 1099 1107 1110 1158 1163 1168 1170 1175 1282 
27 32 35 50 54 56 61 126 130 155 194 221 223 232 235 250 260 274 296 316 335 336 339 357 376 400 413 447 454 457 463 494 496 543 552 562 569 572 616 623 626 642 643 646 664 678 697 720 721 730 736 740 751 757 811 842 861 863 869 876 897 904 910 919 927 940 952 984 987 993 1017 1028 1032 1045 1046 1066 1072 1075 1111 1118 1119 1172 1183 1190 1205 1221 1224 1232 1243 1245 1246 1268 1274 1280 1289 1300 
63 138 158 171 206 212 246 268 302 371 379 399 409 458 465 527 539 549 568 569 573 583 599 631 644 656 668 673 679 683 710 715 743 750 833 856 860 861 865 875 885 909 934 948 955 1010 1019 1029 1040 1065 1067 1068 1075 1094 1105 1107 1168 1173 1176 1211 1242 1282 
