1 34 46 70 137 205 258 346 698 1203 1275 
1 23 43 63 151 172 190 213 300 347 351 385 402 406 491 515 637 790 793 840 845 889 899 910 926 942 977 1027 1039 1062 1105 1109 1122 1149 1202 1213 1240 
1 36 146 179 198 220 282 298 306 316 352 359 401 422 444 484 486 589 634 639 644 658 680 687 709 723 854 862 916 928 935 951 969 985 1038 1070 1208 1269 
2 54 88 142 203 213 218 273 323 542 622 628 714 774 902 903 928 967 1074 1092 1154 1234 1298 
3 146 158 171 206 212 246 379 399 527 539 569 573 583 631 683 861 865 885 1010 1022 1068 1075 1105 1107 1211 
3 82 118 144 238 261 320 389 519 521 609 680 688 714 748 792 808 809 811 812 826 905 935 945 954 1014 1051 1101 1179 1200 1220 1260 
3 14 58 189 386 423 449 473 576 630 711 936 956 1008 1028 1133 1287 
4 56 172 194 235 308 376 400 463 496 543 612 643 664 736 740 861 867 869 904 910 919 927 940 984 987 1017 1075 1118 1119 1183 1245 1246 
4 276 378 409 424 470 491 608 732 773 798 801 830 887 889 909 914 951 994 1071 1140 
4 63 111 188 235 255 361 409 437 441 448 452 482 569 589 702 717 787 788 794 943 1042 1053 1089 1100 1101 1109 1138 1169 1173 1184 1204 1208 1214 1219 1239 1253 1277 
5 10 21 151 404 808 949 1150 
6 36 53 55 125 133 175 201 211 239 242 295 302 303 316 324 383 415 459 607 673 700 705 722 791 797 825 884 892 992 1030 1053 1059 1088 1130 1139 1165 1174 1229 1248 
7 108 119 132 145 183 257 770 935 1038 
8 99 312 342 442 445 468 685 836 899 1097 1112 1243 1256 
9 20 47 69 89 110 123 169 590 627 
11 312 333 477 481 483 507 538 590 631 662 753 825 982 1022 1055 1085 1104 1106 1120 1135 1137 1182 1213 1228 1237 1277 
12 115 267 274 390 391 414 425 469 524 561 595 974 
13 16 62 170 223 235 283 292 338 349 397 505 564 723 724 795 814 867 869 915 917 919 923 982 990 1072 1076 1203 1249 1255 
14 15 18 295 329 431 454 565 681 714 758 763 804 914 1080 1083 1084 1127 1159 1231 1286 
14 76 138 166 428 489 609 645 660 686 707 724 858 983 1025 1060 1184 
15 31 59 62 72 107 120 135 195 232 256 285 287 335 356 441 467 493 565 656 675 679 690 698 765 772 810 858 936 1026 1027 1034 1060 1081 1082 1136 1137 1210 1219 1251 
15 27 32 35 54 61 126 223 250 260 335 339 357 494 562 616 642 646 811 842 897 952 1032 1066 1111 1172 1224 1243 1268 1274 
17 30 34 151 161 270 286 313 338 368 511 541 654 661 701 755 780 820 869 892 896 906 908 911 1188 1259 1292 
19 42 58 73 86 206 216 278 331 472 627 678 699 726 768 831 843 885 957 979 998 1190 1218 1281 
22 41 84 138 154 262 412 459 523 724 862 901 924 1063 1090 1115 1155 1160 1168 1176 1194 1199 1206 1220 1263 
22 96 143 173 198 210 231 232 270 322 392 407 411 448 454 461 544 551 553 590 627 703 739 786 860 866 899 949 961 1004 1036 1099 1110 1158 1163 1175 1256 1286 1294 
22 79 136 232 338 360 383 418 687 702 939 1027 1081 
24 177 182 224 271 281 295 420 541 577 719 747 1136 1189 
25 36 95 102 118 124 179 300 349 373 403 407 443 456 537 546 558 601 631 698 744 770 787 796 846 851 853 877 929 982 994 1114 1132 
26 49 59 101 113 153 166 167 176 222 237 240 245 291 408 446 455 490 493 512 570 575 584 680 794 803 808 838 886 960 1162 1177 1225 1258 1282 
28 214 288 315 358 514 612 665 801 885 928 1237 1256 
29 50 52 75 80 162 201 254 319 341 388 393 400 413 421 464 569 588 648 659 712 730 786 811 854 913 944 969 986 993 997 1016 1018 1081 1196 1232 1238 1300 
31 57 81 225 280 293 325 431 487 551 556 586 611 615 625 630 636 700 718 752 823 824 844 890 907 950 1156 1216 1254 
31 65 93 95 166 206 216 321 344 366 369 431 440 451 462 477 525 528 560 566 582 606 612 891 925 965 966 967 980 1056 1093 1125 1130 1132 1214 1242 1264 
33 85 125 364 484 495 502 507 538 640 672 737 871 914 936 955 1147 1153 1171 1209 
34 60 98 127 152 158 176 187 208 230 243 394 526 626 630 721 722 751 760 828 863 921 944 947 1105 1121 1190 1271 1273 1284 1289 1298 
37 42 54 178 200 264 327 381 474 475 500 587 635 650 695 734 839 847 870 874 937 940 996 1109 1126 1193 1217 1243 
38 51 95 112 114 162 272 311 380 488 517 522 563 592 694 735 754 770 867 941 957 968 990 995 1058 1073 1233 1275 1277 1285 
39 45 146 155 159 191 330 351 365 399 420 460 501 506 507 509 578 596 696 802 837 879 901 915 922 974 991 1026 1053 1079 1125 1130 1141 1151 1280 1294 
40 98 109 118 120 172 222 251 300 301 370 376 435 571 610 651 670 767 806 883 900 949 974 1020 1048 1113 1128 1148 1220 1227 1261 1275 1279 
42 185 353 377 387 587 737 803 915 1073 1112 1233 
44 116 143 157 193 197 299 687 957 1103 1132 
48 68 112 125 131 202 228 233 248 263 348 441 516 585 597 604 618 640 728 733 738 782 801 963 972 975 989 1070 1078 1129 1187 1189 1276 1298 
53 87 97 100 114 174 209 241 246 278 304 317 492 547 574 587 632 654 656 766 777 821 836 854 901 933 939 946 978 990 1071 1077 1087 1173 1195 1197 1285 1296 
53 66 76 180 252 289 332 372 383 599 640 693 711 739 784 807 817 881 895 1006 1007 1047 1112 1134 1143 1144 1241 1251 1265 1283 1284 1297 
58 350 429 471 655 769 827 841 964 1052 1072 1102 1103 1142 1150 1157 1192 
59 85 88 158 167 226 265 302 318 400 406 426 434 463 464 568 602 609 800 856 892 906 931 1012 1077 1117 1135 1166 1177 1213 1224 1236 1267 
62 152 176 230 234 305 307 404 508 550 614 619 776 846 930 944 1184 
63 88 138 188 208 246 268 302 307 371 409 436 458 465 477 549 568 599 644 656 668 673 743 750 833 856 860 875 934 948 1019 1029 1040 1065 1067 1094 1168 1173 1282 
64 91 167 177 243 256 266 287 290 330 419 485 492 498 511 529 573 580 669 673 691 692 710 713 722 825 839 903 958 1003 1005 1024 1026 1262 1295 
67 76 105 259 269 294 326 367 384 436 554 594 603 715 738 764 794 806 861 938 951 1009 1075 1135 1212 
71 77 90 165 178 199 244 251 297 337 510 858 1097 1233 
74 117 152 217 225 316 410 427 479 533 535 581 723 775 778 815 819 852 855 877 898 940 981 995 1031 1098 1125 1167 1207 1215 1230 1272 1291 
78 160 213 287 355 374 376 502 503 531 708 787 970 1073 1203 
83 98 247 251 256 466 497 502 532 534 638 725 785 818 1146 1152 1178 1182 1282 
85 103 129 139 236 279 307 405 459 491 504 518 545 677 700 730 789 816 918 1123 
92 147 201 229 310 345 404 448 464 480 492 600 602 603 657 671 702 756 860 959 1001 1018 1037 1041 1096 1101 1170 1185 1251 1286 1290 
94 117 216 227 278 396 398 450 565 591 611 620 652 682 737 738 806 833 835 849 862 864 880 902 910 918 1015 1050 1070 1077 1164 1180 1191 
104 121 122 128 156 188 208 362 363 406 433 439 463 476 538 559 567 649 661 771 833 889 894 932 1086 1095 1103 1186 1198 1214 1223 
106 112 164 221 243 270 296 314 328 335 336 447 511 572 617 633 661 697 720 721 730 757 786 839 876 918 995 1011 1021 1045 1046 1072 1167 1205 1221 
114 149 171 173 219 225 275 340 375 420 555 598 599 621 647 654 684 689 759 793 1061 1189 1235 
117 140 141 171 177 198 204 223 478 493 593 641 663 693 706 716 739 741 799 819 829 872 877 919 971 976 988 1002 1033 1044 1060 1131 1137 1161 1181 1201 1219 
120 184 230 349 436 552 644 704 745 783 848 857 882 902 903 1252 
130 168 178 181 215 309 330 351 395 438 444 499 541 557 579 602 676 727 729 732 742 749 779 781 803 805 836 888 969 999 1049 1054 1097 1136 1208 1257 1293 
134 179 207 382 417 426 454 484 551 605 731 953 1167 1285 
143 192 239 277 284 354 426 432 453 543 603 623 653 674 711 746 761 822 1018 1022 1035 1064 1092 1222 1288 
148 162 568 613 624 721 728 793 813 834 893 939 1043 1124 1168 1224 
150 173 249 253 318 457 520 530 589 629 728 762 819 846 873 912 942 943 962 967 1000 1091 1150 1177 1182 1250 
163 229 239 334 536 540 548 666 732 832 859 878 973 994 1013 1038 1069 1145 1190 1226 1244 1247 1278 
186 196 318 343 407 444 513 543 573 667 693 850 920 942 943 1023 1057 1108 1237 1270 1299 
222 229 312 399 416 430 611 856 868 906 1071 1092 1116 1266 1284 1294 
