0	1	21.3661	4	
0	4	16.1937	4	
0	8	6.2569	1	
0	11	26.0016	6	
0	12	5.33717	1	
0	13	6.64651	1	
0	14	5.99548	1	
0	17	22.7848	5	
0	18	22.4968	5	
0	19	30.7612	6	
0	23	4.55298	1	
0	24	2.1669	1	
0	26	15.8487	5	
0	27	21.9351	5	
0	28	13.9019	4	
0	30	32.884	7	
0	31	21.9781	5	
0	32	10.538	2	
1	2	13.9881	3	
1	3	20.7168	5	
1	4	7.5827	2	
1	5	25.6283	7	
1	6	8.79607	2	
1	7	23.5214	5	
1	10	37.0004	8	
1	12	53.2175	10	
1	13	21.4511	4	
1	14	35.5855	8	
1	15	41.3512	10	
1	17	3.60318	1	
1	18	49.2482	10	
1	19	24.0917	5	
1	20	28.6609	6	
1	21	4.64368	1	
1	22	26.6829	6	
1	23	33.3484	7	
1	24	6.70396	1	
1	25	24.9248	5	
1	26	20.7964	5	
1	27	10.1925	2	
1	28	28.1557	6	
1	29	18.4717	5	
1	30	35.4894	8	
1	31	43.0116	9	
1	32	57.5	11	
2	3	2.00352	1	
2	4	6.43301	1	
2	5	5.44063	1	
2	7	8.85136	2	
2	9	8.06795	2	
2	10	24.5705	5	
2	11	15.9278	3	
2	12	12.8784	3	
2	13	39.5029	9	
2	14	4.66719	1	
2	15	33.5062	7	
2	18	13.5562	3	
2	19	27.2073	7	
2	20	28.3493	5	
2	21	26.0657	5	
2	22	31.024	7	
2	23	61.061	13	
2	24	41.2499	8	
2	25	5.49759	1	
2	26	13.394	3	
2	27	56.5194	12	
2	28	21.336	5	
2	29	2.31278	1	
2	30	3.70568	1	
2	31	41.7045	8	
2	32	8.88462	2	
3	4	13.5786	3	
3	8	4.87807	1	
3	10	10.0649	2	
3	11	24.2876	5	
3	12	38.2655	8	
3	13	30.5238	6	
3	14	4.88204	1	
3	15	11.0047	3	
3	16	4.12984	1	
3	18	3.9231	1	
3	19	4.46846	1	
3	20	2.93575	1	
3	21	2.09258	1	
3	22	2.56955	1	
3	23	10.2312	2	
3	24	21.693	4	
3	25	16.0242	4	
3	27	4.90394	1	
3	28	14.6063	4	
3	29	20.8155	5	
3	30	4.37886	1	
3	31	7.48905	2	
4	5	10.6265	2	
4	7	14.9381	3	
4	8	12.8091	3	
4	9	7.44392	2	
4	10	24.0594	5	
4	12	7.56237	1	
4	15	5.3108	1	
4	17	7.43801	1	
4	18	19.2194	4	
4	19	26.2397	6	
4	20	11.2573	3	
4	22	6.09408	2	
4	23	11.9725	2	
4	24	5.08629	1	
4	25	42.8832	9	
4	26	58.7456	12	
4	27	28.3743	7	
4	28	34.7215	7	
4	29	7.45632	2	
4	30	14.7325	4	
4	31	14.6246	3	
4	32	5.80807	1	
5	6	41.9684	9	
5	7	23.4266	5	
5	8	24.4112	5	
5	9	17.9389	4	
5	10	4.68409	1	
5	11	28.4663	5	
5	12	41.3439	8	
5	13	19.0737	4	
5	15	82.0115	18	
5	16	22.2133	5	
5	17	2.53821	1	
5	18	12.2987	3	
5	19	10.5317	2	
5	20	21.8671	5	
5	21	4.36979	1	
5	22	4.10502	1	
5	23	40.6696	10	
5	24	6.01495	1	
5	25	33.9656	8	
5	27	51.5841	11	
5	28	42.3555	9	
5	29	11.1349	3	
5	30	61.695	13	
5	31	29.4366	6	
5	32	24.2371	5	
6	7	78.1203	17	
6	8	9.23347	2	
6	9	13.6803	3	
6	10	3.48988	1	
6	11	4.23025	1	
6	12	25.4122	6	
6	13	3.85859	1	
6	14	14.2905	3	
6	15	9.25986	2	
6	16	4.71738	1	
6	17	16.7691	4	
6	18	59.4652	14	
6	19	14.5699	4	
6	23	34.2657	7	
6	24	47.9964	10	
6	25	13.1731	3	
6	28	31.1145	7	
6	32	25.2096	5	
7	8	18.9644	4	
7	9	77.7518	17	
7	10	18.0606	4	
7	11	52.3777	11	
7	12	47.3488	10	
7	13	20.2335	4	
7	14	14.8048	3	
7	15	36.9849	9	
7	16	3.48232	1	
7	17	66.4974	14	
7	18	15.6311	3	
7	19	29.7885	7	
7	20	6.03676	1	
7	21	4.55912	1	
7	22	5.34889	1	
7	23	19.3359	4	
7	24	26.1772	6	
7	25	6.41591	2	
7	26	21.5797	4	
7	28	37.5684	8	
7	29	22.7666	5	
7	30	29.6323	6	
7	31	27.6391	6	
7	32	46.6116	10	
8	9	26.311	5	
8	10	2.45772	1	
8	11	34.6759	7	
8	12	24.8451	5	
8	13	10.7556	2	
8	16	30.8602	6	
8	18	68.43	14	
8	20	2.97857	1	
8	21	18.7227	4	
8	22	29.6095	6	
8	23	37.6691	8	
8	25	84.9247	17	
8	26	14.0309	3	
8	27	11.5414	2	
8	28	25.4968	5	
8	29	17.4979	4	
8	31	5.55384	1	
8	32	29.0844	6	
9	10	41.9132	9	
9	11	29.4997	6	
9	12	15.1633	4	
9	13	17.1444	4	
9	15	7.72198	2	
9	16	18.1323	4	
9	17	27.2323	6	
9	18	27.5557	5	
9	19	16.5116	4	
9	20	31.9549	7	
9	22	22.3892	5	
9	23	42.4121	10	
9	24	23.1502	5	
9	25	9.33633	2	
9	26	13.1618	3	
9	27	20.1226	4	
9	28	37.5927	8	
9	29	38.0176	7	
9	30	11.2432	2	
9	32	2.45886	1	
10	11	10.9208	2	
10	12	31.2716	6	
10	13	41.2911	9	
10	14	5.11691	1	
10	15	12.5168	3	
10	17	35.0806	7	
10	18	37.3993	8	
10	19	25.3833	5	
10	22	20.7139	5	
10	23	44.691	10	
10	24	27.8055	6	
10	25	28.0013	7	
10	26	32.0746	7	
10	27	18.289	4	
10	28	5.2134	1	
10	30	12.8536	3	
10	31	5.40004	1	
10	32	46.7531	9	
11	12	9.46609	2	
11	13	12.0888	3	
11	14	23.7631	5	
11	16	27.0681	6	
11	17	83.5215	17	
11	18	30.2877	6	
11	19	43.3038	9	
11	20	20.2897	4	
11	21	15.8681	4	
11	22	24.1744	5	
11	23	33.9721	7	
11	24	61.7168	13	
11	25	13.6288	3	
11	26	15.7498	3	
11	27	11.6361	2	
11	28	4.35638	1	
11	29	4.92669	1	
11	30	4.75179	1	
11	31	12.125	3	
11	32	107.44	21	
12	13	62.3351	12	
12	15	6.87284	2	
12	16	5.66288	1	
12	17	9.67151	2	
12	18	48.3061	11	
12	19	30.0312	6	
12	20	52.317	10	
12	23	30.3186	7	
12	24	26.5549	6	
12	25	16.6626	4	
12	26	13.1303	3	
12	27	8.19312	2	
12	28	4.55709	1	
12	29	7.11733	1	
12	30	28.7083	7	
12	31	42.5298	9	
12	32	56.7876	11	
13	14	24.4605	5	
13	15	48.7687	10	
13	17	55.1629	12	
13	18	11.2849	2	
13	19	36.5796	8	
13	20	5.21583	1	
13	21	2.85259	1	
13	22	26.7006	6	
13	23	7.33469	1	
13	24	66.186	14	
13	25	43.1715	9	
13	26	6.01274	1	
13	27	38.9435	9	
13	28	3.04422	1	
13	30	27.2235	5	
13	31	32.1587	7	
13	32	78.7187	16	
14	15	49.4045	12	
14	16	3.80973	1	
14	17	25.5242	5	
14	18	7.2237	2	
14	19	11.4722	2	
14	23	28.46	6	
14	24	21.8521	5	
14	27	10.0238	2	
14	28	9.19511	2	
14	31	2.58793	1	
14	32	27.0111	7	
15	17	7.95049	2	
15	19	25.2761	6	
15	20	7.60077	1	
15	21	23.8761	5	
15	22	32.2285	7	
15	23	23.9361	5	
15	24	24.8346	6	
15	25	25.6747	6	
15	26	13.3463	4	
15	27	26.5165	5	
15	28	14.7698	3	
15	29	16.4802	4	
15	30	46.7904	9	
15	31	44.0332	9	
15	32	4.68272	1	
16	17	54.618	12	
16	18	40.0369	9	
16	19	17.0238	4	
16	20	17.401	4	
16	22	4.56195	1	
16	25	4.09594	1	
16	27	4.23757	1	
16	28	24.1358	5	
16	29	6.92397	1	
16	30	28.403	6	
16	32	3.83416	1	
17	18	103.442	22	
17	19	10.8496	3	
17	20	2.61923	1	
17	22	10.3887	2	
17	23	33.5595	7	
17	24	80.8443	17	
17	25	4.05044	1	
17	28	9.38914	2	
17	29	2.95027	1	
17	30	35.9796	7	
17	31	29.1833	6	
17	32	44.9169	9	
18	19	56.6161	12	
18	20	25.6831	5	
18	22	7.95703	2	
18	23	33.7604	8	
18	24	59.6428	12	
18	25	102.429	22	
18	26	6.81619	2	
18	27	10.4327	2	
18	28	67.9077	15	
18	29	15.8125	4	
18	30	27.5669	6	
18	31	20.111	4	
18	32	16.1211	3	
19	20	30.3745	7	
19	21	3.79232	1	
19	22	18.8742	4	
19	23	13.6807	3	
19	24	31.1314	6	
19	25	36.2736	8	
19	26	26.0242	6	
19	27	21.0365	5	
19	28	9.27237	2	
19	29	10.7311	2	
19	30	20.1353	5	
19	31	10.0737	2	
19	32	31.3281	7	
20	21	6.81354	1	
20	22	5.54288	1	
20	23	11.6851	3	
20	24	23.23	5	
20	25	5.28871	1	
20	26	24.8887	6	
20	27	7.49608	2	
20	28	24.6331	5	
20	30	7.1331	2	
20	31	24.918	5	
20	32	24.7667	5	
21	22	3.09464	1	
21	23	55.8189	13	
21	24	34.1073	7	
21	25	28.6684	6	
21	27	3.6393	1	
21	28	3.552	1	
21	30	37.8619	8	
21	31	33.9441	8	
21	32	17.9035	4	
22	23	31.527	7	
22	24	4.42057	1	
22	25	44.2149	9	
22	26	8.91177	3	
22	27	37.4444	7	
22	28	48.1752	10	
22	29	47.4745	9	
22	30	31.4984	7	
22	31	35.9359	7	
22	32	8.74768	1	
23	24	58.0515	12	
23	26	11.4437	2	
23	27	67.1124	14	
23	28	24.0482	6	
23	30	6.74634	1	
23	31	42.3316	10	
23	32	25.4565	5	
24	25	125.087	27	
24	26	29.4154	7	
24	27	26.6031	6	
24	28	36.4057	8	
24	29	4.89654	1	
24	30	27.0662	7	
24	31	45.5421	10	
24	32	57.8774	12	
25	26	18.9213	5	
25	27	52.3614	12	
25	28	72.4252	17	
25	29	32.978	7	
25	30	21.3261	5	
25	31	27.4875	6	
25	32	42.4953	9	
26	27	20.8281	5	
26	28	49.5298	10	
26	29	7.08393	1	
26	30	69.2422	15	
26	31	44.4126	10	
26	32	33.2909	7	
27	28	60.3457	14	
27	29	9.70208	2	
27	30	50.776	10	
27	31	60.3168	13	
27	32	22.7965	5	
28	29	2.57244	1	
28	30	42.9853	8	
28	31	11.8414	2	
28	32	55.4875	11	
29	30	16.3087	3	
29	31	56.2831	12	
29	32	6.8078	2	
30	31	54.058	12	
30	32	73.6544	15	
31	32	17.9207	4	
