#module 0 size: 26 bs: 0.00168702
12 44 65 87 107 115 118 129 139 174 176 219 283 302 333 355 367 384 491 505 509 540 554 567 691 695 
#module 1 size: 47 bs: 0.000140023
29 41 76 80 101 102 104 111 116 140 143 144 159 171 195 196 204 218 239 246 258 279 307 310 325 335 339 342 366 400 407 412 431 439 467 524 537 543 548 556 558 567 568 582 611 638 664 
#module 2 size: 77 bs: 0.00013053
9 27 37 55 64 123 124 127 152 157 168 187 193 203 208 221 225 226 237 240 249 254 256 266 275 321 331 332 343 352 358 381 385 394 404 411 417 426 429 435 451 461 463 465 472 479 482 483 487 489 503 506 510 511 520 534 555 571 583 585 600 603 609 613 617 623 624 635 641 648 654 663 667 675 681 683 699 
#module 3 size: 123 bs: 0.000139279
5 6 7 11 13 21 26 31 40 50 51 54 72 75 82 83 91 98 99 101 109 110 111 130 132 141 147 156 162 172 183 188 189 210 211 216 222 227 236 252 254 265 269 273 276 282 300 301 327 330 336 348 357 367 370 371 374 375 377 380 382 403 411 415 433 455 459 460 465 468 469 484 485 489 493 496 497 502 503 512 514 521 526 530 531 533 535 536 542 544 552 553 559 570 572 577 579 584 591 596 608 610 612 620 622 626 630 631 639 644 648 654 661 662 665 670 673 679 686 687 688 689 696 
#module 4 size: 37 bs: 0.000291291
33 92 114 120 121 126 178 200 205 215 255 257 281 290 294 304 326 346 348 405 406 452 454 458 507 509 511 525 539 573 622 630 646 659 664 684 685 
#module 5 size: 17 bs: 1
42 212 234 290 291 293 360 369 388 402 427 439 493 534 594 595 672 
#module 6 size: 22 bs: 1
73 100 131 136 191 228 243 264 280 297 309 313 423 440 481 494 500 501 555 576 601 604 
#module 7 size: 24 bs: 1
81 112 126 142 145 183 220 269 285 311 351 359 383 408 419 481 512 513 634 647 651 661 676 694 
#module 8 size: 19 bs: 1
36 57 126 145 170 207 230 232 248 264 317 364 410 421 503 543 574 577 625 
#module 9 size: 29 bs: 1
18 35 160 224 233 247 254 286 287 289 338 352 363 374 390 392 396 525 527 529 534 541 574 587 595 607 652 660 687 
#module 10 size: 30 bs: 1
43 45 79 112 124 151 157 169 175 217 260 277 278 314 407 420 423 428 444 446 473 475 532 548 555 593 613 626 683 700 
#module 11 size: 30 bs: 1
17 38 71 93 105 136 138 159 170 201 205 329 335 340 422 427 438 454 495 523 532 561 579 598 649 657 672 674 679 692 
#module 12 size: 33 bs: 1
20 47 149 163 164 166 167 263 274 292 328 340 350 374 388 423 424 434 439 449 470 475 504 518 553 560 563 575 638 641 642 649 690 
#module 13 size: 18 bs: 1
97 106 134 161 189 319 320 324 341 347 379 404 409 440 484 530 576 625 
#module 14 size: 19 bs: 1
62 113 190 311 345 396 399 470 485 492 531 542 556 597 622 633 658 666 669 
#module 15 size: 29 bs: 1
22 79 85 125 177 202 261 262 283 323 325 346 358 366 404 409 473 481 504 508 539 570 574 580 601 626 665 676 688 
#module 16 size: 23 bs: 1
19 25 51 83 86 153 228 298 411 414 448 466 473 522 569 588 589 606 610 634 637 661 674 
#module 17 size: 25 bs: 1
14 94 128 135 155 196 253 261 336 390 409 431 475 490 498 499 500 583 586 599 635 666 682 686 700 
#module 18 size: 36 bs: 1
23 46 60 93 105 117 119 154 158 161 197 204 208 244 268 277 283 299 335 341 354 413 422 430 441 442 443 462 466 515 550 623 624 638 643 680 
#module 19 size: 16 bs: 1
96 100 142 196 203 233 266 315 344 395 436 477 542 560 568 595 
#module 20 size: 22 bs: 1
34 90 95 137 189 221 239 242 251 296 299 336 357 377 388 444 476 557 601 648 674 684 
#module 21 size: 33 bs: 1
53 59 70 89 150 159 186 223 231 238 258 264 287 299 304 310 376 398 416 424 434 457 486 516 517 527 530 545 547 562 589 618 653 
#module 22 size: 28 bs: 1
2 28 48 58 63 77 144 209 228 266 288 343 368 372 397 406 425 471 486 602 625 628 644 650 654 691 697 700 
#module 23 size: 15 bs: 1
32 88 178 239 246 270 288 393 410 440 488 538 560 613 621 
#module 24 size: 31 bs: 1
8 16 61 68 78 101 112 148 173 221 243 250 271 306 312 356 365 387 450 456 509 564 605 614 623 629 646 656 666 677 678 
#module 25 size: 24 bs: 1
56 100 123 152 199 203 206 211 214 218 235 313 341 381 391 400 427 450 539 546 549 606 687 688 
#module 26 size: 31 bs: 1
3 119 165 169 171 185 198 199 213 245 310 362 414 437 447 450 464 487 512 528 535 556 589 609 633 646 655 657 671 689 698 
#module 27 size: 17 bs: 1
1 84 122 186 208 259 322 434 453 484 500 532 563 594 606 657 684 
#module 28 size: 34 bs: 1
52 93 111 138 179 180 181 295 305 318 323 332 337 339 349 389 401 406 447 455 480 485 519 551 568 590 615 619 636 645 668 676 679 693 
#module 29 size: 20 bs: 1
81 133 182 194 229 241 320 378 410 431 432 461 474 578 592 631 664 667 683 691 
#module 30 size: 26 bs: 1
4 15 120 146 175 182 192 303 316 353 361 377 390 396 413 428 445 455 478 491 528 529 566 610 627 632 
#module 31 size: 14 bs: 1
10 24 30 49 66 74 103 108 272 288 348 398 548 649 
#module 32 size: 34 bs: 1
39 67 69 136 140 184 231 246 258 267 272 284 308 334 355 368 373 386 418 428 470 477 483 527 563 565 573 581 584 609 616 640 672 695 
