3 7 9 10 13 16 19 21 22 24 36 39 43 49 57 70 74 108 109 115 117 121 122 130 143 154 155 162 168 169 205 216 261 281 298 
5 8 20 24 28 31 34 35 53 56 59 60 72 79 87 89 90 93 97 98 104 107 124 131 133 136 145 152 156 157 163 169 175 176 191 192 194 198 205 216 217 226 236 240 247 251 258 262 263 267 271 275 287 294 
6 23 26 27 34 35 52 64 66 71 75 76 80 81 82 86 89 92 94 96 107 109 112 117 119 123 128 132 133 139 142 150 154 160 164 165 166 167 169 170 174 177 181 183 186 187 188 189 199 200 212 213 214 218 219 221 222 223 225 229 233 234 235 238 246 250 255 261 268 272 274 279 281 284 286 291 293 
11 23 27 52 57 64 66 71 76 81 82 86 94 100 112 113 114 117 133 141 142 148 151 159 164 165 167 169 170 172 174 183 186 187 192 199 203 204 207 208 209 212 213 214 215 218 221 223 225 227 233 235 240 243 245 250 252 254 258 261 265 268 272 277 278 279 282 288 291 293 296 
29 30 37 44 45 47 49 50 55 59 94 96 102 104 114 116 118 128 141 159 163 164 165 177 180 196 204 206 209 212 217 223 224 227 234 277 288 292 298 
4 8 12 18 33 34 49 63 65 70 74 78 105 108 115 121 122 130 143 154 155 158 162 174 212 250 261 298 
3 7 8 9 10 13 16 19 20 24 28 29 30 31 34 36 37 38 43 44 45 47 49 50 53 54 55 56 57 59 60 61 72 73 79 82 83 84 87 89 90 93 94 96 97 98 103 104 105 106 107 108 114 116 118 121 124 126 128 131 133 136 137 141 144 145 152 156 157 159 163 164 165 167 169 175 176 180 191 192 194 198 204 205 209 212 216 217 220 221 223 226 227 228 230 231 233 234 236 240 247 251 256 262 263 266 267 271 275 277 281 285 287 288 289 292 294 295 298 
6 26 35 41 57 58 66 68 74 75 80 82 92 96 107 108 116 119 123 129 132 134 137 139 140 147 160 166 168 181 183 188 189 190 193 196 197 200 201 204 207 219 222 229 232 234 238 239 241 242 244 246 249 253 255 258 264 271 273 274 276 281 283 286 291 292 297 300 
1 5 14 15 20 28 30 31 34 40 46 48 53 54 56 57 59 61 62 72 73 77 79 82 83 84 85 87 89 90 91 93 95 97 98 101 102 104 106 107 110 114 116 118 121 122 124 126 128 129 131 133 136 137 141 145 149 150 152 153 156 157 158 159 163 164 165 169 171 175 176 177 180 191 192 194 195 196 198 200 204 205 206 209 211 216 217 220 222 223 224 226 227 228 230 231 236 240 246 247 248 251 256 257 260 262 263 266 267 269 270 271 275 276 277 285 286 287 288 289 292 294 295 298 299 
5 8 14 19 20 28 31 32 34 40 41 42 48 51 53 57 59 60 65 68 72 74 79 88 89 90 91 93 94 95 98 104 107 108 120 121 124 129 131 133 134 136 137 138 143 144 145 146 147 149 150 153 158 161 163 165 169 171 175 176 179 183 189 190 191 192 193 194 195 197 200 201 204 205 206 207 210 211 216 221 222 226 228 230 232 239 240 241 244 246 247 248 249 250 251 253 257 258 260 262 263 264 266 269 270 271 273 276 283 285 286 287 292 294 295 297 299 
19 38 54 56 61 72 73 82 83 84 87 89 97 103 105 106 126 131 137 149 152 156 157 163 169 183 190 197 198 204 207 220 221 224 231 232 236 239 244 256 267 271 275 286 289 292 294 297 
4 8 17 18 21 22 25 33 38 39 43 49 63 65 67 69 70 72 74 75 78 84 96 97 99 100 105 109 111 113 115 116 117 122 125 127 130 135 137 140 143 148 151 154 155 162 168 170 172 173 174 177 178 180 182 183 184 185 202 203 205 208 210 212 215 224 225 229 231 237 242 243 245 252 254 259 261 265 268 276 278 280 281 282 284 290 294 296 298 300 
13 19 32 38 42 51 54 56 61 72 73 82 83 84 87 88 89 94 97 99 103 105 106 118 120 125 126 131 135 137 138 144 146 150 152 156 157 161 163 177 179 193 198 202 204 220 221 224 231 236 250 256 259 267 271 275 286 289 292 294 297 299 
5 6 26 29 30 34 35 37 41 44 45 47 49 50 55 57 58 59 64 66 68 71 74 75 80 82 89 92 94 96 104 107 108 109 114 116 118 119 123 128 129 132 134 139 141 147 150 158 159 160 163 164 165 166 168 171 177 180 181 183 186 188 189 190 195 196 197 200 201 204 206 207 209 211 212 217 219 222 223 224 225 227 229 232 234 235 238 239 241 242 244 246 248 249 253 255 257 258 260 264 269 271 273 274 277 281 283 285 286 288 291 292 293 295 297 298 299 
6 26 34 35 41 54 58 66 68 75 80 82 83 84 86 89 92 96 106 107 108 109 116 119 123 129 132 134 139 147 150 157 160 166 167 168 177 181 183 185 186 188 189 190 196 197 199 200 201 204 207 210 213 217 219 222 225 229 232 234 238 239 240 241 242 244 246 249 253 255 258 264 268 271 272 273 274 276 281 283 286 291 292 297 
1 2 8 15 17 25 30 38 40 41 46 48 57 58 59 60 62 67 68 69 72 74 77 85 91 94 95 96 99 100 101 102 104 105 109 110 111 113 114 116 117 118 125 127 128 129 134 135 137 140 141 146 147 148 149 151 153 158 159 164 168 171 172 173 174 177 178 179 180 182 183 184 185 190 195 196 197 200 201 202 203 204 205 206 207 208 209 210 211 214 215 220 222 223 224 227 228 229 230 231 232 234 237 239 241 242 243 244 245 246 248 249 252 253 254 257 258 259 260 264 265 266 268 269 270 271 273 276 277 278 280 282 283 284 285 288 290 292 294 295 296 297 298 299 300 
8 17 38 66 67 69 72 75 80 82 88 89 92 96 99 105 109 111 116 119 120 123 125 127 135 138 139 140 144 146 147 160 161 170 173 177 178 179 181 182 184 185 188 193 202 210 217 219 231 237 242 244 249 255 259 268 274 276 280 281 284 286 290 294 300 
