24 28 38 39 46 47 52 72 80 81 93 112 115 116 118 120 131 137 155 157 159 162 164 172 178 179 182 185 189 200 212 215 218 251 256 261 270 271 284 293 303 304 306 318 320 324 326 348 350 352 356 361 363 365 371 378 384 385 392 395 398 399 401 403 408 410 418 419 424 425 433 439 440 441 447 450 456 460 463 471 472 482 486 495 499 506 508 509 525 528 531 532 538 553 555 557 558 565 566 568 572 585 591 593 594 600 601 602 606 614 618 626 634 644 645 651 655 657 663 667 668 677 679 683 690 693 695 700 
10 43 44 48 70 86 94 127 140 153 169 178 182 192 197 204 213 219 254 264 268 269 284 286 288 302 322 337 342 344 346 347 351 352 370 374 375 388 390 417 422 425 433 434 436 446 462 477 480 514 521 523 526 529 537 576 590 597 602 612 616 617 620 625 632 640 653 658 664 676 677 682 693 694 698 
38 41 43 65 67 73 87 101 106 125 143 148 161 163 171 172 173 190 193 198 203 206 208 221 224 228 242 243 253 275 278 288 299 303 305 328 329 331 333 343 352 359 368 369 372 380 381 386 393 402 406 409 411 414 417 418 419 424 432 439 447 454 460 465 468 470 476 478 493 505 525 527 535 548 555 559 566 569 574 589 606 609 613 614 615 616 621 625 636 640 641 643 662 665 666 680 683 687 692 694 695 697 699 
26 27 43 56 62 73 77 82 86 92 117 126 148 169 170 172 176 183 193 197 203 207 216 243 257 264 266 275 281 284 285 295 302 305 309 312 319 320 338 343 346 352 353 357 361 368 371 374 382 390 391 393 404 409 416 421 422 440 444 446 460 462 465 467 468 470 473 478 479 483 488 493 494 497 505 513 521 523 527 529 530 532 534 537 540 543 547 551 552 557 559 573 580 584 589 593 596 609 616 617 619 623 624 627 631 632 634 650 661 662 669 678 698 
1 9 14 26 27 30 31 32 34 41 44 45 48 49 50 51 62 63 64 65 66 70 71 74 75 78 79 84 85 86 90 94 95 96 101 104 106 111 113 116 117 125 126 127 129 134 140 141 143 148 151 153 155 159 163 166 168 169 170 171 177 182 183 188 191 194 195 196 197 198 199 202 207 214 217 220 223 225 227 228 229 230 231 236 239 240 243 245 246 253 254 257 260 262 264 265 267 269 277 279 281 282 283 284 287 288 290 293 294 295 298 299 300 301 309 312 313 314 315 319 320 321 322 323 324 326 327 328 330 335 337 338 339 340 341 342 344 346 347 348 351 352 353 354 360 362 366 367 368 370 371 373 375 377 381 382 393 397 398 403 406 407 408 410 413 415 416 418 421 422 425 427 428 429 430 431 432 434 436 437 438 439 440 441 443 446 448 452 454 456 458 459 462 465 468 471 474 476 479 483 485 487 491 492 494 497 501 504 506 508 510 513 514 515 517 519 520 521 522 524 526 531 534 537 544 547 548 551 561 562 564 566 567 570 577 579 580 581 584 586 587 588 590 591 593 595 596 597 600 601 602 608 610 613 617 618 619 620 621 623 624 625 627 629 631 633 636 639 640 643 646 649 650 652 653 654 658 659 665 668 669 672 674 676 677 680 682 686 691 693 694 697 698 699 
21 23 29 39 56 64 77 92 100 134 137 138 144 146 147 152 176 178 183 185 194 198 210 215 216 219 222 230 231 247 251 252 256 266 285 309 314 315 318 357 360 361 373 381 384 395 401 404 408 410 413 419 432 437 463 467 484 488 489 499 505 508 516 525 528 530 540 543 548 549 551 556 565 568 573 585 587 593 605 616 618 621 627 634 641 647 654 655 659 672 679 700 
10 17 21 25 33 34 35 48 51 52 60 63 75 82 83 95 100 108 112 114 119 121 124 149 157 159 179 186 188 202 204 205 209 213 218 220 221 222 229 234 235 237 238 244 246 248 255 258 260 265 267 277 279 280 282 287 288 289 292 294 298 301 302 303 304 311 315 317 320 321 322 325 331 332 333 335 336 339 340 346 353 354 367 372 378 387 388 393 394 399 407 421 426 427 431 436 441 447 448 449 457 458 469 470 472 473 475 477 480 482 488 492 501 502 505 509 512 518 519 522 528 531 533 535 536 541 557 558 564 566 570 575 577 582 586 588 590 597 600 602 606 611 613 615 617 618 628 630 635 636 638 643 646 651 653 654 655 656 661 664 667 668 671 678 683 684 691 695 696 697 
21 23 64 67 97 100 122 134 143 144 146 147 161 175 180 183 190 194 198 208 230 231 242 247 251 252 259 260 268 278 292 299 314 316 325 328 329 330 341 343 357 364 369 373 379 380 381 386 396 406 408 414 415 418 419 421 424 426 432 437 455 467 482 488 489 500 516 542 549 560 566 569 571 572 574 580 587 598 605 621 628 638 641 643 647 651 654 659 660 665 672 687 692 694 
13 18 23 27 30 32 39 45 51 62 64 65 84 88 91 95 96 98 100 103 106 125 126 127 134 144 146 147 148 149 156 157 171 182 183 194 198 199 207 211 220 222 224 226 230 231 232 246 247 252 257 262 272 277 278 286 287 294 314 319 322 335 337 338 339 340 342 343 344 353 357 361 367 368 371 373 380 381 382 383 393 399 412 413 415 416 429 432 433 435 437 448 465 467 474 481 483 488 489 494 497 507 516 520 522 524 526 527 546 547 548 549 551 552 557 558 560 562 564 567 577 586 587 588 590 597 605 608 616 617 619 620 630 631 633 636 639 640 647 654 659 661 672 673 677 678 680 695 
8 35 67 121 122 132 135 145 154 161 171 172 173 177 179 180 189 190 206 210 242 244 255 267 273 276 303 317 331 336 343 356 359 369 378 386 387 406 411 426 439 478 527 530 535 542 563 569 572 573 574 583 587 616 630 641 643 644 651 654 660 678 680 687 689 692 699 
7 10 25 28 35 38 39 52 73 79 87 92 99 105 108 112 116 119 121 124 136 141 146 149 150 154 155 157 159 164 165 170 179 182 191 196 204 205 209 212 218 227 228 235 237 240 243 245 249 250 255 258 267 275 283 289 293 300 303 304 306 311 313 318 320 324 325 327 333 336 345 348 351 352 358 361 362 365 372 377 378 384 387 388 393 394 397 398 399 402 407 409 411 421 424 425 426 427 434 438 444 447 449 450 453 456 460 464 468 472 475 478 480 482 486 490 493 494 499 502 503 505 506 508 509 512 514 515 532 535 538 539 541 544 555 556 557 558 565 566 573 575 577 593 601 606 609 611 613 614 615 620 621 625 626 627 629 630 635 637 642 643 645 650 651 653 657 661 662 667 668 683 691 695 697 
2 3 18 22 26 28 59 69 70 75 81 88 89 90 97 103 105 112 115 116 118 122 133 142 143 146 149 150 152 155 156 157 158 159 164 170 171 173 175 180 181 188 196 200 202 208 211 217 224 226 228 233 239 242 247 249 251 253 257 259 261 272 274 278 282 286 291 293 302 304 306 316 324 326 337 341 345 348 355 358 363 364 365 386 388 391 396 397 403 405 407 409 411 412 423 424 426 428 431 433 439 441 442 445 453 455 456 457 458 470 474 475 481 484 486 487 498 500 502 503 506 507 510 512 514 518 519 531 535 538 539 545 546 547 552 556 558 559 569 570 572 574 579 580 581 583 591 597 598 600 601 609 613 620 621 625 626 627 633 635 637 643 644 650 662 663 670 673 674 675 676 677 680 682 691 692 693 694 697 698 700 
6 37 54 58 93 101 109 111 113 132 162 164 170 174 184 187 201 210 215 222 242 260 271 285 290 301 306 315 334 335 355 358 360 366 369 379 383 389 390 402 405 408 419 435 490 491 493 499 516 542 550 567 568 573 575 576 578 583 584 599 601 610 612 621 626 642 645 649 660 666 680 681 683 684 685 690 700 
10 17 24 33 48 60 61 63 79 82 109 110 113 114 123 141 153 160 168 181 186 191 213 222 234 237 238 240 241 269 283 289 292 301 308 310 315 327 332 337 342 344 347 354 360 362 370 375 376 383 404 416 417 421 422 425 427 434 436 437 438 444 451 454 466 468 469 472 473 474 475 477 480 492 500 511 518 528 532 533 536 541 552 566 580 582 592 597 598 603 604 607 609 627 628 638 642 646 649 656 657 664 667 669 671 677 682 688 689 691 693 695 696 
2 3 10 24 27 33 46 47 61 70 72 76 80 93 110 114 120 123 127 131 133 142 150 153 160 162 181 182 187 195 196 201 202 206 210 222 224 229 233 241 251 265 269 270 274 279 288 291 308 310 313 322 334 337 342 344 347 350 370 375 376 385 386 388 395 401 403 404 405 408 416 417 420 422 423 425 436 437 442 444 445 451 457 466 468 471 474 477 487 495 498 511 518 526 528 532 545 553 555 568 575 576 578 579 583 592 597 604 607 618 620 626 642 645 653 658 667 677 680 682 684 688 690 693 694 696 
4 8 11 12 20 28 35 36 38 41 42 54 57 79 90 105 107 109 121 130 132 135 141 145 150 154 155 158 159 162 178 184 191 198 202 204 206 208 228 240 244 251 255 263 266 267 280 283 293 299 303 304 306 311 317 327 328 331 333 336 342 349 351 355 359 360 362 364 365 372 374 387 389 392 394 404 408 417 421 422 424 425 426 431 434 435 438 444 446 447 450 456 476 482 505 508 515 516 520 521 538 540 542 543 554 583 599 601 603 609 612 613 614 615 618 621 625 627 629 630 637 670 674 678 681 687 689 691 697 700 
13 16 19 46 53 68 83 92 94 95 102 122 139 140 173 210 255 273 276 295 296 297 330 349 356 383 404 410 446 461 462 468 501 508 522 529 530 543 563 569 593 597 641 643 679 690 
32 34 43 48 63 83 86 122 154 158 192 196 197 229 231 251 260 264 272 278 279 284 292 301 302 325 332 340 346 351 354 390 391 396 407 421 436 446 455 467 471 484 492 520 521 523 529 537 571 583 592 593 598 599 614 616 617 628 632 650 653 655 669 675 676 680 694 698 
6 20 24 37 46 53 58 68 83 87 94 98 101 102 106 114 125 140 148 174 187 199 201 203 217 222 232 243 248 255 262 265 271 273 275 276 290 296 297 305 308 310 314 322 334 339 342 349 356 361 366 368 371 379 380 402 405 408 429 433 435 437 439 451 460 461 465 466 470 478 490 493 494 499 505 508 511 525 528 532 539 550 559 562 563 572 573 575 576 578 580 590 592 593 604 608 610 616 617 633 644 662 666 670 672 680 684 685 690 
10 25 30 32 34 35 45 48 51 52 63 65 83 84 89 91 96 106 121 125 135 145 148 154 199 202 204 220 229 231 232 246 251 253 255 260 262 267 277 279 280 287 288 294 301 303 311 313 317 321 325 331 333 335 336 338 339 340 354 359 363 366 367 371 372 380 387 388 391 393 394 412 416 422 424 427 429 432 433 436 447 448 462 471 475 477 480 492 494 501 505 509 516 522 524 525 527 535 555 561 562 573 577 588 590 592 593 597 599 602 608 614 615 616 617 628 630 633 639 642 643 651 653 661 667 669 678 680 683 695 697 
6 20 24 29 39 42 46 47 52 71 72 77 80 83 93 98 108 115 116 120 128 131 132 135 137 138 147 162 166 167 172 174 176 178 184 185 187 206 210 215 218 227 245 248 251 254 256 261 263 274 284 290 297 300 301 305 306 318 326 341 349 350 356 359 361 378 384 385 386 392 395 398 400 401 410 418 419 424 430 440 459 463 485 490 495 499 503 504 505 506 508 509 516 525 528 531 538 539 542 544 550 553 554 555 565 568 578 581 585 598 603 612 617 618 621 626 634 644 645 655 666 670 674 679 681 682 684 685 686 689 690 693 700 
18 76 81 88 103 112 118 146 156 159 164 182 189 200 211 226 234 253 257 261 277 278 286 311 320 326 330 333 361 363 367 370 380 408 412 415 417 432 440 441 459 474 481 499 505 507 525 531 546 547 549 558 567 587 591 594 600 622 644 657 663 672 673 678 683 695 
14 58 67 71 76 81 98 101 115 117 118 128 129 139 164 166 173 174 182 187 190 195 196 200 204 227 234 242 245 253 260 261 268 271 277 282 290 300 301 307 326 330 331 332 334 335 341 361 363 369 371 376 377 379 380 386 394 402 405 408 411 417 419 420 430 435 440 441 452 459 485 490 496 499 503 510 517 531 535 544 550 560 561 572 574 575 578 581 587 589 591 594 600 610 622 629 641 642 644 648 649 652 657 660 662 663 666 669 672 678 682 683 684 685 686 687 690 692 693 
5 19 31 47 68 72 74 80 99 105 117 120 122 128 131 139 147 151 164 193 214 219 221 225 261 268 273 282 295 298 307 312 318 323 329 330 343 347 350 381 383 395 413 420 443 452 454 461 486 492 495 496 499 537 544 554 560 563 567 591 596 610 612 618 622 623 626 643 645 648 650 653 657 658 660 661 667 690 
1 11 12 20 23 24 25 29 36 41 44 45 46 47 51 52 54 57 64 65 70 72 76 80 81 84 86 87 89 91 93 95 96 98 106 108 109 110 113 115 118 119 120 123 124 125 129 130 131 132 134 135 144 147 148 150 154 158 162 163 166 169 170 179 181 184 189 192 193 195 197 198 199 200 201 202 203 206 208 219 220 221 230 231 232 244 245 246 247 251 252 254 261 264 265 268 269 270 271 275 277 278 279 280 281 282 286 287 294 297 299 300 302 305 308 310 314 315 320 321 322 326 328 329 330 335 336 337 339 340 342 346 350 351 355 359 360 361 363 367 371 373 374 376 380 381 384 385 389 390 392 393 395 399 401 402 406 408 409 413 414 415 417 422 425 429 430 433 435 437 440 441 444 446 448 451 454 459 460 462 465 467 470 474 476 478 482 484 485 488 489 493 494 495 501 504 510 511 517 520 521 522 523 524 526 527 528 529 531 532 537 542 544 548 553 555 559 561 564 571 576 577 581 583 586 588 589 590 591 592 593 594 599 600 602 603 604 605 607 608 609 612 613 617 618 622 626 629 630 632 633 636 639 640 644 645 647 651 652 653 654 657 658 659 661 662 663 665 667 668 672 676 677 681 684 688 689 690 691 693 694 695 697 698 699 
14 46 68 71 77 129 140 152 153 166 177 189 195 219 227 237 239 245 249 269 300 312 313 322 331 337 341 344 347 358 370 377 380 397 408 416 430 438 443 459 485 503 504 510 514 517 524 526 544 550 556 561 567 572 581 597 610 611 617 620 622 629 637 652 658 674 676 677 682 690 693 
43 56 69 73 87 92 99 111 136 152 164 165 171 172 176 192 197 203 216 217 219 243 247 249 250 264 266 275 281 285 302 305 309 310 313 343 345 352 357 358 360 361 371 374 390 393 397 402 404 405 409 419 426 434 439 446 449 453 460 462 464 468 470 478 493 494 503 505 512 514 523 527 529 530 531 537 539 540 543 548 554 556 559 561 571 572 573 576 578 589 593 602 609 611 612 614 616 627 632 635 644 650 653 662 676 694 698 
13 19 20 46 53 68 92 94 102 117 122 128 139 140 161 162 173 185 187 210 215 234 256 268 273 276 295 296 297 299 307 330 341 356 383 384 410 418 420 441 452 454 461 463 465 468 476 493 496 498 525 543 553 554 555 560 563 565 569 585 593 597 610 613 622 643 645 648 653 655 658 660 663 670 679 683 690 692 700 
6 18 24 27 37 41 58 69 82 88 98 101 103 106 108 126 136 143 146 149 150 156 165 170 174 183 187 193 198 201 203 205 208 209 211 212 217 218 221 222 226 229 248 250 257 258 262 271 272 278 279 281 285 286 290 299 301 311 313 319 325 328 329 333 334 345 354 359 365 367 368 371 379 381 382 383 390 406 412 414 433 435 451 453 454 464 465 472 473 474 475 476 479 481 482 483 490 492 494 497 499 502 507 509 512 513 516 538 539 541 546 547 548 550 551 556 558 559 561 562 566 567 571 573 575 576 578 584 589 606 611 613 616 619 621 625 631 635 636 637 638 639 640 642 650 653 661 665 666 673 684 685 694 695 699 700 
31 36 49 50 54 57 66 70 74 78 85 90 98 99 104 107 109 113 130 132 135 136 140 151 152 159 165 168 202 209 214 223 225 231 236 237 239 249 250 251 267 270 280 281 298 299 312 313 318 323 329 345 355 358 359 360 365 366 381 397 406 411 413 426 434 439 443 449 461 464 488 491 503 512 514 515 516 520 524 539 542 548 556 566 567 575 576 583 587 595 596 599 603 611 612 614 623 624 625 633 635 637 646 649 650 666 681 686 689 691 697 
67 69 70 99 107 127 136 140 152 153 165 171 189 193 196 209 237 249 250 251 262 269 270 279 281 288 313 322 337 344 345 347 358 360 370 375 397 411 416 426 434 449 453 455 464 487 503 512 514 520 526 531 539 556 572 576 577 589 597 599 611 614 620 635 637 642 651 653 654 658 677 693 
4 10 21 22 25 26 35 59 60 62 69 77 89 95 97 99 105 114 117 121 122 126 128 139 142 145 154 155 158 170 172 175 180 181 186 196 204 207 213 217 224 231 233 234 239 255 259 267 268 272 274 280 281 282 286 288 289 291 292 295 303 306 307 311 315 316 317 319 320 331 333 336 343 353 355 360 364 368 372 382 387 388 391 393 394 396 403 405 410 418 420 421 423 424 425 427 428 439 442 445 447 448 452 455 460 465 469 473 474 475 477 479 480 483 484 487 496 497 498 500 513 518 527 533 534 535 536 539 541 545 551 552 553 554 559 560 577 580 582 584 585 598 610 613 615 617 619 624 625 627 630 631 633 636 642 648 650 656 658 660 661 664 667 671 675 678 680 682 683 696 697 
16 19 20 42 55 56 68 75 90 94 102 167 170 176 202 206 215 216 217 234 248 254 255 263 266 273 276 285 288 295 296 297 309 315 330 349 353 356 383 400 404 405 411 431 457 458 461 468 498 505 506 518 519 530 540 543 550 551 563 566 579 593 596 616 623 625 666 670 674 679 687 690 691 
11 16 20 41 42 44 55 89 90 94 143 163 167 169 192 193 197 198 206 208 219 221 228 232 243 248 254 258 263 271 273 278 284 299 303 322 328 329 342 346 349 359 381 390 396 400 406 414 417 446 454 475 476 506 509 521 523 529 537 548 566 577 585 589 593 613 625 632 633 640 643 653 665 670 674 694 697 699 
55 70 75 90 130 143 167 171 188 202 206 217 221 228 244 248 253 282 284 343 349 359 382 396 400 406 407 431 437 458 506 519 520 534 538 570 577 579 599 631 650 655 670 674 676 697 
