1 265 522 287 294 51 564 448 321 586 330 588 590 335 339 340 220 95 96 367 501 246 636 
2 3 388 133 518 142 274 403 405 545 291 423 680 442 445 196 457 202 224 487 233 498 
161 386 67 641 643 426 190 173 687 369 242 692 569 122 411 572 574 
390 264 521 523 527 529 537 422 169 44 302 698 446 192 197 462 86 346 219 617 374 632 
191 421 327 425 362 141 79 240 434 691 182 438 283 351 
532 160 33 688 308 437 310 444 61 576 451 592 466 604 607 110 241 114 376 123 511 
130 132 389 135 8 392 520 12 280 542 36 681 689 54 184 57 315 583 342 599 603 612 360 107 109 244 251 
385 131 72 618 395 684 206 495 528 80 24 667 350 
352 609 217 73 43 172 493 402 243 662 409 
7 398 538 155 28 159 293 38 39 304 306 450 324 456 76 601 348 228 486 614 365 239 112 626 116 508 
203 460 559 305 275 470 439 87 571 478 
34 354 260 229 492 301 653 48 83 436 628 471 279 63 
516 134 647 654 144 146 147 659 23 415 672 549 432 314 64 194 587 467 605 100 230 231 488 489 373 247 252 
259 4 391 396 272 22 158 418 675 424 552 428 175 180 181 59 316 580 455 598 97 355 484 364 500 
258 651 399 149 661 21 150 25 668 157 40 557 558 179 325 205 212 472 218 606 482 235 108 502 119 124 509 
640 143 406 665 414 417 163 548 41 299 694 699 193 198 454 328 329 589 208 476 221 613 621 381 
642 6 271 666 290 37 550 685 174 435 58 187 575 578 201 334 222 101 490 499 379 383 
129 517 652 14 408 544 166 300 430 561 690 195 581 71 459 227 485 245 629 504 377 510 
515 646 649 413 168 686 49 50 318 66 78 595 85 223 98 104 491 236 366 111 624 113 
128 610 452 5 420 648 105 554 139 268 622 560 496 307 660 117 343 
256 384 137 138 525 655 410 284 419 679 178 565 568 185 700 585 77 463 341 215 634 
68 356 102 296 297 234 140 461 46 273 210 563 20 53 19 276 468 94 
225 323 281 9 298 74 623 596 277 214 567 312 151 443 31 
674 263 359 167 42 11 16 400 625 254 566 55 248 506 349 670 
162 645 553 555 270 47 401 52 120 378 93 
387 10 394 267 145 535 154 35 678 303 311 317 447 577 331 204 333 336 475 615 372 630 121 255 
449 69 165 453 136 635 556 209 250 539 637 
579 676 90 70 519 650 171 75 458 431 570 407 697 282 188 253 
656 17 533 664 536 541 669 671 289 292 427 696 186 60 582 332 82 213 469 473 477 480 238 638 
513 382 393 534 26 551 295 170 183 62 319 584 207 465 479 353 483 619 368 497 631 126 
262 524 13 148 30 32 45 429 562 65 199 338 84 89 91 608 232 106 494 371 633 380 125 639 
573 357 616 266 216 92 176 593 530 627 404 309 56 505 285 540 29 543 
512 514 611 99 358 313 345 397 237 464 503 152 249 189 
257 15 18 278 27 156 412 286 673 546 547 433 695 211 88 474 481 226 103 507 
644 261 657 531 663 164 683 440 441 320 326 200 591 81 594 600 602 361 363 115 118 
416 288 322 620 526 177 597 375 347 127 
677 682 269 337 658 370 693 344 153 
