10 24 30 49 66 74 103 108 153 272 288 348 350 398 548 649 
13 54 98 111 132 169 222 273 278 301 357 374 375 377 380 411 415 460 465 484 535 544 553 559 570 584 596 626 648 673 694 
12 44 65 107 115 129 139 174 176 205 283 355 367 370 491 505 691 
36 57 126 144 145 150 170 171 207 230 232 248 264 317 364 410 421 503 543 574 577 625 
34 38 90 95 127 137 154 189 199 221 239 242 251 296 299 336 357 373 377 388 444 466 476 511 557 601 648 658 674 684 
10 33 92 114 120 178 200 255 257 281 290 294 313 326 346 348 405 452 454 458 507 509 525 539 573 622 659 685 
22 46 60 79 85 97 109 117 125 134 144 175 177 197 202 203 204 208 243 252 261 262 268 283 296 299 319 323 324 325 330 332 335 336 339 341 346 347 354 358 364 366 379 382 391 404 409 413 422 430 441 442 443 462 466 469 473 491 504 508 515 524 537 539 546 548 549 550 558 570 574 576 580 601 606 616 623 625 626 643 665 676 680 688 
43 45 79 112 124 125 151 153 157 169 175 177 202 217 260 262 277 278 314 323 340 346 407 420 423 428 434 444 446 473 475 481 508 532 548 555 575 580 593 601 613 626 665 676 681 683 688 700 
11 39 43 46 54 56 60 67 69 79 85 100 119 120 122 123 136 140 146 152 180 182 184 185 186 192 198 199 202 203 206 211 213 214 218 231 235 245 246 258 262 263 264 267 272 283 284 290 303 308 313 316 322 334 338 346 353 355 358 361 368 373 377 381 385 386 390 391 396 400 405 406 413 414 418 427 428 434 445 450 453 455 458 467 470 477 478 483 491 507 508 527 528 529 546 549 558 563 565 566 570 573 581 584 606 609 610 611 616 627 632 633 634 640 655 659 671 672 684 685 687 688 695 
81 114 120 131 133 182 194 215 229 241 320 378 405 406 410 431 432 458 461 463 474 507 573 578 579 592 631 640 659 664 667 683 684 691 
18 35 67 159 160 170 224 233 247 254 286 287 289 291 338 352 363 374 390 392 396 525 527 529 534 541 574 587 595 607 616 652 660 687 
15 18 20 28 42 69 71 84 93 105 122 136 149 159 162 163 164 166 167 170 186 201 208 212 227 234 241 259 261 263 274 290 291 292 293 297 322 328 329 340 360 369 381 388 402 423 427 434 438 439 449 453 454 466 475 484 493 495 518 523 532 533 534 549 560 561 563 569 575 594 595 598 606 638 641 649 657 672 679 690 692 
3 17 38 47 56 69 70 71 81 84 93 100 105 122 136 138 149 152 156 159 166 167 170 180 186 198 201 205 206 208 211 214 218 234 235 261 263 266 313 322 329 335 340 341 346 350 379 381 388 391 397 400 422 427 434 438 448 449 450 453 454 470 495 522 523 528 532 546 549 561 563 569 575 579 589 590 598 606 637 638 642 649 657 672 674 679 684 687 690 692 
18 35 67 159 160 170 224 233 247 254 286 287 289 337 338 352 363 374 390 392 396 403 463 525 527 528 529 534 541 574 587 595 607 624 652 660 687 
26 56 65 83 110 141 156 183 188 189 198 204 210 236 263 265 320 367 373 375 444 447 459 468 483 489 493 518 526 529 533 535 536 543 552 561 577 596 608 620 630 639 644 662 665 686 687 689 
4 14 15 22 43 45 57 67 76 79 80 94 99 104 112 116 120 124 128 133 135 140 143 144 146 151 153 154 155 169 175 178 180 182 192 194 195 196 216 217 229 239 250 253 260 261 272 277 278 279 282 300 303 304 307 310 314 316 336 342 353 361 366 370 371 377 378 390 396 400 407 409 410 412 413 415 420 428 431 432 433 439 444 445 446 455 461 467 469 473 474 475 478 490 491 496 497 498 499 500 505 521 524 528 529 531 537 543 548 553 566 567 572 578 582 583 586 592 593 599 610 611 626 627 628 632 635 638 664 666 667 676 682 683 686 691 696 700 
19 38 41 51 52 81 83 86 93 111 112 126 138 142 145 153 165 171 179 180 181 183 185 199 220 228 230 259 263 269 285 295 298 305 311 318 323 332 337 339 349 351 359 362 383 389 401 406 408 411 414 419 437 447 448 455 464 466 473 480 481 485 512 513 515 519 522 528 532 551 561 568 569 588 589 590 591 606 610 615 619 634 636 637 645 647 651 661 667 668 671 674 676 679 689 693 694 698 
4 5 9 11 13 21 25 26 28 31 32 34 36 42 43 46 47 51 54 57 58 60 62 65 67 69 71 72 75 77 80 81 82 83 88 90 95 97 98 99 101 102 105 106 107 109 110 112 113 114 115 119 120 121 126 127 129 132 133 134 137 139 141 142 143 144 145 150 154 157 160 161 163 169 170 171 174 176 178 182 183 184 185 186 187 188 189 190 192 193 194 197 198 202 203 205 206 207 210 211 212 213 215 216 218 220 222 227 229 230 231 232 234 235 236 237 240 241 242 244 245 246 248 249 250 251 252 253 254 256 259 264 265 267 269 270 272 273 274 275 276 277 278 279 282 284 285 290 291 293 295 296 300 301 304 307 308 310 311 317 319 320 324 325 327 330 334 336 339 340 341 343 345 347 348 351 352 355 357 359 360 362 363 364 366 369 370 371 374 375 377 378 379 380 382 383 386 388 393 396 399 402 403 404 405 406 407 408 409 410 412 415 419 421 422 424 427 428 429 431 432 433 437 439 440 444 449 451 455 458 459 460 461 464 465 466 467 468 469 470 472 474 476 479 481 482 483 484 485 487 488 489 490 492 493 496 497 498 499 502 503 505 506 507 511 512 513 514 521 523 524 525 527 530 531 533 534 535 536 537 538 539 542 543 544 546 549 550 552 553 556 557 558 559 563 565 567 570 572 573 574 576 577 578 579 581 582 584 586 589 591 592 594 595 596 597 608 609 610 611 612 616 620 621 622 625 630 631 633 634 635 638 639 640 642 643 644 646 647 648 651 654 655 657 658 659 661 662 664 665 666 667 669 670 671 672 673 674 675 676 678 679 682 683 684 685 686 687 688 689 691 692 694 695 696 
4 11 13 17 19 21 22 25 31 32 34 35 37 38 41 43 45 46 47 51 52 54 55 56 57 58 60 62 64 67 70 71 73 79 80 81 82 83 85 86 87 88 90 93 95 96 98 99 100 103 105 106 109 110 111 112 113 114 118 119 120 121 123 124 125 126 127 131 132 133 136 137 138 141 142 143 145 146 149 151 152 153 154 156 157 158 159 160 161 163 164 165 166 167 168 169 171 175 177 178 179 180 181 182 183 187 188 189 190 191 192 193 194 195 197 198 199 201 202 203 205 208 211 213 214 215 216 217 218 219 220 221 222 224 225 226 227 228 229 231 236 237 239 240 241 242 243 244 245 246 247 249 250 251 252 254 256 258 259 260 261 262 263 264 265 266 268 270 273 274 275 276 277 278 279 280 282 283 285 286 287 288 289 290 292 295 296 297 298 299 300 301 302 303 304 305 307 309 311 313 314 316 318 320 321 323 325 327 328 329 330 331 332 333 335 336 337 338 339 340 341 342 343 345 346 349 350 351 352 353 354 355 357 358 359 361 362 363 366 367 370 371 374 375 377 378 380 382 383 384 385 388 389 391 392 393 394 396 399 401 403 404 405 406 407 408 409 410 411 412 413 414 415 417 419 420 422 423 424 426 428 429 430 431 432 433 435 437 438 439 440 441 442 443 444 445 446 447 448 449 450 451 455 458 459 460 461 462 463 464 465 466 467 468 469 470 472 473 474 475 476 478 479 480 481 482 483 484 485 487 488 489 491 492 493 494 495 496 497 500 501 502 503 504 505 506 507 508 509 511 512 513 514 515 519 520 521 522 523 524 525 526 527 528 529 531 532 534 535 537 538 539 540 541 542 543 544 548 549 550 551 553 554 555 557 559 560 561 566 567 568 569 570 571 572 573 574 575 576 577 578 579 580 582 583 584 585 587 588 589 590 591 592 593 594 595 596 597 598 600 601 603 604 606 607 610 611 612 613 615 617 619 620 621 622 623 624 626 627 630 631 632 633 634 635 636 637 638 639 641 642 643 644 645 646 647 648 649 651 652 654 657 658 659 660 661 662 663 664 665 666 667 668 669 670 671 673 674 675 676 678 679 680 683 684 685 686 687 688 689 690 691 692 693 694 695 696 698 699 700 
11 23 38 56 58 65 73 81 83 100 110 117 123 131 140 141 152 154 156 158 183 188 189 191 197 199 203 204 206 211 214 218 235 236 237 244 249 256 263 265 268 280 283 297 299 313 323 335 337 341 346 357 358 367 373 375 381 391 400 413 422 427 429 430 441 442 443 444 447 448 450 451 459 462 477 479 481 489 493 494 501 502 506 511 515 522 526 528 529 535 539 543 544 546 549 550 553 569 577 588 589 601 604 606 609 620 624 633 637 639 643 644 665 670 674 675 680 686 687 688 689 
29 32 41 43 55 64 70 76 80 87 88 100 101 102 104 106 116 118 119 123 124 136 140 142 143 144 152 157 159 171 175 178 182 185 192 195 196 204 217 218 219 221 225 239 246 258 260 262 267 270 279 288 302 304 307 310 315 323 325 333 335 337 339 340 342 344 358 363 367 373 381 384 393 395 410 412 413 418 420 426 436 439 440 444 461 463 467 477 480 482 483 488 504 505 506 509 510 518 524 537 538 540 543 547 548 554 555 558 560 565 567 568 571 576 582 583 585 595 600 603 609 611 613 617 620 621 624 631 633 638 655 664 667 678 681 683 
32 88 96 100 106 119 123 142 178 187 192 196 203 224 225 226 233 239 241 246 266 270 288 315 323 325 337 340 344 363 373 382 393 395 398 410 426 436 440 463 477 480 488 504 506 510 518 520 538 542 560 567 568 571 595 600 613 621 624 633 678 681 
9 32 36 46 56 83 88 119 127 140 153 156 168 178 187 192 193 198 199 203 204 207 208 211 231 237 239 240 246 248 249 254 256 263 275 287 288 298 317 318 323 331 337 343 358 363 373 393 404 410 417 421 429 435 440 444 448 451 461 465 466 472 473 476 477 479 480 482 483 487 488 503 504 506 511 518 522 529 538 543 560 569 577 588 589 606 609 610 613 621 623 633 635 641 648 661 663 674 675 678 699 
15 18 20 24 28 30 47 49 58 63 66 69 74 77 89 108 149 160 163 164 166 167 186 198 200 209 212 241 263 266 274 288 290 291 292 293 321 328 340 350 358 360 369 372 373 374 385 388 402 416 417 423 424 425 434 435 438 439 449 451 466 470 472 475 482 483 489 504 506 511 516 518 547 548 553 560 563 575 602 623 628 638 641 642 649 650 663 690 691 697 699 
9 46 127 140 142 187 193 203 208 231 237 240 249 254 256 275 301 337 343 363 393 404 429 436 451 461 465 479 482 487 488 503 504 567 609 621 624 635 648 675 
8 22 37 51 82 103 109 136 140 145 152 156 157 160 168 184 187 199 204 211 222 252 263 266 267 276 284 288 308 321 325 330 331 332 334 336 337 343 355 363 373 382 385 393 394 417 418 435 451 469 470 472 477 482 483 487 488 489 502 511 512 514 518 531 534 538 542 553 565 572 573 581 583 584 591 609 612 613 616 621 623 634 640 641 644 654 663 670 679 685 686 688 699 
8 29 41 43 53 59 61 70 76 77 80 83 88 89 96 99 101 102 104 106 111 116 119 121 123 124 126 137 140 143 157 159 165 169 171 185 195 196 199 204 205 215 218 223 230 238 239 241 245 246 258 263 264 279 287 290 299 304 306 307 310 315 325 335 337 339 342 346 355 356 362 363 366 368 373 376 393 395 400 405 406 407 412 424 431 432 434 436 437 439 457 458 464 467 480 482 488 499 507 511 516 517 524 525 527 530 537 538 543 545 547 548 556 558 560 562 567 568 573 579 582 589 611 613 618 621 624 630 638 646 653 655 657 659 664 671 684 685 698 
3 58 60 73 79 85 100 123 131 136 177 183 191 199 202 203 206 214 228 243 262 264 280 283 297 309 313 325 332 339 346 391 400 404 414 423 440 473 481 491 494 500 501 507 508 528 539 546 549 555 574 576 580 601 604 606 665 676 688 690 
3 16 40 53 54 59 61 68 70 77 78 83 86 89 96 99 101 112 117 119 121 137 148 150 158 159 165 169 171 173 185 186 198 199 213 221 223 230 231 238 243 245 250 258 259 264 268 271 287 296 299 304 306 310 311 312 354 356 362 365 366 376 387 398 400 405 414 416 424 430 434 437 444 447 450 456 457 458 464 486 487 507 509 512 516 517 527 530 535 545 547 556 562 564 573 575 579 588 589 605 609 614 618 623 629 630 633 643 646 648 653 655 656 657 659 666 671 674 677 678 685 689 698 
28 77 97 106 134 161 189 235 243 319 320 324 332 341 347 379 399 404 409 440 484 491 504 508 530 576 580 625 
2 22 28 37 48 58 63 77 94 105 128 135 144 145 149 152 154 155 166 168 209 228 253 261 266 288 314 318 321 331 332 343 368 372 385 394 397 406 409 417 425 431 435 471 472 475 486 489 490 498 499 500 534 573 583 586 590 591 599 602 615 623 625 628 635 636 641 642 644 645 650 654 663 682 685 686 690 691 693 697 699 700 
11 13 21 51 99 101 178 211 216 222 250 254 272 277 282 300 314 327 330 348 363 370 371 403 407 415 423 433 455 460 469 496 497 502 505 514 521 531 532 553 572 593 622 630 631 644 665 686 696 
1 25 84 87 118 122 180 182 186 198 208 219 259 302 322 333 367 381 384 397 410 412 434 453 484 500 505 509 516 532 540 548 554 563 567 576 594 606 620 631 657 678 684 695 
6 7 17 31 40 50 82 91 109 127 130 147 157 160 162 172 187 193 203 208 215 227 237 240 249 252 256 269 275 276 325 330 336 343 352 363 368 369 382 403 415 429 454 461 465 469 479 487 488 502 503 506 512 514 518 531 538 542 584 591 609 612 620 635 648 654 661 665 670 675 679 688 693 695 
35 39 53 59 64 70 77 89 96 136 137 140 150 159 186 223 231 238 258 259 264 267 284 287 290 299 304 308 310 334 376 386 398 416 418 424 428 434 444 457 486 516 517 527 530 545 547 562 565 581 589 609 616 618 640 653 695 
52 85 93 96 100 111 138 142 171 175 179 181 192 196 203 230 233 241 266 295 305 315 318 323 332 337 339 344 349 373 389 393 395 398 401 406 436 447 455 477 480 485 508 512 519 542 551 560 568 590 591 595 615 619 636 645 668 676 679 693 
3 5 26 54 57 58 62 72 75 83 99 106 110 113 119 137 141 150 156 161 165 169 171 185 188 190 198 199 210 213 218 230 236 245 265 269 270 293 311 320 345 357 362 367 375 396 399 407 414 424 437 447 450 459 460 464 468 470 485 487 489 492 493 512 526 528 530 531 533 535 536 542 552 555 556 570 577 579 597 608 609 610 620 622 630 633 634 639 644 646 655 657 658 662 665 666 667 669 671 686 689 698 
19 25 34 38 41 51 56 81 83 86 90 95 126 137 138 142 145 153 183 220 221 228 239 242 251 259 263 269 285 287 296 298 299 311 351 357 359 377 383 408 411 414 419 448 466 473 476 481 512 513 515 522 557 569 588 589 601 606 610 618 633 634 637 647 648 651 661 674 676 684 694 
8 16 22 37 40 51 61 68 78 101 102 103 112 119 140 148 152 165 167 168 171 173 185 195 198 213 221 243 245 250 266 271 296 306 310 312 323 331 332 356 362 365 380 385 387 394 400 417 435 437 450 451 456 464 467 472 482 483 487 489 509 511 534 535 537 543 553 556 558 564 573 582 583 589 591 605 609 611 613 614 623 629 633 641 646 648 655 656 663 666 671 675 677 678 698 699 
14 15 22 45 57 69 71 79 93 94 101 105 128 135 138 143 144 154 155 156 157 165 169 170 171 175 185 195 196 198 199 201 205 213 239 245 253 261 269 310 314 325 329 335 336 340 342 362 390 409 414 420 428 431 437 438 446 447 454 461 464 467 473 475 477 486 487 490 495 498 499 500 512 523 524 532 535 537 548 555 556 561 583 586 593 598 599 611 613 635 646 655 657 666 667 671 672 679 682 683 686 692 698 700 
9 27 43 45 55 63 64 70 79 103 110 123 124 141 151 152 153 157 169 209 217 221 225 226 250 260 277 278 288 314 340 352 358 372 375 381 382 406 411 413 420 423 425 426 428 444 446 447 459 463 471 475 486 489 506 510 520 532 548 555 571 583 585 593 600 602 603 613 617 624 625 626 628 635 639 641 643 650 654 667 681 683 697 700 
9 11 18 23 27 46 55 56 58 60 62 64 93 96 100 102 105 112 117 119 123 124 125 142 143 144 146 151 152 153 154 157 158 161 163 175 180 182 186 190 195 197 199 203 204 206 208 211 212 214 217 225 233 235 244 246 250 258 260 262 268 277 278 279 283 291 293 296 298 299 303 304 313 314 315 316 334 335 341 344 345 346 352 353 354 358 360 361 366 369 377 381 386 390 391 395 396 399 400 402 407 413 414 420 422 426 427 428 430 436 439 441 442 443 445 446 448 450 455 462 463 466 467 473 475 477 478 492 508 510 515 520 522 524 528 529 537 539 543 546 548 549 550 555 575 581 582 583 585 593 595 597 600 601 603 606 610 613 617 623 624 627 632 633 637 638 643 658 665 669 680 681 683 687 688 700 
