1 84 122 180 186 198 208 259 322 381 397 434 453 484 500 532 563 594 606 657 684 
2 28 48 58 63 77 144 209 228 266 288 343 368 372 397 406 425 471 486 602 625 628 644 650 654 691 697 700 
3 40 54 99 119 165 169 171 185 198 199 213 230 245 310 362 414 437 447 450 464 487 512 528 535 556 589 609 633 646 655 657 667 671 689 698 
3 17 38 56 69 70 71 93 105 136 138 156 159 170 201 205 261 329 335 340 422 427 438 454 495 523 532 561 579 598 649 657 672 674 679 692 
3 73 100 131 136 183 191 228 243 264 280 297 309 313 414 423 440 481 494 500 501 555 576 601 604 
4 15 67 79 120 146 175 180 182 192 278 303 316 353 361 377 390 396 413 428 445 455 478 491 528 529 566 610 627 632 
4 17 25 31 82 109 160 187 215 222 227 252 270 276 330 336 343 352 363 382 403 415 422 469 502 503 512 514 531 542 584 591 612 634 654 661 665 670 679 688 
4 9 57 58 62 106 113 137 161 190 218 270 311 345 396 399 407 424 470 485 492 531 542 556 597 622 633 658 666 669 
5 26 72 75 99 150 210 269 320 357 460 468 485 493 530 533 536 552 570 577 579 608 610 630 662 689 
6 7 17 40 50 91 130 147 162 172 227 269 368 454 465 469 502 518 620 695 
8 41 43 80 101 102 124 140 143 144 171 195 196 218 239 246 258 279 304 307 310 325 335 339 342 366 412 439 467 524 537 543 548 558 567 582 611 638 664 
8 16 40 61 68 78 101 112 148 173 221 243 250 271 296 306 312 356 365 387 400 450 456 509 564 605 614 623 629 646 656 666 677 678 
8 22 37 51 103 145 152 168 266 321 331 332 385 394 417 435 451 472 482 483 487 489 511 534 573 583 591 613 623 641 663 685 699 
9 127 187 193 203 208 231 237 240 249 254 256 275 343 404 429 451 461 465 479 482 487 503 506 609 635 648 675 
9 27 55 64 70 103 123 124 152 157 221 225 226 250 352 358 381 411 413 426 463 489 506 510 520 555 571 583 585 600 603 617 624 635 641 654 667 681 683 
10 24 30 49 66 74 103 108 153 272 288 348 398 548 649 
10 33 92 114 120 178 200 255 257 281 294 313 326 348 452 454 509 525 539 622 685 
10 23 46 60 93 96 105 117 119 154 158 161 197 204 208 233 244 268 277 283 296 299 335 341 354 413 422 430 441 442 443 462 466 515 550 623 624 638 643 680 
11 21 51 99 101 178 211 216 222 250 254 272 277 282 300 327 348 370 371 415 433 455 460 469 496 497 502 505 521 531 553 572 622 630 631 644 686 696 
11 39 46 54 60 67 69 136 140 184 231 246 258 267 272 284 290 308 334 355 368 386 418 428 470 477 483 527 563 565 573 581 584 609 616 640 672 695 
11 56 58 100 123 152 199 203 206 211 214 218 235 313 341 346 381 391 400 427 450 528 539 546 549 606 687 688 
12 44 65 107 115 129 139 174 176 205 283 355 367 491 505 691 
13 54 98 111 132 169 222 273 278 301 357 374 377 380 411 415 460 465 484 535 544 553 559 570 584 596 626 648 673 
14 15 22 57 94 105 128 135 154 155 196 253 261 336 342 390 409 431 461 475 486 490 498 499 500 583 586 599 635 666 682 686 700 
15 18 20 28 47 69 149 160 163 164 166 167 241 263 274 292 328 340 350 374 388 423 424 434 439 449 466 470 475 504 518 553 560 563 575 638 641 642 649 690 
18 35 67 160 170 224 233 247 254 286 287 289 338 352 363 374 390 392 396 525 527 529 534 541 574 587 595 607 652 660 687 
18 42 186 212 227 234 290 291 293 360 369 388 402 427 439 493 534 594 595 672 
19 25 38 41 51 56 81 83 86 138 153 228 259 263 287 298 311 411 414 448 466 473 522 569 588 589 606 610 634 637 661 674 
22 46 60 79 85 125 175 177 202 243 261 262 283 323 325 332 339 346 358 366 404 409 473 481 491 504 508 539 570 574 580 601 626 665 676 688 
25 87 118 182 219 302 333 367 384 397 412 505 509 540 554 567 576 594 620 631 678 695 
28 77 97 106 134 161 189 319 320 324 341 347 379 404 409 440 484 530 576 625 
29 41 76 104 111 116 159 204 342 400 407 412 431 556 568 
32 88 106 119 123 142 157 178 187 192 239 246 270 288 325 337 340 363 393 410 440 480 482 488 504 538 560 567 613 621 624 678 
34 38 90 95 137 154 189 221 239 242 251 296 299 336 357 377 388 444 476 557 601 648 674 684 
36 57 126 144 145 150 170 207 230 232 248 264 317 364 410 421 503 543 574 577 625 
43 45 79 112 124 151 153 157 169 175 217 260 277 278 314 407 420 423 428 444 446 473 475 532 548 555 593 613 626 683 700 
43 83 114 121 126 205 215 290 304 346 355 366 405 406 458 507 511 525 573 579 630 646 659 664 684 685 
52 93 111 138 171 179 180 181 230 295 305 318 323 332 337 339 349 389 401 406 447 455 480 485 519 551 568 590 591 615 619 636 645 668 676 679 693 
53 59 70 77 89 96 137 150 159 186 223 231 238 258 264 287 299 304 310 376 398 416 424 434 457 486 516 517 527 530 545 547 562 589 618 653 
81 114 120 133 182 194 215 229 241 320 378 410 431 432 461 474 578 592 631 664 667 683 691 
81 112 126 142 145 183 220 259 269 285 311 351 359 383 408 419 481 512 513 634 647 651 661 676 694 
83 110 141 156 183 188 189 236 265 367 375 447 459 489 493 526 535 577 620 639 644 665 686 687 689 
96 100 142 192 196 203 233 241 266 315 344 395 398 436 477 480 542 560 568 595 
140 156 198 199 204 211 263 323 337 358 373 444 451 477 483 506 511 518 529 543 633 
