1 322 259 453 198 684 397 208 84 500 180 122 
449 642 163 164 292 166 167 328 263 638 47 274 563 20 149 690 350 575 
388 402 534 672 290 291 293 42 427 439 186 594 595 212 227 360 234 493 369 
422 71 105 329 523 201 205 335 495 657 17 561 692 598 438 56 
578 194 229 133 631 683 461 378 431 432 241 474 592 182 215 664 410 667 
2 650 266 654 406 425 48 697 58 700 63 209 471 343 602 228 486 368 372 628 
492 396 399 113 658 531 633 597 470 62 345 666 190 669 542 
3 165 199 169 362 556 655 464 245 213 437 185 698 671 
264 144 145 150 543 36 421 170 57 317 574 207 230 232 364 625 503 248 126 
481 131 423 136 73 297 555 494 601 501 309 183 280 313 604 191 
640 386 646 11 267 659 405 284 418 39 46 304 308 565 184 573 67 69 581 458 334 346 616 366 121 507 
514 4 612 330 670 109 591 82 403 276 252 382 31 
385 641 393 394 270 663 538 32 417 37 168 435 699 321 583 331 332 340 472 88 483 613 488 489 621 239 246 119 504 511 
544 673 98 132 648 553 584 13 301 559 273 626 596 54 278 377 380 415 
353 610 361 491 428 15 528 303 146 627 529 566 413 632 316 445 478 
262 134 530 404 409 28 161 177 440 319 320 324 580 202 77 85 347 97 484 106 379 508 125 
5 269 533 662 536 26 552 570 579 72 75 460 210 468 608 99 485 357 630 
130 162 6 7 40 518 358 172 620 465 50 147 469 502 373 91 
387 8 271 16 656 148 677 173 306 564 312 61 68 456 78 605 356 614 365 623 243 629 250 
101 327 521 300 696 496 433 497 211 371 21 51 370 216 282 572 222 
611 195 325 582 102 171 524 140 558 143 80 339 467 307 279 537 218 
520 9 27 157 681 426 55 571 64 585 463 600 603 221 225 226 617 123 510 
256 275 675 429 187 193 451 203 479 609 482 487 237 240 249 506 635 254 127 
389 645 519 401 668 679 551 295 305 179 52 181 693 318 447 323 455 590 337 93 349 615 619 636 
288 66 548 103 649 10 74 108 398 272 49 24 153 348 30 
515 643 268 277 23 158 550 680 430 441 442 443 60 197 462 466 354 624 244 117 
257 33 452 326 294 200 454 685 622 525 178 114 120 281 539 92 509 255 
577 644 265 459 236 141 526 686 110 689 188 83 639 535 665 156 189 375 
450 546 549 391 235 206 400 688 341 214 152 381 
65 129 355 107 12 44 139 174 176 367 115 691 505 283 
390 392 652 527 18 660 541 286 160 289 35 687 587 338 607 352 224 363 374 247 
128 196 261 135 586 490 682 14 336 498 499 22 599 475 155 253 94 
512 513 419 676 647 359 383 651 81 661 694 311 408 634 220 285 351 
34 444 674 154 296 137 299 557 242 90 251 476 95 
448 414 38 298 522 588 138 589 569 19 86 25 411 637 606 
258 516 517 653 287 416 545 547 424 562 434 53 310 59 70 457 89 223 231 618 238 376 
395 142 407 412 29 159 41 560 436 568 315 192 76 204 342 344 477 96 480 100 104 233 111 116 
384 576 567 678 695 554 333 302 118 87 219 540 
260 420 43 473 45 79 112 593 175 532 151 217 314 124 446 
