7 42 59 65 75 78 82 86 91 98 100 102 120 122 144 148 153 163 169 178 188 190 196 199 206 208 214 217 227 237 246 257 259 274 275 276 286 288 290 296 304 327 330 336 346 350 355 361 369 373 380 385 388 398 402 405 409 420 430 431 436 437 441 448 461 466 477 483 485 488 507 521 537 539 540 549 572 577 582 586 621 622 637 640 643 650 661 669 675 683 685 694 699 
26 33 57 72 78 87 88 95 108 132 140 142 165 168 175 176 180 184 187 189 229 264 283 328 333 357 380 393 398 407 416 420 423 436 499 517 526 532 554 565 566 589 603 621 633 635 646 650 661 668 675 681 685 689 
25 26 33 39 40 57 65 72 76 87 88 95 96 107 108 109 122 125 134 137 150 163 165 175 176 178 184 187 188 189 255 258 262 264 272 275 283 284 295 300 328 329 332 349 350 373 386 393 396 399 411 412 413 436 441 465 475 478 497 499 500 501 502 503 511 517 522 523 532 540 541 546 558 575 580 589 591 603 621 633 642 658 668 672 681 682 683 696 
17 22 53 65 68 87 89 94 97 101 104 106 136 139 146 154 156 166 202 213 216 221 235 239 246 251 252 258 261 267 288 293 301 317 328 338 339 342 343 348 351 352 353 365 366 378 386 387 405 416 417 421 424 425 433 434 442 462 464 476 492 495 505 509 516 519 527 532 555 572 579 583 595 610 611 621 622 626 629 635 644 651 652 659 662 663 668 683 693 700 
6 20 21 24 30 34 37 42 45 46 50 51 77 89 91 92 101 103 104 110 112 115 127 133 138 141 145 157 161 164 169 171 177 179 180 181 183 185 186 189 193 194 200 202 212 219 221 223 228 231 232 237 238 241 249 250 256 266 268 269 270 280 284 287 293 298 301 304 305 315 325 331 334 337 338 341 344 353 355 360 365 366 367 369 372 383 385 394 396 397 406 408 410 412 423 425 445 448 450 452 455 457 458 468 476 478 482 486 488 489 491 494 515 516 517 520 526 528 533 535 542 545 548 550 555 556 561 562 564 567 568 579 583 586 588 600 611 613 617 623 624 628 629 630 631 636 642 644 647 648 653 654 663 668 670 671 683 687 690 697 
4 11 41 58 69 70 84 109 113 117 131 135 138 149 152 155 158 173 180 183 184 193 194 205 225 231 236 237 256 269 278 282 284 289 291 302 304 315 322 327 358 360 366 371 372 392 400 403 405 408 410 427 429 431 439 442 443 444 445 448 449 450 458 478 481 486 489 494 495 509 510 513 517 518 527 530 534 535 538 540 543 551 556 560 567 568 570 588 592 593 596 597 612 628 631 647 653 658 661 669 670 671 689 691 700 
17 66 90 94 97 105 114 118 138 140 152 172 174 180 184 193 196 209 223 225 231 236 237 253 279 284 289 304 309 315 322 357 362 363 374 393 405 408 410 418 442 449 458 461 468 469 474 479 487 489 490 493 496 499 507 510 517 523 526 527 535 547 555 566 568 574 576 584 591 596 607 612 623 639 640 651 653 664 672 676 677 678 681 686 
21 35 49 60 83 91 101 103 104 115 119 126 141 161 195 200 208 212 217 219 221 230 251 257 262 263 265 280 281 287 297 299 321 337 338 351 365 368 370 377 396 402 406 410 412 416 419 422 452 501 508 515 516 555 561 562 574 579 611 619 626 651 684 690 
21 36 48 52 54 55 56 61 81 91 92 107 121 143 162 164 170 171 184 197 201 220 226 255 273 278 292 308 314 323 335 344 346 359 365 384 390 398 412 426 455 460 469 470 471 478 494 528 536 541 544 545 552 553 559 570 578 579 585 590 593 595 598 604 610 616 618 645 651 654 657 660 664 665 673 692 
2 7 15 30 37 42 56 63 79 81 86 91 102 117 120 126 143 158 162 167 169 170 190 194 197 199 201 206 208 220 226 227 259 266 276 286 296 304 314 323 336 344 346 355 368 369 384 385 409 417 426 437 448 460 461 471 477 487 488 522 528 539 570 577 578 582 590 593 604 621 622 628 633 645 654 657 660 678 686 687 
35 49 60 62 83 85 119 123 126 150 152 195 208 230 244 251 255 257 262 263 281 287 297 299 303 368 370 377 378 404 413 416 419 422 433 458 469 470 476 501 502 507 508 510 537 568 577 579 591 598 619 626 639 654 684 690 693 
6 8 21 24 27 30 41 45 73 77 79 80 87 92 96 99 102 106 116 123 125 127 136 142 143 151 155 157 159 167 186 194 206 210 216 217 220 222 223 224 226 227 235 242 249 250 253 260 261 266 269 270 272 295 301 303 310 319 332 334 337 342 343 344 350 359 364 367 378 383 385 392 394 399 401 403 406 408 420 423 424 428 430 431 435 441 444 447 448 454 455 462 464 472 473 476 478 491 492 495 497 499 509 511 520 526 532 544 554 556 558 563 569 571 574 575 577 580 583 585 587 594 610 617 620 623 625 629 635 644 646 654 655 658 662 666 679 682 685 686 690 693 695 696 699 
4 11 17 58 66 73 78 84 90 99 118 130 138 149 152 169 173 174 180 184 193 196 198 205 207 209 223 225 228 231 236 237 244 253 262 279 284 289 302 304 306 315 328 357 363 366 368 371 372 374 405 408 410 433 436 442 443 449 458 468 472 478 487 489 490 493 494 507 510 517 518 526 527 530 534 535 559 566 568 573 576 577 581 582 584 587 591 596 603 607 612 624 647 651 653 654 661 663 664 667 668 677 686 691 700 
16 22 38 40 53 60 64 68 85 94 106 123 129 134 136 139 146 147 154 156 157 182 191 206 211 213 220 227 228 235 239 242 249 252 261 309 310 313 316 327 328 335 339 342 343 352 359 385 386 389 395 421 434 462 463 464 492 495 506 509 515 520 521 525 529 542 546 569 608 614 623 635 641 644 646 652 659 662 682 687 690 693 700 
16 34 38 40 60 64 129 138 147 180 182 183 191 206 211 228 239 250 309 367 385 395 397 408 456 463 482 489 506 515 520 521 525 529 535 542 608 610 614 623 631 641 652 659 682 687 690 
27 30 38 58 61 69 85 130 143 145 149 151 173 198 205 207 215 222 224 228 245 256 260 265 266 285 299 302 321 327 341 344 364 371 372 379 392 406 422 430 439 440 444 479 489 530 534 556 560 571 574 577 587 592 593 594 597 605 612 618 623 646 647 655 656 658 666 667 669 679 691 
1 3 13 15 18 19 26 31 33 37 39 44 48 55 57 62 63 67 70 71 72 73 86 87 88 89 93 95 97 106 108 109 110 113 117 118 123 126 127 132 135 138 140 150 152 155 158 164 165 168 169 172 175 176 187 189 190 191 192 194 204 209 212 223 228 233 236 244 248 254 255 256 257 259 262 264 265 268 269 271 277 278 281 283 284 289 291 292 298 301 303 306 312 316 317 320 321 322 324 326 331 333 337 341 347 351 353 354 358 363 366 367 372 375 376 377 378 385 392 393 394 397 400 404 407 413 414 416 417 418 422 423 427 429 431 433 437 439 442 445 446 448 449 450 453 456 458 459 465 469 470 472 473 474 476 478 480 481 486 489 493 496 499 501 502 503 507 509 510 512 513 514 519 523 524 527 532 535 538 543 547 548 549 554 555 556 557 559 565 567 568 573 574 577 579 582 588 591 594 595 596 598 599 600 603 606 612 613 615 621 624 628 630 633 639 642 647 648 649 651 654 656 668 670 672 676 677 681 683 689 690 694 
59 81 99 104 105 111 121 124 128 140 153 160 170 181 196 197 200 201 214 242 243 262 271 279 282 288 292 293 307 309 310 323 335 338 340 346 350 351 366 368 384 390 433 438 458 459 463 471 476 483 484 499 516 518 520 528 532 536 540 563 570 573 578 579 583 587 590 607 611 616 618 634 635 638 640 643 650 657 660 669 670 680 683 692 695 
3 13 26 33 34 39 49 50 71 83 85 93 95 106 108 112 119 123 132 133 140 145 165 168 175 177 179 180 185 187 189 195 212 230 232 238 251 263 264 266 281 283 287 297 299 305 307 317 320 325 328 333 337 360 368 370 385 412 414 416 419 422 429 436 457 478 482 520 535 537 549 550 554 564 565 588 596 603 619 621 624 626 631 670 671 681 684 689 697 
2 5 7 20 30 41 42 48 52 54 56 61 63 73 74 79 81 84 89 97 100 101 102 104 116 117 120 123 131 143 144 152 158 159 162 167 169 170 171 173 184 190 197 199 201 202 203 206 208 210 217 220 223 226 227 256 257 266 267 273 274 276 286 290 291 293 296 301 308 314 317 322 323 327 333 335 336 338 346 351 355 359 361 365 368 369 371 378 381 384 398 400 401 402 403 406 409 414 417 424 426 427 428 429 430 431 433 437 443 447 448 454 456 458 460 461 466 469 471 472 477 478 481 488 491 494 514 516 518 521 522 526 528 534 536 537 538 539 544 545 549 552 553 555 556 560 570 577 578 579 582 583 585 590 592 593 597 604 610 611 616 618 620 622 629 630 633 635 636 637 640 643 645 654 657 658 660 663 664 665 667 673 683 685 687 691 692 695 699 
22 53 68 106 134 136 139 146 154 156 213 235 239 252 261 286 313 316 327 335 339 342 343 352 368 373 386 389 421 434 439 461 462 464 492 495 509 519 527 546 595 622 626 644 652 659 662 672 693 700 
5 27 38 48 52 56 58 69 77 81 84 96 99 109 114 115 116 130 131 143 149 152 157 162 164 170 172 173 193 197 198 201 203 205 207 209 220 222 224 225 226 231 244 260 262 271 285 289 300 302 308 314 323 327 332 344 346 359 364 366 368 370 371 377 378 384 392 396 398 399 408 409 412 423 426 433 440 442 443 444 449 458 460 469 471 474 478 494 496 497 500 503 509 510 511 518 522 523 527 528 530 534 536 538 547 551 560 561 568 570 571 573 574 575 577 578 580 587 588 590 592 593 594 596 597 598 604 610 612 623 633 636 645 646 654 655 657 658 660 661 666 667 669 672 673 676 679 680 682 691 
23 36 49 55 84 91 99 105 111 121 124 128 140 160 174 181 186 196 200 205 234 240 242 243 250 254 256 272 279 282 292 294 306 307 309 340 348 356 358 361 366 367 371 376 378 390 392 411 438 455 459 463 472 484 499 508 512 518 520 536 545 547 553 557 559 563 590 606 607 612 616 617 618 624 627 634 638 650 651 669 670 677 680 692 698 
8 23 27 31 38 40 41 55 61 63 67 69 70 76 79 84 96 97 99 109 110 113 114 125 130 131 136 137 143 151 159 165 172 173 184 186 188 192 193 194 198 203 204 205 206 207 209 210 215 220 222 227 228 244 248 250 253 260 262 265 268 269 272 277 282 285 295 298 300 301 302 310 313 317 318 319 321 324 326 327 329 331 332 337 341 342 344 349 354 359 364 372 375 378 383 392 396 397 399 401 403 406 411 418 422 424 426 428 431 435 440 441 443 444 445 447 449 450 453 454 455 469 472 474 475 481 486 488 491 493 496 497 499 500 503 511 513 519 523 524 526 530 533 534 538 540 541 542 546 547 548 551 554 556 557 558 560 564 567 568 569 571 573 574 575 577 580 585 587 592 593 594 597 599 600 606 610 612 615 617 620 623 625 627 629 630 635 642 643 645 646 647 648 649 651 655 658 661 666 667 672 674 676 679 682 685 691 694 695 696 
26 33 39 43 57 65 72 80 85 86 87 88 92 108 123 127 159 165 166 167 172 175 176 177 179 180 181 183 184 187 189 194 216 232 235 238 246 257 258 264 267 270 283 285 303 310 313 335 345 348 353 359 368 382 386 387 389 391 393 394 401 415 417 422 423 425 435 436 445 447 451 454 456 464 467 476 487 498 499 505 517 532 533 536 538 586 589 597 599 603 604 607 608 609 612 617 621 625 633 635 646 661 662 668 671 672 673 681 684 689 693 695 697 
25 32 50 52 73 75 79 80 82 93 100 112 122 133 145 148 159 163 167 177 178 179 185 196 210 217 237 241 266 274 275 305 309 310 319 325 337 350 360 361 373 381 385 401 402 403 424 428 430 435 447 454 457 466 471 472 478 483 491 507 521 522 537 549 550 564 565 569 577 582 589 610 611 620 624 625 626 631 633 634 635 636 637 640 643 650 661 671 689 695 697 699 
1 10 15 24 40 63 70 74 76 84 96 103 109 111 117 124 125 131 135 137 149 158 165 177 181 186 188 198 203 204 205 207 212 233 241 242 243 248 256 257 268 271 272 277 278 279 291 294 295 298 300 302 313 316 317 318 322 327 328 329 331 332 340 345 349 353 358 360 366 375 378 390 399 400 403 413 414 417 427 428 429 443 453 456 475 480 489 497 500 509 511 514 519 523 524 526 535 538 540 541 542 543 546 548 550 551 558 560 563 565 567 573 575 592 597 599 602 615 618 634 637 638 642 646 658 669 674 677 682 691 696 
28 29 37 41 46 48 52 58 70 74 84 94 109 110 112 113 129 131 136 144 149 153 155 164 173 181 183 190 193 198 203 205 207 214 228 241 242 249 256 257 258 279 282 302 305 327 341 356 362 366 371 379 381 397 431 439 440 443 445 450 479 481 483 484 486 498 499 504 513 527 534 540 551 554 556 560 563 567 570 576 581 583 586 588 592 597 600 601 605 628 630 635 636 646 647 648 658 661 663 667 669 691 693 694 
14 49 59 65 78 85 86 98 105 107 111 121 124 128 130 134 136 142 153 160 167 171 174 181 194 214 220 224 229 241 242 243 260 271 272 273 279 282 288 292 296 307 308 309 312 330 335 340 361 377 379 380 381 385 388 390 398 404 405 407 411 420 430 438 441 442 444 459 460 463 473 483 484 485 499 504 509 518 520 530 540 544 545 552 553 554 556 563 569 571 573 577 585 593 595 598 607 616 618 624 625 634 638 639 640 646 650 656 661 663 665 669 671 673 675 680 685 692 
23 25 32 38 67 75 82 97 99 100 107 114 122 147 148 150 161 163 172 178 183 191 192 201 209 217 223 232 233 244 250 262 270 274 275 297 309 312 321 326 334 337 344 350 354 361 367 373 383 394 399 402 418 422 423 424 452 455 458 465 466 468 469 474 478 488 491 493 496 501 503 520 521 523 530 537 544 546 547 562 564 573 574 582 587 589 594 617 623 633 637 640 642 643 649 672 676 686 696 699 
10 34 50 63 65 104 112 133 166 177 179 180 181 185 202 204 212 216 233 238 241 246 248 258 266 267 268 272 277 288 293 294 298 300 301 304 305 313 318 325 328 331 335 345 348 351 353 360 365 366 368 375 382 383 385 386 387 391 405 410 417 422 425 433 451 453 457 467 476 479 480 482 487 491 505 517 518 519 524 526 533 536 542 548 550 555 558 564 579 583 589 599 608 611 615 624 626 629 631 636 642 652 654 663 671 674 678 681 683 686 697 
10 31 34 37 41 45 50 52 57 70 77 86 88 95 108 109 110 113 127 128 145 149 155 164 165 175 176 177 179 180 183 184 185 189 193 194 212 219 223 241 250 258 260 264 266 269 270 282 283 287 301 305 324 325 334 340 341 354 360 367 372 383 385 393 394 397 410 413 416 423 427 431 436 439 445 447 448 450 455 457 481 486 502 513 517 526 532 533 535 544 547 556 559 564 567 586 588 600 613 617 621 623 624 628 630 631 647 648 658 667 668 670 671 673 679 680 681 689 690 694 697 
27 30 43 65 69 130 145 151 159 164 166 167 173 183 193 194 215 216 222 224 232 237 238 246 258 260 265 267 269 285 299 300 302 310 313 319 335 345 348 353 364 372 382 383 386 387 391 401 406 410 417 422 423 425 430 435 439 440 444 451 454 467 472 473 499 505 513 530 533 536 569 571 577 587 589 594 608 610 612 621 623 625 655 666 679 695 
23 47 53 68 78 94 126 133 134 139 145 168 176 177 186 213 218 235 239 241 245 247 261 265 269 270 272 282 283 285 290 303 305 311 313 316 317 324 325 338 339 341 343 352 360 373 375 381 383 389 397 408 413 415 427 431 432 434 439 448 457 462 463 464 481 482 486 492 495 498 513 531 536 538 545 550 552 564 572 586 600 602 604 605 609 615 624 630 631 632 634 636 644 645 647 648 652 659 662 671 677 678 688 693 694 697 700 
47 78 85 89 94 101 104 121 126 134 153 168 202 214 218 221 238 245 247 262 265 267 269 272 283 285 288 290 293 301 311 317 322 328 338 339 343 351 353 365 366 378 380 381 385 388 389 398 405 415 420 426 432 433 438 441 462 476 479 482 483 495 498 508 516 518 531 532 536 552 555 572 573 576 578 579 583 586 590 601 602 605 607 609 611 629 632 639 654 657 663 678 683 688 690 
12 28 29 59 66 78 85 90 94 118 124 129 134 140 142 144 153 188 196 214 227 229 238 241 245 247 249 260 288 307 310 311 328 330 343 356 357 359 362 363 374 379 380 381 385 388 389 398 407 420 433 441 442 462 467 468 473 479 483 485 487 490 498 504 518 531 536 540 554 566 571 572 576 581 601 602 605 609 612 618 632 636 638 645 646 650 663 664 669 675 677 678 679 685 686 688 693 697 
9 23 34 36 47 55 85 94 112 134 174 209 218 234 238 240 241 245 247 254 265 269 270 290 294 303 305 306 307 311 316 317 342 343 348 356 376 379 381 389 392 408 415 432 458 459 468 472 474 482 483 485 494 498 508 512 516 518 531 533 535 536 538 547 554 557 559 563 565 572 583 586 602 605 606 609 615 620 627 632 636 638 649 651 656 660 670 671 678 688 697 698 
