1 15 24 117 123 135 158 257 271 278 291 316 317 322 358 400 417 427 429 456 509 514 535 538 543 
2 7 20 38 42 74 86 91 102 120 126 143 169 190 199 206 208 227 257 259 276 286 296 336 355 368 369 409 417 437 448 461 477 488 522 539 621 622 
3 13 71 85 93 123 132 140 168 232 281 320 333 337 414 549 554 565 670 689 
4 11 138 152 180 193 225 228 231 236 237 284 289 304 315 372 405 408 410 442 449 458 478 489 510 517 518 526 527 535 568 596 612 651 653 654 
5 48 52 56 81 116 162 170 184 197 201 220 226 314 323 344 346 368 384 426 460 471 494 522 528 536 570 578 590 593 604 633 645 654 657 660 
6 24 45 77 92 127 183 186 223 250 270 334 367 383 394 423 448 455 478 520 526 532 544 556 617 690 
8 40 76 96 125 137 188 206 262 271 272 295 300 329 332 349 399 411 475 497 500 511 526 540 541 546 558 575 580 623 658 682 696 
9 23 36 55 174 234 240 254 294 306 376 392 459 508 512 557 559 606 627 651 698 
10 31 37 52 70 86 110 113 155 164 183 184 186 194 257 269 282 324 341 383 397 431 439 445 448 450 481 486 513 567 586 588 600 628 630 647 648 658 694 
10 63 204 212 233 248 268 277 298 313 317 318 328 331 353 375 453 480 519 524 542 548 599 615 642 674 
10 46 48 58 74 84 109 131 149 173 198 203 205 207 228 256 302 327 371 372 378 392 443 534 540 551 556 560 592 597 636 646 658 661 663 667 669 691 
12 28 29 129 144 241 249 356 362 379 407 479 504 581 601 
14 59 78 86 98 116 121 142 153 188 214 227 229 288 330 376 380 385 388 398 405 407 420 441 473 483 485 540 554 646 650 661 663 669 675 685 
16 22 46 53 68 94 106 123 136 139 146 154 156 213 227 235 239 252 261 313 316 339 342 343 352 421 434 439 462 464 492 495 509 595 644 652 659 662 693 700 
16 38 60 64 147 182 191 206 211 228 385 395 506 520 525 529 614 623 641 687 690 
16 46 49 91 105 111 121 124 128 160 181 186 188 242 243 272 279 292 307 309 335 340 372 390 438 463 484 499 518 520 554 563 607 618 634 638 651 669 670 680 
17 66 90 94 118 140 196 253 357 363 374 468 487 490 507 566 576 584 664 677 686 
18 19 35 44 48 62 85 140 150 255 271 303 312 347 376 377 404 407 413 446 465 470 473 501 502 507 509 556 591 595 598 613 639 656 
20 34 50 112 133 145 177 179 185 212 238 241 266 305 325 337 360 385 457 491 535 550 564 624 631 636 670 671 697 
20 21 41 73 79 80 107 116 159 167 210 249 310 319 359 378 383 401 403 406 424 428 430 435 447 454 472 473 491 499 507 544 569 577 610 620 625 635 646 695 
21 52 54 61 107 121 171 273 308 335 544 545 552 553 585 593 595 616 665 673 692 
21 24 30 51 91 103 115 141 157 161 200 208 212 219 232 249 280 344 396 410 412 452 515 517 561 562 586 690 
23 67 97 99 114 172 192 209 244 262 309 321 326 354 418 422 469 474 493 496 503 523 547 573 574 649 672 676 
23 47 85 94 134 168 218 238 241 245 247 265 272 290 311 316 317 381 389 415 432 482 498 508 531 536 552 572 586 602 605 609 632 636 678 688 
25 32 49 75 82 100 107 122 126 148 163 178 217 274 275 309 337 350 361 373 377 392 402 430 466 478 491 521 522 537 577 582 633 637 640 643 699 
26 33 39 57 72 74 87 88 95 108 165 168 175 176 184 187 189 264 283 328 393 416 436 517 532 603 621 633 661 668 681 
27 35 38 69 130 143 151 215 222 224 260 285 344 364 430 439 440 444 530 571 577 587 593 594 623 655 666 679 
35 49 83 119 126 195 208 230 251 263 287 297 299 368 370 377 416 419 422 508 619 626 684 
43 65 166 183 216 232 238 246 258 313 335 345 348 353 382 386 387 391 410 417 422 425 451 467 499 505 533 536 589 608 621 
89 101 104 143 202 221 262 267 293 301 328 338 351 353 365 366 378 405 416 433 476 516 518 532 552 555 579 583 611 629 654 663 683 
