# The contained cliques in the communities at k=4
# from C:\Users\gerard\Downloads\CFinderWinLinux\CFinder-2.0.6--1448\C:\Users\gerard\Downloads\CFinderWinLinux\CFinder-2.0.6--1448\demo_files\protein-protein_graph_DIP_yeast_core.txt
# at no lower link weight threshold,
# and at no upper link weight threshold.
# Links were treated as undirected.
# No time limit was set for the clique search.

0: 150 
1: 163 666 354 355 
2: 191 
3: 210 558 691 1040 1038 391 1037 1039 692 
4: 213 214 215 
5: 219 408 
6: 228 1190 1237 1235 1236 547 
7: 234 910 909 
8: 241 
9: 256 598 
10: 267 
11: 270 
12: 280 
13: 284 1269 746 749 1051 1251 1252 1268 1270 1271 1272 1358 1052 413 1359 948 949 1294 1386 947 950 1106 1388 1104 1105 1296 768 1389 736 737 1304 1303 1387 1295 1277 
14: 285 
15: 294 467 
16: 302 303 
17: 314 918 433 706 
18: 319 587 620 744 943 1273 1374 588 589 590 621 745 944 1131 1132 619 366 729 743 800 942 998 1373 1122 
19: 320 638 324 325 569 639 1080 
20: 329 
21: 330 
22: 332 976 
23: 333 981 1284 418 679 1314 878 876 877 449 787 1414 654 979 653 515 652 978 514 
24: 335 879 513 1150 512 882 991 990 1092 440 1089 441 1090 852 853 854 881 884 1091 1362 549 883 1412 550 643 1148 1149 1316 1135 938 939 940 1136 1137 583 584 1138 
25: 351 352 
26: 356 357 
27: 360 361 1101 
28: 362 
29: 370 371 1243 372 1244 1000 1120 1173 
30: 388 548 685 906 907 
31: 393 394 1049 1128 1254 912 1047 1050 1129 1256 1048 1192 1255 911 1253 702 701 
32: 398 1392 437 1197 1391 1393 1394 1193 1198 676 1019 1164 1165 1194 1195 1238 1390 677 1020 1119 1022 1021 1109 1196 1348 1346 1347 1166 1172 1239 1168 1169 1240 1241 1234 1233 785 1230 786 784 778 1017 1158 1162 779 
33: 400 1261 958 962 1073 1075 1077 1262 1279 1281 1282 1290 959 960 963 1074 1291 1280 1076 1078 1079 771 759 929 966 1265 1417 1428 492 579 760 965 1264 1267 1307 1321 1322 1323 1327 1343 1356 1357 1410 1418 1429 493 580 1057 1058 1059 1060 1332 1409 761 1266 1283 1325 1328 1329 1342 1344 1324 1330 1215 931 
34: 404 405 1160 1161 1012 1013 519 520 671 672 1098 1099 
35: 406 407 
36: 420 
37: 426 592 594 591 930 
38: 442 
39: 444 
40: 454 
41: 457 
42: 461 789 790 791 792 1028 1301 1030 1034 1029 628 844 847 1027 1033 629 845 848 1300 1298 1031 1299 1032 1302 
43: 463 
44: 468 
45: 471 1217 1218 1354 1222 1351 1352 1401 753 857 956 1220 1221 1385 1219 751 954 1382 1399 1402 1066 1207 1208 1400 1431 832 1065 809 1187 1185 1209 1404 
46: 494 495 
47: 518 1093 1007 
48: 521 539 867 
49: 555 689 1042 1043 
50: 586 
51: 597 687 
52: 604 605 
53: 606 607 726 727 728 
54: 613 614 
55: 617 618 974 975 
56: 626 627 
57: 631 775 805 
58: 633 
59: 635 637 636 
60: 640 818 819 
61: 648 649 993 994 
62: 675 777 
63: 688 799 
64: 693 694 695 863 864 865 735 696 
65: 707 708 807 
66: 740 742 1069 969 
67: 756 757 758 
68: 762 763 
69: 765 766 920 921 
70: 767 
71: 770 
72: 810 811 1202 1203 924 922 
73: 813 814 815 816 
74: 858 925 927 
75: 859 860 861 862 
76: 887 888 
77: 890 891 892 893 899 1110 1111 1112 1026 1227 1228 1113 1114 
78: 934 952 
79: 995 996 1288 1139 
80: 999 
81: 1229 1377 
