0	1	3
0	2	8
0	3	5
0	4	2
0	5	2
0	6	13
0	7	3
0	8	7
0	9	3
0	10	2
0	11	4
0	12	3
0	14	4
0	15	4
0	16	8
0	17	3
0	18	1
0	20	3
0	21	4
0	22	1
0	23	2
0	24	6
0	25	1
0	26	3
0	27	6
0	28	2
0	29	2
0	30	1
0	31	5
0	32	5
0	33	5
0	34	2
0	35	3
0	36	2
0	37	2
0	38	1
0	39	3
0	40	6
0	42	3
0	43	2
0	44	3
0	45	2
0	46	2
0	47	2
0	48	3
0	49	4
0	51	6
0	52	7
0	53	11
0	54	2
0	55	1
0	56	3
0	57	1
0	58	2
0	59	3
0	60	3
0	61	4
0	62	5
0	63	5
0	64	2
0	65	5
0	66	5
0	67	4
0	68	4
0	69	1
0	70	3
0	72	3
0	73	4
0	74	10
0	75	2
0	76	1
0	77	2
0	78	8
1	3	4
1	4	1
1	5	5
1	6	1
1	8	6
1	9	1
1	10	5
1	11	2
1	12	3
1	13	3
1	14	4
1	15	6
1	16	1
1	17	2
1	18	2
1	19	1
1	20	3
1	21	6
1	22	4
1	23	3
1	25	4
1	26	6
1	27	8
1	29	1
1	30	7
1	31	3
1	32	3
1	33	6
1	34	3
1	35	1
1	36	3
1	37	3
1	38	4
1	39	1
1	40	2
1	41	2
1	43	2
1	44	5
1	48	5
1	49	4
1	50	3
1	51	5
1	52	5
1	53	3
1	54	2
1	56	1
1	57	2
1	58	1
1	60	1
1	61	3
1	62	4
1	63	5
1	64	2
1	65	2
1	66	2
1	67	5
1	68	6
1	69	1
1	70	6
1	71	2
1	73	5
1	74	1
1	75	7
1	76	1
1	77	1
1	78	1
2	3	3
2	4	3
2	5	5
2	6	4
2	8	1
2	9	5
2	10	1
2	11	3
2	12	6
2	13	1
2	14	6
2	15	2
2	16	8
2	18	1
2	19	1
2	20	2
2	21	4
2	22	4
2	23	1
2	24	1
2	25	4
2	26	3
2	27	4
2	28	2
2	30	2
2	31	2
2	32	5
2	33	2
2	34	1
2	35	3
2	36	2
2	37	1
2	38	2
2	40	2
2	41	2
2	42	4
2	44	4
2	46	3
2	47	1
2	48	3
2	49	5
2	50	4
2	51	2
2	52	5
2	53	4
2	54	2
2	55	5
2	56	4
2	57	5
2	58	3
2	59	2
2	61	4
2	63	6
2	65	1
2	66	3
2	67	6
2	68	1
2	69	5
2	70	2
2	72	3
2	73	1
2	74	2
2	75	2
2	77	4
2	78	4
3	4	3
3	5	10
3	6	2
3	7	1
3	8	7
3	9	7
3	10	5
3	11	1
3	12	6
3	13	1
3	14	3
3	15	6
3	16	2
3	17	6
3	18	3
3	19	1
3	20	3
3	21	6
3	22	7
3	23	5
3	24	3
3	25	2
3	26	4
3	27	2
3	28	6
3	29	2
3	30	3
3	31	9
3	32	4
3	33	3
3	34	4
3	35	5
3	36	2
3	37	2
3	38	3
3	39	3
3	40	7
3	42	8
3	43	4
3	44	5
3	45	1
3	46	3
3	47	5
3	48	7
3	49	3
3	50	4
3	51	3
3	52	1
3	53	3
3	54	3
3	55	1
3	56	4
3	57	4
3	58	8
3	59	4
3	60	5
3	61	6
3	62	4
3	63	3
3	65	3
3	66	4
3	67	4
3	68	10
3	69	3
3	70	6
3	71	3
3	72	1
3	73	11
3	74	5
3	75	3
3	77	3
4	5	4
4	6	5
4	7	7
4	8	3
4	9	4
4	10	5
4	11	2
4	12	5
4	13	1
4	14	3
4	15	9
4	16	3
4	17	1
4	18	1
4	19	1
4	20	2
4	21	5
4	22	7
4	23	3
4	24	2
4	25	3
4	26	2
4	27	1
4	28	2
4	29	1
4	30	5
4	31	5
4	32	4
4	33	4
4	34	2
4	35	3
4	36	2
4	37	8
4	38	2
4	39	4
4	40	4
4	41	3
4	42	6
4	43	2
4	44	6
4	45	2
4	46	1
4	47	2
4	48	7
4	49	3
4	50	3
4	51	4
4	52	10
4	53	6
4	56	4
4	57	6
4	58	1
4	59	1
4	60	2
4	61	8
4	62	1
4	63	2
4	64	4
4	65	7
4	66	6
4	67	1
4	68	4
4	69	1
4	70	1
4	72	3
4	73	2
4	74	5
4	75	2
4	77	3
4	78	1
5	6	4
5	7	4
5	8	3
5	9	5
5	10	2
5	11	2
5	12	4
5	13	5
5	14	12
5	15	5
5	16	5
5	19	2
5	20	2
5	21	6
5	22	2
5	23	8
5	25	4
5	26	2
5	27	8
5	28	6
5	29	1
5	30	8
5	31	8
5	32	1
5	33	2
5	35	7
5	36	2
5	38	6
5	39	6
5	40	2
5	41	1
5	42	6
5	43	2
5	44	3
5	46	5
5	47	2
5	48	6
5	49	4
5	50	1
5	51	7
5	52	4
5	53	3
5	54	3
5	55	2
5	56	6
5	57	6
5	58	4
5	59	2
5	60	2
5	61	6
5	62	4
5	63	2
5	64	5
5	65	5
5	66	3
5	67	7
5	68	5
5	69	3
5	70	5
5	71	4
5	72	2
5	73	4
5	74	5
5	75	5
5	76	1
5	77	6
5	78	4
6	7	2
6	8	6
6	9	5
6	10	1
6	11	2
6	12	4
6	14	7
6	15	5
6	16	3
6	17	2
6	18	2
6	19	1
6	20	2
6	21	2
6	22	3
6	23	2
6	24	4
6	25	5
6	26	3
6	27	3
6	28	9
6	29	1
6	30	7
6	31	8
6	32	4
6	33	3
6	34	2
6	35	6
6	36	2
6	38	5
6	39	2
6	40	4
6	41	3
6	42	1
6	43	3
6	44	5
6	46	2
6	47	4
6	48	4
6	49	2
6	51	6
6	52	8
6	53	3
6	54	5
6	55	3
6	56	1
6	57	2
6	58	3
6	59	1
6	60	6
6	61	1
6	62	10
6	63	1
6	64	9
6	65	4
6	66	5
6	68	3
6	69	1
6	70	7
6	71	5
6	72	3
6	73	4
6	74	5
6	75	5
6	76	1
6	77	2
6	78	4
7	8	4
7	10	1
7	11	1
7	12	1
7	13	3
7	14	2
7	15	2
7	16	3
7	18	1
7	19	1
7	20	2
7	21	1
7	22	4
7	23	2
7	24	5
7	25	5
7	26	1
7	27	2
7	28	5
7	29	2
7	30	2
7	31	4
7	32	4
7	33	3
7	34	1
7	35	1
7	36	1
7	37	3
7	38	3
7	39	2
7	40	3
7	41	3
7	42	2
7	43	1
7	44	5
7	45	4
7	46	1
7	47	1
7	48	1
7	49	3
7	51	3
7	52	5
7	53	1
7	54	4
7	55	1
7	56	4
7	57	3
7	59	1
7	60	3
7	61	1
7	63	2
7	64	2
7	65	1
7	66	1
7	67	2
7	68	5
7	69	4
7	70	6
7	72	2
7	73	2
7	74	2
7	75	1
7	77	5
7	78	1
8	9	8
8	10	3
8	11	4
8	12	6
8	13	3
8	14	7
8	15	8
8	16	6
8	17	3
8	18	2
8	19	1
8	20	1
8	21	11
8	22	5
8	23	3
8	24	2
8	25	2
8	26	2
8	27	2
8	28	9
8	29	2
8	30	3
8	31	7
8	32	4
8	33	7
8	34	3
8	35	6
8	36	2
8	37	2
8	38	8
8	39	4
8	40	8
8	41	1
8	42	2
8	43	2
8	44	2
8	45	5
8	46	4
8	47	2
8	48	5
8	49	6
8	50	2
8	51	4
8	52	1
8	53	2
8	54	1
8	55	2
8	56	6
8	57	2
8	58	4
8	59	5
8	60	6
8	61	2
8	62	2
8	63	2
8	64	5
8	65	5
8	66	7
8	67	2
8	68	8
8	69	1
8	70	3
8	71	3
8	72	2
8	73	3
8	74	11
8	75	3
8	77	8
8	78	3
9	10	6
9	11	2
9	12	2
9	13	2
9	14	4
9	15	3
9	16	6
9	17	2
9	20	2
9	21	9
9	22	4
9	23	5
9	26	3
9	27	5
9	28	5
9	29	3
9	30	5
9	31	5
9	32	6
9	33	3
9	34	1
9	35	3
9	36	2
9	37	5
9	38	6
9	39	6
9	40	4
9	41	2
9	42	1
9	43	1
9	44	7
9	45	1
9	46	5
9	47	2
9	48	3
9	49	4
9	50	3
9	51	7
9	52	9
9	53	4
9	54	1
9	55	3
9	56	5
9	57	6
9	58	5
9	59	4
9	60	4
9	61	7
9	62	5
9	63	3
9	64	2
9	65	2
9	66	4
9	67	5
9	68	4
9	69	6
9	70	5
9	71	6
9	72	4
9	73	4
9	74	5
9	75	4
9	76	5
9	77	7
10	11	2
10	12	8
10	14	2
10	15	3
10	16	5
10	19	1
10	20	2
10	21	4
10	22	6
10	23	2
10	24	1
10	25	4
10	26	1
10	27	1
10	28	4
10	30	5
10	31	3
10	32	2
10	33	4
10	34	4
10	35	3
10	37	4
10	38	2
10	39	3
10	40	2
10	41	4
10	42	2
10	43	2
10	44	3
10	47	2
10	48	2
10	49	5
10	50	2
10	51	2
10	52	4
10	53	4
10	54	2
10	56	1
10	57	3
10	58	2
10	60	1
10	61	4
10	62	4
10	63	3
10	64	1
10	65	5
10	67	1
10	68	2
10	69	1
10	70	3
10	71	3
10	72	1
10	73	1
10	74	4
10	75	4
10	76	1
10	77	2
11	12	5
11	13	1
11	14	3
11	15	3
11	16	2
11	18	1
11	19	3
11	20	2
11	21	4
11	22	1
11	23	5
11	24	1
11	25	2
11	26	2
11	27	1
11	28	4
11	29	1
11	30	6
11	31	3
11	32	2
11	33	3
11	35	3
11	36	1
11	37	1
11	38	1
11	39	2
11	40	1
11	41	1
11	42	2
11	44	3
11	45	1
11	46	2
11	48	3
11	49	3
11	50	2
11	51	3
11	52	1
11	53	2
11	54	2
11	55	4
11	56	1
11	57	6
11	58	3
11	59	3
11	62	5
11	63	3
11	64	2
11	65	3
11	66	1
11	67	3
11	68	2
11	69	2
11	70	3
11	71	4
11	72	2
11	73	3
11	74	8
11	75	1
11	77	3
11	78	1
12	14	4
12	15	4
12	16	6
12	17	1
12	18	1
12	19	2
12	21	3
12	22	6
12	23	6
12	24	1
12	25	4
12	26	3
12	27	5
12	28	2
12	29	3
12	30	2
12	31	2
12	32	6
12	33	7
12	34	1
12	35	6
12	36	2
12	37	4
12	38	5
12	39	1
12	40	5
12	42	8
12	43	1
12	44	1
12	45	1
12	46	3
12	48	1
12	49	5
12	50	2
12	51	7
12	52	2
12	53	4
12	54	5
12	55	1
12	56	4
12	57	5
12	59	2
12	60	1
12	61	7
12	62	3
12	63	3
12	64	2
12	65	5
12	66	4
12	67	8
12	68	9
12	69	2
12	70	3
12	71	3
12	72	2
12	73	8
12	74	2
12	75	2
12	76	1
12	77	5
13	14	5
13	15	1
13	16	3
13	17	4
13	18	1
13	20	4
13	21	3
13	22	3
13	23	3
13	24	1
13	25	5
13	26	3
13	27	4
13	28	4
13	29	3
13	30	3
13	31	3
13	32	2
13	33	5
13	34	1
13	35	2
13	36	1
13	37	1
13	38	2
13	39	3
13	40	1
13	41	2
13	42	2
13	43	4
13	44	2
13	45	1
13	46	1
13	48	2
13	49	2
13	50	2
13	51	3
13	52	2
13	53	1
13	55	1
13	56	1
13	57	3
13	58	4
13	59	1
13	60	2
13	61	1
13	62	3
13	63	1
13	64	1
13	65	2
13	67	1
13	68	1
13	69	1
13	70	3
13	73	2
13	74	1
13	75	7
13	76	1
13	77	2
13	78	1
14	15	6
14	16	4
14	17	6
14	18	1
14	19	1
14	20	4
14	21	5
14	22	2
14	23	3
14	25	6
14	26	2
14	27	5
14	28	7
14	29	3
14	30	2
14	31	3
14	33	5
14	34	1
14	35	4
14	36	3
14	37	4
14	38	6
14	39	2
14	40	5
14	41	3
14	42	2
14	43	1
14	44	6
14	46	3
14	47	2
14	48	5
14	49	1
14	50	1
14	51	5
14	52	6
14	53	5
14	54	7
14	55	3
14	56	4
14	57	5
14	60	5
14	61	1
14	62	1
14	63	3
14	64	4
14	65	3
14	66	5
14	67	6
14	68	4
14	69	3
14	70	4
14	71	2
14	73	4
14	74	5
14	75	2
14	76	1
14	77	3
14	78	1
15	16	4
15	17	1
15	19	1
15	20	3
15	21	4
15	22	5
15	23	1
15	24	3
15	25	5
15	26	2
15	27	2
15	28	2
15	29	3
15	30	13
15	31	8
15	32	2
15	33	2
15	34	1
15	35	8
15	36	9
15	38	5
15	39	3
15	40	7
15	41	4
15	42	2
15	43	1
15	44	6
15	45	2
15	46	4
15	47	1
15	48	2
15	49	3
15	50	2
15	51	5
15	52	1
15	53	7
15	54	7
15	55	1
15	56	1
15	57	5
15	58	4
15	60	2
15	61	2
15	62	7
15	63	3
15	64	2
15	65	8
15	66	3
15	67	4
15	68	4
15	69	7
15	70	3
15	71	4
15	72	4
15	73	3
15	74	8
15	75	1
15	76	1
15	77	3
15	78	2
16	17	1
16	18	5
16	20	4
16	21	6
16	22	5
16	23	2
16	24	1
16	25	5
16	26	1
16	27	3
16	28	5
16	29	1
16	30	8
16	31	4
16	32	1
16	33	1
16	34	1
16	35	4
16	36	1
16	37	1
16	38	3
16	39	6
16	40	3
16	41	4
16	42	6
16	43	6
16	44	2
16	45	3
16	46	2
16	47	2
16	48	5
16	49	2
16	50	5
16	51	7
16	52	5
16	53	4
16	54	6
16	55	10
16	56	11
16	57	8
16	58	6
16	59	8
16	60	3
16	61	1
16	62	4
16	63	1
16	64	7
16	65	4
16	66	3
16	67	4
16	68	5
16	69	5
16	70	6
16	71	7
16	72	4
16	73	5
16	74	7
16	75	2
16	76	2
16	77	4
16	78	3
17	18	1
17	20	2
17	21	2
17	22	3
17	23	3
17	24	3
17	25	2
17	26	1
17	28	3
17	31	1
17	32	3
17	33	3
17	34	1
17	35	4
17	36	2
17	37	2
17	38	1
17	39	2
17	40	2
17	41	7
17	42	3
17	43	1
17	44	1
17	46	1
17	48	2
17	49	3
17	50	1
17	51	1
17	52	3
17	53	7
17	54	2
17	55	1
17	56	1
17	57	1
17	59	1
17	60	2
17	61	1
17	62	1
17	63	1
17	64	3
17	65	3
17	67	1
17	68	6
17	70	3
17	71	1
17	73	1
17	74	1
17	75	1
17	77	3
18	19	1
18	20	3
18	21	2
18	23	2
18	26	1
18	28	5
18	30	3
18	31	1
18	32	1
18	35	1
18	36	3
18	38	1
18	41	1
18	44	1
18	46	1
18	48	1
18	49	1
18	50	1
18	51	1
18	52	1
18	53	1
18	54	1
18	55	5
18	58	3
18	62	1
18	63	2
18	64	1
18	65	1
18	66	2
18	67	1
18	68	1
18	69	4
18	70	1
18	71	1
18	73	4
18	74	3
18	75	2
18	77	1
18	78	2
19	20	6
19	21	1
19	22	1
19	23	2
19	24	1
19	25	1
19	27	1
19	28	1
19	29	1
19	30	5
19	31	1
19	32	2
19	36	1
19	40	1
19	41	2
19	42	3
19	44	1
19	49	1
19	52	1
19	53	5
19	54	2
19	55	3
19	56	1
19	57	2
19	58	6
19	59	2
19	60	1
19	61	2
19	62	2
19	63	4
19	64	1
19	65	1
19	66	2
19	67	3
19	68	3
19	70	1
19	71	1
19	72	1
19	73	2
19	74	1
19	77	1
20	21	1
20	22	2
20	23	14
20	24	2
20	25	5
20	26	2
20	27	2
20	28	6
20	29	3
20	31	1
20	32	2
20	33	3
20	35	7
20	37	1
20	38	2
20	39	2
20	40	3
20	41	1
20	42	2
20	43	3
20	44	7
20	45	2
20	46	4
20	47	6
20	48	6
20	49	2
20	50	1
20	51	2
20	52	1
20	53	2
20	54	2
20	55	2
20	56	2
20	57	1
20	58	7
20	59	1
20	60	3
20	61	3
20	62	4
20	63	2
20	64	2
20	65	2
20	66	3
20	67	5
20	68	4
20	69	5
20	70	4
20	71	5
20	73	6
20	74	1
20	75	8
20	76	8
20	77	2
20	78	3
21	22	4
21	23	5
21	24	4
21	25	7
21	26	2
21	27	5
21	28	2
21	29	4
21	30	11
21	31	2
21	32	7
21	33	6
21	34	3
21	35	4
21	36	1
21	37	1
21	38	4
21	39	2
21	40	5
21	41	4
21	42	2
21	44	3
21	46	2
21	47	2
21	48	8
21	49	4
21	50	3
21	51	4
21	52	6
21	53	5
21	54	6
21	55	1
21	56	3
21	57	5
21	58	7
21	59	3
21	60	6
21	61	2
21	62	8
21	63	1
21	64	5
21	65	4
21	66	4
21	67	1
21	68	2
21	69	7
21	70	3
21	71	3
21	73	1
21	74	3
21	75	3
21	77	5
22	23	7
22	24	5
22	25	3
22	26	7
22	27	2
22	28	1
22	29	4
22	30	3
22	31	1
22	32	4
22	33	3
22	34	1
22	36	1
22	37	2
22	38	5
22	39	5
22	40	5
22	41	5
22	42	6
22	43	2
22	45	1
22	46	4
22	48	1
22	49	1
22	50	1
22	51	6
22	52	7
22	53	6
22	54	5
22	56	5
22	57	4
22	58	5
22	59	2
22	60	3
22	61	2
22	62	8
22	63	3
22	64	4
22	65	3
22	66	3
22	67	3
22	68	4
22	69	4
22	70	2
22	71	3
22	72	1
22	73	2
22	74	7
22	75	5
22	76	1
22	77	5
22	78	4
23	24	1
23	26	3
23	27	5
23	28	3
23	29	8
23	30	1
23	31	1
23	32	2
23	33	6
23	34	1
23	35	3
23	37	1
23	38	4
23	39	3
23	40	3
23	41	1
23	42	4
23	43	4
23	44	5
23	46	3
23	47	4
23	48	6
23	49	1
23	51	7
23	52	4
23	53	6
23	54	2
23	55	1
23	56	3
23	57	5
23	58	2
23	59	6
23	60	8
23	61	7
23	62	3
23	63	3
23	64	4
23	65	8
23	66	4
23	67	7
23	68	1
23	69	3
23	70	5
23	71	3
23	73	7
23	74	4
23	75	4
23	76	2
23	77	3
23	78	4
24	25	6
24	26	6
24	27	3
24	28	4
24	29	2
24	30	1
24	31	1
24	32	3
24	34	2
24	35	7
24	36	1
24	37	1
24	40	2
24	41	6
24	42	1
24	43	1
24	44	4
24	46	2
24	48	1
24	49	3
24	50	2
24	51	2
24	52	4
24	53	2
24	54	6
24	56	2
24	57	2
24	58	2
24	59	6
24	60	1
24	61	2
24	62	1
24	63	2
24	64	2
24	65	2
24	66	2
24	67	4
24	68	5
24	69	2
24	70	6
24	71	4
24	73	6
24	74	1
24	77	6
25	26	4
25	27	3
25	28	6
25	29	2
25	30	5
25	31	6
25	32	3
25	33	1
25	35	3
25	37	3
25	38	4
25	39	6
25	40	2
25	41	1
25	43	2
25	44	5
25	45	1
25	46	3
25	48	2
25	49	2
25	50	3
25	51	3
25	52	7
25	53	2
25	54	2
25	55	1
25	56	2
25	57	3
25	58	6
25	59	3
25	60	3
25	61	2
25	62	4
25	63	3
25	64	6
25	65	1
25	66	2
25	67	3
25	68	3
25	69	3
25	70	9
25	71	3
25	72	2
25	73	4
25	74	4
25	75	3
25	77	3
25	78	2
26	27	3
26	28	2
26	29	6
26	30	2
26	31	2
26	32	3
26	33	1
26	34	2
26	35	4
26	37	2
26	38	3
26	39	4
26	40	3
26	41	1
26	43	1
26	44	3
26	45	1
26	46	2
26	47	1
26	48	3
26	49	4
26	51	3
26	52	3
26	53	2
26	54	6
26	55	3
26	56	3
26	57	1
26	58	5
26	59	2
26	60	1
26	61	1
26	62	5
26	63	1
26	64	1
26	65	2
26	66	1
26	67	5
26	68	5
26	69	2
26	70	10
26	71	3
26	72	2
26	73	3
26	74	4
26	75	1
26	76	2
26	77	2
26	78	1
27	28	8
27	29	6
27	30	4
27	31	4
27	32	2
27	33	7
27	34	1
27	35	2
27	36	2
27	37	3
27	38	3
27	39	2
27	40	1
27	41	1
27	42	2
27	43	5
27	44	9
27	45	2
27	46	1
27	47	1
27	48	3
27	49	4
27	50	7
27	51	4
27	52	7
27	53	4
27	54	7
27	55	10
27	56	4
27	57	3
27	58	4
27	59	1
27	60	2
27	61	4
27	62	3
27	63	4
27	64	7
27	65	4
27	66	3
27	67	2
27	68	5
27	69	2
27	70	3
27	71	4
27	72	2
27	73	10
27	74	8
27	75	4
27	76	4
27	77	3
27	78	3
28	29	2
28	30	4
28	31	2
28	32	3
28	33	6
28	35	11
28	37	4
28	38	6
28	39	3
28	40	3
28	41	3
28	42	3
28	43	1
28	44	4
28	45	2
28	46	7
28	47	4
28	48	9
28	49	5
28	50	5
28	51	3
28	52	8
28	53	3
28	54	3
28	55	2
28	56	6
28	57	3
28	58	7
28	59	1
28	60	7
28	61	3
28	62	4
28	63	2
28	64	2
28	65	4
28	66	3
28	67	5
28	68	5
28	69	5
28	70	6
28	71	5
28	72	1
28	73	11
28	74	8
28	75	4
28	76	3
28	77	7
28	78	2
29	30	1
29	31	2
29	32	2
29	33	2
29	35	6
29	36	2
29	38	1
29	39	3
29	40	2
29	41	5
29	43	5
29	44	1
29	45	2
29	46	1
29	48	3
29	49	3
29	50	1
29	51	4
29	52	4
29	53	3
29	54	3
29	55	1
29	56	2
29	57	2
29	58	3
29	59	1
29	60	1
29	63	2
29	65	5
29	66	2
29	67	3
29	68	2
29	70	3
29	71	3
29	72	2
29	73	5
29	74	5
29	75	5
29	76	1
30	31	10
30	32	3
30	33	2
30	34	2
30	35	3
30	36	5
30	37	3
30	38	1
30	39	6
30	40	6
30	41	5
30	42	7
30	43	5
30	44	5
30	45	2
30	46	3
30	48	1
30	49	3
30	50	5
30	51	5
30	52	4
30	53	5
30	54	4
30	55	7
30	56	2
30	57	8
30	58	6
30	59	3
30	60	4
30	61	2
30	62	8
30	63	1
30	64	5
30	65	3
30	66	4
30	67	2
30	68	5
30	69	7
30	70	13
30	71	7
30	72	2
30	73	6
30	74	10
30	75	4
30	76	2
30	77	3
30	78	2
31	32	5
31	33	3
31	34	1
31	35	6
31	36	2
31	37	3
31	38	5
31	39	3
31	40	3
31	41	5
31	42	4
31	43	4
31	44	8
31	45	3
31	46	5
31	47	1
31	48	12
31	49	3
31	50	7
31	51	4
31	52	7
31	53	4
31	54	2
31	55	1
31	56	4
31	57	8
31	58	2
31	59	3
31	60	2
31	61	5
31	62	9
31	63	4
31	64	2
31	65	5
31	66	7
31	67	6
31	68	2
31	69	1
31	70	6
31	71	4
31	72	3
31	73	7
31	74	5
31	75	1
31	77	5
31	78	4
32	33	7
32	34	1
32	35	3
32	36	1
32	37	2
32	38	2
32	39	2
32	40	6
32	41	3
32	42	4
32	43	1
32	44	4
32	46	3
32	47	1
32	48	12
32	49	3
32	50	9
32	51	4
32	52	2
32	53	3
32	54	1
32	55	1
32	56	6
32	57	3
32	58	5
32	59	3
32	60	2
32	61	2
32	62	3
32	63	5
32	64	1
32	65	3
32	66	3
32	67	11
32	68	6
32	69	5
32	70	3
32	71	2
32	72	2
32	73	3
32	74	2
32	75	7
32	77	1
33	34	3
33	35	7
33	37	6
33	38	2
33	39	1
33	40	5
33	41	4
33	42	1
33	43	1
33	44	2
33	45	2
33	46	3
33	47	2
33	48	7
33	49	1
33	50	5
33	51	2
33	52	6
33	53	4
33	54	5
33	55	3
33	56	5
33	57	7
33	59	2
33	60	1
33	61	4
33	62	4
33	63	5
33	64	5
33	65	4
33	66	3
33	67	4
33	68	2
33	69	5
33	70	3
33	71	2
33	73	4
33	74	2
33	75	2
33	77	5
33	78	2
34	35	2
34	36	2
34	37	3
34	38	1
34	39	4
34	40	4
34	41	1
34	43	1
34	44	3
34	45	1
34	48	3
34	49	1
34	50	2
34	51	6
34	52	3
34	53	4
34	54	3
34	55	1
34	56	1
34	62	2
34	63	1
34	64	1
34	65	1
34	67	2
34	69	1
34	70	2
34	71	3
34	72	5
34	75	1
34	76	1
34	77	2
34	78	1
35	36	7
35	38	2
35	39	6
35	40	4
35	41	2
35	42	2
35	43	3
35	44	8
35	45	2
35	46	3
35	47	2
35	48	5
35	49	2
35	50	1
35	51	4
35	52	6
35	53	6
35	54	9
35	55	4
35	56	2
35	57	3
35	58	6
35	59	2
35	60	5
35	61	2
35	62	4
35	63	2
35	64	8
35	65	2
35	66	3
35	67	5
35	68	5
35	69	4
35	70	4
35	71	3
35	72	3
35	73	6
35	74	3
35	75	4
35	76	5
35	77	4
35	78	1
36	38	1
36	39	4
36	40	2
36	41	2
36	43	1
36	44	2
36	47	1
36	48	2
36	49	1
36	50	4
36	51	5
36	52	1
36	53	2
36	54	5
36	55	1
36	56	3
36	57	3
36	58	1
36	60	1
36	61	4
36	62	2
36	64	7
36	66	1
36	67	2
36	68	4
36	69	8
36	70	2
36	71	1
36	72	3
36	73	7
36	74	1
36	75	1
36	77	4
36	78	1
37	39	2
37	40	3
37	41	3
37	42	1
37	43	2
37	44	1
37	46	2
37	47	3
37	48	2
37	49	5
37	50	3
37	51	4
37	53	4
37	54	2
37	55	2
37	56	5
37	57	2
37	59	1
37	60	1
37	61	7
37	62	4
37	63	4
37	64	4
37	65	4
37	66	1
37	67	1
37	68	5
37	69	2
37	70	4
37	71	1
37	72	3
37	73	2
37	74	5
37	75	2
37	76	2
37	77	3
37	78	5
38	39	8
38	40	2
38	42	1
38	43	2
38	44	1
38	46	6
38	47	1
38	48	6
38	49	1
38	50	2
38	51	7
38	52	1
38	53	2
38	54	2
38	55	2
38	56	6
38	57	4
38	58	3
38	59	3
38	60	5
38	61	5
38	62	3
38	64	3
38	65	4
38	66	2
38	67	2
38	68	4
38	69	2
38	70	3
38	71	2
38	72	1
38	73	3
38	74	6
38	75	2
38	76	3
38	77	3
39	40	3
39	41	9
39	42	2
39	43	3
39	44	8
39	46	2
39	47	1
39	48	3
39	49	4
39	50	2
39	51	5
39	52	2
39	53	5
39	54	4
39	55	1
39	56	6
39	57	3
39	58	1
39	59	1
39	60	6
39	61	5
39	62	11
39	63	3
39	64	1
39	65	3
39	66	3
39	67	6
39	68	3
39	69	7
39	70	8
39	71	2
39	72	5
39	73	4
39	74	8
39	75	5
39	76	2
39	77	2
39	78	1
40	41	8
40	42	4
40	43	1
40	44	6
40	45	1
40	46	5
40	47	1
40	48	7
40	49	2
40	50	3
40	51	5
40	52	8
40	53	5
40	54	5
40	55	3
40	56	2
40	57	4
40	58	7
40	59	1
40	60	7
40	61	2
40	62	3
40	63	5
40	64	1
40	65	5
40	66	6
40	67	3
40	68	6
40	69	3
40	70	3
40	71	6
40	72	1
40	73	8
40	74	1
40	75	5
40	77	4
40	78	1
41	42	2
41	43	5
41	44	6
41	45	2
41	46	1
41	47	2
41	48	7
41	49	2
41	51	5
41	52	3
41	53	8
41	54	3
41	55	1
41	56	2
41	57	4
41	58	5
41	59	2
41	60	6
41	61	2
41	62	1
41	63	2
41	64	2
41	65	5
41	66	5
41	67	2
41	68	4
41	69	1
41	70	5
41	71	6
41	73	3
41	74	5
41	75	2
41	76	2
41	77	2
41	78	1
42	43	5
42	44	1
42	45	1
42	46	6
42	48	8
42	49	4
42	50	4
42	51	2
42	52	6
42	53	6
42	54	3
42	56	1
42	57	7
42	58	1
42	60	4
42	61	3
42	62	7
42	63	5
42	64	2
42	65	8
42	67	1
42	68	3
42	69	1
42	70	5
42	71	2
42	72	4
42	73	5
42	74	6
42	75	3
42	76	2
42	77	2
42	78	1
43	44	2
43	45	2
43	46	3
43	47	5
43	48	1
43	49	5
43	50	2
43	51	4
43	52	2
43	54	2
43	55	2
43	56	2
43	58	2
43	59	2
43	61	1
43	62	3
43	63	3
43	64	1
43	65	1
43	66	2
43	67	2
43	69	3
43	70	2
43	71	2
43	72	2
43	75	1
43	77	2
44	45	4
44	46	2
44	47	5
44	48	6
44	49	7
44	50	3
44	51	5
44	52	7
44	53	3
44	54	3
44	55	3
44	56	11
44	57	4
44	58	3
44	60	4
44	61	4
44	62	9
44	63	1
44	64	3
44	65	6
44	66	7
44	67	1
44	68	4
44	69	4
44	70	6
44	71	5
44	72	1
44	73	2
44	74	7
44	75	2
44	76	2
44	77	5
44	78	4
45	46	1
45	48	1
45	52	4
45	53	1
45	57	1
45	61	3
45	64	2
45	65	1
45	66	1
45	67	3
45	68	1
45	69	1
45	70	4
45	73	1
45	74	2
45	75	1
45	77	8
46	47	4
46	48	2
46	49	3
46	50	1
46	51	5
46	52	6
46	53	1
46	54	4
46	55	1
46	56	1
46	57	4
46	58	3
46	59	2
46	60	6
46	61	2
46	62	4
46	63	2
46	64	3
46	65	2
46	66	5
46	67	10
46	68	4
46	69	4
46	70	4
46	71	1
46	73	5
46	74	6
46	75	3
46	76	1
46	77	5
46	78	5
47	48	4
47	51	5
47	52	5
47	53	1
47	54	1
47	56	3
47	58	2
47	59	1
47	60	3
47	62	5
47	63	1
47	64	1
47	65	2
47	67	3
47	68	2
47	70	5
47	71	2
47	73	1
47	74	2
47	76	1
47	77	1
47	78	1
48	49	6
48	51	5
48	52	6
48	53	3
48	54	5
48	55	6
48	56	2
48	57	2
48	58	4
48	59	2
48	60	1
48	61	3
48	62	8
48	63	1
48	64	1
48	65	7
48	66	9
48	67	4
48	68	4
48	69	3
48	70	4
48	71	3
48	72	1
48	73	5
48	74	5
48	75	3
48	76	4
48	77	9
48	78	1
49	50	2
49	51	7
49	52	2
49	53	2
49	54	3
49	55	5
49	56	1
49	57	5
49	58	1
49	59	1
49	61	2
49	62	5
49	64	4
49	65	6
49	66	6
49	67	7
49	68	2
49	69	4
49	70	3
49	71	2
49	72	1
49	73	6
49	74	5
49	75	2
49	76	3
49	77	3
49	78	3
50	51	1
50	52	4
50	53	2
50	54	4
50	56	4
50	57	1
50	58	2
50	59	1
50	60	2
50	61	2
50	62	8
50	63	2
50	64	4
50	65	2
50	67	3
50	68	1
50	69	2
50	70	1
50	72	4
50	73	1
50	74	1
50	77	3
50	78	1
51	52	3
51	53	2
51	54	5
51	55	4
51	56	6
51	57	4
51	58	5
51	59	4
51	60	7
51	61	3
51	62	9
51	63	7
51	64	6
51	65	3
51	66	2
51	67	3
51	68	5
51	69	1
51	70	3
51	71	4
51	72	3
51	73	6
51	74	6
51	75	1
51	77	5
51	78	1
52	53	12
52	55	2
52	56	6
52	57	3
52	58	4
52	60	3
52	61	2
52	62	4
52	63	8
52	64	3
52	65	1
52	66	5
52	67	2
52	68	4
52	69	3
52	70	7
52	71	5
52	72	1
52	73	7
52	74	4
52	75	4
52	76	6
52	77	12
52	78	5
53	54	5
53	55	1
53	56	5
53	57	7
53	58	13
53	59	3
53	60	3
53	61	1
53	62	6
53	63	4
53	64	2
53	65	11
53	66	9
53	67	4
53	68	3
53	69	4
53	70	10
53	71	3
53	72	3
53	73	6
53	74	4
53	75	4
53	76	1
53	77	7
53	78	3
54	55	1
54	56	5
54	57	8
54	58	4
54	59	4
54	60	3
54	61	2
54	62	7
54	63	8
54	64	3
54	65	4
54	66	4
54	67	3
54	68	8
54	69	2
54	70	6
54	71	1
54	72	5
54	73	7
54	74	9
54	75	5
54	76	4
54	77	3
54	78	1
55	56	2
55	57	2
55	58	2
55	59	1
55	60	3
55	61	3
55	63	3
55	64	3
55	65	1
55	66	5
55	67	2
55	68	1
55	69	1
55	70	3
55	71	3
55	73	2
55	74	2
55	77	2
56	57	1
56	58	1
56	59	1
56	60	2
56	61	4
56	62	7
56	63	5
56	64	1
56	65	5
56	66	2
56	67	1
56	68	5
56	69	3
56	70	3
56	71	7
56	72	4
56	73	4
56	74	5
56	75	3
56	77	6
56	78	5
57	58	2
57	59	1
57	60	1
57	61	4
57	62	3
57	63	4
57	64	8
57	65	6
57	66	8
57	67	3
57	68	3
57	70	7
57	71	4
57	72	1
57	73	3
57	74	8
57	75	5
57	76	1
57	77	6
57	78	2
58	59	1
58	61	2
58	62	1
58	63	2
58	64	5
58	65	4
58	66	11
58	67	2
58	68	2
58	69	5
58	70	8
58	71	3
58	72	1
58	73	5
58	74	4
58	75	2
58	76	5
58	77	5
58	78	1
59	60	7
59	61	3
59	62	5
59	64	1
59	65	1
59	66	7
59	67	4
59	70	1
59	71	2
59	74	2
59	75	3
59	77	2
60	61	3
60	62	11
60	63	3
60	64	3
60	65	6
60	66	5
60	67	4
60	68	2
60	69	2
60	70	1
60	71	1
60	72	4
60	73	1
60	74	5
60	75	5
60	76	1
60	77	2
60	78	7
61	62	2
61	63	5
61	64	3
61	65	4
61	66	6
61	67	3
61	68	2
61	69	6
61	70	11
61	71	1
61	73	7
61	74	6
61	75	3
61	76	1
61	77	5
61	78	1
62	63	6
62	64	9
62	65	1
62	66	4
62	67	2
62	68	1
62	69	4
62	70	9
62	71	3
62	72	1
62	73	3
62	74	5
62	75	2
62	76	4
62	77	6
62	78	4
63	64	8
63	65	3
63	66	2
63	67	1
63	68	9
63	69	1
63	70	2
63	71	1
63	72	4
63	73	1
63	74	4
63	75	4
63	77	3
63	78	1
64	65	6
64	66	8
64	67	1
64	68	1
64	69	1
64	70	2
64	71	3
64	73	5
64	74	2
64	75	2
64	77	6
64	78	3
65	66	13
65	67	6
65	68	7
65	69	3
65	70	12
65	71	3
65	72	3
65	73	4
65	74	5
65	75	6
65	76	2
65	77	3
65	78	3
66	67	7
66	68	4
66	69	2
66	70	2
66	71	2
66	72	3
66	73	4
66	74	7
66	76	3
66	77	8
66	78	3
67	68	7
67	69	10
67	70	3
67	71	2
67	72	4
67	73	3
67	74	2
67	75	1
67	77	3
67	78	4
68	69	4
68	70	6
68	71	4
68	72	4
68	73	6
68	74	4
68	75	2
68	77	13
68	78	1
69	70	7
69	71	4
69	72	3
69	73	2
69	74	3
69	75	3
69	76	1
69	77	1
69	78	2
70	71	8
70	72	1
70	73	4
70	74	6
70	75	1
70	76	1
70	77	5
70	78	6
71	72	3
71	73	3
71	74	4
71	75	4
71	77	3
72	73	1
72	74	8
72	77	1
73	74	9
73	75	3
73	76	1
73	77	3
73	78	1
74	75	6
74	76	1
74	77	6
74	78	1
75	76	1
75	77	2
76	78	3
77	78	1
