0	1	116
0	2	23
0	3	9
0	4	12
0	5	19
0	6	21
0	7	17
0	8	16
0	9	4
0	10	19
0	11	15
0	12	12
0	13	12
0	14	15
0	15	7
0	16	14
0	17	23
0	18	17
0	19	10
0	20	8
0	21	21
0	22	18
0	23	9
0	24	12
0	25	10
0	26	16
0	27	18
0	28	14
0	29	23
0	30	19
0	31	16
0	32	11
0	33	5
0	34	17
0	35	5
0	36	9
0	37	11
0	38	12
0	39	24
0	40	25
0	41	18
0	42	5
0	43	20
0	44	3
0	45	23
0	46	16
0	47	6
0	48	12
0	49	23
0	50	19
0	51	12
0	52	14
0	53	25
0	54	14
0	55	15
0	56	14
0	57	15
0	58	22
0	59	19
0	60	14
0	61	33
0	62	12
0	63	11
0	64	21
0	65	21
0	66	12
0	67	24
1	2	25
1	3	14
1	4	17
1	5	25
1	6	12
1	7	31
1	8	21
1	9	12
1	10	21
1	11	28
1	12	9
1	13	13
1	14	19
1	15	13
1	16	25
1	17	18
1	18	22
1	19	9
1	20	9
1	21	17
1	22	24
1	23	10
1	24	16
1	25	17
1	26	20
1	27	37
1	28	17
1	29	14
1	30	20
1	31	21
1	32	21
1	33	5
1	34	31
1	35	5
1	36	16
1	37	23
1	38	23
1	39	23
1	40	16
1	41	20
1	42	17
1	43	30
1	44	6
1	45	28
1	46	19
1	47	8
1	48	30
1	49	32
1	50	20
1	51	9
1	52	17
1	53	17
1	54	21
1	55	20
1	56	37
1	57	13
1	58	17
1	59	21
1	60	27
1	61	29
1	62	14
1	63	8
1	64	25
1	65	22
1	66	22
1	67	17
2	3	3
2	4	8
2	5	5
2	6	2
2	7	2
2	8	13
2	9	3
2	10	7
2	11	3
2	12	2
2	13	4
2	14	3
2	16	4
2	17	4
2	18	8
2	19	3
2	20	1
2	21	4
2	22	1
2	23	6
2	24	1
2	25	3
2	26	6
2	27	2
2	28	2
2	29	1
2	30	5
2	31	5
2	32	5
2	33	2
2	34	3
2	35	2
2	36	2
2	37	1
2	38	3
2	39	6
2	41	3
2	42	2
2	43	3
2	44	2
2	45	3
2	46	4
2	48	6
2	49	7
2	50	2
2	51	1
2	52	3
2	53	1
2	54	3
2	55	4
2	56	5
2	57	5
2	58	2
2	59	4
2	60	1
2	61	3
2	63	3
2	64	4
2	65	10
2	66	2
2	67	2
3	5	4
3	6	1
3	7	5
3	8	1
3	10	6
3	11	1
3	12	5
3	13	2
3	14	3
3	15	3
3	16	4
3	17	6
3	18	1
3	19	2
3	20	2
3	21	6
3	22	4
3	24	4
3	25	6
3	26	8
3	28	1
3	29	7
3	30	3
3	31	3
3	32	6
3	33	3
3	34	1
3	35	3
3	36	3
3	37	4
3	38	1
3	39	2
3	40	2
3	42	2
3	43	5
3	45	5
3	46	4
3	47	3
3	48	5
3	49	5
3	50	2
3	52	1
3	53	2
3	55	3
3	56	4
3	57	5
3	58	2
3	59	6
3	60	1
3	61	6
3	62	2
3	64	5
3	65	1
3	66	7
3	67	1
4	5	3
4	6	3
4	7	5
4	8	4
4	10	1
4	11	5
4	12	1
4	13	3
4	14	6
4	15	1
4	16	6
4	17	2
4	18	8
4	20	1
4	21	4
4	22	4
4	23	1
4	24	4
4	25	3
4	26	4
4	27	2
4	29	2
4	30	2
4	31	5
4	32	2
4	33	1
4	34	3
4	35	2
4	36	1
4	37	2
4	39	2
4	40	2
4	41	4
4	43	4
4	45	3
4	46	5
4	47	4
4	48	2
4	49	5
4	50	2
4	51	5
4	52	4
4	53	5
4	54	2
4	55	4
4	57	6
4	59	1
4	60	5
4	61	2
4	63	3
4	64	1
4	65	2
4	66	2
4	67	4
5	6	3
5	7	10
5	8	2
5	9	1
5	10	7
5	11	7
5	12	5
5	13	1
5	14	6
5	15	1
5	16	3
5	17	6
5	18	2
5	19	6
5	20	3
5	21	6
5	22	7
5	23	3
5	24	2
5	25	4
5	26	2
5	27	6
5	28	2
5	29	3
5	30	9
5	31	4
5	32	3
5	33	4
5	34	5
5	35	2
5	36	2
5	37	3
5	38	3
5	39	7
5	41	8
5	42	4
5	43	5
5	44	1
5	45	7
5	46	3
5	47	4
5	48	3
5	49	1
5	50	3
5	51	1
5	52	4
5	53	4
5	54	4
5	55	6
5	56	4
5	57	3
5	59	10
5	60	3
5	61	6
5	62	3
5	63	1
5	64	11
5	65	5
5	66	3
5	67	3
6	7	4
6	8	5
6	9	7
6	10	3
6	11	4
6	12	5
6	13	2
6	14	5
6	15	1
6	16	3
6	17	9
6	18	3
6	19	1
6	20	1
6	21	5
6	22	7
6	23	2
6	24	3
6	25	2
6	26	1
6	27	2
6	28	1
6	29	5
6	30	5
6	31	4
6	32	4
6	33	2
6	34	3
6	35	2
6	36	8
6	37	2
6	38	4
6	39	4
6	40	3
6	41	6
6	42	2
6	43	6
6	44	2
6	45	7
6	46	3
6	47	3
6	48	4
6	49	10
6	52	4
6	53	6
6	54	1
6	55	8
6	56	1
6	57	2
6	58	4
6	59	4
6	60	1
6	61	1
6	63	3
6	64	2
6	65	5
6	66	2
6	67	3
7	8	4
7	9	4
7	10	3
7	11	5
7	12	2
7	13	2
7	14	4
7	15	5
7	16	12
7	17	5
7	18	5
7	21	6
7	22	2
7	24	4
7	25	2
7	26	8
7	27	6
7	28	1
7	29	8
7	30	8
7	31	1
7	32	2
7	34	7
7	35	2
7	37	6
7	38	6
7	39	2
7	40	1
7	41	6
7	42	2
7	43	3
7	45	6
7	46	4
7	47	1
7	48	7
7	49	4
7	50	3
7	51	2
7	52	6
7	53	6
7	54	2
7	55	6
7	56	4
7	57	2
7	58	5
7	59	5
7	60	3
7	61	5
7	62	4
7	63	2
7	64	4
7	65	5
7	66	5
7	67	6
8	9	2
8	10	6
8	11	5
8	12	1
8	13	2
8	14	4
8	16	7
8	17	5
8	18	3
8	19	2
8	20	2
8	21	2
8	22	3
8	23	4
8	24	5
8	25	3
8	26	3
8	27	9
8	28	1
8	29	7
8	30	8
8	31	4
8	32	3
8	33	2
8	34	6
8	35	2
8	37	5
8	38	2
8	39	4
8	40	3
8	41	1
8	42	3
8	43	5
8	45	4
8	46	2
8	48	6
8	49	8
8	50	5
8	51	3
8	52	1
8	53	2
8	54	1
8	55	1
8	56	10
8	57	1
8	58	9
8	59	3
8	60	1
8	61	7
8	62	5
8	63	3
8	64	4
8	65	5
8	66	5
8	67	2
9	10	4
9	12	1
9	13	1
9	14	1
9	15	3
9	16	2
9	17	2
9	18	3
9	20	1
9	21	1
9	22	4
9	23	5
9	24	5
9	25	1
9	26	2
9	27	5
9	28	2
9	29	2
9	30	4
9	31	4
9	32	3
9	33	1
9	34	1
9	35	1
9	36	3
9	37	3
9	38	2
9	39	3
9	40	3
9	41	2
9	42	1
9	43	5
9	44	4
9	45	1
9	46	3
9	48	3
9	49	5
9	50	4
9	51	1
9	52	4
9	53	3
9	54	1
9	55	1
9	57	2
9	58	2
9	59	5
9	60	4
9	61	6
9	63	2
9	64	2
9	65	2
9	66	1
9	67	5
10	11	8
10	12	3
10	13	4
10	14	6
10	15	3
10	16	7
10	17	8
10	18	6
10	19	3
10	20	2
10	21	11
10	22	5
10	23	2
10	24	2
10	25	2
10	26	2
10	27	9
10	28	2
10	29	3
10	30	7
10	31	4
10	32	7
10	33	3
10	34	6
10	35	2
10	36	2
10	37	8
10	38	4
10	39	8
10	40	1
10	41	2
10	42	2
10	43	2
10	44	5
10	45	5
10	46	6
10	47	2
10	48	4
10	49	1
10	50	1
10	51	2
10	52	6
10	53	2
10	54	5
10	55	2
10	56	2
10	57	2
10	58	5
10	59	8
10	60	1
10	61	3
10	62	3
10	63	2
10	64	3
10	65	11
10	66	3
10	67	8
11	12	6
11	13	2
11	14	2
11	15	2
11	16	4
11	17	3
11	18	6
11	19	2
11	21	9
11	22	4
11	25	3
11	26	5
11	27	5
11	28	3
11	29	5
11	30	5
11	31	6
11	32	3
11	33	1
11	34	3
11	35	2
11	36	5
11	37	6
11	38	6
11	39	4
11	40	2
11	41	1
11	42	1
11	43	7
11	44	1
11	45	3
11	46	4
11	47	3
11	48	7
11	49	9
11	50	1
11	51	3
11	52	5
11	53	6
11	54	4
11	55	7
11	56	5
11	57	3
11	58	2
11	59	4
11	60	6
11	61	5
11	62	6
11	63	4
11	64	4
11	65	5
11	66	4
11	67	7
12	13	2
12	14	8
12	16	2
12	17	3
12	18	5
12	21	4
12	22	6
12	23	1
12	24	4
12	25	1
12	26	1
12	27	4
12	29	5
12	30	3
12	31	2
12	32	4
12	33	4
12	34	3
12	36	4
12	37	2
12	38	3
12	39	2
12	40	4
12	41	2
12	42	2
12	43	3
12	45	2
12	46	5
12	47	2
12	48	2
12	49	4
12	50	2
12	52	1
12	53	3
12	55	4
12	56	4
12	57	3
12	58	1
12	59	2
12	60	1
12	61	3
12	62	3
12	63	1
12	64	1
12	65	4
12	66	4
12	67	2
13	14	5
13	15	1
13	16	3
13	17	3
13	18	2
13	20	1
13	21	4
13	22	1
13	23	1
13	24	2
13	25	2
13	26	1
13	27	4
13	28	1
13	29	6
13	30	3
13	31	2
13	32	3
13	34	3
13	35	1
13	36	1
13	37	1
13	38	2
13	39	1
13	40	1
13	41	2
13	43	3
13	44	1
13	45	3
13	46	3
13	47	2
13	48	3
13	49	1
13	50	2
13	51	4
13	52	1
13	53	6
13	54	3
13	56	5
13	57	3
13	58	2
13	59	2
13	60	2
13	61	3
13	62	4
13	63	2
13	64	3
13	65	8
13	66	1
13	67	3
14	16	4
14	17	4
14	18	6
14	19	1
14	20	1
14	21	3
14	22	6
14	23	1
14	24	4
14	25	3
14	26	5
14	27	2
14	28	3
14	29	2
14	30	2
14	31	6
14	32	7
14	33	1
14	34	6
14	35	2
14	36	4
14	37	5
14	38	1
14	39	5
14	41	8
14	42	1
14	43	1
14	44	1
14	45	1
14	46	5
14	47	2
14	48	7
14	49	2
14	50	5
14	51	1
14	52	4
14	53	5
14	54	2
14	55	7
14	56	3
14	57	3
14	58	2
14	59	9
14	60	2
14	61	3
14	62	3
14	63	2
14	64	8
14	65	2
14	66	2
14	67	5
15	16	5
15	17	1
15	18	3
15	19	4
15	20	1
15	21	3
15	22	3
15	23	1
15	24	5
15	25	3
15	26	4
15	27	4
15	28	3
15	29	3
15	30	3
15	31	2
15	32	5
15	33	1
15	34	2
15	35	1
15	36	1
15	37	2
15	38	3
15	39	1
15	40	2
15	41	2
15	42	4
15	43	2
15	44	1
15	45	2
15	46	2
15	47	2
15	48	3
15	49	2
15	51	1
15	52	1
15	53	3
15	54	1
15	55	1
15	56	3
15	57	1
15	58	1
15	59	1
15	60	1
15	61	3
15	64	2
15	65	1
15	66	7
15	67	2
16	17	6
16	18	4
16	19	6
16	20	1
16	21	5
16	22	2
16	24	6
16	25	2
16	26	5
16	27	7
16	28	3
16	29	2
16	30	3
16	32	5
16	33	1
16	34	4
16	35	3
16	36	4
16	37	6
16	38	2
16	39	5
16	40	3
16	41	2
16	42	1
16	43	6
16	45	5
16	46	1
16	47	1
16	48	5
16	49	6
16	50	7
16	51	3
16	52	4
16	53	5
16	55	1
16	56	1
16	57	3
16	58	4
16	59	4
16	60	3
16	61	4
16	62	2
16	64	4
16	65	5
16	66	2
16	67	3
17	18	4
17	19	1
17	21	4
17	22	5
17	23	3
17	24	5
17	25	2
17	26	2
17	27	2
17	28	3
17	29	13
17	30	8
17	31	2
17	32	2
17	33	1
17	34	8
17	35	9
17	37	5
17	38	3
17	39	7
17	40	4
17	41	2
17	42	1
17	43	6
17	44	2
17	45	2
17	46	3
17	47	2
17	48	5
17	49	1
17	50	7
17	51	1
17	52	1
17	53	5
17	55	2
17	56	7
17	57	3
17	58	2
17	59	4
17	60	7
17	61	3
17	62	4
17	63	4
17	64	3
17	65	8
17	66	1
17	67	3
18	19	1
18	20	5
18	21	6
18	22	5
18	23	1
18	24	5
18	25	1
18	26	3
18	27	5
18	28	1
18	29	8
18	30	4
18	31	1
18	32	1
18	33	1
18	34	4
18	35	1
18	36	1
18	37	3
18	38	6
18	39	3
18	40	4
18	41	6
18	42	6
18	43	2
18	44	3
18	45	5
18	46	2
18	47	5
18	48	7
18	49	5
18	50	6
18	51	10
18	52	11
18	53	8
18	54	8
18	55	1
18	56	4
18	57	1
18	58	7
18	59	5
18	60	5
18	61	6
18	62	7
18	63	4
18	64	5
18	65	7
18	66	2
18	67	4
19	20	1
19	21	2
19	22	3
19	23	3
19	24	2
19	25	1
19	27	3
19	30	1
19	31	3
19	32	3
19	33	1
19	34	4
19	35	2
19	36	2
19	37	1
19	38	2
19	39	2
19	40	7
19	41	3
19	42	1
19	43	1
19	45	2
19	46	3
19	47	1
19	48	1
19	49	3
19	50	2
19	51	1
19	52	1
19	53	1
19	54	1
19	55	1
19	56	1
19	57	1
19	58	3
19	59	6
19	61	3
19	62	1
19	64	1
19	65	1
19	66	1
19	67	3
20	21	2
20	25	1
20	27	5
20	29	3
20	30	1
20	31	1
20	34	1
20	35	3
20	37	1
20	40	1
20	43	1
20	45	1
20	46	1
20	47	1
20	48	1
20	49	1
20	50	1
20	51	5
20	56	1
20	57	2
20	58	1
20	59	1
20	60	4
20	61	1
20	62	1
20	64	4
20	65	3
20	66	2
20	67	1
21	22	4
21	23	4
21	24	7
21	25	2
21	26	5
21	27	2
21	28	4
21	29	11
21	30	2
21	31	7
21	32	6
21	33	3
21	34	4
21	35	1
21	36	1
21	37	4
21	38	2
21	39	5
21	40	4
21	41	2
21	43	3
21	45	8
21	46	4
21	47	3
21	48	4
21	49	6
21	50	6
21	51	1
21	52	3
21	53	5
21	54	3
21	55	2
21	56	8
21	57	1
21	58	5
21	59	2
21	60	7
21	61	3
21	62	3
21	64	1
21	65	3
21	66	3
21	67	5
22	23	5
22	24	3
22	25	7
22	26	2
22	27	1
22	28	4
22	29	3
22	30	1
22	31	4
22	32	3
22	33	1
22	35	1
22	36	2
22	37	5
22	38	5
22	39	5
22	40	5
22	41	6
22	42	2
22	44	1
22	45	1
22	46	1
22	47	1
22	48	6
22	49	7
22	50	5
22	52	5
22	53	4
22	54	2
22	55	2
22	56	8
22	57	3
22	58	4
22	59	4
22	60	4
22	61	2
22	62	3
22	63	1
22	64	2
22	65	7
22	66	5
22	67	5
23	24	6
23	25	6
23	26	3
23	27	4
23	28	2
23	29	1
23	30	1
23	31	3
23	33	2
23	34	7
23	35	1
23	36	1
23	39	2
23	40	6
23	41	1
23	42	1
23	43	4
23	45	1
23	46	3
23	47	2
23	48	2
23	49	4
23	50	6
23	52	2
23	53	2
23	54	6
23	55	2
23	56	1
23	57	2
23	58	2
23	59	5
23	60	2
23	61	6
23	62	4
23	64	6
23	65	1
23	67	6
24	25	4
24	26	3
24	27	6
24	28	2
24	29	5
24	30	6
24	31	3
24	32	1
24	34	3
24	36	3
24	37	4
24	38	6
24	39	2
24	40	1
24	42	2
24	43	5
24	44	1
24	45	2
24	46	2
24	47	3
24	48	3
24	49	7
24	50	2
24	51	1
24	52	2
24	53	3
24	54	3
24	55	2
24	56	4
24	57	3
24	58	6
24	59	3
24	60	3
24	61	9
24	62	3
24	63	2
24	64	4
24	65	4
24	66	3
24	67	3
25	26	3
25	27	2
25	28	6
25	29	2
25	30	2
25	31	3
25	32	1
25	33	2
25	34	4
25	36	2
25	37	3
25	38	4
25	39	3
25	40	1
25	42	1
25	43	3
25	44	1
25	45	3
25	46	4
25	48	3
25	49	3
25	50	6
25	51	3
25	52	3
25	53	1
25	54	2
25	55	1
25	56	5
25	57	1
25	58	1
25	59	5
25	60	2
25	61	10
25	62	3
25	63	2
25	64	3
25	65	4
25	66	1
25	67	2
26	27	8
26	28	6
26	29	4
26	30	4
26	31	2
26	32	7
26	33	1
26	34	2
26	35	2
26	36	3
26	37	3
26	38	2
26	39	1
26	40	1
26	41	2
26	42	5
26	43	9
26	44	2
26	45	3
26	46	4
26	47	7
26	48	4
26	49	7
26	50	7
26	51	10
26	52	4
26	53	3
26	54	1
26	55	4
26	56	3
26	57	4
26	58	7
26	59	5
26	60	2
26	61	3
26	62	4
26	63	2
26	64	10
26	65	8
26	66	4
26	67	3
27	28	2
27	29	4
27	30	2
27	31	3
27	32	6
27	34	11
27	36	4
27	37	6
27	38	3
27	39	3
27	40	3
27	41	3
27	42	1
27	43	4
27	44	2
27	45	9
27	46	5
27	47	5
27	48	3
27	49	8
27	50	3
27	51	2
27	52	6
27	53	3
27	54	1
27	55	3
27	56	4
27	57	2
27	58	2
27	59	5
27	60	5
27	61	6
27	62	5
27	63	1
27	64	11
27	65	8
27	66	4
27	67	7
28	29	1
28	30	2
28	31	2
28	32	2
28	34	6
28	35	2
28	37	1
28	38	3
28	39	2
28	40	5
28	42	5
28	43	1
28	44	2
28	45	3
28	46	3
28	47	1
28	48	4
28	49	4
28	50	3
28	51	1
28	52	2
28	53	2
28	54	1
28	57	2
28	59	2
28	61	3
28	62	3
28	63	2
28	64	5
28	65	5
28	66	5
29	30	10
29	31	3
29	32	2
29	33	2
29	34	3
29	35	5
29	36	3
29	37	1
29	38	6
29	39	6
29	40	5
29	41	7
29	42	5
29	43	5
29	44	2
29	45	1
29	46	3
29	47	5
29	48	5
29	49	4
29	50	4
29	51	7
29	52	2
29	53	8
29	54	3
29	55	2
29	56	8
29	57	1
29	58	5
29	59	5
29	60	7
29	61	13
29	62	7
29	63	2
29	64	6
29	65	10
29	66	4
29	67	3
30	31	5
30	32	3
30	33	1
30	34	6
30	35	2
30	36	3
30	37	5
30	38	3
30	39	3
30	40	5
30	41	4
30	42	4
30	43	8
30	44	3
30	45	12
30	46	3
30	47	7
30	48	4
30	49	7
30	50	2
30	51	1
30	52	4
30	53	8
30	54	3
30	55	5
30	56	9
30	57	4
30	58	2
30	59	2
30	60	1
30	61	6
30	62	4
30	63	3
30	64	7
30	65	5
30	66	1
30	67	5
31	32	7
31	33	1
31	34	3
31	35	1
31	36	2
31	37	2
31	38	2
31	39	6
31	40	3
31	41	4
31	42	1
31	43	4
31	45	12
31	46	3
31	47	9
31	48	4
31	49	2
31	50	1
31	51	1
31	52	6
31	53	3
31	54	3
31	55	2
31	56	3
31	57	5
31	58	1
31	59	6
31	60	5
31	61	3
31	62	2
31	63	2
31	64	3
31	65	2
31	66	7
31	67	1
32	33	3
32	34	7
32	36	6
32	37	2
32	38	1
32	39	5
32	40	4
32	41	1
32	42	1
32	43	2
32	44	2
32	45	7
32	46	1
32	47	5
32	48	2
32	49	6
32	50	5
32	51	3
32	52	5
32	53	7
32	54	2
32	55	4
32	56	4
32	57	5
32	58	5
32	59	2
32	60	5
32	61	3
32	62	2
32	64	4
32	65	2
32	66	2
32	67	5
33	34	2
33	35	2
33	36	3
33	37	1
33	38	4
33	39	4
33	40	1
33	42	1
33	43	3
33	44	1
33	45	3
33	46	1
33	47	2
33	48	6
33	49	3
33	50	3
33	51	1
33	52	1
33	56	2
33	57	1
33	58	1
33	60	1
33	61	2
33	62	3
33	63	5
33	66	1
33	67	2
34	35	7
34	37	2
34	38	6
34	39	4
34	40	2
34	41	2
34	42	3
34	43	8
34	44	2
34	45	5
34	46	2
34	47	1
34	48	4
34	49	6
34	50	9
34	51	4
34	52	2
34	53	3
34	54	2
34	55	2
34	56	4
34	57	2
34	58	8
34	59	5
34	60	4
34	61	4
34	62	3
34	63	3
34	64	6
34	65	3
34	66	4
34	67	4
35	37	1
35	38	4
35	39	2
35	40	2
35	42	1
35	43	2
35	45	2
35	46	1
35	47	4
35	48	5
35	49	1
35	50	5
35	51	1
35	52	3
35	53	3
35	55	4
35	56	2
35	58	7
35	59	4
35	60	8
35	61	2
35	62	1
35	63	3
35	64	7
35	65	1
35	66	1
35	67	4
36	38	2
36	39	3
36	40	3
36	41	1
36	42	2
36	43	1
36	45	2
36	46	5
36	47	3
36	48	4
36	50	2
36	51	2
36	52	5
36	53	2
36	54	1
36	55	7
36	56	4
36	57	4
36	58	4
36	59	5
36	60	2
36	61	4
36	62	1
36	63	3
36	64	2
36	65	5
36	66	2
36	67	3
37	38	8
37	39	2
37	41	1
37	42	2
37	43	1
37	45	6
37	46	1
37	47	2
37	48	7
37	49	1
37	50	2
37	51	2
37	52	6
37	53	4
37	54	3
37	55	5
37	56	3
37	58	3
37	59	4
37	60	2
37	61	3
37	62	2
37	63	1
37	64	3
37	65	6
37	66	2
37	67	3
38	39	3
38	40	9
38	41	2
38	42	3
38	43	8
38	45	3
38	46	4
38	47	2
38	48	5
38	49	2
38	50	4
38	51	1
38	52	6
38	53	3
38	54	1
38	55	5
38	56	11
38	57	3
38	58	1
38	59	3
38	60	7
38	61	8
38	62	2
38	63	5
38	64	4
38	65	8
38	66	5
38	67	2
39	40	8
39	41	4
39	42	1
39	43	6
39	44	1
39	45	7
39	46	2
39	47	3
39	48	5
39	49	8
39	50	5
39	51	3
39	52	2
39	53	4
39	54	1
39	55	2
39	56	3
39	57	5
39	58	1
39	59	6
39	60	3
39	61	3
39	62	6
39	63	1
39	64	8
39	65	1
39	66	5
39	67	4
40	41	2
40	42	5
40	43	6
40	44	2
40	45	7
40	46	2
40	48	5
40	49	3
40	50	3
40	51	1
40	52	2
40	53	4
40	54	2
40	55	2
40	56	1
40	57	2
40	58	2
40	59	4
40	60	1
40	61	5
40	62	6
40	64	3
40	65	5
40	66	2
40	67	2
41	42	5
41	43	1
41	44	1
41	45	8
41	46	4
41	47	4
41	48	2
41	49	6
41	50	3
41	52	1
41	53	7
41	55	3
41	56	7
41	57	5
41	58	2
41	59	3
41	60	1
41	61	5
41	62	2
41	63	4
41	64	5
41	65	6
41	66	3
41	67	2
42	43	2
42	44	2
42	45	1
42	46	5
42	47	2
42	48	4
42	49	2
42	50	2
42	51	2
42	52	2
42	54	2
42	55	1
42	56	3
42	57	3
42	58	1
42	60	3
42	61	2
42	62	2
42	63	2
42	66	1
42	67	2
43	44	4
43	45	6
43	46	7
43	47	3
43	48	5
43	49	7
43	50	3
43	51	3
43	52	11
43	53	4
43	55	4
43	56	9
43	57	1
43	58	3
43	59	4
43	60	4
43	61	6
43	62	5
43	63	1
43	64	2
43	65	7
43	66	2
43	67	5
44	45	1
44	49	4
44	53	1
44	55	3
44	58	2
44	59	1
44	60	1
44	61	4
44	64	1
44	65	2
44	66	1
44	67	8
45	46	6
45	48	5
45	49	6
45	50	5
45	51	6
45	52	2
45	53	2
45	54	2
45	55	3
45	56	8
45	57	1
45	58	1
45	59	4
45	60	3
45	61	4
45	62	3
45	63	1
45	64	5
45	65	5
45	66	3
45	67	9
46	47	2
46	48	7
46	49	2
46	50	3
46	51	5
46	52	1
46	53	5
46	54	1
46	55	2
46	56	5
46	58	4
46	59	2
46	60	4
46	61	3
46	62	2
46	63	1
46	64	6
46	65	5
46	66	2
46	67	3
47	48	1
47	49	4
47	50	4
47	52	4
47	53	1
47	54	1
47	55	2
47	56	8
47	57	2
47	58	4
47	59	1
47	60	2
47	61	1
47	63	4
47	64	1
47	65	1
47	67	3
48	49	3
48	50	5
48	51	4
48	52	6
48	53	4
48	54	4
48	55	3
48	56	9
48	57	7
48	58	6
48	59	5
48	60	1
48	61	3
48	62	4
48	63	3
48	64	6
48	65	6
48	66	1
48	67	5
49	51	2
49	52	6
49	53	3
49	55	2
49	56	4
49	57	8
49	58	3
49	59	4
49	60	3
49	61	7
49	62	5
49	63	1
49	64	7
49	65	4
49	66	4
49	67	12
50	51	1
50	52	5
50	53	8
50	54	4
50	55	2
50	56	7
50	57	8
50	58	3
50	59	8
50	60	2
50	61	6
50	62	1
50	63	5
50	64	7
50	65	9
50	66	5
50	67	3
51	52	2
51	53	2
51	54	1
51	55	3
51	57	3
51	58	3
51	59	1
51	60	1
51	61	3
51	62	3
51	64	2
51	65	2
51	67	2
52	53	1
52	54	1
52	55	4
52	56	7
52	57	5
52	58	1
52	59	5
52	60	3
52	61	3
52	62	7
52	63	4
52	64	4
52	65	5
52	66	3
52	67	6
53	54	1
53	55	4
53	56	3
53	57	4
53	58	8
53	59	3
53	61	7
53	62	4
53	63	1
53	64	3
53	65	8
53	66	5
53	67	6
54	55	3
54	56	5
54	58	1
54	61	1
54	62	2
54	65	2
54	66	3
54	67	2
55	56	2
55	57	5
55	58	3
55	59	2
55	60	6
55	61	11
55	62	1
55	64	7
55	65	6
55	66	3
55	67	5
56	57	6
56	58	9
56	59	1
56	60	4
56	61	9
56	62	3
56	63	1
56	64	3
56	65	5
56	66	2
56	67	6
57	58	8
57	59	9
57	60	1
57	61	2
57	62	1
57	63	4
57	64	1
57	65	4
57	66	4
57	67	3
58	59	1
58	60	1
58	61	2
58	62	3
58	64	5
58	65	2
58	66	2
58	67	6
59	60	4
59	61	6
59	62	4
59	63	4
59	64	6
59	65	4
59	66	2
59	67	13
60	61	7
60	62	4
60	63	3
60	64	2
60	65	3
60	66	3
60	67	1
61	62	8
61	63	1
61	64	4
61	65	6
61	66	1
61	67	5
62	63	3
62	64	3
62	65	4
62	66	4
62	67	3
63	64	1
63	65	8
63	67	1
64	65	9
64	66	3
64	67	3
65	66	6
65	67	6
66	67	2
