1 16 37 45 46 82 116 124 164 169 191 196 221 240 261 262 295 320 368 379 420 425 470 488 490 538 564 579 595 608 647 677 684 689 692 696 
1 45 46 51 60 61 109 127 161 169 171 220 251 263 282 297 317 369 397 441 453 458 460 494 514 515 527 538 557 570 587 620 657 667 672 681 694 700 
1 32 36 49 72 75 92 102 120 182 234 290 297 299 318 352 361 416 444 573 648 
1 18 52 99 128 131 138 171 203 235 266 336 341 350 389 413 445 451 462 478 529 543 572 587 595 600 611 634 637 685 691 693 
2 12 49 174 186 192 194 205 216 247 279 385 477 489 519 570 603 607 624 664 685 698 
3 24 89 107 110 121 149 156 179 185 194 226 256 257 284 291 298 301 376 381 399 404 427 430 442 466 496 505 548 550 560 574 591 623 640 646 688 693 699 
4 43 91 95 122 126 142 180 196 227 248 273 413 487 505 512 534 555 
5 71 73 79 107 108 153 178 184 197 207 212 258 268 296 334 340 341 359 360 429 465 466 475 498 499 527 531 545 578 585 587 592 608 609 615 664 697 
6 22 78 86 90 160 173 191 203 279 280 335 405 451 474 490 512 555 586 620 
7 20 64 67 86 117 191 212 231 283 311 312 314 315 345 369 406 432 447 511 571 
8 10 16 46 60 71 105 154 155 158 178 189 191 212 230 240 260 358 411 417 477 491 501 507 546 554 572 581 584 631 641 652 675 682 
9 38 42 52 53 59 62 88 381 383 484 577 582 692 
11 49 52 57 101 134 202 208 236 276 282 300 302 306 324 330 333 350 364 365 384 417 435 454 461 465 479 485 497 534 580 593 602 636 643 648 679 
11 35 47 50 79 99 112 161 176 184 197 218 291 305 353 419 440 445 481 487 540 545 561 584 613 632 651 664 673 682 695 
11 25 60 73 105 115 145 146 148 239 285 307 310 319 338 349 370 383 436 459 467 472 474 506 510 527 530 559 614 620 633 648 650 651 659 663 666 668 693 
11 15 27 29 45 131 172 188 350 435 447 580 630 650 651 668 
12 73 84 118 137 155 200 214 240 241 285 297 308 319 329 354 376 381 382 394 405 433 456 486 513 544 545 548 595 603 630 648 668 
12 13 79 158 188 192 209 222 245 264 275 304 323 340 368 400 411 436 446 464 469 476 490 534 542 547 567 573 598 603 635 694 698 
12 46 83 85 86 87 129 131 137 150 163 196 278 310 332 334 344 367 375 388 405 412 447 449 474 522 524 545 547 555 563 567 580 601 612 614 629 654 661 686 
14 16 37 44 61 73 74 105 111 113 156 170 193 210 223 244 292 334 349 374 401 409 411 423 436 450 455 487 492 515 525 543 548 577 584 608 646 682 685 698 
16 28 30 81 115 159 184 261 270 293 316 368 385 387 457 463 465 482 492 522 548 577 582 587 617 656 658 694 
17 32 33 97 131 139 155 166 169 183 233 261 342 437 461 521 522 528 535 546 573 575 581 582 590 595 616 634 645 669 698 
19 32 58 61 71 81 125 135 156 171 177 238 243 267 271 285 349 376 420 428 436 451 452 466 487 495 512 541 547 555 614 624 644 653 677 683 
21 37 45 123 137 170 229 265 279 294 306 341 367 371 381 384 385 417 434 435 448 474 517 551 553 619 649 671 
23 34 39 52 55 68 94 98 119 132 196 197 384 385 641 
26 76 80 165 178 214 306 340 366 403 405 411 420 473 490 495 538 547 568 571 604 608 664 
31 54 104 144 156 158 188 211 240 242 249 250 261 286 339 368 391 577 601 650 
32 100 107 155 184 214 217 218 252 277 281 289 341 363 492 500 508 520 533 546 566 567 573 584 596 618 622 641 650 692 
37 76 110 115 133 141 161 171 188 192 198 213 259 297 313 322 334 347 398 413 420 421 447 458 461 504 509 515 539 546 549 562 583 605 606 621 634 642 690 694 
40 56 61 110 137 170 178 269 282 287 306 319 325 343 367 377 395 402 451 477 483 493 522 572 603 620 630 651 
41 70 93 107 114 157 162 169 170 197 204 255 293 309 326 378 414 424 435 503 526 527 565 569 570 581 597 668 692 
48 152 168 187 192 199 279 282 349 355 376 393 461 505 551 571 572 601 641 685 
49 76 81 203 310 321 348 356 357 362 369 392 445 458 468 484 523 537 551 581 586 599 627 630 678 688 
60 65 105 110 143 175 201 288 303 310 319 340 383 422 439 469 492 502 518 551 571 582 588 594 601 638 
63 69 76 77 99 161 167 194 254 285 291 351 373 390 410 415 417 469 538 586 677 
66 99 147 151 195 218 219 225 232 291 293 327 328 337 350 384 418 431 438 443 445 480 484 495 505 516 534 543 589 610 634 655 670 682 688 693 
71 79 86 96 103 203 218 246 253 272 274 293 331 367 396 407 413 426 458 471 484 543 552 556 558 586 624 625 626 628 646 665 676 680 687 688 
81 115 136 158 190 215 237 369 408 465 466 469 477 515 532 536 567 576 624 639 646 660 662 674 677 
106 130 140 181 194 206 212 214 224 228 346 372 380 383 386 495 512 570 580 614 
