0	1	33
0	2	27
0	3	33
0	4	21
0	5	25
0	6	22
0	7	28
0	8	48
0	9	44
0	10	40
0	11	31
0	12	34
0	13	42
0	14	50
0	15	29
0	16	55
0	17	53
0	18	55
0	19	35
0	20	52
0	21	53
0	22	19
0	23	29
0	24	43
0	25	22
0	26	21
0	27	61
0	28	61
0	29	33
0	30	48
0	31	36
0	32	30
0	33	39
0	34	53
0	35	50
0	36	34
0	37	32
0	38	40
0	39	41
0	40	52
0	41	56
0	42	50
0	43	49
0	44	25
0	45	47
0	46	44
0	47	50
0	48	61
0	49	38
0	50	36
0	51	46
0	52	48
0	53	41
0	54	57
0	55	50
0	56	23
0	57	18
0	58	29
0	59	20
0	60	52
1	2	3
1	4	4
1	5	2
1	6	1
1	7	2
1	8	2
1	9	1
1	11	1
1	12	5
1	13	3
1	14	2
1	15	4
1	16	2
1	17	2
1	18	6
1	19	2
1	20	1
1	21	4
1	22	1
1	23	2
1	24	1
1	25	4
1	26	1
1	27	2
1	28	1
1	30	1
1	32	3
1	33	1
1	34	2
1	35	2
1	36	1
1	37	1
1	38	4
1	39	1
1	40	5
1	41	6
1	42	6
1	43	4
1	46	5
1	47	4
1	48	4
1	50	5
1	51	1
1	52	7
1	53	3
1	54	3
1	55	2
1	56	1
1	58	3
1	59	2
1	60	4
2	3	8
2	4	2
2	5	2
2	6	3
2	7	8
2	8	5
2	9	2
2	10	1
2	12	5
2	13	2
2	14	2
2	15	1
2	16	2
2	17	3
2	18	5
2	19	4
2	20	5
2	21	4
2	23	2
2	24	1
2	25	2
2	27	1
2	28	2
2	29	2
2	30	2
2	31	3
2	32	3
2	33	1
2	34	5
2	35	6
2	36	2
2	38	1
2	39	1
2	40	5
2	41	2
2	42	2
2	43	3
2	44	1
2	45	5
2	46	1
2	47	2
2	48	1
2	49	4
2	50	2
2	51	5
2	52	3
2	53	3
2	54	2
2	55	6
2	56	1
2	57	5
2	58	5
2	59	4
2	60	1
3	4	6
3	5	1
3	6	3
3	7	4
3	8	3
3	9	3
3	10	1
3	11	4
3	12	5
3	13	7
3	14	4
3	15	2
3	16	4
3	17	10
3	18	4
3	19	5
3	20	5
3	21	1
3	22	1
3	23	1
3	24	2
3	25	2
3	27	4
3	28	2
3	29	4
3	30	7
3	31	3
3	32	1
3	33	4
3	34	5
3	35	3
3	36	2
3	37	1
3	38	6
3	39	2
3	40	1
3	41	7
3	42	3
3	43	4
3	44	3
3	45	2
3	46	2
3	47	4
3	48	4
3	49	3
3	50	6
3	51	3
3	52	4
3	53	6
3	54	4
3	55	4
3	56	4
3	57	2
3	58	2
3	59	3
3	60	7
4	5	3
4	6	2
4	8	4
4	10	1
4	11	2
4	12	3
4	13	2
4	14	4
4	15	1
4	16	1
4	18	4
4	19	1
4	20	3
4	21	1
4	22	1
4	23	2
4	24	2
4	25	2
4	26	1
4	27	2
4	28	2
4	29	4
4	30	1
4	31	1
4	32	4
4	33	6
4	34	6
4	35	3
4	36	2
4	37	1
4	38	3
4	39	2
4	40	7
4	41	5
4	42	4
4	43	1
4	44	4
4	45	2
4	46	2
4	47	2
4	48	2
4	49	4
4	50	3
4	51	2
4	52	5
4	53	4
4	54	3
4	55	2
4	56	1
4	57	2
4	58	4
4	59	1
4	60	2
5	6	2
5	7	6
5	8	3
5	9	2
5	10	1
5	11	7
5	12	1
5	13	6
5	14	3
5	15	1
5	16	6
5	17	6
5	18	1
5	19	2
5	20	4
5	21	4
5	22	1
5	23	2
5	24	4
5	25	5
5	26	1
5	27	4
5	28	1
5	30	4
5	31	5
5	32	2
5	33	1
5	34	5
5	35	1
5	36	2
5	37	2
5	38	2
5	39	2
5	40	3
5	41	2
5	42	2
5	43	3
5	44	2
5	45	2
5	46	2
5	47	1
5	48	1
5	49	1
5	50	2
5	51	6
5	52	3
5	53	5
5	54	1
5	55	3
5	56	4
5	58	3
5	60	2
6	7	1
6	8	3
6	9	2
6	12	4
6	13	2
6	14	2
6	15	6
6	16	3
6	17	3
6	18	3
6	19	3
6	20	3
6	21	2
6	22	1
6	23	1
6	24	2
6	25	1
6	26	1
6	27	3
6	28	2
6	31	4
6	32	2
6	33	1
6	34	7
6	35	1
6	36	2
6	37	2
6	38	1
6	40	2
6	41	2
6	42	3
6	43	5
6	44	1
6	45	1
6	46	4
6	47	1
6	48	2
6	49	1
6	50	3
6	51	4
6	52	4
6	53	8
6	54	3
6	55	1
6	56	9
6	57	1
6	58	2
6	59	2
6	60	3
7	8	2
7	9	1
7	10	2
7	11	2
7	12	4
7	13	3
7	15	4
7	16	5
7	17	5
7	18	4
7	19	1
7	20	3
7	21	2
7	22	1
7	23	2
7	24	7
7	25	1
7	26	4
7	27	7
7	28	4
7	29	2
7	30	3
7	31	2
7	32	4
7	33	2
7	34	3
7	35	1
7	36	4
7	37	1
7	38	3
7	39	2
7	40	7
7	41	3
7	42	2
7	43	5
7	44	7
7	45	1
7	46	1
7	47	2
7	48	2
7	49	3
7	50	1
7	51	1
7	52	3
7	54	2
7	55	2
7	56	1
7	57	3
7	58	3
7	59	3
7	60	5
8	9	3
8	10	5
8	11	1
8	12	2
8	13	6
8	14	5
8	15	6
8	16	6
8	17	7
8	18	3
8	19	3
8	20	6
8	21	4
8	22	4
8	23	3
8	24	3
8	25	4
8	26	2
8	27	2
8	28	13
8	29	6
8	30	8
8	31	3
8	32	6
8	33	2
8	34	4
8	35	5
8	36	4
8	37	2
8	38	5
8	40	4
8	41	8
8	42	6
8	43	8
8	44	5
8	45	3
8	46	1
8	47	3
8	48	7
8	49	1
8	50	2
8	51	4
8	52	5
8	53	3
8	54	4
8	55	4
8	56	4
8	57	6
8	58	6
8	60	4
9	10	2
9	11	5
9	12	1
9	13	2
9	14	3
9	15	1
9	16	2
9	17	2
9	19	1
9	20	2
9	21	6
9	22	2
9	23	3
9	24	5
9	25	1
9	26	5
9	27	5
9	28	5
9	30	6
9	31	2
9	32	1
9	33	1
9	34	6
9	35	2
9	36	1
9	37	1
9	38	2
9	39	1
9	40	1
9	41	5
9	42	4
9	45	6
9	46	1
9	47	5
9	48	3
9	49	2
9	51	2
9	52	2
9	53	2
9	54	4
9	55	4
9	56	2
9	57	1
9	58	2
9	59	1
9	60	7
10	11	2
10	13	1
10	14	2
10	15	3
10	16	4
10	17	4
10	18	3
10	19	3
10	20	3
10	21	2
10	22	1
10	23	1
10	24	2
10	25	5
10	26	3
10	27	3
10	28	3
10	29	3
10	30	2
10	31	2
10	32	1
10	33	2
10	34	3
10	35	4
10	36	2
10	38	1
10	39	2
10	40	6
10	41	8
10	42	1
10	43	8
10	44	2
10	47	2
10	48	3
10	49	1
10	50	1
10	51	1
10	52	4
10	53	4
10	54	11
10	55	4
10	58	8
10	59	1
10	60	7
11	12	3
11	13	3
11	14	1
11	16	3
11	17	4
11	18	5
11	19	3
11	20	3
11	21	1
11	22	1
11	23	3
11	24	4
11	25	1
11	26	4
11	27	6
11	28	1
11	29	2
11	30	2
11	31	4
11	33	2
11	34	1
11	36	1
11	37	1
11	38	1
11	39	6
11	40	7
11	41	4
11	42	4
11	43	6
11	44	2
11	45	2
11	46	1
11	47	7
11	48	6
11	50	4
11	52	5
11	53	1
11	54	3
11	55	1
11	56	1
11	57	3
11	58	1
11	59	2
11	60	7
12	13	6
12	14	4
12	15	6
12	16	2
12	17	1
12	18	4
12	19	1
12	20	3
12	21	2
12	22	2
12	23	1
12	24	6
12	25	1
12	26	3
12	27	5
12	28	1
12	29	1
12	30	1
12	31	2
12	32	2
12	33	4
12	34	3
12	35	6
12	36	7
12	37	8
12	38	2
12	39	7
12	40	9
12	41	7
12	42	6
12	43	6
12	45	1
12	46	4
12	47	4
12	48	6
12	49	1
12	50	1
12	51	3
12	52	1
12	53	4
12	54	4
12	55	3
12	56	3
12	57	1
12	58	2
12	59	1
12	60	4
13	14	2
13	15	4
13	16	7
13	17	5
13	18	6
13	19	11
13	20	7
13	21	2
13	22	1
13	23	2
13	24	6
13	26	3
13	27	7
13	28	2
13	29	2
13	30	3
13	31	7
13	32	2
13	33	10
13	34	6
13	35	4
13	36	4
13	37	4
13	38	3
13	39	3
13	40	8
13	41	8
13	42	4
13	43	10
13	45	6
13	46	2
13	47	3
13	48	6
13	49	4
13	50	4
13	51	5
13	52	6
13	53	12
13	54	4
13	55	4
13	56	1
13	57	1
13	58	2
13	59	3
13	60	4
14	15	7
14	16	1
14	17	5
14	18	6
14	19	9
14	20	4
14	21	5
14	22	4
14	23	2
14	24	2
14	25	2
14	27	6
14	28	3
14	29	2
14	30	2
14	31	4
14	32	2
14	33	9
14	34	3
14	35	3
14	36	1
14	38	2
14	39	1
14	40	6
14	41	2
14	42	3
14	43	2
14	44	3
14	45	4
14	46	3
14	47	6
14	48	7
14	50	5
14	51	1
14	52	4
14	53	4
14	54	1
14	55	3
14	56	2
14	57	2
14	59	1
14	60	6
15	16	3
15	17	1
15	18	1
15	19	3
15	20	2
15	21	4
15	23	4
15	24	2
15	25	3
15	26	2
15	28	6
15	30	3
15	31	4
15	32	2
15	33	3
15	34	2
15	35	1
15	36	1
15	37	2
15	38	1
15	39	1
15	40	3
15	41	5
15	42	1
15	43	3
15	44	2
15	45	1
15	46	1
15	47	5
15	48	5
15	49	3
15	50	3
15	51	4
15	52	3
15	53	2
15	54	6
15	55	4
15	56	1
15	58	3
15	59	2
15	60	3
16	17	12
16	18	7
16	19	4
16	20	6
16	21	11
16	22	1
16	23	1
16	24	3
16	25	4
16	26	5
16	27	8
16	28	11
16	29	4
16	30	7
16	31	15
16	32	3
16	33	5
16	34	7
16	35	2
16	36	3
16	37	1
16	38	2
16	40	8
16	41	4
16	42	6
16	43	8
16	44	1
16	45	4
16	46	4
16	47	4
16	48	5
16	49	1
16	50	2
16	51	2
16	52	4
16	53	10
16	54	15
16	55	7
16	56	4
16	57	2
16	58	4
16	59	3
16	60	11
17	18	4
17	19	1
17	20	7
17	21	6
17	23	3
17	24	1
17	25	4
17	27	4
17	28	6
17	29	4
17	30	7
17	31	2
17	33	4
17	34	7
17	35	3
17	36	3
17	37	4
17	38	6
17	39	3
17	40	4
17	41	14
17	42	7
17	43	6
17	44	1
17	45	7
17	46	1
17	47	5
17	48	18
17	49	3
17	50	5
17	51	4
17	52	5
17	53	8
17	54	8
17	55	3
17	56	1
17	58	2
17	59	5
17	60	4
18	19	7
18	20	2
18	21	9
18	22	3
18	23	2
18	24	3
18	25	2
18	26	1
18	27	9
18	28	1
18	29	2
18	30	4
18	31	3
18	32	2
18	33	5
18	34	4
18	35	4
18	36	2
18	37	4
18	38	6
18	39	3
18	40	8
18	41	8
18	42	7
18	43	9
18	44	9
18	45	5
18	46	5
18	47	4
18	48	4
18	49	1
18	50	5
18	51	2
18	52	3
18	53	4
18	54	7
18	55	7
18	56	1
18	57	2
18	58	2
18	59	1
18	60	10
19	20	1
19	21	7
19	23	2
19	24	3
19	26	1
19	27	5
19	28	1
19	29	3
19	30	5
19	31	1
19	32	1
19	33	6
19	34	5
19	37	3
19	38	1
19	39	1
19	40	3
19	41	2
19	42	1
19	43	3
19	45	2
19	46	2
19	47	1
19	48	3
19	50	1
19	51	2
19	52	3
19	53	5
19	54	5
19	55	2
19	56	3
19	57	4
19	58	3
19	59	5
19	60	4
20	21	9
20	22	3
20	23	3
20	24	5
20	25	4
20	26	4
20	27	3
20	28	5
20	29	2
20	30	5
20	31	2
20	32	4
20	33	8
20	34	6
20	35	5
20	36	2
20	37	2
20	38	3
20	39	3
20	40	8
20	41	7
20	42	3
20	43	6
20	44	5
20	45	6
20	46	1
20	47	4
20	48	2
20	50	3
20	51	1
20	52	3
20	53	2
20	54	4
20	55	3
20	56	4
20	57	2
20	58	7
20	59	1
20	60	3
21	22	2
21	23	6
21	24	2
21	25	5
21	26	1
21	27	11
21	28	4
21	29	1
21	30	2
21	31	2
21	32	4
21	33	2
21	34	3
21	35	2
21	36	4
21	38	2
21	39	1
21	40	7
21	41	4
21	42	1
21	43	6
21	45	1
21	46	2
21	47	3
21	48	6
21	49	3
21	50	1
21	51	1
21	52	6
21	53	2
21	54	2
21	55	2
21	57	1
21	58	3
21	59	2
21	60	7
22	23	1
22	24	1
22	25	2
22	26	1
22	27	6
22	28	2
22	29	1
22	31	2
22	32	4
22	33	3
22	34	2
22	35	5
22	36	1
22	39	1
22	40	3
22	41	4
22	42	2
22	43	2
22	44	1
22	45	3
22	46	4
22	48	1
22	49	1
22	50	3
22	51	1
22	52	2
22	53	3
22	54	3
22	55	2
22	56	4
22	57	2
22	58	2
22	60	1
23	24	6
23	25	2
23	26	1
23	27	2
23	28	6
23	29	3
23	30	1
23	31	3
23	32	5
23	33	2
23	34	4
23	35	1
23	36	2
23	37	1
23	38	1
23	39	1
23	40	4
23	41	6
23	42	3
23	43	2
23	44	2
23	45	1
23	46	2
23	47	4
23	48	4
23	49	1
23	50	2
23	51	1
23	53	2
23	54	9
23	55	3
23	56	5
23	57	1
23	58	4
23	60	5
24	25	1
24	27	4
24	28	5
24	29	2
24	30	4
24	31	7
24	32	2
24	33	7
24	34	4
24	35	6
24	36	1
24	37	5
24	38	2
24	39	2
24	40	2
24	41	5
24	42	1
24	43	5
24	44	4
24	45	1
24	46	3
24	47	6
24	48	4
24	49	5
24	50	2
24	51	2
24	52	5
24	53	9
24	54	1
24	55	4
24	57	3
24	58	2
24	59	1
24	60	4
25	26	4
25	27	1
25	28	4
25	29	3
25	30	2
25	31	1
25	32	3
25	33	1
25	34	7
25	35	2
25	36	1
25	37	2
25	38	1
25	39	3
25	40	1
25	42	2
25	43	2
25	45	2
25	46	2
25	47	3
25	48	3
25	50	1
25	51	2
25	52	1
25	54	5
25	55	3
25	57	1
25	58	2
25	59	2
25	60	1
26	27	4
26	28	4
26	29	4
26	30	3
26	31	2
26	32	1
26	33	1
26	34	1
26	35	2
26	36	1
26	37	1
26	38	2
26	40	2
26	41	4
26	42	2
26	43	3
26	46	1
26	47	7
26	48	2
26	49	2
26	50	2
26	51	4
26	52	4
26	53	4
26	54	3
26	55	3
26	56	1
26	58	1
26	59	3
27	28	5
27	29	1
27	31	4
27	32	2
27	33	8
27	34	7
27	35	6
27	36	6
27	37	1
27	38	6
27	39	1
27	40	6
27	41	4
27	42	7
27	43	5
27	44	1
27	45	5
27	46	5
27	47	8
27	48	3
27	49	1
27	50	4
27	51	2
27	52	4
27	53	4
27	54	8
27	55	7
27	56	4
27	57	3
27	58	2
27	59	4
27	60	9
28	29	2
28	30	2
28	31	4
28	32	6
28	33	5
28	34	5
28	35	9
28	36	4
28	37	2
28	38	5
28	39	2
28	40	4
28	41	7
28	42	6
28	43	9
28	44	5
28	45	7
28	46	5
28	47	4
28	48	8
28	49	1
28	50	1
28	51	7
28	52	6
28	53	6
28	54	3
28	55	11
28	56	7
28	57	4
28	58	4
28	59	3
28	60	6
29	30	9
29	31	1
29	32	1
29	33	2
29	34	1
29	35	10
29	36	1
29	37	2
29	38	1
29	40	1
29	41	4
29	43	2
29	44	1
29	45	4
29	46	1
29	47	6
29	48	3
29	49	2
29	52	5
29	53	5
29	54	3
29	55	1
29	56	1
29	57	2
29	58	2
29	59	3
29	60	4
30	31	3
30	32	2
30	33	7
30	34	3
30	35	3
30	36	4
30	37	1
30	38	4
30	39	1
30	40	8
30	41	7
30	42	4
30	43	1
30	44	3
30	45	4
30	46	3
30	47	4
30	48	6
30	49	1
30	51	3
30	52	8
30	53	1
30	54	2
30	55	6
30	56	4
30	58	6
30	59	1
30	60	1
31	32	1
31	33	5
31	34	3
31	35	2
31	36	1
31	38	3
31	39	1
31	40	2
31	41	1
31	42	4
31	43	5
31	44	5
31	45	4
31	46	6
31	47	2
31	48	4
31	49	3
31	51	5
31	52	5
31	53	6
31	54	4
31	55	4
31	56	1
31	57	3
31	58	3
31	59	3
31	60	6
32	33	5
32	34	3
32	35	2
32	36	3
32	39	1
32	40	2
32	42	2
32	43	3
32	44	4
32	45	1
32	46	1
32	47	1
32	48	1
32	50	1
32	51	5
32	52	4
32	54	3
32	56	2
32	58	4
32	59	1
32	60	4
33	34	4
33	35	2
33	36	7
33	37	2
33	38	1
33	39	1
33	40	4
33	41	1
33	42	6
33	43	6
33	44	1
33	45	9
33	46	3
33	47	3
33	48	8
33	49	1
33	50	4
33	52	1
33	53	4
33	54	2
33	55	6
33	56	3
33	57	1
33	58	1
33	59	3
33	60	6
34	35	3
34	36	2
34	38	1
34	39	2
34	40	3
34	41	8
34	42	7
34	43	2
34	44	3
34	45	2
34	46	3
34	47	9
34	48	7
34	49	2
34	50	2
34	51	6
34	52	3
34	53	4
34	54	2
34	55	3
34	56	6
34	57	5
34	58	3
34	59	2
34	60	1
35	36	7
35	37	1
35	38	1
35	40	5
35	41	6
35	42	5
35	43	4
35	44	6
35	45	6
35	46	2
35	47	7
35	48	4
35	49	6
35	50	3
35	51	1
35	52	2
35	53	6
35	54	4
35	55	3
35	56	5
35	57	8
35	58	3
35	59	2
35	60	3
36	37	2
36	38	1
36	39	2
36	40	2
36	41	4
36	42	5
36	43	3
36	44	1
36	45	4
36	46	1
36	47	3
36	48	6
36	51	1
36	52	2
36	54	3
36	55	6
36	57	4
36	58	2
36	59	2
36	60	7
37	38	2
37	39	4
37	40	3
37	41	4
37	42	6
37	43	3
37	44	2
37	45	3
37	46	1
37	47	1
37	48	3
37	50	5
37	52	7
37	53	3
37	54	9
37	55	9
37	56	3
37	57	2
37	58	2
37	59	3
37	60	3
38	39	3
38	41	5
38	42	4
38	43	4
38	44	1
38	45	2
38	46	7
38	47	6
38	48	3
38	49	3
38	50	3
38	51	1
38	52	10
38	53	4
38	54	4
38	55	2
38	56	1
38	57	1
38	58	3
38	59	4
38	60	5
39	40	5
39	41	2
39	42	1
39	43	4
39	44	1
39	46	1
39	47	2
39	48	2
39	49	1
39	50	3
39	51	6
39	52	4
39	53	1
39	54	2
39	55	2
39	56	4
39	57	1
39	58	1
39	59	3
39	60	2
40	41	1
40	42	5
40	43	6
40	44	1
40	45	1
40	46	6
40	47	6
40	48	9
40	49	1
40	50	8
40	51	3
40	52	4
40	53	5
40	54	11
40	55	3
40	56	1
40	58	2
40	59	2
40	60	6
41	42	6
41	43	2
41	44	2
41	45	5
41	46	5
41	47	5
41	48	4
41	49	4
41	50	2
41	51	5
41	52	5
41	53	9
41	54	8
41	55	4
41	56	5
41	57	2
41	58	6
41	59	7
41	60	4
42	43	7
42	44	3
42	45	6
42	46	3
42	47	3
42	48	2
42	49	5
42	50	6
42	51	4
42	52	2
42	53	3
42	54	5
42	55	5
42	56	2
42	57	2
42	58	3
42	60	5
43	44	1
43	45	6
43	46	2
43	47	3
43	48	3
43	49	3
43	50	2
43	51	6
43	52	3
43	53	2
43	54	5
43	55	5
43	56	4
43	57	2
43	58	3
43	59	1
43	60	6
44	45	5
44	46	2
44	47	6
44	48	1
44	49	2
44	50	1
44	51	7
44	52	1
44	53	3
44	54	2
44	55	2
44	56	1
44	57	2
44	58	1
44	59	5
44	60	4
45	47	4
45	48	2
45	49	1
45	50	3
45	51	2
45	53	3
45	54	5
45	55	9
45	56	2
45	58	2
45	60	4
46	47	6
46	48	3
46	49	1
46	50	1
46	51	5
46	52	1
46	53	1
46	54	2
46	55	3
46	56	1
46	57	2
46	58	4
46	59	1
46	60	3
47	48	7
47	49	3
47	50	3
47	51	5
47	52	9
47	53	5
47	54	3
47	55	7
47	56	1
47	57	2
47	58	1
47	59	1
47	60	8
48	49	2
48	50	5
48	51	6
48	52	4
48	53	6
48	54	4
48	55	9
48	56	2
48	57	2
48	58	2
48	59	1
48	60	12
49	51	1
49	52	5
49	53	4
49	54	2
49	55	6
49	56	4
49	57	1
49	58	4
49	59	1
49	60	4
50	51	1
50	52	1
50	53	6
50	54	3
50	55	2
50	56	3
50	57	1
50	58	2
50	59	1
50	60	4
51	52	3
51	53	9
51	54	3
51	55	3
51	56	2
51	57	1
51	58	1
51	59	1
51	60	1
52	53	5
52	54	3
52	55	5
52	56	5
52	57	2
52	58	6
52	59	2
52	60	8
53	54	10
53	55	2
53	56	3
53	57	2
53	58	1
53	59	10
53	60	9
54	55	12
54	56	1
54	57	2
54	58	6
54	59	7
54	60	6
55	56	4
55	57	1
55	58	2
55	59	2
55	60	7
56	57	1
56	58	1
56	60	2
57	59	1
57	60	2
58	59	1
59	60	1
