#module 0 size: 328 bs: 0.00344477
4 6 9 10 11 13 16 20 23 32 35 40 51 53 56 57 63 65 68 79 80 87 101 107 109 115 119 121 124 127 129 137 142 143 153 164 173 175 182 184 191 197 198 216 221 224 227 228 230 232 233 234 238 239 243 251 258 261 262 271 272 275 279 281 287 292 295 297 299 306 310 314 315 317 330 332 336 337 339 344 346 351 358 364 369 375 377 383 386 387 395 400 402 404 408 411 413 414 419 423 432 433 438 453 461 464 472 478 480 490 500 502 511 514 515 521 524 528 529 536 540 542 549 556 558 561 565 571 574 585 588 593 599 602 603 605 608 609 613 625 630 632 633 635 636 643 648 656 658 670 674 675 676 687 694 695 704 706 718 720 726 729 739 744 746 754 761 768 777 778 790 803 807 821 827 829 831 837 844 845 850 852 854 860 863 868 875 877 885 890 894 905 908 925 926 933 937 939 947 949 950 953 954 959 965 966 969 972 975 981 985 986 993 1005 1007 1018 1027 1032 1034 1037 1040 1041 1046 1049 1053 1056 1058 1062 1065 1069 1074 1082 1086 1091 1101 1106 1107 1111 1117 1120 1124 1126 1132 1133 1136 1137 1139 1140 1141 1158 1163 1164 1168 1170 1178 1183 1186 1187 1192 1196 1199 1215 1223 1232 1233 1235 1240 1242 1246 1250 1252 1254 1255 1260 1261 1275 1276 1278 1284 1287 1288 1297 1302 1308 1319 1320 1326 1330 1334 1335 1336 1340 1342 1343 1347 1349 1351 1354 1358 1361 1374 1384 1386 1394 1398 1401 1403 1405 1406 1409 1417 1426 1427 1436 1439 1441 1442 1444 1459 1460 1463 1467 1470 1483 1486 1490 1496 1499 
#module 1 size: 20 bs: 1
117 157 228 235 301 354 446 456 504 545 569 677 892 911 917 992 1135 1402 1449 1489 
#module 2 size: 21 bs: 1
38 183 276 320 370 507 548 728 838 963 1048 1082 1110 1123 1128 1129 1148 1229 1291 1302 1368 
#module 3 size: 28 bs: 1
83 180 254 257 321 338 468 526 671 697 759 797 812 873 902 920 951 978 995 1015 1048 1103 1121 1154 1309 1337 1363 1425 
#module 4 size: 19 bs: 1
58 73 105 660 665 671 688 707 762 903 913 952 1066 1098 1099 1176 1244 1305 1455 
#module 5 size: 20 bs: 1
19 156 235 267 269 342 378 517 532 539 566 594 773 824 896 974 1012 1083 1192 1237 
#module 6 size: 18 bs: 1
286 415 509 692 752 760 778 815 833 880 968 987 1121 1149 1173 1209 1253 1491 
#module 7 size: 22 bs: 1
17 95 220 223 282 311 439 600 612 708 764 793 915 957 1012 1282 1289 1337 1368 1395 1399 1413 
#module 8 size: 34 bs: 1
73 129 160 176 201 204 245 249 296 323 352 471 475 515 535 596 721 786 817 942 945 1000 1004 1044 1078 1172 1207 1213 1258 1314 1355 1396 1432 1456 
#module 9 size: 22 bs: 1
34 45 52 78 345 572 601 602 630 698 702 736 787 810 1005 1060 1080 1145 1228 1301 1404 1414 
#module 10 size: 21 bs: 1
129 198 333 381 487 610 748 753 770 840 872 996 1024 1070 1120 1152 1177 1188 1195 1210 1377 
#module 11 size: 21 bs: 1
112 196 341 357 449 451 532 614 663 711 826 1063 1113 1131 1144 1227 1239 1243 1397 1404 1408 
#module 12 size: 27 bs: 1
1 98 151 180 203 270 331 360 416 422 519 705 716 776 791 811 835 876 893 1093 1230 1283 1318 1328 1368 1384 1423 
#module 13 size: 36 bs: 1
22 93 122 163 181 195 200 206 269 309 355 371 376 429 435 440 522 523 543 703 802 818 843 909 941 1015 1038 1052 1130 1202 1231 1272 1294 1398 1429 1497 
#module 14 size: 27 bs: 1
36 48 110 298 430 438 443 630 657 686 774 779 795 859 860 935 955 1000 1017 1077 1118 1119 1165 1306 1382 1465 1472 
#module 15 size: 23 bs: 1
90 99 108 305 313 354 421 425 427 534 567 588 645 743 818 833 955 1153 1172 1182 1328 1428 1469 
#module 16 size: 36 bs: 1
2 242 247 378 420 467 537 664 669 756 786 813 816 870 936 938 958 959 985 991 1013 1033 1193 1218 1296 1304 1307 1312 1317 1357 1388 1391 1400 1443 1468 1492 
#module 17 size: 36 bs: 1
18 41 177 199 240 318 349 436 466 485 494 495 550 621 678 693 696 699 711 731 775 794 814 815 873 897 900 985 990 1000 1050 1073 1076 1285 1346 1481 
#module 18 size: 35 bs: 1
37 42 60 172 219 230 291 304 320 418 455 506 527 545 611 649 683 750 989 1020 1046 1057 1087 1091 1159 1238 1239 1274 1293 1300 1321 1322 1324 1492 1500 
#module 19 size: 22 bs: 1
7 244 260 361 372 387 523 842 865 878 955 973 1020 1108 1134 1224 1254 1277 1295 1360 1382 1475 
#module 20 size: 32 bs: 1
75 122 161 268 283 316 363 441 491 521 535 539 583 624 666 815 816 871 895 1025 1095 1107 1109 1147 1180 1190 1197 1198 1356 1409 1412 1453 
#module 21 size: 27 bs: 1
403 452 496 501 607 667 701 702 921 979 991 1021 1057 1095 1146 1192 1218 1234 1254 1278 1285 1382 1419 1440 1442 1469 1482 
#module 22 size: 14 bs: 1
185 186 264 444 445 573 714 800 861 1028 1029 1115 1181 1274 
#module 23 size: 23 bs: 1
8 71 125 140 141 145 212 343 384 405 493 616 726 730 792 832 888 932 1072 1182 1227 1381 1474 
#module 24 size: 31 bs: 1
30 55 69 89 100 113 128 166 179 181 203 244 248 259 302 327 346 363 559 578 646 771 804 832 922 983 1187 1189 1261 1351 1387 
#module 25 size: 15 bs: 1
39 209 274 513 518 650 928 1051 1138 1142 1162 1264 1265 1323 1469 
#module 26 size: 17 bs: 1
130 136 210 312 353 434 448 516 606 644 866 887 1005 1089 1133 1219 1245 
#module 27 size: 36 bs: 1
91 134 158 264 285 341 373 438 454 579 604 606 628 654 689 702 712 715 717 725 742 763 846 858 869 881 889 1045 1047 1139 1230 1248 1285 1289 1351 1492 
#module 28 size: 37 bs: 1
24 113 123 193 312 323 337 343 344 401 407 505 512 567 589 599 615 618 782 882 927 942 944 961 977 1004 1097 1120 1204 1257 1276 1317 1325 1394 1464 1478 1479 
#module 29 size: 19 bs: 1
26 27 66 144 148 201 447 637 762 772 857 934 1002 1155 1203 1376 1424 1457 1494 
#module 30 size: 27 bs: 1
50 59 84 174 215 255 278 396 457 759 765 805 819 886 905 940 946 947 982 1104 1167 1172 1179 1311 1353 1407 1433 
#module 31 size: 25 bs: 1
49 120 252 266 322 394 437 462 497 553 566 741 743 850 874 914 919 1015 1174 1187 1240 1273 1281 1296 1302 
#module 32 size: 17 bs: 1
62 208 389 484 530 591 652 690 737 809 834 1034 1122 1151 1163 1415 1416 
#module 33 size: 29 bs: 1
3 25 72 77 131 150 205 243 385 575 648 657 783 867 905 994 1020 1035 1085 1090 1147 1151 1167 1174 1185 1231 1305 1361 1448 
#module 34 size: 32 bs: 1
44 179 202 222 229 307 366 406 523 560 595 626 651 655 661 671 778 825 837 1051 1074 1102 1329 1332 1341 1344 1350 1359 1380 1422 1451 1461 
#module 35 size: 32 bs: 1
33 94 113 144 186 236 243 246 265 416 458 463 541 547 552 638 640 772 808 963 1016 1097 1201 1206 1217 1315 1338 1365 1372 1374 1383 1435 
#module 36 size: 22 bs: 1
64 111 149 192 250 416 525 554 570 580 581 634 823 848 1004 1031 1116 1150 1230 1339 1361 1488 
#module 37 size: 19 bs: 1
114 169 284 325 327 379 622 642 734 776 835 856 924 939 1071 1251 1252 1298 1418 
#module 38 size: 23 bs: 1
31 194 344 392 409 526 546 584 598 629 668 677 724 758 769 789 828 906 975 1091 1105 1184 1269 
#module 39 size: 16 bs: 1
277 450 576 585 592 716 744 899 912 1084 1113 1216 1252 1362 1369 1438 
#module 40 size: 35 bs: 1
12 96 104 138 167 188 350 382 391 488 620 662 709 732 825 849 901 941 1022 1023 1057 1067 1114 1135 1176 1226 1227 1229 1316 1373 1377 1384 1420 1460 1466 
#module 41 size: 40 bs: 1
5 61 103 105 115 135 154 169 181 201 254 290 332 362 442 456 503 521 544 602 629 722 757 794 916 920 1019 1024 1036 1055 1127 1182 1200 1274 1352 1353 1364 1374 1380 1434 
#module 42 size: 29 bs: 1
157 162 250 388 392 426 431 465 470 479 482 615 682 717 782 785 825 835 853 884 956 964 970 1167 1168 1240 1327 1389 1434 
#module 43 size: 33 bs: 1
15 82 147 170 207 225 329 390 393 535 564 796 806 820 931 943 976 1003 1008 1026 1079 1096 1218 1239 1247 1286 1289 1293 1366 1370 1430 1484 1493 
#module 44 size: 17 bs: 1
86 214 231 492 497 510 681 749 755 795 862 997 1279 1282 1303 1422 1453 
#module 45 size: 25 bs: 1
159 256 280 470 473 477 500 514 601 715 747 783 816 852 988 998 1061 1220 1266 1268 1270 1276 1293 1348 1385 
#module 46 size: 19 bs: 1
103 152 481 545 597 712 828 864 1092 1114 1143 1156 1214 1262 1310 1367 1405 1447 1491 
#module 47 size: 35 bs: 1
54 108 155 168 171 179 187 211 217 237 303 476 540 557 568 587 606 631 653 684 798 799 828 879 1001 1010 1014 1133 1166 1241 1299 1313 1379 1453 1457 
#module 48 size: 35 bs: 1
81 106 139 289 318 334 380 387 398 417 499 550 711 713 745 830 839 910 980 984 1001 1042 1078 1094 1112 1161 1171 1263 1280 1328 1346 1425 1446 1471 1495 
#module 49 size: 17 bs: 1
99 102 319 359 365 397 538 660 906 963 1041 1290 1375 1378 1387 1421 1498 
#module 50 size: 21 bs: 1
46 191 241 326 348 520 562 627 641 691 723 733 855 930 939 948 1088 1125 1135 1175 1267 
#module 51 size: 23 bs: 1
399 603 700 727 740 754 818 977 1001 1008 1163 1211 1216 1229 1281 1292 1331 1335 1394 1422 1425 1434 1491 
#module 52 size: 31 bs: 1
67 133 178 347 410 412 469 480 531 584 587 659 677 759 762 781 847 883 891 924 971 1030 1194 1205 1222 1271 1333 1392 1445 1450 1452 
#module 53 size: 32 bs: 1
126 213 226 235 244 300 335 340 376 459 563 603 615 621 623 672 692 772 788 795 801 852 906 929 1006 1011 1081 1236 1256 1261 1281 1410 
#module 54 size: 37 bs: 1
85 189 190 263 273 294 374 420 508 550 577 629 639 685 710 726 738 743 753 776 780 801 851 856 898 920 923 960 1157 1308 1345 1377 1388 1390 1454 1460 1477 
#module 55 size: 35 bs: 1
14 21 29 50 76 116 218 230 308 325 356 388 401 424 428 551 577 590 601 647 680 715 783 854 904 907 924 1009 1059 1174 1191 1388 1431 1459 1473 
#module 56 size: 17 bs: 1
140 161 277 288 471 489 782 784 800 1041 1097 1121 1209 1249 1259 1380 1411 
#module 57 size: 13 bs: 1
92 118 293 367 483 673 841 918 999 1043 1075 1437 1476 
#module 58 size: 23 bs: 1
47 74 88 97 165 328 343 368 486 498 539 548 584 619 770 786 1034 1064 1169 1221 1353 1462 1480 
#module 59 size: 15 bs: 1
28 43 132 146 555 582 586 766 822 967 1100 1160 1208 1371 1393 
#module 60 size: 35 bs: 1
70 253 324 460 474 480 533 563 617 679 692 719 735 751 767 830 836 850 941 962 1039 1054 1068 1086 1151 1212 1225 1337 1387 1404 1457 1458 1459 1485 1487 
