#module 0 size: 57 bs: 0.00130862
2 18 44 52 65 67 72 85 89 107 126 130 139 140 143 146 147 192 196 199 208 209 218 221 250 268 323 332 335 340 348 349 361 395 418 438 456 477 489 497 504 506 531 544 551 556 561 577 579 591 598 604 612 622 658 687 695 
#module 1 size: 15 bs: 1
19 64 141 153 196 241 281 283 291 330 331 472 502 522 523 
#module 2 size: 21 bs: 1
55 62 87 124 154 178 179 205 228 251 295 328 329 397 422 481 593 605 654 685 692 
#module 3 size: 31 bs: 1
14 82 98 148 151 152 159 163 165 184 191 197 221 257 286 314 355 373 389 421 428 436 450 461 532 542 547 552 559 651 697 
#module 4 size: 23 bs: 1
77 99 174 193 204 239 246 254 292 321 325 334 360 377 379 436 459 514 525 558 600 630 645 
#module 5 size: 18 bs: 1
3 66 94 168 230 236 258 280 301 370 371 397 484 532 566 567 608 676 
#module 6 size: 25 bs: 1
13 25 27 93 104 106 116 119 176 180 186 244 279 313 339 421 463 510 517 526 530 537 545 550 679 
#module 7 size: 31 bs: 1
9 11 33 40 51 103 112 121 164 219 225 264 267 268 277 311 312 316 353 359 377 458 464 479 486 487 533 557 588 619 642 
#module 8 size: 21 bs: 1
17 59 142 194 300 308 322 347 391 428 449 488 490 497 548 566 573 576 586 681 686 
#module 9 size: 27 bs: 1
15 23 108 117 133 173 256 352 399 404 409 431 437 461 465 524 575 603 629 634 655 657 661 669 674 684 692 
#module 10 size: 37 bs: 1
69 71 81 102 118 128 156 162 212 215 232 243 245 284 310 349 354 356 374 402 403 407 429 442 474 508 511 521 539 549 571 581 606 607 613 649 668 
#module 11 size: 28 bs: 1
8 39 47 57 152 181 189 211 213 287 304 326 382 387 425 430 435 453 457 475 501 520 602 618 624 635 636 639 
#module 12 size: 26 bs: 1
61 75 88 91 97 154 156 184 189 216 271 277 285 307 385 408 414 443 448 483 498 564 592 616 688 691 
#module 13 size: 20 bs: 1
26 149 175 183 202 206 222 266 275 307 379 386 416 460 493 495 565 568 594 672 
#module 14 size: 27 bs: 1
29 84 114 125 177 188 190 200 224 269 294 300 331 338 345 366 369 394 406 462 469 489 578 584 637 655 661 
#module 15 size: 29 bs: 1
24 45 56 127 137 160 167 172 207 226 327 341 378 396 415 444 470 492 522 555 562 580 586 599 615 648 672 676 693 
#module 16 size: 38 bs: 1
16 23 43 58 68 70 74 78 95 96 147 166 195 219 246 249 263 265 296 317 344 445 451 466 471 473 507 540 574 580 587 609 627 631 635 647 660 689 
#module 17 size: 30 bs: 1
102 120 136 138 231 242 248 252 260 282 298 309 342 365 388 405 439 512 519 528 538 546 550 565 625 640 641 663 673 678 
#module 18 size: 36 bs: 1
16 37 54 60 63 73 92 110 115 158 185 203 217 223 234 278 289 318 354 363 393 410 416 427 429 491 513 516 553 563 583 595 620 633 638 664 
#module 19 size: 35 bs: 1
28 36 53 79 83 100 101 157 214 238 253 261 270 337 357 380 381 410 424 454 469 480 491 500 510 554 557 574 611 617 637 652 691 694 697 
#module 20 size: 37 bs: 1
7 22 32 34 38 105 109 145 155 169 171 192 194 227 229 235 288 294 351 356 392 405 411 426 447 455 478 543 569 570 601 607 632 670 680 698 699 
#module 21 size: 34 bs: 1
5 6 20 49 240 271 276 290 295 303 306 336 362 368 401 440 441 446 467 487 494 509 518 536 544 559 596 614 634 643 646 656 677 689 
#module 22 size: 40 bs: 1
4 21 46 65 76 111 113 122 135 158 170 198 237 259 269 272 313 319 333 343 350 358 364 375 412 420 453 463 476 485 503 515 529 585 602 628 650 656 667 682 
#module 23 size: 28 bs: 1
12 86 144 187 220 315 320 326 372 384 408 417 433 434 494 560 582 585 597 641 643 644 674 683 684 690 696 700 
#module 24 size: 31 bs: 1
35 48 150 255 266 273 299 302 346 351 383 390 400 413 419 432 452 468 475 496 499 527 534 541 610 621 623 653 666 675 696 
#module 25 size: 25 bs: 1
30 42 129 132 210 245 252 262 274 293 297 301 305 338 398 423 431 457 482 505 517 572 589 662 665 
#module 26 size: 32 bs: 1
1 10 31 41 50 80 90 123 131 134 161 182 201 210 233 247 302 309 324 345 367 376 385 412 535 590 597 601 626 659 671 675 
