0	1	6
0	2	12
0	3	4
0	4	7
0	5	5
0	6	2
0	7	10
0	8	7
0	9	6
0	10	12
0	11	5
0	12	10
0	13	10
0	14	5
0	15	5
0	16	6
0	17	16
0	18	7
0	19	5
0	20	11
0	21	14
0	22	3
0	23	7
0	24	9
0	25	15
0	26	7
0	27	3
0	28	6
0	29	4
0	30	7
0	31	7
0	32	11
0	33	3
0	34	15
0	35	8
0	36	7
1	2	8
1	3	5
1	4	12
1	5	6
1	6	5
1	7	5
1	8	6
1	9	3
1	10	3
1	11	5
1	12	5
1	13	7
1	14	6
1	15	4
1	16	6
1	17	16
1	18	6
1	19	11
1	20	7
1	21	11
1	22	9
1	23	7
1	24	12
1	25	8
1	26	9
1	27	3
1	28	7
1	29	6
1	30	1
1	31	4
1	32	9
1	33	9
1	34	6
1	35	9
1	36	9
2	3	1
2	4	4
2	5	10
2	6	3
2	7	6
2	8	4
2	9	1
2	10	10
2	11	4
2	12	5
2	13	6
2	14	3
2	15	1
2	16	9
2	17	14
2	18	6
2	19	5
2	20	5
2	21	6
2	22	4
2	23	5
2	24	4
2	25	13
2	26	2
2	27	2
2	28	3
2	29	3
2	30	5
2	31	6
2	32	6
2	33	7
2	34	1
2	35	5
2	36	10
3	4	3
3	5	4
3	6	4
3	7	6
3	8	2
3	10	3
3	11	6
3	12	11
3	13	6
3	14	4
3	15	10
3	16	11
3	17	11
3	18	8
3	19	3
3	20	2
3	21	6
3	22	5
3	23	3
3	24	4
3	25	9
3	26	8
3	27	2
3	28	7
3	29	5
3	30	7
3	31	8
3	32	3
3	33	2
3	34	6
3	35	8
3	36	2
4	5	7
4	6	3
4	7	6
4	8	7
4	10	5
4	11	7
4	12	11
4	13	8
4	14	3
4	15	13
4	16	10
4	17	13
4	18	9
4	19	6
4	20	4
4	21	5
4	22	3
4	23	9
4	24	9
4	25	5
4	26	6
4	27	6
4	28	3
4	29	5
4	30	2
4	31	7
4	32	4
4	33	5
4	34	4
4	35	8
4	36	4
5	6	7
5	7	7
5	8	4
5	9	6
5	10	2
5	11	8
5	12	5
5	13	11
5	14	5
5	15	5
5	16	4
5	17	13
5	18	14
5	19	9
5	20	6
5	21	8
5	22	10
5	23	6
5	24	10
5	25	7
5	26	10
5	27	6
5	28	3
5	29	2
5	30	4
5	31	8
5	32	9
5	33	6
5	34	7
5	35	13
5	36	11
6	7	8
6	8	8
6	9	8
6	10	3
6	11	4
6	12	4
6	13	8
6	14	5
6	15	1
6	16	3
6	17	4
6	18	6
6	19	6
6	20	10
6	21	2
6	22	8
6	23	6
6	24	9
6	25	10
6	26	10
6	27	8
6	28	3
6	29	1
6	30	3
6	31	6
6	32	3
6	33	8
6	34	5
6	35	5
6	36	7
7	8	5
7	9	7
7	10	10
7	11	4
7	12	4
7	13	3
7	14	7
7	15	2
7	16	7
7	17	6
7	18	7
7	19	10
7	20	8
7	21	5
7	22	6
7	23	8
7	24	17
7	25	12
7	26	6
7	27	3
7	28	1
7	29	3
7	30	7
7	31	12
7	32	4
7	33	6
7	34	3
7	35	18
7	36	4
8	9	5
8	10	4
8	11	9
8	12	3
8	13	6
8	14	3
8	15	7
8	16	6
8	17	6
8	18	8
8	19	12
8	20	3
8	21	6
8	22	2
8	23	7
8	24	7
8	25	5
8	26	3
8	27	2
8	29	5
8	31	9
8	32	3
8	33	6
8	34	3
8	35	4
8	36	3
9	10	4
9	11	1
9	12	1
9	13	1
9	14	3
9	15	1
9	16	6
9	17	2
9	18	3
9	19	2
9	20	2
9	21	7
9	22	1
9	23	2
9	24	3
9	25	3
9	26	4
9	27	3
9	29	4
9	30	3
9	31	2
9	32	3
9	33	5
9	34	2
9	35	2
9	36	2
10	11	6
10	12	5
10	13	9
10	14	6
10	15	3
10	16	2
10	17	8
10	18	9
10	19	6
10	20	8
10	21	12
10	22	4
10	23	3
10	24	7
10	25	9
10	26	3
10	27	5
10	28	5
10	29	3
10	30	4
10	31	5
10	32	8
10	34	2
10	35	5
10	36	9
11	12	5
11	13	6
11	14	4
11	15	3
11	16	6
11	17	16
11	18	7
11	19	5
11	20	4
11	21	8
11	22	5
11	23	7
11	24	8
11	25	9
11	26	7
11	27	1
11	28	4
11	29	6
11	30	4
11	31	9
11	32	2
11	33	7
11	34	10
11	35	12
11	36	4
12	13	5
12	14	1
12	15	4
12	16	5
12	17	9
12	18	5
12	19	8
12	20	4
12	21	6
12	22	4
12	23	4
12	24	7
12	25	6
12	26	3
12	27	1
12	28	2
12	29	2
12	30	6
12	31	4
12	32	8
12	33	6
12	34	7
12	35	6
12	36	4
13	14	5
13	15	4
13	16	9
13	17	16
13	18	6
13	19	9
13	20	7
13	21	6
13	22	3
13	23	3
13	24	8
13	25	8
13	26	4
13	27	2
13	28	4
13	30	11
13	31	9
13	32	5
13	33	7
13	34	3
13	35	5
13	36	6
14	15	8
14	16	5
14	17	7
14	18	7
14	19	8
14	20	6
14	21	5
14	22	5
14	23	4
14	24	8
14	25	10
14	26	4
14	27	1
14	28	5
14	29	9
14	30	5
14	31	7
14	32	9
14	33	7
14	34	1
14	35	3
14	36	6
15	16	3
15	17	2
15	18	5
15	19	1
15	20	4
15	21	5
15	22	2
15	23	3
15	24	5
15	25	4
15	26	4
15	27	1
15	28	4
15	29	1
15	30	5
15	31	1
15	32	2
15	33	5
15	34	3
15	35	5
15	36	2
16	17	9
16	18	7
16	19	7
16	20	7
16	21	8
16	22	3
16	23	5
16	24	9
16	25	9
16	26	6
16	27	3
16	28	5
16	29	2
16	30	3
16	31	9
16	32	3
16	33	4
16	34	8
16	35	7
16	36	7
17	18	10
17	19	10
17	20	14
17	21	20
17	22	7
17	23	5
17	24	23
17	25	15
17	26	4
17	27	6
17	28	1
17	29	7
17	30	9
17	31	13
17	32	9
17	33	10
17	34	19
17	35	15
17	36	8
18	19	8
18	20	9
18	21	13
18	22	7
18	23	7
18	24	7
18	25	8
18	26	5
18	27	5
18	28	11
18	29	8
18	30	8
18	31	2
18	32	8
18	33	7
18	34	11
18	35	5
18	36	3
19	20	5
19	21	11
19	22	6
19	23	3
19	24	9
19	25	11
19	26	7
19	27	1
19	28	5
19	29	11
19	30	13
19	31	8
19	32	7
19	33	6
19	34	9
19	35	10
19	36	6
20	21	11
20	22	9
20	23	5
20	24	5
20	25	8
20	26	7
20	27	5
20	28	6
20	29	3
20	30	8
20	31	17
20	32	14
20	33	6
20	34	12
20	35	9
20	36	9
21	22	8
21	23	7
21	24	13
21	25	11
21	26	9
21	27	1
21	28	8
21	29	3
21	30	7
21	31	9
21	32	11
21	33	3
21	34	7
21	35	6
21	36	6
22	23	6
22	24	12
22	25	7
22	26	8
22	27	5
22	28	3
22	29	1
22	30	2
22	31	10
22	32	5
22	33	10
22	34	4
22	35	6
22	36	9
23	24	7
23	25	5
23	26	5
23	27	4
23	28	3
23	29	2
23	30	5
23	32	3
23	33	6
23	34	5
23	35	8
23	36	4
24	25	9
24	26	7
24	28	4
24	29	2
24	30	7
24	31	6
24	32	3
24	33	7
24	34	6
24	35	12
24	36	10
25	26	13
25	27	4
25	28	8
25	29	7
25	30	8
25	31	9
25	32	15
25	33	6
25	34	6
25	35	8
25	36	19
26	27	4
26	28	6
26	29	3
26	30	5
26	31	5
26	32	7
26	33	1
26	34	7
26	35	8
26	36	4
27	29	1
27	30	2
27	31	4
27	32	1
27	33	4
27	34	1
27	35	4
27	36	3
28	29	5
28	30	2
28	31	2
28	32	5
28	33	4
28	34	7
28	35	2
28	36	5
29	30	3
29	31	6
29	32	6
29	33	1
29	34	2
29	35	5
29	36	5
30	31	6
30	32	7
30	33	5
30	34	8
30	35	4
30	36	4
31	32	6
31	33	10
31	34	4
31	35	2
31	36	8
32	33	6
32	34	5
32	35	8
32	36	8
33	34	4
33	35	7
33	36	4
34	35	9
34	36	8
35	36	12
