23 38 140 148 156 163 181 188 206 248 281 293 298 300 308 319 332 358 363 384 397 404 414 420 427 434 460 478 501 512 521 525 527 554 603 608 632 658 660 679 686 689 699 716 771 802 810 812 863 869 
13 41 44 50 56 66 77 103 108 117 141 151 161 167 172 176 194 226 253 258 275 287 288 292 301 321 366 375 379 394 398 404 440 441 453 464 475 489 498 505 511 523 527 536 555 570 580 591 593 597 603 621 623 636 639 652 664 676 679 687 699 725 728 735 736 743 758 759 764 771 773 776 777 784 785 792 795 797 806 822 828 834 848 849 859 860 865 866 870 874 879 880 882 893 896 
52 58 71 101 122 124 129 131 247 255 279 282 317 338 352 359 388 405 409 416 430 445 484 490 492 502 505 521 525 526 536 542 553 577 580 596 600 601 622 631 653 665 666 671 677 704 730 737 750 780 784 798 805 818 819 821 835 841 842 876 887 899 
15 51 88 132 150 157 158 159 172 222 238 264 274 289 298 369 380 384 395 409 424 435 445 460 510 515 516 532 536 540 576 577 591 648 653 662 708 717 729 784 826 833 842 867 870 888 894 
35 36 60 63 71 72 73 75 94 99 102 124 126 129 137 138 156 165 166 168 179 180 186 212 221 225 235 243 254 259 260 262 271 279 285 303 317 319 355 356 361 367 371 382 386 405 429 430 432 447 471 477 482 484 490 492 502 503 505 525 526 531 538 539 541 545 553 556 558 559 568 570 580 585 589 596 600 609 613 616 622 634 638 641 646 654 661 670 677 678 679 685 688 689 691 693 696 697 704 707 709 710 715 722 730 742 744 750 754 760 775 780 783 788 798 805 819 821 835 839 842 843 849 850 857 885 896 898 
19 21 27 57 88 90 96 100 121 126 133 139 146 158 160 172 197 217 232 233 266 309 320 353 360 390 404 458 486 493 495 518 520 523 531 545 561 570 583 604 617 622 649 650 651 659 673 674 681 687 689 693 705 713 721 731 735 742 744 756 760 762 766 775 783 788 803 823 824 826 843 850 876 895 
59 73 77 102 113 127 147 165 179 198 202 221 225 227 243 284 285 326 334 351 373 382 471 480 503 538 550 558 569 580 585 613 616 634 641 644 691 692 698 701 715 760 780 788 803 813 828 839 854 864 898 
14 34 54 97 114 118 139 143 145 162 183 185 201 205 207 220 232 234 266 296 305 310 315 324 339 346 353 360 391 395 407 420 421 434 445 450 457 459 514 522 529 534 589 604 611 625 643 650 663 666 672 673 681 683 684 692 695 698 700 706 708 713 718 726 732 734 747 793 813 816 881 889 891 
15 29 38 60 80 93 106 110 114 118 143 183 185 214 222 232 234 245 271 291 305 310 346 354 360 361 387 393 395 400 432 435 438 447 457 458 459 462 500 507 522 534 559 568 571 573 586 589 593 607 611 618 631 643 650 656 666 672 688 692 700 708 709 711 718 720 727 732 784 793 830 858 877 879 881 882 888 890 891 896 
1 8 13 21 26 32 33 34 35 38 41 44 50 58 60 63 69 76 77 80 93 100 102 103 105 106 107 111 112 117 118 121 128 130 137 151 162 165 166 167 175 183 185 189 195 214 218 222 224 225 226 232 234 241 243 244 245 251 253 258 259 266 271 276 277 288 302 304 305 306 309 310 320 322 332 336 343 346 350 353 354 360 361 368 375 379 383 394 395 396 401 404 408 412 425 432 433 434 435 438 440 443 447 448 455 457 458 459 461 464 466 467 468 469 486 487 489 491 492 498 500 501 502 503 507 508 509 511 517 528 534 535 541 548 552 555 558 562 568 570 571 578 580 582 583 585 586 587 589 591 592 593 599 601 602 604 607 611 614 618 621 623 629 631 636 639 640 644 645 647 650 651 656 661 663 665 669 671 672 673 675 679 681 682 688 694 696 708 714 715 718 720 721 725 726 727 728 731 732 733 735 741 745 750 759 767 772 773 777 778 780 785 786 788 790 793 801 804 806 815 822 825 828 831 832 834 847 853 858 859 862 867 876 877 879 883 885 886 890 891 893 896 
6 42 46 49 66 69 91 92 106 111 112 127 140 147 196 202 220 230 231 254 270 271 284 293 296 311 313 314 319 322 326 334 336 342 345 370 375 377 380 406 413 417 418 420 439 442 443 451 460 465 470 473 479 488 503 505 521 534 535 543 555 567 569 576 589 591 592 613 629 630 636 641 684 691 692 698 701 709 729 732 739 743 745 755 757 758 764 766 777 791 799 807 811 813 832 839 840 842 844 851 855 872 873 881 897 
4 26 29 51 53 68 70 71 74 77 79 87 96 110 112 115 116 137 138 149 159 164 166 178 181 187 192 199 203 233 235 236 246 249 251 255 289 291 295 302 304 305 306 335 337 347 349 359 368 376 380 387 389 393 400 410 412 431 435 450 461 462 468 480 485 490 491 493 497 499 521 535 541 544 549 551 566 567 577 578 591 593 598 630 640 643 650 657 666 669 670 671 679 696 700 705 709 711 712 720 768 774 800 803 809 822 825 827 830 833 844 845 853 854 868 875 888 896 898 
13 47 73 79 86 104 114 118 125 128 149 172 175 180 184 219 240 241 263 272 290 306 312 320 325 332 368 371 383 384 427 444 463 467 471 477 502 532 534 539 548 549 562 563 576 587 621 631 635 645 646 651 668 675 678 682 683 707 722 727 736 740 746 748 767 774 778 784 786 789 790 795 810 811 833 836 847 857 858 859 865 867 870 878 885 886 
23 33 38 127 139 140 143 148 163 166 186 188 200 206 237 239 247 248 281 298 299 300 307 308 311 313 319 332 348 358 363 385 397 404 414 418 420 422 423 434 442 456 460 465 474 478 481 534 554 574 575 576 590 603 608 629 632 639 652 658 660 684 699 716 726 745 755 771 810 811 812 832 863 867 869 886 
5 6 12 30 36 39 42 46 49 66 69 71 73 86 94 96 99 100 111 124 125 129 134 155 162 165 171 180 186 189 207 214 231 240 247 251 254 270 277 283 290 304 306 311 312 313 314 316 317 319 322 332 334 336 342 343 352 362 368 371 372 375 377 381 383 384 396 402 403 406 408 413 417 418 420 423 426 428 430 433 439 440 442 443 444 445 446 451 457 460 465 467 470 471 473 477 479 482 483 484 485 487 488 492 505 506 513 518 519 525 534 536 543 548 550 552 553 555 557 564 567 568 572 576 577 578 582 587 589 596 602 609 619 620 626 629 631 634 635 640 646 662 667 675 677 678 679 682 701 704 707 709 716 722 729 730 739 740 743 745 746 755 757 758 760 766 775 778 789 790 791 792 795 798 799 800 802 805 807 811 819 832 835 841 842 844 847 850 855 857 862 863 864 873 881 897 
2 17 51 58 77 79 80 105 113 114 115 132 149 157 158 159 166 170 173 174 175 181 182 184 187 190 199 204 211 217 219 226 233 238 256 257 264 269 274 276 289 293 294 297 305 329 330 336 343 347 359 369 378 384 388 396 409 424 425 431 449 457 467 469 490 510 515 528 532 540 560 577 591 600 601 602 622 631 648 653 657 662 663 665 668 700 717 723 729 753 774 781 784 786 809 812 815 817 833 836 849 851 859 867 870 872 891 894 
19 22 65 72 76 78 82 88 90 100 116 123 130 132 133 146 156 157 160 162 168 171 172 190 193 195 197 207 212 213 218 244 249 252 260 262 269 282 293 311 318 345 350 352 355 356 367 372 376 381 386 389 390 394 396 399 402 404 420 429 434 446 455 472 494 495 496 499 502 509 513 516 517 518 520 523 527 531 539 555 556 559 561 575 592 599 603 608 614 617 621 638 642 649 655 659 663 670 685 686 687 697 702 705 709 710 716 721 735 736 741 756 762 768 772 773 785 800 801 803 826 836 838 842 848 849 862 868 895 898 900 
57 96 116 126 172 191 214 297 303 362 394 396 403 423 426 428 482 506 519 525 545 572 613 619 622 626 627 642 689 693 704 730 735 739 742 744 750 754 755 760 783 828 830 850 863 892 
54 73 97 142 143 144 145 150 201 205 207 208 220 246 250 265 296 315 324 339 385 391 399 407 421 440 445 454 459 474 483 514 522 566 581 584 625 647 654 681 683 684 692 695 713 721 733 734 747 751 754 782 796 813 816 829 850 874 889 892 898 
32 54 97 143 145 150 205 207 220 223 296 315 321 324 325 339 353 369 377 391 407 420 421 440 442 445 450 474 478 514 522 523 529 534 569 625 648 683 684 692 695 698 713 717 721 734 747 755 796 807 813 816 874 889 
46 59 65 68 78 82 91 92 110 111 112 123 136 137 138 142 178 193 196 201 229 246 293 311 318 320 338 345 380 393 399 412 434 445 461 462 468 484 491 494 496 499 501 516 518 527 535 536 541 561 580 593 608 617 630 648 655 665 669 671 681 686 687 696 702 710 717 731 733 734 758 766 768 789 801 804 825 838 841 842 847 852 868 888 
53 70 71 77 156 160 164 172 191 212 249 260 262 269 282 302 319 343 344 356 364 367 368 386 393 394 410 413 429 433 445 450 472 480 493 497 539 551 556 578 598 602 623 638 640 663 666 670 679 683 687 691 697 705 710 712 720 735 785 803 810 824 825 827 828 849 853 854 878 898 
15 20 26 29 58 68 78 82 83 86 91 92 94 110 112 123 125 136 137 138 142 155 157 168 174 175 178 193 201 208 222 226 228 236 240 250 261 265 270 277 282 290 304 306 312 318 320 335 338 351 353 355 368 371 380 383 384 393 408 409 412 425 431 444 445 448 461 462 467 468 471 477 480 483 485 491 494 496 499 501 509 516 519 528 535 536 541 543 548 549 552 566 568 580 581 582 587 591 593 594 601 602 608 616 620 622 630 631 634 635 638 646 647 649 650 654 655 661 662 665 669 671 674 678 681 685 686 687 690 696 702 707 713 722 731 733 734 740 766 768 778 779 782 784 786 789 790 795 796 800 801 804 815 819 825 830 838 847 850 857 859 868 878 880 886 897 
3 8 20 26 28 29 55 58 61 65 67 77 85 89 91 98 107 108 116 119 120 121 125 131 139 142 148 153 157 169 172 173 174 175 184 191 194 196 198 202 208 213 214 215 216 223 226 229 237 242 250 256 261 265 266 267 276 278 280 282 286 290 297 299 308 309 320 321 327 331 335 338 340 345 348 351 352 353 360 362 364 374 376 378 379 384 387 389 396 399 403 419 423 425 426 427 428 430 434 437 456 467 475 477 479 483 493 505 506 516 518 519 525 528 530 531 532 535 537 545 547 560 562 565 566 572 577 581 583 590 591 592 594 597 601 602 603 604 610 612 615 619 620 623 626 627 630 631 633 637 639 640 642 647 652 653 654 660 661 665 673 674 680 685 690 691 699 701 703 704 705 724 731 739 743 746 752 763 771 775 782 784 786 794 796 800 802 808 815 823 825 826 827 830 837 840 841 842 848 853 856 859 862 863 864 871 874 875 876 885 896 
46 47 69 73 86 94 104 110 111 118 125 128 132 155 158 180 184 204 214 219 222 240 246 263 265 270 271 272 274 290 304 306 311 312 325 361 369 371 375 384 406 412 418 419 420 424 427 444 463 465 471 477 510 515 532 534 539 540 541 549 563 568 571 576 577 586 607 616 620 621 624 629 631 634 635 645 646 648 651 656 675 678 683 707 717 722 736 740 745 746 748 767 789 795 796 798 811 825 832 842 857 877 878 883 886 890 894 
2 14 17 26 34 37 45 49 51 52 58 61 66 68 80 83 84 91 92 95 101 114 115 116 118 122 149 152 157 159 170 173 174 175 181 182 183 185 187 196 199 207 211 213 219 220 226 228 229 231 233 234 238 247 251 252 255 256 257 267 269 270 273 276 289 296 305 310 314 315 316 319 322 327 328 329 330 333 334 335 341 343 344 345 347 351 357 359 360 365 373 376 377 378 384 388 389 392 395 396 409 413 416 417 420 425 431 443 449 451 452 457 459 467 469 470 473 478 479 488 490 507 524 525 528 533 538 542 543 544 562 564 565 567 573 577 579 591 595 597 600 601 602 605 606 610 611 615 625 631 642 643 650 653 661 663 665 667 668 672 675 683 685 692 700 701 705 706 708 709 718 723 729 731 732 737 751 752 753 757 758 759 765 769 774 779 781 784 786 791 793 799 803 807 809 811 812 814 815 816 818 822 824 827 831 833 836 841 844 846 851 852 855 859 861 872 873 874 876 881 887 889 891 897 899 
2 23 28 31 33 38 52 64 69 72 79 127 131 139 140 142 143 144 148 154 177 188 200 201 205 206 207 210 237 239 246 248 250 251 281 282 293 294 299 300 307 308 313 319 323 327 332 336 340 341 354 358 363 378 384 385 388 397 399 404 414 418 420 422 427 434 436 454 459 465 474 478 481 493 495 501 504 505 512 525 534 544 549 554 555 574 575 576 584 590 603 605 608 620 629 632 639 645 651 652 658 660 679 689 695 699 703 704 713 716 717 726 729 733 736 745 748 771 775 787 798 802 810 811 812 829 832 863 867 868 869 887 891 892 900 
7 18 19 21 22 31 32 37 45 51 57 59 64 67 73 80 88 90 95 96 97 99 106 108 113 116 126 133 143 144 146 157 160 170 173 184 190 192 194 197 198 202 205 213 220 221 224 227 238 252 254 257 264 265 267 273 280 285 286 294 297 303 321 323 324 326 328 329 334 339 346 348 352 353 365 369 373 376 378 382 385 389 390 391 392 404 406 407 411 413 419 443 446 452 454 459 469 474 480 482 485 495 497 504 514 518 520 522 531 532 533 538 545 550 559 560 561 562 565 569 573 579 584 595 597 604 605 609 613 615 617 618 622 639 640 641 642 644 649 659 663 673 676 681 682 683 689 690 691 692 693 695 698 701 704 705 706 713 714 721 723 724 727 733 734 735 742 744 747 750 751 753 754 756 759 760 762 769 778 781 783 787 788 797 803 808 812 813 816 817 818 824 826 829 830 836 837 839 843 846 848 850 851 853 856 865 870 872 874 880 881 885 889 892 895 898 
10 32 65 71 88 90 124 129 133 146 160 172 182 186 197 235 268 279 297 298 317 338 355 358 390 404 405 415 430 439 468 476 492 495 501 520 521 523 526 531 553 559 561 593 600 615 623 638 642 649 659 666 669 674 677 681 687 705 720 730 735 738 756 762 766 770 775 798 803 805 820 821 826 835 842 843 895 898 
26 46 62 76 100 105 107 130 132 162 195 204 218 224 228 244 270 276 302 305 322 333 341 350 357 363 365 375 392 396 401 442 444 452 455 465 508 509 511 517 518 520 542 555 573 589 592 595 599 610 614 616 621 656 659 694 706 733 738 740 741 745 772 795 801 814 832 852 862 883 
14 16 25 34 35 48 52 60 63 75 79 98 101 102 103 109 114 115 117 122 131 135 141 149 162 165 166 173 181 183 185 187 199 209 213 225 233 234 235 243 247 254 258 259 292 302 305 310 316 346 347 352 359 370 379 388 396 409 411 416 431 434 435 457 472 475 486 489 490 501 507 517 521 525 526 529 539 542 558 570 573 577 580 585 588 594 616 628 631 639 643 650 653 654 656 661 663 672 676 700 701 704 706 708 715 718 719 732 737 750 761 773 774 780 785 786 793 794 806 809 818 819 831 833 834 849 851 860 876 882 887 891 893 896 899 900 
21 27 31 37 51 74 76 84 95 99 105 121 126 130 134 139 151 162 163 171 174 178 195 203 218 224 227 228 233 236 244 266 276 280 283 295 302 303 309 312 316 328 333 337 338 341 344 346 349 350 351 353 354 357 363 365 372 373 390 392 401 402 411 413 422 425 427 445 446 452 455 458 464 482 486 493 507 508 509 513 524 531 533 542 557 559 573 579 583 591 595 599 602 604 605 606 609 614 621 622 644 656 657 665 673 689 693 694 701 706 711 716 721 722 726 729 731 733 738 741 744 751 752 754 765 767 772 775 783 784 786 788 793 800 811 814 815 817 824 830 843 845 846 852 861 862 881 883 888 
14 24 34 56 59 61 65 77 80 83 84 89 114 118 119 139 147 152 154 161 176 177 179 182 183 185 192 196 202 210 215 216 222 227 229 232 234 238 242 247 255 275 278 280 283 284 285 287 289 291 293 297 298 301 307 310 322 326 331 333 335 340 343 345 346 349 354 359 365 366 373 381 387 395 398 399 400 402 404 433 437 441 449 452 453 456 457 460 461 475 480 481 483 503 507 511 516 518 523 527 533 536 537 538 542 547 550 559 564 569 571 573 574 575 589 595 600 611 617 624 625 628 631 633 641 643 644 650 664 666 667 672 684 685 691 698 701 706 708 711 716 718 724 726 729 732 734 738 743 746 764 767 770 774 776 779 781 788 792 793 797 802 809 817 820 823 824 833 836 839 840 848 862 864 865 866 867 875 878 880 881 884 885 888 891 894 898 900 
50 65 77 84 103 109 117 151 156 167 170 190 211 212 217 219 238 253 260 262 268 269 288 298 310 311 319 343 355 356 363 367 379 386 394 409 415 429 434 439 449 464 472 476 489 498 502 503 520 538 539 544 556 567 617 623 631 636 638 644 663 668 670 674 679 685 692 697 708 710 719 723 725 728 729 738 753 756 759 770 773 777 781 785 807 817 820 822 828 836 842 844 849 851 868 869 870 872 898 
11 21 25 48 55 75 81 85 92 98 102 109 117 119 120 121 135 141 153 154 156 170 191 196 209 210 215 216 229 230 258 270 286 292 302 309 320 331 335 341 353 354 360 370 374 387 400 403 411 430 433 443 456 459 472 475 486 488 492 494 501 517 519 524 527 529 539 544 564 565 567 580 583 588 592 594 604 610 612 617 627 628 637 653 664 673 676 680 684 703 709 719 724 739 750 751 761 763 770 776 786 791 794 799 802 806 814 819 827 831 834 840 844 851 860 871 876 882 890 893 900 
10 47 68 84 107 109 113 169 170 190 192 211 217 219 226 238 241 257 263 265 269 272 273 291 297 320 329 330 334 348 419 449 456 460 463 466 469 480 486 502 523 530 533 546 549 560 561 562 563 576 631 634 645 663 668 675 685 690 692 704 714 723 729 736 746 748 749 752 753 756 759 767 781 784 808 811 817 818 823 833 836 837 845 851 853 856 865 867 870 872 878 884 885 886 899 
12 17 32 36 71 80 82 83 91 101 122 124 129 136 157 186 193 235 247 255 261 268 279 282 293 298 317 318 338 345 355 358 399 405 409 415 416 430 434 439 476 480 484 490 492 494 496 499 505 516 526 531 553 581 596 600 647 649 653 655 666 674 677 686 702 730 731 737 738 750 770 782 798 801 805 820 821 835 838 841 842 844 868 887 899 
79 100 125 189 245 277 292 304 326 343 361 364 368 375 383 408 425 433 448 502 507 512 548 552 578 582 587 618 640 662 682 683 720 778 790 804 831 841 847 860 890 898 
9 30 39 43 56 67 83 88 94 105 132 134 150 152 158 161 172 176 204 206 212 222 228 247 255 264 274 275 276 280 283 287 293 301 312 316 322 328 338 340 341 357 359 366 369 372 373 384 392 398 402 415 419 422 424 435 441 446 452 453 487 510 511 513 515 516 523 527 530 532 536 540 543 545 546 557 558 564 570 571 579 580 595 606 624 642 648 662 664 667 693 704 711 716 717 729 731 734 743 746 749 751 759 764 765 766 767 776 779 792 794 797 805 808 814 818 825 837 841 845 848 852 861 865 866 880 884 894 897 
33 40 75 81 109 127 131 139 141 150 154 166 177 186 200 209 210 230 239 251 307 326 327 341 354 370 400 422 436 464 472 475 481 512 521 525 527 529 544 549 563 567 574 575 588 590 605 645 651 658 684 699 717 719 726 736 746 748 751 761 790 794 806 812 819 841 863 886 891 900 
7 18 19 21 22 31 37 43 57 61 62 64 67 72 88 89 90 91 95 96 99 107 110 116 119 126 133 144 146 148 160 163 169 182 184 192 194 196 197 198 201 223 229 246 256 265 273 278 286 294 299 303 308 313 321 323 328 329 331 335 345 346 348 355 357 363 364 365 371 376 379 382 385 387 389 390 392 406 413 418 419 420 425 426 429 437 443 454 456 459 466 474 475 480 482 483 495 502 504 513 520 523 524 530 531 533 534 537 545 546 558 560 561 573 575 576 579 584 589 595 597 602 605 606 609 615 620 622 623 629 633 640 642 644 649 651 652 659 676 679 682 687 688 689 690 693 701 704 705 706 709 713 714 722 724 733 735 742 743 744 746 749 750 751 752 754 756 760 762 765 769 771 778 783 787 788 798 802 803 808 811 812 814 817 818 823 824 826 827 829 830 832 836 837 841 843 846 848 850 851 852 853 856 857 858 861 864 867 868 874 875 885 892 895 898 
30 37 39 43 45 66 67 107 110 134 147 152 161 162 168 169 171 176 182 192 212 214 223 227 231 247 251 262 264 273 283 284 285 287 301 316 322 326 330 348 364 366 372 376 381 402 406 419 441 443 446 453 466 479 480 485 487 488 503 505 513 523 530 532 536 538 546 550 557 560 564 567 569 592 609 613 622 624 641 647 664 667 668 680 693 697 698 709 714 716 746 749 752 764 766 776 779 781 792 800 805 807 808 818 837 839 841 853 856 865 866 870 880 881 884 885 898 
