0	1	2.19027	1	
0	2	17.0318	4	
0	3	2.73418	1	
0	4	9.54221	2	
0	5	29.0063	7	
0	6	25.8812	5	
0	7	25.5152	5	
0	8	58.0719	13	
0	9	5.01619	1	
0	11	11.9702	2	
0	12	39.3268	8	
0	13	34.8293	7	
0	14	6.64427	1	
0	15	19.2687	4	
0	16	62.4577	13	
0	18	37.065	8	
0	19	18.9385	4	
0	21	33.6556	7	
0	22	27.0388	5	
0	23	31.6236	6	
0	24	6.30985	1	
0	25	47.9644	11	
0	27	20.6206	4	
0	28	8.33649	2	
0	29	14.9286	3	
0	30	13.9557	3	
0	31	28.2598	7	
0	32	15.2695	4	
0	33	16.9468	4	
0	34	9.55263	2	
0	35	8.29192	2	
0	36	3.40307	1	
1	3	16.7324	4	
1	4	4.80372	1	
1	5	27.0658	6	
1	6	6.82072	1	
1	9	5.65409	1	
1	11	5.57198	1	
1	12	5.43926	1	
1	13	19.3233	5	
1	14	17.746	4	
1	15	6.21044	1	
1	16	16.1871	4	
1	18	22.9658	5	
1	19	11.1424	2	
1	20	15.9656	4	
1	21	4.59928	1	
1	22	30.793	7	
1	24	11.8177	3	
1	25	3.42777	1	
1	26	20.0162	4	
1	27	3.15427	1	
1	28	25.2442	6	
1	29	23.1082	4	
1	32	7.11598	1	
1	33	13.6071	3	
1	34	3.98054	1	
1	36	8.18067	2	
1	37	8.71884	2	
2	8	17.9712	4	
2	11	5.44575	1	
2	12	2.85542	1	
2	13	17.4246	4	
2	15	2.87469	1	
2	17	4.62694	1	
2	18	4.59904	1	
2	19	21.0539	4	
2	20	47.699	10	
2	21	12.527	3	
2	22	22.3488	5	
2	24	5.74813	1	
2	25	6.14982	1	
2	26	7.33109	2	
2	27	2.34814	1	
2	28	19.9361	5	
2	30	5.74813	1	
2	31	12.4871	3	
2	32	11.6822	3	
2	33	5.60747	2	
2	35	7.7077	2	
2	36	3.91356	1	
2	38	12.1697	3	
3	5	10.6278	2	
3	6	8.08388	2	
3	7	9.76912	2	
3	8	25.6587	6	
3	9	12.2917	3	
3	10	26.9661	5	
3	11	11.1776	2	
3	13	6.64706	1	
3	15	16.1887	4	
3	16	10.1341	2	
3	17	4.64095	1	
3	18	10.3261	2	
3	19	31.8651	6	
3	20	23.8012	5	
3	21	4.42114	1	
3	22	31.7142	6	
3	24	4.70333	1	
3	25	6.70439	2	
3	27	17.095	4	
3	29	16.7731	3	
3	30	4.17671	1	
3	31	16.6447	3	
3	35	4.27412	1	
3	36	5.44984	1	
3	37	4.6792	1	
4	5	13.9292	3	
4	6	22.6506	5	
4	8	7.30074	2	
4	10	3.63385	1	
4	11	8.06427	2	
4	12	13.2447	3	
4	13	2.48459	1	
4	14	2.48459	1	
4	15	25.9748	6	
4	16	2.82067	1	
4	17	4.40547	1	
4	18	8.23845	2	
4	19	11.7998	3	
4	20	3.7466	1	
4	21	4.85226	1	
4	22	4.80032	1	
4	24	11.1308	3	
4	25	24.4083	6	
4	26	6.28244	2	
4	27	2.65413	1	
4	28	25.1244	6	
4	30	5.17583	2	
4	31	13.3025	3	
4	33	10.8898	3	
4	34	11.0681	3	
4	35	33.6745	7	
4	36	6.84288	1	
4	38	15.6259	3	
5	6	51.1116	11	
5	7	26.2014	5	
5	8	5.77262	1	
5	9	5.98651	2	
5	11	37.6399	8	
5	12	30.9448	7	
5	13	19.7994	4	
5	14	35.6244	7	
5	15	8.17327	2	
5	16	35.5261	7	
5	17	8.43451	2	
5	18	22.7059	6	
5	19	30.3783	7	
5	20	13.7666	3	
5	21	26.2818	5	
5	22	9.21867	2	
5	23	47.0846	10	
5	24	54.8981	13	
5	26	16.9494	4	
5	27	33.8012	7	
5	28	56.8438	12	
5	29	21.8303	4	
5	31	29.645	6	
5	32	16.6914	3	
5	33	29.7422	6	
5	34	27.2988	5	
5	35	14.1049	3	
5	36	8.64705	2	
5	37	17.9603	4	
5	38	17.2058	4	
6	7	8.32724	2	
6	8	34.4588	7	
6	9	28.0436	6	
6	10	23.4792	5	
6	11	27.4577	6	
6	12	7.13261	1	
6	13	31.9259	6	
6	14	17.3949	4	
6	15	42.213	9	
6	16	30.0186	6	
6	17	21.6316	5	
6	18	12.57	3	
6	19	26.3011	6	
6	20	23.4171	5	
6	21	24.6882	5	
6	22	33.3766	7	
6	23	54.7522	11	
6	24	3.41782	1	
6	25	14.0348	3	
6	26	4.20345	1	
6	28	12.6311	3	
6	29	9.7327	2	
6	30	4.46195	1	
6	31	37.8517	8	
6	32	39.2507	8	
6	33	25.1402	5	
6	34	9.20483	2	
6	35	5.71587	1	
6	36	13.3533	3	
6	37	12.4955	3	
6	38	25.8785	5	
7	8	20.0282	4	
7	10	6.5175	1	
7	11	8.84894	2	
7	12	4.36224	1	
7	13	18.9771	4	
7	14	36.2093	7	
7	15	22.7193	5	
7	16	3.66258	1	
7	18	17.4246	4	
7	19	17.4906	4	
7	20	12.1494	3	
7	22	6.66007	1	
7	24	44.7698	10	
7	25	3.84159	1	
7	27	18.1658	4	
7	28	14.6515	4	
7	29	14.3849	3	
7	31	14.9614	3	
7	32	23.481	5	
7	33	19.0245	4	
7	36	11.663	3	
7	37	9.37496	2	
7	38	20.0275	4	
8	9	10.1216	2	
8	11	21.1163	5	
8	12	65.2319	13	
8	13	62.0662	13	
8	14	13.6721	3	
8	15	10.8325	2	
8	16	2.57422	1	
8	17	5.14561	1	
8	18	27.2948	5	
8	19	13.822	3	
8	20	6.31228	1	
8	21	26.6792	5	
8	22	9.49907	2	
8	23	5.71229	1	
8	25	15.769	4	
8	26	18.4098	4	
8	27	9.70454	2	
8	28	18.28	4	
8	29	18.6915	4	
8	30	6.43015	2	
8	31	36.6442	8	
8	32	81.9745	17	
8	33	33.9804	7	
8	34	12.1836	3	
8	35	22.5598	5	
8	36	18.261	4	
8	37	11.6188	2	
8	38	21.4594	4	
9	10	2.15296	1	
9	11	16.8416	4	
9	12	20.3657	5	
9	13	5.67782	1	
9	14	3.09694	1	
9	15	27.5355	6	
9	17	21.8735	4	
9	18	4.96079	1	
9	19	4.68025	1	
9	21	2.48411	1	
9	22	33.6428	7	
9	23	21.2432	4	
9	24	12.5382	4	
9	25	10.3326	2	
9	28	23.8945	6	
9	30	2.53456	1	
9	31	27.3256	6	
9	32	3.07108	1	
9	33	14.2057	3	
9	35	12.9067	3	
9	36	10.7311	3	
9	38	9.87752	2	
10	11	13.711	3	
10	12	2.15296	1	
10	13	23.7277	5	
10	17	16.0458	4	
10	19	10.3319	2	
10	21	17.0327	4	
10	24	25.2523	6	
10	25	13.6785	3	
10	28	3.28803	1	
10	30	10.5666	3	
10	32	7.6529	2	
10	33	14.2667	3	
10	34	23.5216	5	
10	35	27.0896	6	
10	36	8.28781	2	
10	37	40.9195	9	
11	13	17.1208	4	
11	14	11.6254	3	
11	15	15.1058	3	
11	16	32.1629	6	
11	17	5.13386	1	
11	18	24.1095	5	
11	19	3.36901	1	
11	21	3.25262	1	
11	22	7.63595	2	
11	24	34.3519	8	
11	25	17.8775	3	
11	26	7.37201	2	
11	27	28.7116	6	
11	28	15.6202	3	
11	29	2.96555	1	
11	30	9.79107	2	
11	31	12.3402	3	
11	32	26.6186	6	
11	33	10.2085	2	
11	34	12.7455	3	
11	35	21.0097	4	
11	36	48.5805	10	
11	37	4.65446	1	
11	38	5.27496	1	
12	13	31.7164	6	
12	14	18.3249	4	
12	15	20.4056	4	
12	16	44.4477	10	
12	18	16.3407	3	
12	19	25.9835	6	
12	20	25.0384	5	
12	21	37.355	8	
12	22	5.58751	1	
12	23	27.6552	6	
12	24	26.2728	5	
12	25	20.8176	4	
12	26	19.6404	4	
12	27	18.6482	4	
12	28	29.4842	6	
12	30	13.6777	3	
12	31	17.5301	4	
12	32	19.1974	4	
12	33	38.7473	9	
12	34	18.6422	4	
12	35	46.5082	10	
12	36	26.7695	5	
12	37	5.89698	1	
12	38	4.19141	1	
13	14	31.3589	6	
13	15	10.2832	2	
13	16	32.2235	8	
13	17	6.05757	2	
13	18	7.49642	2	
13	19	17.7474	3	
13	20	20.9117	5	
13	21	39.0586	8	
13	22	17.6284	4	
13	23	10.3893	3	
13	25	21.4222	5	
13	27	13.7867	3	
13	28	35.685	7	
13	29	3.87048	1	
13	31	7.27209	1	
13	32	34.4008	7	
13	33	98.4462	19	
13	34	10.7438	2	
13	35	6.51994	1	
13	36	34.4125	7	
13	38	15.0704	4	
14	15	7.0303	2	
14	16	31.1493	6	
14	17	17.5678	4	
14	18	18.6553	4	
14	19	44.6691	9	
14	21	26.1421	5	
14	22	26.0571	5	
14	23	15.0882	3	
14	24	27.4599	5	
14	25	18.4086	4	
14	27	30.6885	6	
14	28	32.8873	8	
14	29	3.43151	1	
14	30	4.24659	1	
14	31	25.7334	5	
14	32	40.1995	8	
14	33	23.2623	6	
14	34	36.6742	9	
14	36	2.6509	1	
14	37	9.37496	2	
14	38	41.151	9	
15	16	31.1936	7	
15	17	11.5457	2	
15	18	11.8968	2	
15	19	28.5022	6	
15	20	9.1206	2	
15	21	13.6399	3	
15	22	30.5866	7	
15	23	72.788	15	
15	24	22.9917	5	
15	25	37.7905	9	
15	26	6.04873	1	
15	27	25.741	5	
15	28	15.59	3	
15	29	25.4046	5	
15	31	15.2392	3	
15	32	45.4245	9	
15	33	17.6943	4	
15	34	14.813	3	
15	35	21.7011	4	
15	36	31.1765	7	
15	37	15.1675	4	
15	38	29.3487	7	
16	18	46.4849	11	
16	19	25.6563	6	
16	20	5.46332	1	
16	21	31.3615	7	
16	22	19.6395	4	
16	23	21.6778	5	
16	24	29.6081	6	
16	25	15.3131	3	
16	26	2.37759	1	
16	27	27.376	6	
16	28	23.5867	5	
16	29	81.898	18	
16	30	8.8013	2	
16	31	29.8263	6	
16	32	57.8493	12	
16	34	27.6957	6	
16	35	32.3651	7	
16	36	24.7652	5	
16	37	23.5519	6	
16	38	24.1248	6	
17	18	28.2982	7	
17	19	11.6983	3	
17	21	25.8171	6	
17	22	25.5738	5	
17	23	3.6581	1	
17	24	58.3173	14	
17	25	14.7385	3	
17	26	21.304	4	
17	28	15.4518	3	
17	31	2.79624	1	
17	32	21.6175	5	
17	34	35.7099	8	
17	35	10.7802	2	
17	36	5.08928	1	
17	37	10.9609	2	
17	38	29.2682	7	
18	19	9.7982	2	
18	20	17.16	4	
18	21	24.8856	5	
18	22	7.75516	1	
18	23	23.9875	5	
18	24	44.087	10	
18	25	64.9056	14	
18	26	35.432	7	
18	27	18.7564	4	
18	28	24.0315	5	
18	29	17.217	4	
18	30	19.7112	4	
18	31	13.1985	3	
18	32	4.11466	1	
18	33	25.6707	5	
18	34	11.038	3	
18	35	27.7536	5	
18	36	17.4993	4	
18	37	31.1312	8	
18	38	18.0578	4	
19	20	43.579	9	
19	21	36.4072	8	
19	22	44.4829	9	
19	24	19.9247	4	
19	25	3.0046	1	
19	26	15.3349	3	
19	27	14.4379	3	
19	28	11.4215	3	
19	29	31.96	6	
19	30	8.90405	2	
19	31	12.2301	2	
19	32	29.7729	6	
19	33	5.67073	1	
19	35	8.42649	2	
19	36	6.4515	1	
19	37	8.24905	2	
19	38	24.7084	5	
20	21	4.08682	1	
20	22	29.5247	7	
20	23	26.4266	5	
20	24	19.9099	5	
20	27	9.20487	2	
20	29	14.9855	4	
20	32	5.94171	1	
20	33	31.3808	7	
20	36	23.5816	6	
20	37	3.95717	1	
20	38	14.1286	3	
21	22	8.69754	2	
21	23	4.34803	1	
21	24	15.8134	3	
21	25	31.2565	7	
21	26	18.0087	4	
21	27	32.2969	7	
21	28	22.1739	5	
21	29	16.7528	3	
21	31	8.47936	2	
21	32	41.3241	8	
21	33	4.41424	1	
21	34	46.6506	11	
21	35	23.7821	5	
21	36	33.449	8	
21	37	27.9525	7	
21	38	31.7113	7	
22	23	19.3194	4	
22	24	26.075	6	
22	25	24.8662	5	
22	26	23.2003	5	
22	27	6.99055	1	
22	28	29.4983	6	
22	29	39.2513	8	
22	30	16.7091	5	
22	31	22.0435	4	
22	32	17.6106	4	
22	33	25.4607	6	
22	34	13.3459	3	
22	35	35.9934	8	
22	36	27.387	6	
22	37	12.2672	2	
22	38	39.9134	9	
23	26	12.0911	3	
23	27	28.7913	5	
23	28	17.8913	4	
23	29	11.4595	3	
23	31	10.4346	2	
23	32	20.2258	5	
23	33	11.2754	2	
23	34	11.8723	3	
23	35	13.1046	3	
23	36	58.7037	14	
23	37	10.7634	2	
23	38	12.2116	2	
24	25	25.1254	5	
24	26	6.13626	1	
24	27	13.9283	3	
24	28	23.492	6	
24	29	61.6532	13	
24	30	13.0981	3	
24	31	12.1997	3	
24	32	11.5015	2	
24	34	40.7085	10	
24	35	48.3074	10	
24	36	28.4759	6	
24	38	44.6488	9	
25	26	10.2936	2	
25	27	8.82811	2	
25	28	40.4536	8	
25	29	17.668	4	
25	30	8.59469	2	
25	31	12.0113	3	
25	32	18.1973	5	
25	33	2.58462	1	
25	34	29.1507	6	
25	35	41.4132	9	
25	36	17.5817	4	
25	37	9.87336	2	
25	38	35.4632	7	
26	27	24.5996	6	
26	28	21.2082	5	
26	29	22.7868	5	
26	30	20.0798	4	
26	31	27.0555	6	
26	32	28.8676	6	
26	33	10.4596	3	
26	35	17.764	4	
26	36	35.9305	8	
26	37	32.4244	6	
27	28	16.7046	4	
27	29	13.5857	3	
27	30	9.86349	2	
27	31	6.78165	1	
27	32	10.8941	2	
27	33	12.6557	3	
27	34	10.9802	2	
27	35	14.962	3	
27	36	32.7623	7	
27	37	8.52645	2	
27	38	38.249	8	
28	29	30.2833	7	
28	30	2.31634	1	
28	31	30.8798	5	
28	32	25.2735	6	
28	33	22.4047	5	
28	34	13.0299	2	
28	35	38.5636	8	
28	36	14.3767	4	
28	37	15.0535	4	
28	38	57.822	12	
29	31	16.1671	4	
29	32	5.73181	1	
29	33	2.52794	1	
29	34	10.8989	2	
29	36	24.6611	5	
29	37	8.71884	2	
29	38	41.8277	9	
30	31	22.6821	5	
30	32	2.99649	1	
30	34	11.6272	3	
30	36	16.0819	4	
30	38	2.51294	1	
31	32	6.63666	2	
31	33	9.51429	2	
31	34	30.5522	7	
31	35	14.7629	3	
31	36	58.0715	13	
31	37	2.57923	1	
31	38	17.6721	4	
32	33	24.2272	5	
32	34	20.6572	4	
32	35	7.42646	2	
32	36	26.2664	6	
32	37	13.3667	4	
32	38	6.96134	1	
33	34	6.35398	1	
33	35	18.3902	4	
33	36	18.129	4	
33	37	22.5655	5	
33	38	15.7531	4	
34	35	30.6895	6	
34	36	13.619	3	
34	37	16.606	3	
34	38	21.3994	5	
35	37	16.0102	3	
35	38	35.3794	7	
36	37	14.4948	3	
36	38	9.31507	2	
37	38	7.94452	2	
