25 31 37 47 57 58 59 61 68 70 75 78 88 91 95 96 97 123 149 154 156 161 166 176 182 184 189 195 201 207 216 219 233 249 254 263 265 271 277 285 296 302 307 309 316 317 324 367 376 385 387 396 406 408 414 443 445 448 451 453 464 466 471 473 483 498 507 535 546 560 564 574 580 587 592 609 616 618 619 624 626 627 631 635 638 639 642 647 653 659 660 671 688 689 691 
42 77 99 131 153 174 193 204 239 246 254 283 292 296 321 325 334 360 377 379 436 439 459 507 514 525 536 546 558 561 600 603 627 630 637 640 645 663 664 675 682 689 
16 37 54 60 63 73 77 79 92 99 110 114 115 136 151 158 163 174 182 185 190 193 203 204 217 223 234 239 246 278 289 292 318 321 325 326 334 338 354 360 363 377 379 393 406 410 416 427 429 430 459 491 513 514 516 525 544 553 554 558 561 563 578 583 595 600 620 628 630 633 638 645 647 649 664 669 689 
9 14 17 21 37 55 59 61 69 71 73 81 82 98 102 110 115 118 128 142 148 151 152 156 159 163 164 165 181 184 191 194 197 203 212 214 215 216 221 232 243 257 277 278 284 286 289 291 300 308 314 318 322 347 349 354 355 356 373 374 389 391 393 403 407 421 428 429 436 442 443 445 447 448 449 450 455 458 461 470 474 476 488 490 497 498 506 508 511 513 516 521 532 539 542 547 548 549 552 559 564 566 571 573 574 576 581 586 595 606 607 613 619 633 646 649 651 656 664 668 681 683 684 685 686 697 699 
30 42 48 71 129 131 132 150 158 173 197 198 203 210 215 223 235 245 252 255 262 266 273 274 288 293 297 299 301 302 305 338 346 351 390 398 399 400 404 407 409 413 419 423 432 437 442 452 457 468 475 482 496 499 505 514 517 521 524 527 534 537 539 541 544 563 572 575 578 583 589 591 600 603 610 620 621 623 653 657 662 665 666 669 675 696 
7 22 32 34 38 49 69 71 81 105 109 111 112 118 122 128 145 155 162 169 171 182 192 194 212 215 227 229 232 235 243 254 255 260 267 272 288 294 306 309 312 330 349 350 351 356 362 374 375 392 401 402 403 405 407 411 412 426 429 441 447 452 455 474 478 496 508 511 519 521 536 539 543 549 553 557 559 561 569 570 571 581 588 596 601 602 606 607 613 614 632 643 646 648 649 667 668 670 680 682 686 689 698 699 
50 63 69 71 72 81 90 102 109 118 124 128 131 134 145 156 161 162 169 171 192 201 212 214 215 223 232 233 243 245 246 284 294 302 310 314 324 337 349 354 356 357 374 376 381 392 393 402 403 407 411 417 429 442 447 474 478 504 508 511 519 521 535 539 543 549 561 569 571 581 590 601 606 607 613 626 632 633 636 648 649 659 662 664 668 670 671 680 683 697 698 699 
21 28 36 40 53 60 63 69 72 79 83 84 97 100 101 105 118 128 145 155 156 157 162 172 177 182 188 189 190 192 212 214 215 224 232 234 238 243 244 245 246 253 257 261 270 272 278 284 288 310 312 313 318 337 339 349 354 356 357 369 374 379 380 381 392 393 402 405 407 410 414 424 426 441 442 447 448 451 454 462 468 469 474 480 489 491 500 508 510 511 516 521 526 537 539 541 545 549 554 557 559 564 569 570 571 574 584 601 606 607 611 613 617 621 626 628 637 647 649 652 653 655 664 668 670 678 680 687 688 691 694 697 698 699 
16 17 44 45 55 56 58 59 61 66 67 82 84 85 94 98 126 130 131 137 140 142 151 152 155 163 168 169 171 177 190 191 192 194 195 200 207 208 221 226 227 230 234 235 236 257 258 262 271 280 284 288 294 300 301 308 314 322 331 335 338 341 344 347 348 355 366 369 370 371 373 378 385 389 391 396 403 415 428 436 444 445 449 456 462 469 470 476 477 484 488 489 490 492 497 506 531 532 542 543 544 547 548 552 555 561 566 567 570 573 574 576 577 578 579 580 584 586 588 591 599 607 608 612 615 632 637 648 651 658 662 676 680 681 686 693 695 
24 43 45 55 56 58 59 68 70 74 82 95 96 98 127 137 144 147 160 163 166 167 168 172 185 187 195 197 207 223 226 234 239 246 249 257 258 265 280 296 315 317 327 333 340 341 344 348 353 370 378 384 396 415 433 434 439 444 445 451 452 466 470 471 473 492 500 507 513 522 535 540 548 552 555 560 562 567 574 580 586 587 589 597 599 603 608 609 615 627 631 635 647 648 651 660 672 676 684 689 690 693 
13 25 27 46 52 65 76 88 89 91 93 97 101 104 106 107 111 116 119 141 146 153 158 170 176 180 184 186 189 196 198 199 208 211 213 216 221 237 244 259 269 271 272 275 279 281 285 291 307 313 319 320 323 331 339 343 350 358 364 372 373 375 385 389 395 396 397 408 414 418 420 421 424 438 443 448 453 463 472 476 483 485 494 498 502 503 504 510 515 517 518 523 526 529 530 537 545 550 551 552 556 559 564 569 585 592 602 604 616 622 628 638 650 651 655 656 667 679 682 688 
29 62 70 75 84 111 113 114 125 177 188 190 200 224 237 269 270 271 290 294 300 313 331 338 345 350 358 366 369 376 394 406 412 420 424 437 462 469 476 489 515 570 575 578 584 592 620 634 637 650 655 661 667 675 682 
35 48 78 100 134 150 197 198 201 235 240 255 266 273 288 299 302 338 345 346 351 383 390 400 413 419 424 432 452 468 475 482 496 499 514 527 534 537 541 547 562 567 583 590 600 601 610 616 621 623 653 659 666 673 675 696 
12 16 28 43 44 53 56 58 68 70 74 78 86 95 96 102 110 127 137 144 147 148 160 165 166 167 172 184 195 197 207 219 220 226 227 242 246 248 249 254 256 263 265 296 315 317 320 326 327 332 333 341 343 344 354 372 378 384 396 397 408 415 417 433 434 444 445 451 459 461 466 470 471 473 492 494 503 507 522 540 548 555 559 560 562 574 580 587 597 599 603 609 615 627 631 635 641 644 647 648 660 663 672 674 676 683 684 687 689 690 693 700 
24 45 56 71 82 90 127 128 135 137 160 165 167 172 185 197 207 214 226 232 243 286 310 313 324 327 333 337 341 344 354 357 374 378 396 402 403 407 415 439 444 470 474 485 492 511 521 522 529 535 539 549 555 562 571 580 586 599 606 613 615 632 636 648 649 656 668 672 676 689 693 697 
12 15 23 30 42 108 117 124 129 131 132 133 144 150 165 173 178 179 210 224 228 236 252 256 262 264 270 271 274 293 301 305 313 319 331 333 336 338 342 352 358 362 369 375 389 398 399 404 409 422 423 431 437 441 453 457 461 465 481 482 505 517 524 529 536 572 575 584 589 593 603 618 629 634 643 646 654 655 656 657 661 662 665 669 674 684 685 690 692 693 700 
3 5 6 12 15 20 22 23 24 25 31 32 38 44 45 48 49 56 61 62 65 66 67 71 72 76 84 86 88 89 91 94 97 101 102 108 111 113 114 117 120 122 126 130 133 135 136 138 139 140 143 144 146 147 148 150 154 156 160 167 168 170 172 173 177 178 184 188 189 190 192 197 198 199 200 207 209 212 213 215 216 218 220 224 227 230 231 236 237 240 242 246 250 251 254 255 256 258 259 266 271 273 275 276 280 281 282 284 285 288 290 294 295 301 303 306 311 313 320 326 327 328 329 332 333 335 336 339 340 342 348 351 352 356 358 362 364 365 366 368 369 370 371 372 375 383 384 385 388 390 394 395 396 397 399 401 404 405 408 409 413 414 415 417 418 419 420 422 424 428 429 431 432 433 434 436 438 440 441 442 443 444 446 447 448 452 455 456 461 462 463 465 467 470 471 475 476 477 478 481 483 484 485 487 489 491 493 494 496 498 499 500 501 503 504 506 508 509 511 515 518 521 524 527 528 529 531 532 534 536 538 541 544 546 551 552 554 555 556 559 560 561 562 564 566 567 569 570 574 575 576 577 578 579 582 583 586 591 592 593 596 597 598 599 602 603 604 605 606 607 608 612 614 615 616 621 622 623 625 626 628 629 631 632 634 636 637 640 641 643 644 646 650 653 654 655 656 657 658 661 663 666 667 668 669 670 672 674 675 676 677 683 685 688 689 690 691 692 693 695 696 698 699 700 
5 6 7 10 15 20 23 29 31 49 62 66 69 75 80 81 84 86 87 94 97 105 108 111 113 114 117 123 124 125 128 133 138 145 150 154 155 156 168 171 173 177 178 179 180 182 188 190 200 201 205 215 220 224 227 230 232 235 240 243 251 254 256 262 268 269 270 271 276 284 288 290 294 295 296 300 303 306 309 310 313 315 320 328 329 331 336 338 340 343 345 348 352 354 358 360 362 364 366 367 368 369 372 374 375 381 394 397 399 401 403 404 405 406 407 408 409 411 412 417 422 425 426 431 432 433 437 440 441 444 446 453 459 461 462 465 467 469 474 476 479 481 482 483 485 486 487 489 494 496 499 500 501 506 509 511 518 519 521 524 525 529 532 535 536 543 544 549 552 559 560 566 567 569 570 575 576 578 581 582 584 590 592 593 596 597 601 603 605 606 608 613 614 626 629 630 632 634 637 642 643 645 646 649 654 655 656 657 659 667 668 669 670 671 674 677 679 680 683 685 689 692 696 698 699 700 
21 24 26 28 35 36 40 48 63 77 79 83 89 94 95 100 101 103 112 121 122 141 149 150 152 157 163 164 172 175 183 185 191 202 203 206 212 214 219 222 226 234 238 241 255 257 259 261 263 264 266 267 268 270 273 275 277 278 283 288 289 299 302 307 311 312 314 316 327 337 353 355 357 359 363 375 379 380 381 383 386 390 396 400 410 413 415 416 419 424 427 429 432 437 441 444 450 451 452 454 458 460 461 470 475 479 486 491 492 493 495 496 499 500 501 503 510 513 516 527 532 533 534 537 541 554 565 566 568 574 583 586 588 594 602 610 611 617 619 621 623 632 637 642 648 651 652 653 666 668 672 687 689 691 694 
30 42 129 131 132 210 225 245 252 262 267 273 274 293 297 301 302 305 338 389 398 423 431 457 461 482 501 505 506 517 544 572 573 584 589 629 642 662 665 693 
8 23 34 39 47 50 57 68 95 135 149 152 181 189 208 211 213 216 263 265 287 296 297 304 323 326 336 353 375 382 387 389 416 425 428 430 435 445 448 453 457 461 466 475 490 494 501 507 511 515 520 530 556 580 587 598 602 609 618 619 624 627 631 635 636 639 647 656 657 660 671 682 688 689 
12 20 24 31 39 50 53 60 63 86 87 108 117 124 133 134 144 150 156 160 172 173 184 187 195 200 201 214 220 229 233 239 240 247 248 254 276 295 303 306 310 315 319 320 324 326 332 333 338 345 351 352 357 362 364 368 372 376 383 384 399 401 404 408 409 412 417 433 434 437 440 441 444 446 461 465 467 475 482 487 494 502 509 518 520 524 536 544 560 563 582 583 585 590 596 597 601 603 612 614 617 626 628 629 634 641 643 644 653 655 661 669 671 674 675 677 683 684 690 692 696 700 
25 27 40 86 93 97 102 104 106 111 116 120 135 136 138 154 176 180 183 184 186 189 204 216 217 219 231 242 244 248 249 252 259 260 272 277 279 282 285 292 298 307 309 312 313 319 328 330 333 339 342 343 358 364 365 372 384 388 402 405 408 414 421 439 443 448 463 483 485 487 491 498 510 511 512 517 519 520 526 528 530 536 537 538 545 546 550 555 556 564 565 581 597 598 609 616 625 628 640 641 650 656 661 663 672 673 678 679 684 686 688 690 700 
19 39 42 64 79 99 109 141 148 149 151 153 159 174 175 183 191 193 196 202 204 206 221 222 231 239 241 242 248 252 257 258 260 275 281 282 283 291 292 298 301 307 309 313 314 317 321 325 330 331 334 342 360 365 373 377 379 386 388 411 416 428 430 436 439 450 459 460 461 467 472 477 493 495 502 512 514 519 522 523 525 528 538 546 547 550 552 558 565 568 594 600 603 607 608 614 625 630 640 641 645 651 654 663 665 669 673 678 680 697 700 
16 21 37 54 55 60 63 73 79 82 92 98 100 101 110 115 148 151 157 158 159 163 170 174 184 185 191 203 217 223 234 238 253 257 261 270 278 286 289 314 318 337 348 354 355 357 363 373 379 380 381 385 393 406 410 416 424 427 429 450 454 458 459 469 480 491 500 510 513 516 518 532 553 554 557 559 563 573 574 583 595 611 617 620 628 633 638 650 651 652 660 664 678 694 697 700 
2 13 29 37 52 53 54 63 65 67 72 84 85 89 92 102 107 110 114 115 120 125 126 130 136 138 139 140 143 146 147 177 188 190 194 196 199 200 203 208 209 217 221 223 224 231 240 248 249 250 261 268 282 289 290 292 294 295 298 300 309 318 323 328 332 333 335 338 340 342 345 348 349 350 352 354 361 363 365 366 369 388 393 394 395 404 405 406 410 413 414 418 427 438 439 446 456 462 469 489 491 503 504 506 512 513 516 518 519 528 531 536 538 546 551 553 554 556 563 578 579 584 585 591 595 598 604 605 612 620 622 625 627 633 637 638 640 641 655 658 660 661 663 664 669 673 678 679 687 695 
4 10 31 36 37 39 41 46 52 53 57 65 76 80 85 89 90 107 111 113 122 123 131 134 135 139 143 146 158 161 170 180 182 184 192 196 198 199 201 208 209 210 214 221 229 233 237 238 241 247 259 269 272 273 280 291 301 302 309 319 323 324 332 333 340 343 348 350 358 361 364 367 371 375 376 387 395 397 412 416 420 433 438 453 463 469 472 476 479 484 485 502 503 504 506 509 510 515 523 529 531 533 535 551 561 567 579 585 590 597 598 601 602 604 605 608 622 624 626 628 637 650 656 659 667 671 675 680 682 687 694 695 
7 22 32 34 38 65 69 71 72 81 101 105 107 109 117 118 128 139 144 145 148 155 156 159 162 163 165 169 171 192 194 196 197 208 209 212 215 221 227 229 232 235 243 245 254 257 272 284 288 294 310 311 314 317 323 327 333 340 349 350 351 355 356 362 374 381 389 392 395 403 404 405 407 411 425 426 429 438 442 447 455 461 474 478 486 487 496 499 506 508 511 519 521 528 532 536 539 542 543 546 547 549 551 552 556 559 569 570 571 581 586 598 601 602 604 606 607 613 622 632 637 649 668 670 671 680 684 685 686 687 690 698 699 
1 10 22 31 32 37 38 41 48 50 54 60 63 67 73 78 80 82 86 87 90 102 105 108 110 111 122 123 124 131 134 135 144 145 148 150 155 156 158 161 165 170 171 173 182 184 185 187 192 197 198 201 203 210 213 215 220 223 229 233 235 237 247 255 259 266 272 273 278 288 289 299 302 309 315 320 324 325 326 343 345 346 351 354 356 363 367 372 376 380 381 383 384 385 390 392 393 397 400 408 410 411 412 413 417 419 426 427 432 433 434 442 447 452 455 461 468 473 475 478 491 496 499 503 504 513 514 515 524 527 533 534 535 537 541 542 553 554 559 560 563 567 569 570 582 583 585 590 595 597 601 602 607 608 610 620 621 623 624 626 628 629 632 633 638 639 641 644 650 653 659 666 670 671 674 675 680 682 683 684 690 696 698 699 700 
55 62 87 124 154 178 179 205 228 248 251 295 326 328 329 336 338 351 397 404 422 427 434 440 464 481 506 560 583 593 605 608 654 655 661 674 683 685 692 696 
18 32 38 44 66 67 72 85 88 94 107 113 126 130 139 140 143 146 147 168 177 192 194 218 230 233 236 250 258 268 280 284 290 295 301 323 335 336 339 347 348 349 361 366 370 371 395 397 404 418 426 438 441 447 456 477 478 484 489 497 504 506 531 532 544 545 551 561 566 567 577 579 591 608 612 614 618 622 635 645 655 658 661 670 676 679 687 695 698 
28 40 43 49 51 58 68 70 74 75 78 88 91 95 96 97 103 110 112 117 121 147 149 154 156 166 170 176 191 195 216 219 223 225 227 240 246 249 254 263 264 265 267 276 277 285 290 296 303 306 307 309 311 316 317 320 336 344 353 359 372 385 401 408 409 414 433 440 443 445 446 448 451 458 463 464 466 467 471 473 479 483 486 487 494 498 507 509 511 530 533 536 540 544 557 559 560 564 574 575 580 582 587 588 589 592 596 597 598 603 607 609 614 616 627 631 634 642 644 647 649 652 656 660 661 669 676 677 679 680 682 683 684 687 688 689 690 
2 9 11 13 25 27 28 33 39 40 42 49 51 79 83 93 95 99 100 101 102 103 104 106 112 116 119 120 121 131 136 138 148 150 152 163 174 176 180 182 184 186 191 194 204 214 219 221 225 227 231 238 239 240 242 244 248 253 254 255 260 261 264 267 268 273 277 279 282 290 295 298 309 311 312 316 317 321 330 334 336 339 342 346 353 355 357 359 360 362 365 368 373 379 381 388 389 401 402 405 421 424 432 439 440 441 443 446 451 458 463 464 468 469 479 480 483 485 486 487 494 496 500 501 508 509 510 512 514 517 518 519 525 526 528 530 532 533 534 536 537 538 545 546 550 554 556 557 559 582 588 595 596 598 604 609 610 611 614 619 621 623 625 630 632 634 637 640 641 642 643 645 646 652 653 658 661 663 669 673 675 677 678 679 689 694 697 699 
9 11 28 33 34 36 39 40 47 51 57 61 79 83 95 100 101 103 108 112 113 117 121 135 152 157 159 164 181 189 208 211 213 216 219 225 253 261 264 267 268 270 277 287 297 302 304 307 311 312 313 316 323 333 337 346 353 355 357 359 377 380 382 387 396 399 400 404 410 416 419 424 425 428 430 432 435 437 439 452 453 454 457 458 463 464 468 469 475 479 480 485 486 487 490 500 501 510 515 516 520 524 529 533 541 542 547 551 554 557 562 574 575 588 595 602 611 614 617 618 619 621 624 629 635 636 639 642 650 651 652 657 660 669 670 671 682 684 687 691 694 
