0	1	64.2381	14	
0	2	28.8926	7	
0	3	101.807	23	
0	4	75.5174	17	
0	5	59.6571	13	
0	6	69.7475	14	
0	7	54.4447	12	
0	8	31.764	7	
0	9	3.49881	1	
0	10	32.0853	8	
0	11	246.169	55	
0	12	3.92277	1	
0	13	60.2735	12	
0	15	17.5256	4	
0	16	3.17292	1	
0	17	15.8134	4	
0	18	27.3514	6	
0	19	8.42124	2	
0	20	10.7483	2	
0	21	14.1493	3	
0	22	8.58707	2	
0	23	19.5482	5	
0	24	22.4237	5	
0	25	49.0593	11	
0	27	3.90035	1	
0	28	5.35753	1	
0	29	13.8952	3	
0	30	20.7698	5	
1	2	54.7945	12	
1	3	237.875	51	
1	4	301.917	63	
1	5	177.963	38	
1	6	101.817	22	
1	7	186.512	41	
1	8	137.628	29	
1	9	89.4658	19	
1	10	255.684	53	
1	11	300.912	66	
1	12	39.2162	8	
1	13	75.0016	15	
1	14	53.7246	13	
1	15	38.1566	8	
1	16	39.8738	10	
1	17	57.3519	13	
1	18	24.0555	4	
1	19	29.8804	6	
1	20	38.1087	9	
1	21	118.056	23	
1	22	56.5021	14	
1	23	19.9461	5	
1	24	10.8865	2	
1	25	16.0616	4	
1	26	115.108	23	
1	28	37.3782	8	
1	29	34.1574	7	
1	30	78.1049	18	
2	3	49.8691	11	
2	4	31.191	7	
2	5	111.819	24	
2	6	69.1838	14	
2	7	128.778	26	
2	8	15.8035	3	
2	9	4.98282	1	
2	10	61.3741	12	
2	11	103.12	21	
2	12	51.9415	11	
2	17	4.10146	1	
2	18	8.31393	2	
2	19	4.91048	1	
2	20	34.0096	8	
2	21	6.17589	1	
2	23	1.9305	1	
2	25	16.7647	4	
2	26	23.7915	5	
2	27	13.9627	3	
2	28	39.1947	8	
2	29	8.65412	2	
2	30	32.9159	7	
3	4	381.852	79	
3	5	200.059	44	
3	6	369.617	81	
3	7	242.922	53	
3	8	77.6323	17	
3	9	108.913	26	
3	10	205.241	45	
3	11	475.672	103	
3	12	21.3973	4	
3	13	113.054	23	
3	14	50.4601	9	
3	15	44.2288	8	
3	16	23.0141	6	
3	17	80.4373	17	
3	18	61.7746	13	
3	19	30.4457	6	
3	20	90.5439	19	
3	21	35.6704	8	
3	22	34.0164	7	
3	23	13.287	4	
3	24	70.0784	15	
3	25	33.2617	7	
3	26	49.677	11	
3	27	35.8336	9	
3	28	20.3586	5	
3	29	117.524	26	
3	30	25.2306	6	
4	5	176.544	39	
4	6	259.039	57	
4	7	357.534	74	
4	8	188.35	40	
4	9	67.7809	16	
4	10	159.322	36	
4	11	437.786	95	
4	12	48.4668	10	
4	13	60.0207	13	
4	14	56.7824	13	
4	16	6.16492	2	
4	17	52.7402	11	
4	18	41.0231	9	
4	19	6.68964	2	
4	20	68.5413	16	
4	21	79.0141	18	
4	22	40.9593	10	
4	23	25.1203	6	
4	24	32.2549	8	
4	25	42.1306	10	
4	26	64.5267	15	
4	27	56.0354	12	
4	28	2.24687	1	
4	29	33.0399	8	
4	30	20.542	5	
5	6	320.498	67	
5	7	131.423	30	
5	8	83.2859	16	
5	9	75.3501	17	
5	10	238.343	51	
5	11	385.265	87	
5	12	41.3627	9	
5	13	86.8163	18	
5	14	31.1591	6	
5	15	7.12124	2	
5	16	25.2168	5	
5	17	33.5325	7	
5	18	69.5465	15	
5	19	55.1065	12	
5	20	84.3519	19	
5	21	45.7447	11	
5	22	9.87527	2	
5	23	25.8183	6	
5	24	89.625	19	
5	25	18.6023	4	
5	26	72.6973	15	
5	27	21.4037	5	
5	28	44.347	9	
5	29	61.3444	12	
5	30	85.3685	18	
6	7	209.529	45	
6	8	58.2821	13	
6	9	47.0312	11	
6	10	202.315	44	
6	11	490.908	107	
6	12	21.4754	5	
6	13	27.0087	6	
6	14	68.9144	15	
6	15	22.9121	5	
6	16	24.4887	6	
6	17	22.4871	6	
6	18	57.3162	12	
6	19	36.2041	8	
6	20	113.459	24	
6	21	56.6728	12	
6	22	11.4578	2	
6	23	23.9888	5	
6	24	44.2122	10	
6	25	62.3786	13	
6	26	51.0635	11	
6	27	2.78783	2	
6	28	34.9569	8	
6	29	54.4311	12	
6	30	12.7694	3	
7	8	140.775	30	
7	9	74.637	16	
7	10	133.367	29	
7	11	386.749	83	
7	12	45.3147	10	
7	13	79.154	17	
7	14	1.79019	1	
7	15	21.2109	4	
7	17	66.8308	15	
7	18	46.5368	10	
7	19	4.42041	2	
7	20	24.5899	6	
7	21	84.8707	19	
7	22	2.86651	1	
7	23	54.0217	12	
7	24	33.6737	8	
7	25	51.2139	11	
7	26	22.9218	6	
7	27	31.8072	7	
7	28	13.8136	3	
7	29	9.26212	2	
7	30	28.2743	7	
8	9	81.0955	16	
8	10	88.0945	20	
8	11	139.424	30	
8	12	7.11313	2	
8	13	24.9394	5	
8	14	2.74809	1	
8	15	4.49287	1	
8	16	6.85979	2	
8	17	32.1447	7	
8	18	7.19717	1	
8	20	63.1454	14	
8	21	57.0697	12	
8	22	11.2073	2	
8	23	12.6167	3	
8	24	29.669	7	
8	25	15.4139	4	
8	26	30.5892	7	
8	28	30.3614	7	
8	29	14.086	3	
8	30	21.205	4	
9	10	82.7286	18	
9	11	161.758	35	
9	12	5.98719	1	
9	13	26.6942	6	
9	14	2.19989	1	
9	15	23.0209	5	
9	16	3.32515	1	
9	17	22.4402	5	
9	18	7.90825	2	
9	19	11.4192	3	
9	20	18.1919	4	
9	21	9.17767	3	
9	22	11.5856	2	
9	24	3.06977	1	
9	25	18.9853	4	
9	26	19.9185	5	
9	28	37.8989	9	
9	29	13.4389	3	
10	11	317.427	68	
10	12	45.3103	10	
10	13	68.0041	13	
10	15	35.3913	7	
10	17	23.3836	5	
10	18	87.6394	19	
10	19	8.27063	2	
10	20	23.388	6	
10	21	13.5737	3	
10	22	19.8038	5	
10	23	2.34867	1	
10	24	28.8525	7	
10	25	25.7375	5	
10	26	56.9887	12	
10	27	42.6219	9	
10	28	34.7428	7	
10	29	69.3664	15	
10	30	4.44501	1	
11	12	67.3963	15	
11	13	76.5	17	
11	14	101.267	21	
11	15	53.4905	12	
11	16	85.2275	17	
11	17	104.726	24	
11	18	50.86	12	
11	19	69.15	16	
11	20	74.2082	17	
11	21	162.208	36	
11	22	72.6738	17	
11	23	50.464	11	
11	24	104.017	22	
11	25	84.5375	19	
11	26	111.581	26	
11	27	10.9918	4	
11	28	40.1527	9	
11	29	99.1659	22	
11	30	102.487	23	
12	14	2.59919	1	
12	17	4.22821	1	
12	18	18.0877	4	
12	20	23.9917	5	
12	21	43.3091	9	
12	24	27.249	5	
12	26	45.2086	9	
13	15	27.3973	5	
13	17	25.361	6	
13	19	29.859	6	
13	20	10.3234	2	
13	22	24.5883	4	
13	23	12.9528	3	
13	24	6.40329	2	
13	25	15.311	4	
13	26	4.59234	1	
13	27	4.91063	1	
13	28	3.13983	1	
13	29	33.9462	7	
13	30	25.2548	5	
14	17	4.25388	2	
14	18	3.09513	1	
14	20	7.35435	1	
14	21	5.75884	1	
14	25	14.2435	4	
14	26	5.32318	1	
14	29	23.9935	5	
15	16	3.02512	1	
15	17	14.5274	4	
15	18	4.15666	2	
15	19	23.8827	5	
15	20	23.9251	5	
15	22	29.8745	5	
15	25	4.76328	1	
15	29	4.56176	1	
15	30	3.67273	1	
16	18	18.0821	4	
16	19	2.98917	1	
16	22	17.9834	4	
16	25	12.9674	3	
16	26	3.30961	1	
16	28	4.15216	1	
16	29	17.8564	4	
16	30	4.36922	1	
17	20	18.1179	4	
17	21	6.81007	1	
17	22	9.96362	2	
17	23	5.21972	1	
17	24	8.62705	2	
17	25	19.1529	4	
17	26	9.87943	2	
17	27	23.0953	5	
17	28	23.4585	5	
17	30	28.5777	5	
18	19	5.28304	1	
18	20	3.25819	1	
18	21	3.98473	1	
18	22	18.9506	4	
18	23	3.43005	1	
18	24	4.94455	1	
18	25	5.33466	1	
18	27	19.762	4	
19	20	13.9399	3	
19	21	25.5139	5	
19	26	21.8669	5	
19	27	4.50011	1	
19	28	3.77449	1	
19	29	6.56424	1	
19	30	32.4866	6	
20	21	6.92445	1	
20	22	18.395	5	
20	23	6.03132	1	
20	25	31.2765	6	
20	26	1.87828	1	
20	29	20.9993	6	
20	30	22.8836	5	
21	22	16.7114	4	
21	23	17.2147	4	
21	24	13.3104	3	
21	25	4.79702	1	
21	26	2.51603	1	
21	27	3.50183	1	
21	30	8.59063	2	
22	25	11.7787	3	
22	26	3.68547	1	
22	28	6.69745	1	
22	29	21.0738	5	
23	24	11.3364	3	
23	25	18.9257	5	
24	25	27.9845	6	
24	26	25.4561	5	
24	29	26.2677	5	
24	30	21.0047	5	
25	26	16.0261	4	
25	27	22.7778	6	
25	28	15.3688	4	
25	29	19.7469	4	
25	30	17.9861	4	
26	28	5.96489	1	
26	30	22.3355	5	
27	29	19.212	5	
28	29	21.8619	4	
