#module 0 size: 57 bs: 0.000241734
12 46 49 79 101 103 129 133 134 142 172 278 285 320 338 357 367 397 467 479 514 556 563 569 571 586 632 694 733 795 801 868 894 917 927 939 953 996 1013 1065 1090 1148 1156 1161 1186 1195 1248 1278 1297 1309 1334 1360 1373 1390 1410 1481 1486 
#module 1 size: 129 bs: 1
6 17 20 37 51 66 70 84 93 98 100 123 167 191 198 203 205 211 221 277 313 319 332 333 352 360 366 373 394 398 406 445 464 467 489 502 540 546 558 578 591 592 611 613 651 656 660 665 678 681 685 702 703 718 720 721 732 751 761 764 767 775 777 780 792 807 825 828 830 833 844 845 850 878 883 892 899 907 927 931 935 936 938 955 966 976 979 985 1022 1051 1057 1067 1073 1081 1082 1107 1121 1123 1133 1135 1138 1147 1153 1170 1188 1196 1208 1223 1240 1251 1260 1263 1265 1268 1274 1279 1319 1320 1361 1415 1419 1426 1436 1448 1456 1472 1479 1483 1500 
#module 2 size: 48 bs: 1
161 187 220 263 302 374 454 477 493 522 577 589 635 650 675 708 728 823 834 859 862 988 1037 1101 1113 1132 1137 1150 1157 1217 1231 1256 1261 1262 1296 1301 1328 1349 1380 1385 1396 1401 1424 1440 1462 1467 1487 1491 
#module 3 size: 228 bs: 1
7 8 13 28 40 47 56 67 83 88 95 110 125 147 148 150 152 157 167 184 186 196 213 222 229 232 250 260 265 271 287 288 290 292 301 305 306 309 316 317 328 330 335 336 339 342 348 354 370 382 384 385 399 408 409 416 417 422 423 426 428 429 433 443 455 459 469 470 477 482 487 492 498 500 511 517 518 526 527 533 534 537 540 550 551 552 556 559 575 584 619 623 627 640 661 670 676 679 688 690 692 701 704 707 714 716 722 726 727 729 738 744 752 757 769 770 785 786 791 793 802 804 808 810 811 812 813 817 822 842 851 860 879 880 881 883 884 887 892 898 902 904 926 928 930 935 940 941 943 944 945 946 973 975 989 990 1007 1008 1010 1017 1024 1025 1030 1035 1044 1049 1050 1061 1066 1072 1084 1089 1097 1100 1107 1118 1122 1124 1128 1131 1134 1143 1144 1146 1156 1158 1168 1176 1181 1193 1196 1201 1205 1209 1210 1224 1226 1227 1234 1244 1253 1254 1258 1263 1272 1276 1283 1288 1292 1313 1332 1333 1346 1348 1350 1366 1367 1406 1411 1423 1425 1447 1454 1471 1474 1482 1494 1497 
#module 4 size: 198 bs: 1
21 28 47 59 62 71 81 86 89 157 180 181 184 195 199 217 239 240 250 259 271 298 305 306 323 336 345 349 354 363 370 373 376 382 402 410 414 417 426 431 436 440 449 455 463 470 473 476 477 483 484 506 517 518 528 534 539 540 550 565 572 580 585 599 616 619 623 625 630 631 633 640 648 678 679 683 698 716 719 721 722 747 766 768 796 799 800 808 810 817 822 835 853 871 878 883 884 887 898 909 913 922 923 926 927 939 945 953 964 965 969 972 974 976 977 982 983 989 991 1000 1007 1011 1016 1017 1020 1025 1030 1035 1044 1046 1052 1062 1070 1076 1086 1087 1097 1098 1116 1130 1133 1136 1138 1143 1144 1145 1152 1178 1180 1191 1193 1194 1196 1201 1210 1216 1225 1226 1227 1240 1249 1253 1266 1267 1272 1282 1283 1284 1290 1292 1299 1300 1310 1316 1321 1333 1337 1352 1353 1355 1358 1363 1366 1369 1372 1378 1382 1398 1423 1430 1435 1449 1455 1464 1474 1476 1480 1488 
#module 5 size: 155 bs: 1
3 25 34 58 64 82 83 87 96 121 148 164 169 173 182 192 201 204 212 225 242 244 249 255 256 266 279 283 292 294 300 308 314 318 330 361 368 369 372 379 387 407 408 412 416 418 421 432 439 448 456 458 461 466 468 475 485 492 509 511 519 520 527 529 530 537 561 564 574 583 584 587 606 613 615 638 654 657 664 665 666 673 676 687 688 689 692 723 748 750 774 812 815 821 849 852 855 857 897 923 924 937 943 957 992 995 996 1005 1006 1008 1009 1036 1045 1071 1077 1085 1089 1093 1110 1118 1119 1129 1145 1182 1192 1212 1219 1224 1238 1241 1250 1255 1256 1281 1294 1312 1323 1325 1343 1346 1349 1368 1370 1375 1383 1405 1413 1419 1425 1426 1439 1468 1488 1490 1494 
#module 6 size: 207 bs: 1
7 9 38 83 85 110 147 148 150 156 158 167 182 188 195 196 225 237 238 244 247 249 261 262 281 290 292 296 301 307 317 322 330 340 346 351 354 361 369 375 385 408 416 421 422 429 438 441 443 457 462 471 472 474 478 482 492 503 511 521 526 527 529 531 533 535 537 542 551 559 573 575 584 601 612 614 621 623 634 644 646 652 657 669 673 676 688 691 692 700 701 715 738 739 742 744 752 754 756 757 770 772 783 785 786 802 812 818 821 826 840 842 848 851 854 861 870 888 895 897 904 908 911 918 932 933 941 943 946 947 969 973 975 984 993 1001 1008 1011 1021 1025 1030 1040 1054 1055 1074 1077 1084 1089 1094 1111 1118 1134 1139 1140 1146 1156 1163 1165 1168 1190 1201 1202 1205 1214 1220 1222 1224 1230 1235 1238 1240 1241 1244 1254 1259 1271 1272 1273 1277 1308 1311 1315 1330 1331 1333 1343 1346 1348 1349 1350 1370 1371 1381 1391 1396 1406 1409 1411 1412 1421 1422 1425 1430 1444 1468 1470 1494 
#module 7 size: 156 bs: 1
15 18 27 39 50 55 57 68 72 78 91 105 107 136 137 140 149 159 168 177 180 194 223 227 228 236 248 274 291 321 347 349 355 359 381 392 395 396 399 405 430 435 442 450 460 496 532 548 566 593 599 602 620 623 625 629 645 653 664 674 681 684 691 696 697 698 700 714 719 722 725 730 741 755 758 760 768 782 784 790 798 831 855 874 878 883 894 900 904 915 921 927 952 956 969 970 974 976 977 978 1016 1025 1026 1028 1031 1052 1057 1064 1070 1076 1078 1086 1095 1107 1108 1117 1144 1145 1150 1190 1194 1199 1205 1207 1210 1211 1232 1246 1247 1270 1271 1284 1286 1305 1307 1311 1322 1351 1354 1358 1377 1393 1396 1420 1432 1433 1443 1455 1458 1464 1465 1489 1491 1493 1495 1499 
#module 8 size: 81 bs: 1
21 81 111 114 139 163 199 217 243 253 254 298 323 331 343 363 376 470 483 535 540 565 570 608 628 630 631 648 719 766 768 814 833 835 841 856 864 865 873 886 903 905 913 914 923 925 964 1012 1022 1062 1102 1103 1126 1130 1139 1144 1182 1215 1249 1264 1300 1302 1304 1314 1322 1340 1344 1353 1369 1378 1379 1389 1398 1400 1416 1435 1452 1458 1472 1476 1488 
#module 9 size: 50 bs: 1
22 30 76 106 116 154 170 175 183 195 216 218 219 224 312 326 391 414 435 553 711 724 729 731 772 788 836 903 948 967 987 1018 1032 1053 1059 1061 1081 1086 1115 1151 1162 1182 1243 1298 1327 1370 1388 1403 1450 1500 
#module 10 size: 101 bs: 1
1 16 26 33 43 74 124 169 171 197 209 210 215 224 242 261 291 295 389 413 414 465 494 504 510 515 533 561 598 607 615 617 626 643 658 662 666 693 700 709 717 735 737 741 746 766 805 819 846 851 890 947 949 962 963 969 970 997 998 1029 1034 1039 1077 1081 1082 1092 1099 1104 1105 1122 1149 1153 1155 1157 1160 1169 1198 1229 1252 1275 1278 1287 1319 1341 1345 1352 1358 1365 1374 1387 1414 1418 1427 1441 1459 1472 1478 1488 1492 1494 1500 
#module 11 size: 295 bs: 1
4 9 10 15 29 49 50 54 61 63 77 78 80 92 102 105 108 112 122 128 137 143 149 151 156 158 159 177 179 189 195 198 200 207 214 227 228 231 237 238 248 251 252 261 262 291 293 303 321 327 340 344 346 347 351 355 361 370 375 377 381 383 386 399 401 405 407 415 422 427 441 442 450 451 453 458 462 471 472 474 478 486 488 490 491 494 501 507 514 521 523 525 535 541 545 548 553 560 562 573 576 580 581 599 601 608 609 610 612 618 621 623 632 644 645 646 649 652 664 666 672 682 689 691 700 705 706 710 711 723 725 730 733 740 742 743 745 754 755 762 763 768 771 772 773 779 781 784 787 790 804 806 816 818 820 821 826 831 836 840 842 843 847 848 854 861 863 877 883 887 889 897 898 900 904 912 918 919 920 930 933 934 939 943 950 951 953 960 961 968 978 984 986 993 996 1001 1002 1003 1004 1019 1033 1043 1054 1064 1070 1074 1075 1076 1088 1094 1108 1111 1117 1118 1122 1127 1131 1139 1141 1142 1143 1150 1153 1157 1163 1164 1171 1172 1175 1202 1203 1204 1211 1220 1228 1230 1232 1235 1239 1240 1241 1242 1245 1246 1247 1259 1271 1273 1275 1280 1281 1284 1293 1303 1305 1306 1307 1308 1311 1330 1335 1342 1346 1354 1362 1371 1377 1381 1384 1386 1391 1392 1393 1396 1404 1407 1409 1415 1420 1421 1429 1430 1431 1433 1438 1440 1444 1446 1447 1458 1465 1469 1475 1477 1489 
#module 12 size: 25 bs: 1
42 174 202 230 626 637 663 695 829 838 897 910 1042 1082 1091 1117 1120 1187 1204 1213 1296 1385 1437 1455 1498 
#module 13 size: 34 bs: 1
5 132 241 452 594 608 641 671 680 699 809 824 872 981 1057 1061 1093 1096 1125 1263 1284 1292 1308 1317 1329 1338 1359 1364 1376 1383 1390 1418 1461 1493 
#module 14 size: 18 bs: 1
99 119 226 267 419 481 513 549 613 639 642 647 727 1138 1306 1315 1430 1446 
#module 15 size: 20 bs: 1
19 120 127 142 176 214 380 437 538 604 622 741 749 772 789 827 837 1268 1338 1454 
#module 16 size: 16 bs: 1
32 36 69 145 155 190 208 269 289 337 457 597 811 828 1281 1342 
#module 17 size: 40 bs: 1
109 142 167 234 252 280 311 341 390 395 425 452 497 567 579 588 624 667 677 734 759 804 832 836 892 906 1023 1048 1167 1233 1236 1289 1389 1402 1434 1439 1442 1463 1495 1496 
#module 18 size: 28 bs: 1
138 456 524 597 626 686 691 722 785 924 941 942 958 971 994 1060 1069 1079 1133 1159 1183 1221 1278 1326 1356 1417 1445 1460 
#module 19 size: 19 bs: 1
73 146 257 273 284 358 610 636 659 689 875 893 896 929 933 944 1255 1268 1329 
#module 20 size: 36 bs: 1
45 116 117 130 166 206 276 294 403 499 535 582 605 778 803 822 867 876 891 914 999 1056 1154 1165 1179 1206 1224 1237 1272 1385 1391 1426 1435 1453 1454 1468 
#module 21 size: 38 bs: 1
94 97 233 240 254 297 298 315 325 359 362 393 424 495 557 609 621 648 712 916 956 1014 1022 1068 1075 1112 1131 1174 1185 1187 1208 1223 1255 1271 1324 1395 1399 1473 
#module 22 size: 23 bs: 1
160 327 370 388 446 547 597 600 609 703 765 808 839 885 980 1038 1058 1166 1189 1218 1338 1394 1485 
#module 23 size: 17 bs: 1
2 23 44 75 144 178 193 264 324 359 420 434 467 768 855 898 918 
#module 24 size: 27 bs: 1
48 90 169 240 299 350 353 411 512 516 603 632 668 723 726 882 901 946 1001 1009 1015 1117 1200 1339 1347 1405 1428 
#module 25 size: 39 bs: 1
11 24 60 118 144 147 151 170 172 199 286 304 356 364 404 407 447 452 457 505 508 512 536 568 595 753 794 894 1041 1106 1109 1114 1165 1257 1269 1318 1397 1408 1466 
#module 26 size: 34 bs: 1
41 52 65 113 185 199 224 270 272 365 371 375 378 444 554 555 655 721 736 821 833 849 866 869 943 944 1204 1296 1336 1352 1357 1405 1483 1484 
#module 27 size: 15 bs: 1
14 35 104 115 131 232 245 246 258 304 477 819 924 1423 1495 
#module 28 size: 19 bs: 1
31 53 126 135 147 235 268 275 329 400 480 543 544 711 888 963 1389 1419 1467 
#module 29 size: 29 bs: 1
59 141 153 165 170 232 327 590 713 776 797 811 888 935 959 1009 1047 1063 1066 1111 1149 1177 1184 1285 1295 1383 1446 1451 1457 
#module 30 size: 23 bs: 1
162 282 310 334 406 512 596 681 849 858 914 954 1027 1080 1083 1173 1197 1238 1291 1329 1429 1439 1440 
