0	1	13
0	2	10
0	3	19
0	4	17
0	5	23
0	6	21
0	7	11
0	8	12
0	9	14
0	10	17
0	11	13
0	12	9
0	13	17
0	14	13
0	15	15
0	16	22
0	17	12
0	18	7
0	19	37
0	20	13
0	21	32
0	22	21
0	23	11
0	24	24
0	25	14
0	26	16
0	27	8
0	28	9
0	29	18
0	30	9
0	31	18
0	32	27
0	33	21
0	34	8
0	35	10
1	2	13
1	3	11
1	4	6
1	5	7
1	6	4
1	7	7
1	8	15
1	9	2
1	10	10
1	11	2
1	12	7
1	13	12
1	14	12
1	15	6
1	16	7
1	17	1
1	18	4
1	19	19
1	20	2
1	21	7
1	22	8
1	23	8
1	24	13
1	25	4
1	26	12
1	27	5
1	28	5
1	29	5
1	30	8
1	31	6
1	32	7
1	33	7
1	34	4
1	35	3
2	3	3
2	4	11
2	5	1
2	6	8
2	7	7
2	8	10
2	9	3
2	10	4
2	11	3
2	12	5
2	13	4
2	14	10
2	15	5
2	16	10
2	17	5
2	18	3
2	19	9
2	20	8
2	21	6
2	22	7
2	23	6
2	24	6
2	25	6
2	26	3
2	27	5
2	28	1
2	29	9
2	30	3
2	31	2
2	32	12
2	33	10
2	34	9
2	35	3
3	4	15
3	5	4
3	6	4
3	7	3
3	8	5
3	9	4
3	10	6
3	11	8
3	12	4
3	13	11
3	14	13
3	15	10
3	16	13
3	17	2
3	18	3
3	19	11
3	20	5
3	21	9
3	22	8
3	23	6
3	24	3
3	25	4
3	26	2
3	27	3
3	28	6
3	29	2
3	30	5
3	31	5
3	32	6
3	33	8
3	34	7
4	5	9
4	6	9
4	7	4
4	8	6
4	9	10
4	10	11
4	11	10
4	12	7
4	13	10
4	14	15
4	15	9
4	16	10
4	17	4
4	18	4
4	19	16
4	20	14
4	21	9
4	22	8
4	23	15
4	24	12
4	25	5
4	26	9
4	27	3
4	28	9
4	29	9
4	30	4
4	31	7
4	32	13
4	33	11
4	34	7
4	35	7
5	6	4
5	7	6
5	8	3
5	9	10
5	10	4
5	11	4
5	12	7
5	13	9
5	14	3
5	15	6
5	16	4
5	17	3
5	18	6
5	19	10
5	20	2
5	21	6
5	22	7
5	23	3
5	24	4
5	25	4
5	26	2
5	27	8
5	28	3
5	29	7
5	30	5
5	31	8
5	32	3
5	33	10
5	34	6
5	35	2
6	7	6
6	8	6
6	9	5
6	10	8
6	11	1
6	12	3
6	13	5
6	14	5
6	15	4
6	16	4
6	17	8
6	18	3
6	19	10
6	20	7
6	21	7
6	22	7
6	23	6
6	24	6
6	25	7
6	26	7
6	27	5
6	28	6
6	29	8
6	30	4
6	31	2
6	32	4
6	33	3
6	34	2
6	35	6
7	8	6
7	9	2
7	10	5
7	11	3
7	12	4
7	13	9
7	14	12
7	15	2
7	16	6
7	17	2
7	19	6
7	20	6
7	21	8
7	22	6
7	23	5
7	24	10
7	25	7
7	26	5
7	27	4
7	28	3
7	29	5
7	30	1
7	31	6
7	32	6
7	33	4
7	34	2
7	35	6
8	9	1
8	10	12
8	12	3
8	13	10
8	14	5
8	15	4
8	16	11
8	17	7
8	18	4
8	19	11
8	20	6
8	21	10
8	22	7
8	23	3
8	24	8
8	25	3
8	26	7
8	27	2
8	28	3
8	29	7
8	30	1
8	31	7
8	32	8
8	33	4
8	34	3
8	35	3
9	10	6
9	11	2
9	12	6
9	13	2
9	14	7
9	15	6
9	16	8
9	17	4
9	18	6
9	19	3
9	20	5
9	21	10
9	22	5
9	23	1
9	24	5
9	25	3
9	26	6
9	27	6
9	28	3
9	29	2
9	31	4
9	32	5
9	33	3
9	34	7
9	35	6
10	11	4
10	12	9
10	13	11
10	14	15
10	15	7
10	16	10
10	17	6
10	18	4
10	19	12
10	20	6
10	21	7
10	22	10
10	23	5
10	24	16
10	25	6
10	26	6
10	27	4
10	28	6
10	29	4
10	30	5
10	31	3
10	32	10
10	33	6
10	34	13
11	12	3
11	13	6
11	14	3
11	15	4
11	16	1
11	17	4
11	18	2
11	19	7
11	20	1
11	21	9
11	22	7
11	23	6
11	24	7
11	25	6
11	26	2
11	27	6
11	28	7
11	29	3
11	30	1
11	31	1
11	32	6
11	33	7
11	34	4
11	35	1
12	13	4
12	14	15
12	15	2
12	16	9
12	17	5
12	18	1
12	19	10
12	20	3
12	21	11
12	22	10
12	23	7
12	24	5
12	25	2
12	26	1
12	27	2
12	28	13
12	29	3
12	30	3
12	31	2
12	32	17
12	33	5
12	34	5
12	35	4
13	14	14
13	15	3
13	16	5
13	17	7
13	18	5
13	19	12
13	20	6
13	21	13
13	22	11
13	23	6
13	24	12
13	25	4
13	26	4
13	27	3
13	28	5
13	29	3
13	30	1
13	31	5
13	32	13
13	33	10
13	34	3
13	35	5
14	15	4
14	16	15
14	17	6
14	18	5
14	19	22
14	20	11
14	21	6
14	22	5
14	23	8
14	24	10
14	25	15
14	26	5
14	27	6
14	28	5
14	29	9
14	30	8
14	31	18
14	32	7
14	33	8
14	34	6
14	35	8
15	16	10
15	17	8
15	18	3
15	19	11
15	20	4
15	21	10
15	22	2
15	23	5
15	24	12
15	25	14
15	26	7
15	27	10
15	28	5
15	29	6
15	30	5
15	31	4
15	32	9
15	33	7
15	34	8
15	35	3
16	17	5
16	18	3
16	19	14
16	20	10
16	21	10
16	22	10
16	23	10
16	24	9
16	25	12
16	26	6
16	27	7
16	28	5
16	29	13
16	30	14
16	31	8
16	32	13
16	33	7
16	34	8
16	35	7
17	18	7
17	19	7
17	20	2
17	21	6
17	22	5
17	23	4
17	24	9
17	25	2
17	26	7
17	27	4
17	28	3
17	29	3
17	30	3
17	31	4
17	32	5
17	33	5
17	34	7
17	35	5
18	19	6
18	20	2
18	21	8
18	22	3
18	23	1
18	24	4
18	25	3
18	26	1
18	27	4
18	28	3
18	29	3
18	30	3
18	31	2
18	32	8
18	33	2
18	34	1
18	35	2
19	20	8
19	21	24
19	22	11
19	23	8
19	24	15
19	25	14
19	26	5
19	27	6
19	28	6
19	29	5
19	30	8
19	31	12
19	32	11
19	33	10
19	34	7
19	35	11
20	21	10
20	22	7
20	23	2
20	24	6
20	25	2
20	26	12
20	27	6
20	28	3
20	29	3
20	30	8
20	31	7
20	32	8
20	33	4
20	34	7
20	35	3
21	22	10
21	23	8
21	24	16
21	25	9
21	26	5
21	27	3
21	28	7
21	29	6
21	30	5
21	31	5
21	32	17
21	33	5
21	34	6
21	35	4
22	23	10
22	24	7
22	25	6
22	26	4
22	27	6
22	28	3
22	29	7
22	30	7
22	31	5
22	32	6
22	33	8
22	34	10
23	24	15
23	25	5
23	26	7
23	27	11
23	28	7
23	29	6
23	30	4
23	31	8
23	32	13
23	33	10
23	34	17
24	25	5
24	26	8
24	27	6
24	28	10
24	29	4
24	30	11
24	31	8
24	32	12
24	33	4
24	34	9
24	35	6
25	26	5
25	27	10
25	28	5
25	29	6
25	30	2
25	31	6
25	32	9
25	33	5
25	34	5
25	35	7
26	27	1
26	28	6
26	29	4
26	30	5
26	31	4
26	32	9
26	33	2
26	34	5
26	35	1
27	28	8
27	29	10
27	30	4
27	31	10
27	32	5
27	33	2
27	34	9
27	35	2
28	29	5
28	30	1
28	31	4
28	32	7
28	33	7
28	34	6
28	35	2
29	30	4
29	31	6
29	32	8
29	33	10
29	34	4
29	35	4
30	31	8
30	32	6
30	33	4
30	34	4
30	35	9
31	32	16
31	33	8
31	34	6
31	35	2
32	33	15
32	34	5
32	35	3
33	34	4
33	35	1
34	35	4
