2 17 22 51 58 79 80 83 108 115 149 152 157 159 160 166 173 181 182 187 194 199 233 235 255 289 305 321 343 347 359 390 409 490 545 577 597 600 602 617 622 639 642 657 690 700 774 809 817 826 827 833 848 849 874 
22 23 28 38 61 72 131 139 140 144 148 181 188 201 206 210 237 239 246 248 261 281 282 299 300 308 319 323 332 340 363 379 384 385 397 404 414 420 434 436 454 456 459 460 474 478 489 493 505 512 554 555 566 574 575 581 584 590 603 608 620 632 639 647 652 658 660 685 687 689 690 699 716 733 736 745 771 773 775 782 802 810 812 823 829 863 869 892 898 
23 38 139 140 143 148 156 163 181 188 206 237 238 248 281 293 298 299 300 308 312 319 332 358 363 384 385 397 404 414 420 427 434 456 460 474 478 501 504 512 521 525 527 554 590 603 608 632 652 653 658 660 679 686 699 716 722 729 771 802 810 811 812 863 867 868 869 
35 60 63 79 102 117 137 162 165 166 185 225 243 254 258 259 271 292 302 355 361 432 447 558 568 570 580 585 616 634 638 654 661 672 674 676 687 688 715 719 750 780 785 806 831 834 860 882 893 896 
5 12 29 30 37 39 42 49 51 57 66 79 83 91 96 99 115 126 134 149 159 162 166 171 176 181 187 196 198 199 212 214 229 231 247 256 270 280 283 289 301 303 314 316 322 334 342 343 345 346 347 352 359 372 377 381 382 393 402 408 409 417 443 446 451 456 457 470 473 475 479 482 485 487 488 505 513 531 535 543 545 550 557 564 567 577 589 609 622 624 630 642 651 657 662 667 669 679 689 693 700 701 704 706 709 716 730 742 744 746 754 757 758 760 764 766 774 776 779 783 788 791 792 799 800 802 807 809 825 833 841 843 844 850 855 866 873 875 881 884 897 
14 16 25 34 35 48 52 60 63 75 79 80 81 98 101 102 103 106 109 114 117 118 122 135 141 165 166 175 183 185 207 209 212 213 222 225 230 234 243 247 249 254 258 259 260 262 282 286 292 302 305 310 316 319 346 354 359 360 367 370 379 386 388 395 396 411 413 416 417 425 429 431 432 434 435 440 444 457 472 473 475 486 489 497 501 507 517 525 526 527 529 534 539 542 544 556 558 559 564 565 570 571 580 585 586 588 594 607 611 612 616 617 618 628 631 637 638 639 643 650 653 654 661 663 670 672 676 679 680 697 700 708 710 715 718 719 727 732 737 740 750 761 763 773 776 780 784 785 786 791 793 794 795 806 818 819 827 831 834 849 851 858 860 871 873 876 879 882 887 890 891 893 898 899 900 
52 58 101 114 122 131 174 175 226 247 327 351 352 384 388 409 416 425 431 467 490 521 525 528 542 591 596 600 601 602 622 631 653 665 668 704 737 784 786 815 818 836 859 876 887 896 899 
11 21 24 25 48 55 61 65 75 81 84 85 89 98 102 109 119 120 121 135 139 141 153 154 156 170 191 196 198 202 209 215 229 230 238 242 256 258 262 266 278 286 292 295 299 302 309 320 327 331 335 337 340 341 345 353 354 360 370 374 379 382 387 400 403 411 422 430 435 437 449 456 461 464 472 483 486 492 493 494 501 512 516 517 518 527 529 537 539 544 545 565 570 583 588 590 594 604 610 612 617 627 628 633 637 653 670 673 674 676 680 684 701 703 719 724 729 739 743 746 750 751 760 761 763 775 776 786 788 791 794 802 806 817 819 823 827 831 833 834 840 844 845 851 860 864 867 871 875 876 882 890 893 900 
6 33 42 46 49 54 66 69 86 94 111 114 127 140 143 150 155 166 180 183 186 200 207 220 231 234 239 240 246 251 254 270 271 283 290 296 306 307 311 312 313 314 319 322 324 327 334 336 339 342 371 377 381 384 391 406 413 417 418 419 420 421 422 439 442 443 444 445 451 460 465 470 471 473 477 479 481 488 507 522 534 543 544 555 559 564 567 568 573 574 575 576 589 605 611 616 625 629 631 634 635 646 650 672 675 678 683 684 692 695 700 701 707 709 718 722 726 729 732 734 740 745 747 755 757 758 766 784 789 791 793 795 796 798 799 807 811 813 816 832 839 840 842 844 855 857 862 863 867 872 873 878 881 885 886 889 891 897 
61 65 91 100 119 125 141 189 196 216 229 245 256 258 277 304 316 326 331 335 343 345 361 364 368 375 383 387 408 433 437 448 475 487 491 502 507 512 513 541 547 548 552 578 582 587 617 618 640 662 664 682 720 724 743 778 790 801 802 804 823 840 841 847 860 864 875 882 890 893 898 
7 18 22 32 37 45 57 59 64 67 77 96 99 108 116 126 133 147 157 160 165 173 179 184 194 197 198 202 213 221 224 252 254 264 267 280 284 285 294 297 303 321 323 329 346 352 369 376 378 382 389 390 394 443 446 459 466 480 482 485 495 497 503 520 523 531 538 545 550 561 562 565 569 580 597 609 613 615 620 622 639 641 642 647 649 651 673 679 681 689 690 691 693 701 704 705 706 713 714 720 725 730 735 742 744 750 754 760 769 783 788 797 803 818 826 828 829 830 839 843 848 850 853 865 874 880 885 892 895 898 
15 20 26 29 58 61 68 77 78 82 91 92 96 110 112 116 123 125 136 137 138 142 159 168 174 175 178 193 201 207 208 222 226 229 236 246 250 256 261 265 270 293 298 304 306 311 318 320 335 336 351 380 384 389 393 399 409 412 425 431 434 443 445 460 461 462 467 468 477 480 484 485 491 494 496 499 516 519 521 528 531 535 536 541 566 580 581 591 593 594 598 601 602 608 620 622 630 631 647 650 654 655 661 665 669 671 681 686 690 696 702 729 731 733 734 740 766 768 782 784 786 791 796 799 800 801 815 825 830 838 842 847 859 867 868 880 888 896 
54 73 97 143 145 201 205 207 220 223 296 315 324 325 339 353 391 407 420 421 440 443 445 478 505 514 522 523 529 534 592 625 681 683 684 692 695 713 721 734 747 751 754 796 807 813 816 850 874 889 
24 34 59 61 65 71 75 89 91 113 118 119 141 142 147 154 179 182 192 196 202 203 208 209 215 216 221 222 227 229 230 235 242 278 284 285 291 295 297 298 326 331 334 335 338 345 349 351 370 381 387 395 400 405 411 415 431 435 437 456 457 461 475 476 480 483 503 518 529 537 538 544 547 550 564 569 588 611 613 617 628 633 641 643 644 647 657 666 674 684 685 691 692 698 701 708 711 718 719 724 738 743 746 761 770 791 793 794 802 803 813 817 819 820 823 830 839 840 844 845 851 862 864 875 888 891 900 
2 17 26 34 51 52 58 77 80 101 114 115 118 122 129 149 157 159 166 174 175 181 182 183 185 187 199 226 233 234 235 247 256 267 279 289 305 310 332 343 346 347 352 359 384 388 395 396 405 409 416 425 427 431 434 435 457 467 484 490 492 507 521 525 526 528 534 542 576 577 589 591 596 601 602 611 631 643 650 653 661 663 665 666 668 672 677 700 704 706 708 718 730 731 732 737 765 774 775 779 784 786 793 798 809 810 812 815 818 821 822 827 833 835 859 867 870 876 887 891 899 
2 23 28 31 33 38 40 46 61 64 69 72 111 127 131 139 140 142 143 144 148 154 156 166 177 188 200 201 206 207 208 210 237 239 247 248 250 251 265 270 281 293 294 299 300 307 308 311 313 319 327 332 336 340 348 354 358 363 375 378 384 385 397 399 404 414 418 420 422 423 427 434 436 439 442 454 456 459 460 465 474 478 481 493 501 504 505 512 525 534 544 554 555 566 574 575 576 581 584 590 603 605 620 629 632 639 652 654 658 660 689 699 703 726 729 733 736 745 755 771 775 782 787 796 800 810 811 812 829 832 863 867 869 891 892 
53 70 71 77 112 136 137 164 172 178 189 191 212 249 269 277 302 304 306 332 344 356 364 368 380 383 393 394 408 410 412 425 433 448 450 461 462 468 480 491 493 497 501 502 509 536 541 548 551 552 578 580 582 587 598 602 623 638 640 663 669 670 671 681 682 683 687 691 696 705 712 720 735 766 768 778 790 803 804 810 825 827 828 847 849 853 854 868 878 888 898 
19 39 46 65 67 72 76 81 84 88 90 92 95 100 105 113 123 130 132 133 146 160 163 168 170 171 190 195 197 199 211 212 217 218 219 224 227 233 235 238 244 249 257 260 262 269 282 294 305 319 322 328 330 344 350 355 356 365 367 370 373 381 386 390 392 396 401 404 411 420 429 442 449 452 455 460 465 469 490 495 508 509 511 517 518 520 523 524 531 533 545 555 556 559 560 561 589 592 595 599 603 604 605 614 617 621 638 642 644 649 656 659 663 668 670 679 681 687 690 692 694 697 709 710 716 721 723 729 733 735 736 739 741 751 753 756 759 762 772 781 792 801 803 809 814 817 823 824 826 833 836 846 848 849 851 861 862 867 868 870 872 881 883 895 898 
7 18 36 51 57 72 96 99 100 116 125 126 156 168 189 190 198 212 224 260 262 269 280 303 304 317 319 326 346 355 356 367 368 382 383 386 408 425 426 429 433 448 472 482 484 485 502 539 548 552 556 559 561 573 578 582 587 589 609 617 622 638 651 663 670 679 682 685 689 693 697 701 704 706 709 710 713 724 742 744 750 754 760 762 773 778 783 785 788 790 804 829 830 841 842 843 847 849 850 868 892 898 900 
46 65 69 81 111 172 191 214 247 254 270 271 293 303 311 313 336 362 375 384 396 403 406 418 420 423 426 428 440 442 445 460 465 506 519 525 534 555 572 576 589 591 613 617 619 626 627 629 675 710 729 739 742 745 755 784 789 811 832 842 863 867 870 892 
14 34 54 73 97 114 118 139 143 145 162 183 185 201 207 220 223 232 234 266 296 305 310 315 324 325 339 346 353 360 391 395 407 421 434 445 457 459 474 514 522 534 589 604 611 625 643 650 663 666 672 673 681 683 684 692 695 700 706 708 713 718 726 732 734 747 793 813 816 881 889 891 
12 17 32 36 52 71 75 80 83 101 109 122 124 129 141 152 186 209 235 255 279 282 317 338 358 370 388 405 411 416 430 442 445 472 480 484 486 490 492 502 505 525 526 534 536 544 553 567 580 596 600 617 628 646 653 666 671 674 677 719 729 730 737 750 755 770 775 780 798 805 806 809 819 820 821 835 841 842 844 887 899 900 
9 30 39 42 49 56 66 67 88 105 116 132 134 152 157 158 161 162 171 172 173 176 184 194 196 204 206 212 213 231 247 255 264 274 275 276 280 283 287 296 301 314 316 319 321 322 334 340 342 352 359 366 369 372 376 377 381 384 398 402 415 417 420 424 441 445 446 451 453 469 470 473 479 484 487 488 510 511 513 515 523 527 530 532 536 540 543 545 557 564 567 570 571 580 597 615 624 639 642 648 662 664 667 679 690 693 704 705 709 716 717 729 732 734 743 753 757 758 759 764 765 766 767 776 779 791 792 794 797 799 800 805 807 826 841 842 844 848 855 865 866 870 872 873 874 878 880 884 894 897 
21 27 31 37 43 58 61 65 76 89 92 95 105 119 121 127 130 139 151 154 162 163 171 174 177 178 195 196 200 210 215 216 218 224 226 228 229 232 233 236 239 242 244 251 256 266 276 278 302 307 309 327 328 331 333 335 338 341 344 350 351 353 354 357 363 365 373 379 384 387 390 392 401 413 422 425 431 433 436 437 445 446 452 455 458 464 475 481 488 493 507 508 509 512 524 528 531 533 537 542 546 547 559 573 574 575 579 583 591 595 599 600 601 602 604 605 606 610 614 617 621 631 633 644 656 657 664 665 667 673 694 701 706 721 722 724 726 731 733 738 741 743 749 751 752 765 767 770 772 775 779 783 784 786 788 793 800 802 812 814 815 824 832 845 846 852 859 861 862 864 875 881 883 888 
15 59 78 82 88 105 123 132 150 157 158 172 193 204 222 264 274 276 293 311 312 318 326 338 345 369 384 395 399 424 434 435 494 496 499 510 512 515 516 532 540 608 611 617 648 655 662 666 686 702 708 710 717 718 729 768 790 801 825 838 841 894 
14 15 21 22 29 31 34 38 60 64 79 93 106 110 114 117 118 132 135 144 148 158 162 171 183 185 192 201 204 214 222 232 234 241 245 246 258 271 274 283 291 292 294 310 316 320 323 346 360 361 363 369 381 384 385 395 402 413 423 424 431 432 435 438 446 447 454 457 458 459 474 495 500 501 502 504 507 510 515 526 540 564 568 571 584 586 589 607 611 618 619 624 625 626 640 643 648 650 656 663 672 676 688 700 704 706 708 716 717 718 720 726 727 732 733 769 784 787 788 793 798 806 812 825 829 831 834 858 860 867 868 877 879 881 882 890 891 892 893 894 896 898 
13 47 73 79 80 86 93 94 104 105 106 118 125 132 155 157 158 172 180 184 204 214 219 240 241 246 263 264 272 274 290 306 312 320 325 361 368 369 371 375 419 424 427 432 444 463 467 477 500 502 510 515 532 539 540 549 562 563 571 577 586 607 618 620 621 631 634 635 645 646 648 651 656 675 678 688 707 717 722 727 729 736 740 746 748 767 789 795 810 811 819 857 858 865 867 877 878 885 886 890 894 
32 54 97 106 127 140 143 145 147 150 202 205 207 220 284 296 315 321 324 326 334 339 377 391 407 420 421 440 445 450 460 474 478 514 522 523 569 613 625 629 641 658 681 683 684 691 692 695 698 713 721 734 745 747 807 813 816 839 874 889 
59 65 68 76 78 82 91 92 107 110 112 123 136 137 138 142 157 168 174 178 193 195 196 201 205 207 218 226 228 246 293 310 311 318 320 338 345 350 375 380 393 399 401 412 434 455 461 462 468 491 494 496 499 501 509 511 516 518 527 541 549 555 561 573 599 601 608 614 617 621 630 648 655 656 663 665 669 671 679 681 686 687 694 695 696 702 706 708 710 713 731 740 741 743 766 768 772 779 801 815 825 838 841 862 868 
7 19 21 22 31 33 37 62 64 65 72 88 90 95 100 121 127 131 133 139 144 146 150 154 160 166 172 174 177 197 200 205 210 228 232 239 246 251 266 294 309 323 327 328 333 341 346 353 354 355 357 360 365 371 373 385 390 392 394 404 411 413 420 422 425 436 454 457 459 474 475 481 486 488 495 504 512 514 518 520 522 523 524 525 531 533 544 549 561 567 570 573 574 575 579 583 584 590 595 602 605 606 610 620 623 640 644 649 651 659 673 681 684 687 704 705 713 717 722 726 731 733 735 751 756 762 765 769 770 775 787 803 812 814 817 824 826 827 829 843 846 850 851 852 853 857 861 864 867 876 881 892 895 900 
19 21 27 57 68 78 82 88 96 110 121 123 126 133 136 137 138 146 157 158 160 168 172 178 193 197 217 232 233 266 293 305 309 310 318 320 353 355 360 380 390 393 399 458 461 462 468 485 486 491 493 494 495 496 499 516 520 523 531 535 541 545 561 570 575 580 583 593 604 608 617 630 638 643 649 650 651 655 669 671 673 674 681 686 687 689 696 702 705 709 711 713 721 731 732 735 754 756 762 766 768 775 783 801 803 804 823 824 826 830 838 843 847 850 868 876 895 
4 29 51 68 74 78 82 87 96 109 110 112 116 123 136 137 138 157 159 178 192 193 201 203 236 251 255 291 293 295 304 306 318 320 335 337 349 380 387 389 393 399 400 412 431 434 435 461 462 468 480 485 491 494 496 499 501 516 521 527 529 535 541 544 549 567 577 591 593 608 630 643 650 655 657 665 669 671 679 681 686 696 702 709 711 731 733 758 768 794 801 806 825 830 838 844 845 847 868 875 888 
33 40 52 58 64 101 109 122 127 131 132 139 144 150 154 157 158 163 177 186 200 210 228 239 246 251 274 307 327 333 341 354 357 359 365 369 384 388 392 409 416 422 436 452 454 459 460 472 474 475 481 490 510 512 515 521 525 540 542 544 549 567 573 574 575 590 595 605 610 622 648 651 653 658 684 704 717 719 726 733 737 798 812 814 826 844 852 863 869 886 887 891 892 894 899 
26 62 76 100 105 107 130 132 162 195 204 218 224 244 276 277 302 305 322 350 363 375 396 401 408 442 455 507 508 509 511 517 555 559 573 589 592 599 614 621 656 659 682 694 701 706 733 738 741 767 772 862 883 886 
59 73 77 113 127 147 163 165 172 179 202 221 227 228 243 284 285 326 333 334 344 357 365 373 392 394 404 452 480 503 507 533 538 542 550 559 569 573 579 580 595 605 606 613 641 644 646 691 692 698 701 707 731 735 751 765 779 788 824 828 839 857 881 898 
24 59 61 65 78 82 89 119 123 136 156 193 196 201 212 215 216 229 242 260 262 268 278 293 297 298 311 318 319 338 343 345 355 356 363 367 386 399 409 415 429 437 439 456 460 472 475 476 483 494 499 502 516 518 521 537 539 547 556 593 608 633 638 655 663 666 670 674 679 685 686 691 697 701 702 710 711 738 743 746 758 768 770 785 801 802 807 820 823 838 840 841 842 849 852 862 864 868 869 875 
3 8 20 26 53 55 58 70 71 77 85 91 98 107 108 116 120 125 142 153 164 169 170 172 173 174 175 191 198 201 208 213 214 223 226 249 250 252 261 265 267 273 276 280 282 286 290 302 309 329 340 348 351 352 360 362 364 368 374 376 378 387 389 396 399 403 410 419 423 425 426 427 428 430 450 458 467 477 479 483 493 497 506 516 519 525 528 530 531 532 535 545 546 551 560 562 565 566 572 577 578 581 591 592 594 597 598 601 602 604 610 612 615 619 620 623 626 627 631 637 640 642 647 653 654 661 665 666 670 673 680 685 690 703 705 712 720 731 739 749 752 763 769 782 784 786 794 796 800 803 808 811 815 827 837 842 848 853 854 856 859 863 871 885 896 898 
47 73 80 83 86 94 102 104 110 118 125 128 155 165 175 179 180 219 225 240 243 246 255 259 263 265 272 290 304 306 312 325 371 375 406 412 425 427 444 463 467 471 477 532 539 541 543 549 558 562 563 568 577 580 585 600 616 620 621 631 634 635 645 646 651 656 675 678 683 707 715 722 736 740 746 748 759 767 780 786 789 795 796 798 811 819 857 859 878 883 886 894 897 
10 32 65 71 88 90 100 133 146 160 172 182 197 235 268 297 298 355 390 404 405 409 415 430 439 443 476 495 505 509 517 518 520 521 523 531 559 561 592 593 600 638 649 659 666 674 681 687 695 705 734 735 738 756 762 770 803 807 820 823 826 836 843 851 864 874 895 
1 8 13 21 26 32 33 34 35 38 41 44 50 58 60 63 66 68 73 76 77 80 84 93 100 102 103 106 111 113 117 121 125 128 147 151 162 165 166 167 170 175 179 183 185 189 190 195 202 211 214 217 219 221 225 226 227 232 238 241 243 244 245 251 253 257 259 266 269 271 273 276 277 285 288 291 294 297 302 304 309 320 326 329 330 332 334 336 343 346 351 353 354 360 361 368 375 379 383 394 401 408 425 432 433 438 440 447 448 449 455 458 459 464 466 467 469 486 487 489 492 498 500 502 503 507 508 511 517 528 535 538 548 550 552 558 562 563 568 569 570 571 578 580 582 583 585 586 587 589 591 592 593 599 601 602 604 607 611 613 618 621 623 629 631 634 636 639 640 641 644 645 650 651 656 661 662 663 665 668 672 673 675 679 682 685 688 691 692 694 698 701 708 715 718 720 721 723 725 726 727 728 729 731 732 733 735 736 741 750 753 759 764 767 773 777 778 780 781 785 786 788 790 793 804 815 817 822 828 832 833 836 839 847 851 854 858 859 862 867 870 872 876 877 878 879 883 890 891 893 896 898 
10 31 37 47 68 84 95 104 107 109 113 163 168 169 170 171 173 178 182 184 190 192 211 217 219 223 226 228 231 238 257 262 263 265 269 272 273 286 291 297 328 329 330 333 334 338 341 348 356 357 365 373 392 393 413 419 422 449 452 463 466 469 480 486 491 502 520 524 533 545 546 549 560 563 573 576 577 579 595 606 631 634 645 663 664 668 675 685 690 692 697 714 723 729 731 736 748 749 751 752 753 756 759 765 781 784 785 808 811 814 817 824 833 836 837 846 849 851 852 853 856 861 868 870 872 878 885 886 898 
13 26 41 44 50 56 66 77 79 103 117 151 152 161 167 172 176 247 253 275 287 288 366 375 379 394 398 404 440 441 453 464 489 498 511 527 530 535 536 549 555 563 571 591 593 603 621 623 624 636 639 645 664 667 679 725 728 735 736 743 746 748 759 764 771 773 776 777 779 785 795 797 805 822 828 848 865 866 870 874 879 880 884 886 896 
30 37 43 66 67 107 110 134 152 169 173 176 182 192 223 231 247 251 255 262 264 265 273 283 286 287 316 322 330 348 364 372 381 402 406 419 435 437 441 443 446 453 466 479 480 483 485 487 488 505 511 513 527 530 532 536 545 546 557 558 560 564 567 592 609 622 624 641 642 647 664 667 668 673 680 693 711 714 716 724 746 749 752 764 766 776 781 800 802 807 808 811 818 837 845 848 853 856 866 875 881 885 
