1 8 13 80 93 106 128 214 232 241 245 271 361 432 438 440 447 458 500 502 562 568 571 586 607 618 688 727 785 858 867 877 879 890 896 
2 17 51 79 80 115 149 157 159 166 181 182 187 199 233 256 289 305 343 347 359 409 490 577 700 774 809 833 
2 28 72 131 139 148 237 299 308 340 434 493 505 555 590 603 639 652 699 771 775 
2 17 41 44 50 62 77 92 103 151 167 233 253 264 288 379 394 404 464 489 498 511 593 623 636 639 644 679 721 725 728 773 777 785 822 828 896 
3 55 85 98 120 153 191 198 280 286 340 360 374 387 403 519 565 592 594 610 612 627 637 680 703 739 763 827 871 
4 74 87 203 236 255 295 337 349 387 400 431 435 480 657 711 830 844 845 888 
5 12 30 39 134 162 171 214 283 316 322 343 358 372 381 402 446 483 485 487 513 543 557 564 662 709 716 746 766 800 806 881 
6 42 49 66 83 198 231 255 314 319 322 334 342 377 413 417 443 451 458 470 473 479 488 504 543 567 592 616 701 709 757 758 766 791 799 807 844 855 873 897 
7 10 18 27 37 40 57 96 99 126 198 280 297 303 346 382 482 485 545 609 622 651 679 689 693 701 704 706 709 742 744 750 754 760 783 788 830 843 850 
8 20 91 142 208 250 261 265 282 427 483 519 531 566 581 594 620 647 654 690 782 796 800 
8 32 45 67 73 108 116 173 184 194 213 219 252 267 321 329 352 376 378 389 545 562 597 615 639 642 690 704 705 769 818 830 848 874 
9 56 152 161 176 204 236 247 275 280 287 301 322 340 366 398 441 453 511 523 527 536 570 624 664 667 764 767 776 779 792 797 841 865 866 880 884 
10 32 182 268 297 298 355 415 439 476 521 593 666 674 738 770 820 
10 84 87 113 170 190 211 217 219 238 257 269 291 330 449 469 486 634 663 668 685 690 692 723 729 753 759 781 817 836 851 870 872 
11 25 75 81 92 109 141 156 209 230 341 370 411 472 486 527 529 539 544 588 617 628 684 719 739 761 794 806 819 844 851 900 
12 17 27 36 71 80 83 124 129 186 235 255 279 282 317 338 358 405 430 443 484 490 492 505 526 542 553 596 600 666 677 730 750 775 798 805 821 835 841 842 
12 72 156 168 212 260 262 264 282 319 343 355 356 367 386 429 502 539 556 559 638 663 670 679 685 697 710 785 842 849 868 898 
14 34 114 118 183 185 192 222 232 234 291 305 310 346 360 395 434 447 457 505 507 559 589 611 631 643 650 663 666 672 700 706 708 718 732 769 793 881 891 
15 29 68 110 112 128 137 138 168 178 222 246 254 270 380 393 412 461 462 468 485 491 501 521 535 541 593 630 669 671 681 696 766 800 825 868 
15 19 40 88 90 100 133 146 160 168 172 197 270 355 390 404 495 518 520 523 531 561 617 649 659 681 687 705 735 756 762 803 826 851 895 
15 132 150 157 158 172 204 222 264 274 369 384 424 510 515 532 540 648 662 717 729 894 
16 18 48 79 87 117 135 258 292 302 396 431 475 501 580 594 661 676 700 806 831 834 860 876 882 893 
18 23 38 140 156 188 192 206 248 281 300 319 332 358 363 384 397 404 414 420 427 447 460 478 501 504 554 632 658 660 810 812 863 869 
21 27 121 139 232 266 309 320 353 360 458 486 493 570 583 604 673 721 731 775 876 
22 31 62 64 72 144 201 246 294 323 346 385 413 454 459 474 504 584 605 640 704 733 769 787 812 829 867 892 
24 59 61 65 89 91 119 196 215 216 229 242 256 278 291 297 331 335 345 387 437 456 460 475 483 518 537 547 617 633 685 701 724 743 746 802 823 840 864 875 
26 58 77 92 174 175 226 236 351 384 409 425 431 467 528 591 601 602 631 661 665 731 784 786 815 859 896 
32 54 91 97 143 145 150 201 205 207 220 296 315 324 325 339 391 407 420 421 440 445 514 522 523 545 625 681 683 684 692 695 713 721 734 747 813 816 889 
33 40 127 131 139 150 154 166 177 200 210 239 251 307 327 341 354 422 436 475 481 512 525 574 575 605 651 684 726 812 
35 60 63 102 165 166 225 243 254 259 271 558 568 570 580 585 616 634 661 715 750 780 
37 95 163 228 233 328 333 334 338 341 344 357 365 373 392 413 445 452 524 531 533 542 559 573 579 595 605 606 644 731 751 765 814 824 846 852 861 881 
37 73 83 86 94 128 155 180 240 246 256 290 306 311 312 325 371 375 406 427 444 471 477 532 543 568 616 631 634 635 646 675 678 707 722 740 789 795 811 857 
43 107 169 182 192 223 273 286 348 364 406 419 443 466 480 530 532 546 560 714 749 752 808 811 818 837 853 856 885 
46 69 111 162 247 254 270 271 286 311 313 320 336 375 406 418 420 440 442 445 460 465 534 555 576 589 629 675 729 745 755 811 832 842 863 867 
47 79 104 219 263 272 325 463 539 549 562 563 645 651 675 736 746 748 767 878 886 
52 101 122 131 247 388 409 416 490 521 525 542 653 737 818 876 887 899 
53 70 77 164 249 302 410 450 493 497 551 598 640 705 712 720 854 898 
59 73 147 179 202 204 221 227 284 285 326 334 480 503 538 550 569 580 613 641 644 691 692 698 839 898 
59 78 82 123 136 157 193 201 293 311 318 320 338 399 434 494 496 499 516 518 527 608 655 686 702 733 768 801 838 868 
62 76 100 105 130 162 195 218 224 244 276 302 305 350 375 396 401 455 508 509 511 517 555 589 592 599 614 621 656 694 706 733 741 767 772 862 883 
100 125 189 277 304 368 383 408 433 448 502 548 552 578 582 587 640 662 682 778 790 804 841 847 
172 214 362 396 423 426 428 506 519 525 572 619 626 739 863 
