7 25 37 49 53 54 56 62 65 78 83 84 91 97 106 116 121 134 139 143 145 152 153 160 164 172 183 184 190 191 194 198 202 212 219 220 228 236 242 244 246 248 250 254 255 256 264 268 270 274 281 287 288 298 299 304 306 307 315 318 323 324 325 329 335 337 338 341 342 343 347 349 352 359 361 364 366 368 372 377 381 384 389 390 392 402 404 405 409 413 416 422 436 440 441 447 449 453 454 459 464 465 466 472 473 477 478 483 485 497 498 499 
14 18 20 25 32 49 65 75 78 86 90 92 93 100 105 107 113 121 128 133 142 143 145 151 156 172 182 183 187 194 201 203 210 212 219 220 228 230 233 236 241 247 248 255 278 286 288 307 316 317 325 329 330 333 350 352 355 356 359 362 365 366 367 368 372 396 399 410 416 417 419 425 426 428 439 443 449 450 452 471 472 476 483 490 496 499 
23 55 60 61 70 79 89 95 96 98 102 106 111 115 117 121 135 136 141 155 161 182 193 204 206 213 215 223 229 240 248 263 296 307 311 322 328 329 330 334 344 346 355 361 372 383 387 390 394 399 402 411 425 435 437 443 447 473 474 481 490 496 499 
11 23 41 46 51 66 69 71 73 77 82 85 93 95 103 104 107 109 115 122 129 132 138 139 141 143 146 148 149 153 156 157 158 160 162 167 170 180 181 182 187 190 195 202 203 212 222 237 241 243 247 250 258 259 268 272 275 276 282 285 290 293 301 308 311 317 320 321 324 329 340 344 347 353 355 356 360 367 371 374 381 383 386 387 390 392 393 395 396 398 401 410 412 421 427 428 437 438 439 446 450 456 458 468 470 473 476 483 484 487 489 494 495 
3 6 7 13 20 21 29 30 31 32 36 37 39 41 42 43 44 46 49 51 57 63 65 69 73 74 75 77 81 83 89 93 94 95 99 101 107 109 113 114 117 120 121 123 130 132 133 134 135 137 138 140 142 143 144 145 146 148 149 152 153 156 158 159 163 165 167 168 169 174 175 177 181 182 183 186 188 189 192 193 195 198 200 201 203 204 205 215 216 217 219 222 225 226 229 233 234 235 237 238 241 243 244 246 249 250 251 252 253 256 257 258 259 260 262 264 266 268 269 271 272 273 275 279 280 281 282 283 285 286 287 288 289 290 292 295 300 306 307 308 309 311 312 317 318 320 322 326 328 329 330 331 336 340 342 343 344 349 354 358 359 361 362 368 370 371 374 376 377 380 384 385 387 390 392 394 395 396 398 401 402 404 406 407 409 410 411 412 418 419 420 424 426 428 429 431 432 433 435 436 438 439 440 443 444 445 449 450 452 455 456 460 462 463 464 465 468 469 470 471 472 476 477 478 482 486 490 495 496 499 
9 16 26 29 31 33 38 47 48 49 56 62 68 77 84 88 89 91 94 110 115 116 120 126 130 131 132 135 137 138 139 140 147 150 156 163 165 177 179 184 187 188 190 191 192 193 196 199 202 209 220 223 226 230 231 239 241 245 250 251 252 254 257 260 262 267 270 274 276 280 282 287 291 293 306 310 314 315 321 322 324 326 330 333 334 335 337 338 340 342 354 356 362 364 365 367 368 369 376 377 381 384 385 387 388 392 399 401 404 409 410 413 416 422 427 429 431 433 435 441 444 445 448 450 451 453 456 457 458 459 460 465 474 475 479 480 485 487 488 490 492 497 498 500 
21 23 46 48 54 62 77 110 127 129 131 135 137 147 152 158 165 168 179 180 182 190 202 209 223 254 281 282 287 291 299 304 306 307 308 319 321 322 335 347 351 359 366 371 377 382 384 399 401 402 404 405 416 422 426 433 445 450 453 459 474 479 483 487 490 494 498 
4 5 8 9 11 13 16 17 19 20 24 25 26 30 32 35 36 37 40 43 47 48 49 50 51 57 65 66 68 72 75 76 77 78 79 80 81 84 85 86 87 88 89 92 94 97 104 108 109 110 112 113 116 119 120 121 122 124 129 130 132 133 142 144 145 146 148 150 151 153 156 157 159 160 167 172 173 176 177 180 190 191 192 194 196 197 200 201 203 205 211 212 218 220 226 231 232 233 234 237 238 239 244 248 250 252 253 257 258 259 261 262 265 267 268 269 271 274 275 276 280 281 284 285 286 288 289 290 293 299 300 301 302 303 305 306 312 314 317 318 324 325 326 327 329 330 332 333 335 336 339 341 342 345 347 348 350 351 352 354 358 359 360 361 362 364 366 369 370 372 374 376 378 379 381 382 385 386 387 388 389 392 393 394 395 397 399 400 401 402 404 408 409 410 413 414 415 416 419 420 421 422 426 427 433 434 436 439 442 443 447 448 449 450 452 454 455 456 457 458 460 461 462 463 464 465 466 467 470 472 473 475 476 479 484 487 488 489 490 492 493 494 495 496 497 498 499 500 
3 4 5 9 10 13 19 22 23 24 28 29 32 34 35 37 48 50 51 52 53 60 61 62 64 67 68 69 71 72 75 76 77 78 79 83 84 85 89 94 95 104 108 110 111 112 113 115 118 120 128 129 130 132 133 135 137 141 142 145 149 158 161 162 164 165 167 168 172 173 176 177 178 180 181 182 184 185 187 191 192 194 195 197 201 210 213 214 215 217 218 220 228 229 231 232 235 236 238 241 242 243 244 247 248 251 252 254 255 256 257 258 259 262 264 265 269 270 271 272 274 277 279 280 281 282 284 286 287 290 293 295 296 298 299 302 303 306 311 317 318 320 321 322 323 325 326 330 331 334 335 336 339 341 344 345 346 347 348 351 354 357 359 362 364 366 367 368 373 375 376 377 378 379 385 388 389 390 391 392 393 394 397 402 403 404 407 411 412 414 415 418 419 422 423 424 425 426 428 430 432 433 434 438 439 442 443 445 446 448 450 452 453 454 456 458 460 461 462 466 467 469 470 472 475 476 479 482 485 486 488 489 490 493 494 496 497 498 
11 16 22 46 47 50 53 60 64 66 67 70 71 80 81 82 98 102 111 121 122 139 153 157 159 164 167 170 175 182 184 185 192 193 194 198 206 207 213 218 220 227 228 229 230 242 246 255 256 271 276 277 285 293 296 297 298 299 302 307 319 320 324 325 329 330 338 339 346 347 349 351 353 356 360 362 363 364 368 374 386 388 391 392 393 400 403 408 409 410 411 413 421 422 423 427 430 431 436 440 442 443 447 453 454 455 458 464 469 473 477 478 481 484 485 488 491 494 497 498 
9 12 14 16 29 34 37 39 40 42 43 44 45 49 56 57 63 68 79 84 94 95 97 99 101 110 114 122 123 126 131 134 137 139 140 156 163 186 189 190 191 192 197 198 202 216 226 231 232 235 241 244 245 248 249 254 255 265 266 269 271 273 279 280 281 283 284 286 287 290 292 303 306 309 310 315 318 322 324 328 330 331 335 336 339 340 342 345 349 353 356 362 370 377 378 379 380 381 382 384 390 392 397 400 402 404 406 413 414 415 418 419 422 426 428 429 433 434 440 441 445 450 452 453 454 459 462 465 466 469 476 477 478 486 487 491 493 
11 18 19 22 39 42 44 48 58 63 64 66 67 68 71 80 82 104 106 115 118 122 123 125 126 134 140 156 157 160 162 168 170 174 175 178 185 196 207 213 216 221 225 226 227 236 237 245 250 266 269 271 273 275 276 277 278 283 292 293 294 295 297 301 302 316 319 320 324 336 338 340 346 353 356 362 363 365 368 373 374 380 381 386 387 388 390 391 393 400 402 403 406 408 410 415 417 421 425 427 430 436 437 440 442 446 458 466 470 471 473 480 481 484 490 491 494 495 
5 12 17 19 21 23 29 30 35 36 41 42 43 44 45 51 55 58 59 62 63 64 65 69 72 73 77 78 82 83 87 88 95 96 102 103 106 107 108 109 115 118 123 124 133 135 136 142 144 146 151 154 158 161 162 167 168 169 175 178 180 181 189 197 198 199 203 204 205 207 208 211 212 216 221 222 224 225 227 233 234 235 236 237 240 243 248 253 263 265 266 268 269 271 272 273 275 277 283 284 289 290 292 294 297 301 303 305 307 308 309 311 312 316 317 319 320 327 328 329 332 334 336 342 344 345 346 347 348 353 355 356 361 363 368 371 373 374 377 378 380 381 382 383 388 389 390 391 393 394 395 396 397 398 400 402 403 406 407 409 410 415 418 420 424 428 430 434 435 437 439 440 442 444 446 447 451 452 455 462 463 466 467 468 469 471 474 476 477 480 481 489 491 493 494 495 
1 9 10 11 13 16 18 20 21 22 25 26 27 28 29 32 33 37 39 41 42 44 46 47 48 50 52 53 54 55 56 58 59 62 63 64 65 67 68 73 75 78 84 85 88 91 92 93 94 96 97 98 103 109 110 112 113 116 117 118 121 123 126 127 129 131 135 136 137 139 140 141 142 145 147 148 150 154 156 158 159 161 162 163 164 165 166 167 168 169 170 171 172 173 174 175 176 178 179 180 181 184 185 187 188 190 191 192 194 196 198 199 201 202 204 205 206 207 208 209 210 212 214 216 217 218 219 220 221 222 223 224 226 227 228 230 231 236 239 240 242 243 244 245 251 254 255 256 258 259 263 266 267 268 270 272 273 277 280 281 282 283 285 286 287 288 290 291 292 294 297 298 299 302 304 306 307 310 311 313 314 315 317 319 320 321 322 323 325 328 329 330 332 333 334 335 337 338 339 340 342 344 346 347 351 352 353 355 356 359 362 363 364 365 366 367 369 370 371 372 373 376 378 379 380 381 382 384 387 388 390 391 392 393 394 395 396 397 398 399 400 401 402 403 404 405 406 409 412 413 417 418 419 422 424 425 426 428 430 431 432 433 435 437 438 439 440 441 442 444 446 447 448 449 450 451 452 453 454 457 458 459 460 461 462 465 466 470 471 474 475 476 477 479 480 481 482 483 485 487 488 491 492 493 494 496 497 498 499 500 
15 16 17 18 40 60 61 65 79 86 90 92 97 98 100 102 104 105 107 109 111 115 116 128 133 141 155 158 159 162 171 172 183 187 192 193 199 205 206 210 213 215 218 219 229 232 233 235 238 240 241 244 247 248 261 267 270 278 284 296 303 306 309 313 314 316 318 321 322 323 325 329 337 342 345 348 350 359 360 366 367 370 372 375 377 389 390 399 417 429 434 443 444 445 449 451 458 462 467 476 477 480 483 486 489 493 496 497 499 
15 17 18 19 24 28 31 52 57 74 79 86 90 91 92 93 94 97 100 104 105 106 107 115 116 117 125 128 130 141 158 168 170 171 178 183 185 187 188 204 213 214 215 217 229 232 237 245 247 248 251 260 263 264 267 269 270 271 278 287 288 289 293 294 295 296 313 316 331 333 336 337 338 340 342 345 348 350 352 357 365 367 375 381 390 400 407 411 415 416 417 423 424 431 432 434 437 438 441 443 444 450 451 454 463 465 466 469 471 479 480 482 488 491 
7 16 24 28 36 38 39 42 44 49 58 63 66 73 74 81 82 83 91 94 100 104 105 109 114 117 122 123 125 133 143 144 152 153 154 158 160 164 167 170 171 173 174 175 183 188 192 194 198 199 202 205 208 210 214 216 217 221 224 228 229 237 238 245 246 250 251 256 260 264 266 267 268 269 270 271 273 274 276 283 289 292 293 295 302 304 313 314 315 318 321 324 331 332 333 337 338 342 343 349 354 356 357 358 359 361 363 365 367 368 370 375 380 384 386 391 402 406 407 408 409 410 413 416 418 419 423 424 427 431 432 436 438 440 441 444 447 451 456 458 462 463 464 465 469 471 472 477 479 480 482 483 484 485 488 490 491 496 499 
6 8 16 23 27 29 33 38 49 50 51 55 56 59 60 61 70 73 76 85 88 91 93 96 98 102 104 106 107 112 116 117 118 123 126 129 132 134 135 136 139 140 147 148 149 154 155 158 161 163 165 166 168 169 171 176 179 182 183 192 193 195 196 199 200 204 206 208 209 212 213 218 221 222 223 224 229 240 241 243 245 250 258 259 263 268 270 274 282 288 291 296 302 304 310 311 315 317 320 321 322 323 325 328 332 333 334 337 338 339 340 347 353 355 360 364 365 368 377 378 379 381 383 387 388 391 395 396 398 399 401 411 412 413 416 424 428 435 437 443 444 447 449 454 456 465 468 470 471 472 473 474 475 476 479 480 481 487 488 490 491 492 496 
2 3 4 5 6 7 8 9 10 11 12 14 15 16 17 18 20 21 24 25 26 28 29 30 31 33 34 35 36 37 39 40 42 43 44 45 46 47 50 52 53 54 56 57 58 60 61 62 63 64 65 66 67 68 69 70 71 74 76 77 79 80 81 82 83 84 85 86 87 88 89 90 91 93 95 97 100 102 104 105 106 107 108 109 110 111 112 115 116 117 118 119 121 122 124 127 128 129 130 131 133 134 135 137 138 139 141 143 144 146 148 149 150 151 152 153 155 157 159 160 161 163 164 165 167 168 170 172 173 174 175 178 180 181 182 183 184 185 187 190 191 192 193 194 195 197 199 200 202 203 206 207 208 210 211 212 213 214 215 216 217 218 219 220 225 226 227 228 229 231 233 234 236 237 238 239 241 242 243 244 245 246 247 248 250 251 253 254 256 258 260 261 264 265 266 267 268 269 270 272 273 274 275 276 277 278 280 281 282 283 284 285 287 288 289 290 292 293 294 295 296 297 298 299 300 301 302 304 305 306 307 308 312 313 314 315 316 317 318 319 320 321 322 323 324 325 327 329 331 332 333 334 335 336 337 338 339 340 341 342 343 344 346 347 348 349 350 351 352 353 354 355 357 358 359 360 361 362 363 364 365 366 367 368 369 370 371 372 373 374 375 376 377 378 379 380 381 382 384 386 387 388 389 390 392 393 395 397 398 400 401 403 404 405 407 408 409 410 411 412 413 414 416 417 420 421 422 423 424 425 427 428 429 430 431 432 433 434 435 436 438 439 440 441 442 443 444 445 446 447 448 449 450 451 452 453 454 455 456 457 458 459 461 462 463 464 465 466 467 468 469 471 472 473 475 476 477 480 482 483 485 487 488 489 490 491 492 493 494 495 496 497 498 499 500 
17 23 29 40 43 49 55 59 97 99 101 114 128 131 134 156 157 158 160 162 178 183 186 188 189 190 192 198 203 204 205 210 217 227 235 238 240 245 247 249 251 256 266 278 279 285 290 295 298 303 309 310 324 328 332 334 344 348 350 352 353 355 356 363 366 374 384 386 389 391 393 408 417 418 421 424 427 428 429 430 435 437 446 447 456 458 460 469 474 476 478 481 482 484 486 492 494 
21 23 26 27 31 46 47 49 54 62 68 78 84 87 88 103 118 124 127 150 168 182 184 188 190 202 226 239 244 284 293 295 301 307 308 314 319 322 335 351 354 359 366 369 371 384 396 401 402 405 407 409 413 415 416 432 448 457 461 468 469 472 477 479 482 483 490 492 497 498 500 
3 11 12 14 20 24 25 28 30 31 34 43 45 48 49 52 53 58 64 65 66 69 70 71 74 76 80 82 83 85 86 89 103 106 109 112 117 120 121 122 123 125 130 132 133 134 138 141 149 151 154 157 159 160 162 164 170 172 173 175 176 177 178 184 185 187 188 195 198 200 203 207 208 211 212 214 217 218 219 220 221 224 225 227 228 229 231 233 236 238 241 242 248 251 252 255 257 258 259 260 261 262 264 267 270 271 276 277 282 285 288 290 292 294 295 298 302 305 307 317 320 323 324 325 326 327 329 331 332 333 337 340 341 342 346 352 353 354 356 357 358 360 361 363 364 366 367 368 370 372 373 374 375 377 379 382 385 386 388 391 393 399 400 401 403 404 405 407 408 412 416 418 419 421 423 424 425 427 430 431 432 433 438 439 440 442 443 444 446 447 451 453 454 456 458 459 460 461 463 469 470 472 473 475 476 477 480 481 482 483 484 485 486 488 490 491 492 494 495 496 497 498 
