9 24 25 43 47 73 75 79 125 143 181 188 208 210 262 288 291 320 345 370 409 426 508 515 533 558 561 569 591 634 649 650 658 676 
19 53 88 89 121 145 150 159 189 258 260 294 306 318 353 386 390 395 405 496 499 579 
17 18 41 50 56 70 72 83 101 111 133 155 170 183 195 213 218 226 238 240 241 242 265 278 314 319 323 340 350 383 399 406 429 433 441 481 487 504 518 540 556 584 591 601 602 610 616 626 639 690 694 696 
4 12 25 40 42 52 57 68 74 80 81 89 119 124 171 180 185 221 237 241 255 256 263 271 276 282 297 302 330 338 352 361 372 375 379 385 394 403 405 424 438 457 459 463 480 493 505 549 579 599 606 616 630 635 640 648 650 659 671 699 
75 84 87 113 151 164 187 197 199 208 217 294 305 325 327 420 490 515 535 542 545 547 626 676 
7 13 16 30 59 62 68 87 116 118 149 168 185 188 193 244 296 297 326 336 338 352 361 365 366 375 379 407 408 411 434 440 453 454 476 483 491 493 514 524 534 538 549 570 599 643 648 650 654 671 686 
46 65 116 131 141 152 178 239 241 244 263 274 285 288 292 378 381 397 400 452 456 459 475 477 483 488 495 497 518 525 528 544 554 562 594 597 626 676 
10 26 33 35 39 59 69 72 75 90 97 98 109 114 132 145 155 158 159 166 172 189 190 193 202 206 210 220 225 244 273 304 309 313 320 329 335 340 342 346 349 358 359 363 370 380 387 391 397 402 409 412 419 425 451 478 509 511 515 522 523 529 561 563 566 568 569 574 586 592 593 594 608 634 636 637 642 648 663 671 672 676 680 684 
10 14 20 23 30 39 45 75 83 90 93 118 122 135 144 146 158 160 172 206 207 208 218 225 230 231 239 262 263 273 296 312 316 333 335 342 346 355 364 380 391 397 402 412 437 447 479 488 499 501 508 511 521 526 529 544 553 563 566 568 576 585 618 641 657 660 672 679 680 685 
60 96 126 136 175 177 179 184 240 246 309 317 369 424 427 428 453 463 480 493 510 574 598 600 632 654 659 681 
6 37 108 115 120 154 176 192 207 216 240 251 292 293 298 321 364 376 381 408 448 454 466 479 506 530 534 543 571 578 585 616 649 663 664 676 686 687 698 
2 21 25 26 36 37 38 51 54 60 63 71 78 85 99 104 108 110 115 120 138 140 148 153 154 156 166 170 176 177 192 201 207 215 216 240 247 257 268 275 281 285 293 295 298 304 305 306 316 321 334 337 344 345 351 352 353 364 376 377 381 383 392 408 428 445 446 448 449 454 466 471 473 484 506 513 530 543 545 546 553 556 571 581 585 590 592 599 616 617 620 623 636 646 658 660 663 664 676 686 687 696 
11 103 105 109 131 140 141 148 154 165 170 182 193 198 213 220 224 270 273 279 290 301 317 318 349 358 361 368 403 409 439 443 454 478 495 509 511 515 516 523 535 541 577 608 622 629 630 637 653 663 672 
8 19 46 47 55 67 68 69 88 92 94 95 97 98 103 105 121 136 137 138 139 150 158 166 170 182 184 185 190 202 203 212 214 220 221 228 234 235 237 251 258 260 268 294 297 301 306 308 311 312 328 337 338 339 351 352 359 375 382 390 394 398 399 410 411 415 425 429 436 439 445 457 473 483 485 487 499 509 510 536 541 555 559 567 574 577 579 586 590 605 620 622 630 631 632 642 646 667 668 670 671 672 675 687 692 699 
6 36 37 64 108 115 120 130 154 155 176 192 207 216 240 251 281 292 293 298 321 364 376 381 408 444 448 454 466 468 499 500 506 530 542 543 567 571 572 574 578 585 593 595 596 616 631 636 637 649 652 658 663 664 674 676 686 687 688 698 
5 24 54 55 57 69 82 112 116 118 124 137 142 158 221 228 234 243 256 271 314 328 330 359 372 378 379 385 394 405 424 428 436 457 505 536 542 545 559 574 579 603 606 622 625 630 631 635 646 648 649 664 667 692 699 
6 23 64 65 72 93 98 100 109 114 116 122 131 132 137 139 141 144 152 160 178 190 193 204 213 218 220 230 231 239 241 244 260 263 269 273 274 285 288 292 312 313 316 322 328 329 332 333 342 343 349 355 358 361 370 378 381 386 387 389 397 400 436 437 447 451 452 456 459 475 477 478 479 483 488 494 495 497 499 501 503 511 517 520 521 522 523 525 526 528 529 531 539 544 554 561 562 563 564 568 576 580 585 586 592 593 594 597 608 626 640 641 642 644 657 661 672 676 679 680 684 685 695 
1 3 18 62 91 130 142 147 154 163 167 174 177 184 193 198 200 209 229 233 236 245 248 254 264 289 301 310 311 345 347 352 357 370 371 383 384 390 401 408 414 422 430 435 458 460 462 482 485 492 502 504 516 550 572 582 593 600 607 613 619 621 628 661 669 678 680 688 695 
18 26 27 35 36 37 44 46 55 64 66 67 87 89 91 92 94 95 98 99 103 115 129 130 132 137 139 140 141 142 145 147 148 154 155 163 165 167 174 177 182 184 198 202 203 209 212 220 221 224 229 233 236 239 245 246 248 251 253 254 261 264 265 270 275 277 279 281 289 290 292 293 294 301 304 305 308 309 310 311 317 318 322 328 329 332 339 343 347 349 352 354 357 358 359 361 368 370 371 382 383 384 387 389 399 401 406 409 410 411 414 415 422 425 426 429 430 435 436 439 443 444 451 454 458 460 462 464 468 470 472 478 482 483 485 487 492 494 496 499 500 502 504 509 510 511 513 515 516 517 520 522 523 531 535 539 540 541 542 550 555 556 560 561 567 572 574 577 578 582 586 588 589 593 595 596 603 604 605 607 608 609 612 613 617 619 621 622 627 628 630 636 637 644 652 653 658 661 663 668 669 670 671 674 675 678 680 688 690 695 698 
7 17 32 47 49 55 101 105 115 133 136 144 145 166 195 218 223 238 260 272 285 296 314 340 360 364 378 390 395 401 402 406 411 417 429 464 481 494 498 504 513 518 533 540 557 560 572 573 575 584 591 601 602 624 626 655 677 681 688 690 694 695 696 697 
1 24 32 49 56 70 101 104 111 133 140 144 145 148 149 163 166 195 215 223 242 255 259 260 267 273 278 280 285 286 299 300 314 336 344 360 378 398 399 417 420 423 429 450 464 481 489 498 519 527 557 560 563 572 573 575 578 587 603 614 616 618 624 629 639 651 655 660 665 677 681 690 695 696 697 
7 32 49 101 104 111 115 133 144 145 148 163 166 223 255 259 260 280 285 286 299 300 314 360 378 395 398 401 406 417 420 423 429 450 464 481 487 489 498 504 519 527 557 560 572 573 575 578 587 614 618 624 651 655 660 665 677 681 690 695 697 
12 15 60 67 69 73 77 81 83 119 129 131 134 138 139 158 162 166 173 174 190 196 200 214 217 226 228 232 235 237 244 250 259 261 272 275 293 307 311 318 331 334 359 374 381 398 404 436 463 472 486 490 492 496 504 507 517 535 546 560 588 622 642 646 651 683 691 693 
26 34 36 71 99 100 107 120 123 138 144 148 153 156 165 194 211 215 222 234 257 267 268 283 316 321 337 341 345 348 351 353 359 383 385 428 445 446 449 473 489 498 511 525 545 558 581 590 592 594 620 629 651 658 660 676 
12 28 31 40 42 44 48 57 58 62 86 89 98 119 124 141 146 149 191 193 200 227 235 251 252 254 256 257 263 271 272 284 291 293 296 315 320 321 330 337 343 344 362 365 366 372 377 379 385 388 393 396 403 405 407 418 424 428 431 432 440 444 445 446 449 454 457 459 461 467 471 476 498 503 505 512 516 522 524 526 534 536 538 545 547 548 549 551 562 565 570 579 586 587 596 606 609 616 623 625 629 630 633 635 639 645 647 648 656 662 675 682 700 
3 6 11 17 22 26 28 29 32 35 36 44 46 47 48 51 53 55 56 58 60 61 63 64 66 67 68 69 70 73 76 77 81 83 86 89 91 96 97 98 99 101 102 103 104 105 106 111 117 119 120 121 126 127 128 129 131 132 133 134 137 139 140 142 144 146 147 148 150 154 157 159 161 163 165 166 167 169 170 174 175 177 178 179 182 184 186 189 190 191 195 198 200 201 202 204 205 209 213 214 215 217 219 221 223 224 226 228 229 233 234 235 236 240 242 244 245 246 247 248 249 250 253 254 255 257 258 259 260 261 264 265 266 269 270 272 275 277 278 279 285 287 288 289 290 291 293 295 297 301 303 304 305 309 310 311 312 313 316 317 322 324 328 329 332 334 335 336 338 343 344 347 348 349 352 353 354 356 357 359 360 361 362 363 367 368 369 370 371 373 374 375 377 378 379 381 383 384 386 388 389 390 392 393 395 396 398 399 401 402 403 405 406 408 409 413 414 415 416 417 418 419 421 422 424 425 426 427 428 430 431 432 435 436 439 441 442 443 445 451 453 455 458 460 462 463 464 465 469 470 471 472 473 474 481 482 484 485 487 490 492 493 494 502 504 507 509 510 512 515 516 517 518 520 522 524 526 531 532 533 535 536 537 539 540 541 545 546 547 550 551 552 553 554 556 557 558 560 561 564 565 569 573 574 575 577 578 579 580 581 582 583 586 587 588 589 593 595 596 598 599 600 603 604 605 607 609 610 611 612 613 615 616 617 619 621 622 623 624 627 628 629 632 633 637 638 639 642 644 645 646 647 650 653 654 655 656 659 661 662 666 669 670 672 673 674 675 677 678 681 683 684 688 689 690 691 693 695 696 697 698 700 
31 40 42 57 62 99 124 140 141 189 204 226 227 251 252 256 263 269 271 284 312 315 321 322 328 330 332 343 354 372 379 385 389 393 396 418 441 444 457 459 461 467 494 496 498 503 505 516 520 526 531 545 547 548 553 562 564 579 587 596 606 616 617 623 625 635 644 648 661 670 672 682 
38 44 64 78 85 87 99 110 121 165 204 205 239 258 260 265 269 305 306 312 317 322 328 332 343 354 389 395 399 405 441 459 488 494 496 503 513 520 522 531 539 546 554 564 586 644 661 672 678 
44 64 99 165 189 204 260 265 269 305 312 317 322 328 332 343 354 361 389 399 441 459 488 494 496 503 513 520 522 531 539 554 564 586 644 661 672 678 
49 54 61 67 73 76 77 83 97 109 114 119 129 131 134 145 159 189 200 205 217 226 237 250 259 261 266 272 304 311 313 324 341 348 349 358 374 381 387 388 396 419 426 441 451 463 465 472 478 492 507 511 517 522 523 536 546 552 554 558 560 561 588 592 593 608 633 646 683 684 689 691 693 
1 32 44 47 91 104 111 115 142 145 147 148 154 163 166 167 174 177 193 209 223 229 233 236 245 248 254 264 269 280 285 286 289 293 299 300 301 310 311 345 352 357 360 370 378 383 389 390 398 401 408 414 417 420 423 429 435 450 458 460 462 482 489 492 496 498 502 512 519 527 550 557 560 564 572 573 575 582 586 593 613 614 618 619 621 622 624 644 655 661 665 677 678 680 681 688 695 697 
30 59 81 105 106 117 187 217 219 238 287 313 329 340 363 388 402 464 469 473 474 486 490 526 532 533 540 551 565 580 584 598 601 602 609 615 638 655 673 683 694 
7 32 47 49 55 75 104 105 136 181 183 195 208 210 218 223 225 238 260 272 285 296 314 319 323 340 350 360 364 390 395 402 406 411 417 420 429 433 464 490 498 513 515 533 540 555 557 560 572 573 575 584 591 601 602 614 624 626 655 676 677 681 688 690 694 695 697 
2 6 21 25 26 27 36 38 46 54 55 56 64 69 70 71 72 78 83 85 89 98 99 101 104 105 109 110 114 130 132 133 137 138 139 140 145 146 148 153 156 158 159 160 166 170 189 190 193 195 202 214 215 220 221 226 228 235 237 242 244 247 253 255 257 265 268 273 277 278 281 292 304 309 312 313 316 321 329 334 336 337 345 349 351 353 355 358 359 370 371 383 387 398 401 409 418 425 428 430 436 437 445 446 447 449 451 468 470 473 478 481 485 500 509 511 515 522 523 536 544 545 553 561 574 578 581 583 586 589 590 592 593 594 595 604 605 607 608 609 610 612 616 617 620 622 623 627 628 629 636 637 639 642 646 648 652 658 660 663 669 674 678 681 684 688 690 695 696 698 
72 102 119 126 127 128 157 161 201 234 249 259 265 303 304 356 392 396 416 418 421 442 473 481 537 540 553 556 583 596 599 611 619 647 650 652 666 670 683 689 
51 56 63 67 72 73 76 77 83 102 119 126 127 128 129 131 134 140 157 161 166 174 195 200 201 205 215 217 226 234 235 242 247 249 250 257 259 261 265 278 285 293 295 303 304 311 313 324 334 344 348 352 356 374 377 381 388 392 396 399 416 418 419 421 442 463 465 471 472 481 484 492 507 517 537 546 552 554 556 560 583 588 596 599 603 610 611 617 646 647 650 666 682 683 689 691 693 696 
18 29 169 186 223 288 316 353 367 373 377 383 413 455 504 579 581 598 603 610 654 689 
28 30 48 58 59 81 86 93 98 106 109 114 117 132 163 191 193 217 219 220 273 287 313 329 349 358 359 362 363 370 386 388 402 403 431 432 451 464 469 471 473 474 478 490 505 509 512 515 522 523 526 532 533 536 551 561 565 580 586 587 598 608 609 615 629 633 636 637 638 639 645 655 656 662 673 683 684 700 
1 4 5 7 9 12 13 16 24 25 30 43 47 52 55 59 68 73 74 75 79 80 81 82 87 111 112 116 118 125 142 143 149 168 171 180 181 185 188 193 208 210 221 234 237 241 243 244 255 262 276 282 288 291 296 297 302 314 320 326 328 336 338 345 352 361 365 366 370 375 378 379 394 405 407 408 409 411 424 426 432 434 438 440 453 454 456 463 476 480 483 491 493 508 514 515 524 533 534 538 542 549 558 559 561 569 570 591 599 631 634 640 643 648 649 650 654 658 666 667 671 676 699 
