#module 0 size: 83 bs: 0.00214412
30 52 65 76 130 138 177 219 221 238 244 252 275 334 341 393 403 405 409 438 446 447 465 473 485 602 609 613 636 641 646 659 668 682 690 692 693 766 782 852 865 870 883 898 947 958 989 993 1014 1017 1025 1031 1053 1059 1097 1147 1178 1182 1186 1211 1226 1227 1229 1325 1332 1351 1377 1415 1418 1426 1434 1456 1469 1523 1524 1527 1539 1571 1578 1617 1648 1671 1691 
#module 1 size: 136 bs: 1
5 31 38 53 56 62 70 95 99 113 138 144 183 190 203 217 250 260 281 291 311 312 321 352 353 384 404 432 472 478 480 529 534 538 539 568 572 589 608 615 624 640 676 693 700 713 736 750 774 781 813 821 826 838 844 850 852 869 875 881 889 899 903 907 921 932 940 956 958 982 1007 1023 1044 1057 1068 1078 1081 1085 1088 1107 1121 1127 1130 1140 1148 1214 1216 1224 1227 1245 1275 1292 1302 1309 1311 1313 1314 1316 1326 1331 1344 1346 1348 1349 1356 1364 1371 1386 1395 1416 1424 1428 1438 1441 1451 1456 1480 1481 1484 1488 1489 1520 1521 1540 1544 1572 1605 1607 1635 1639 1649 1655 1665 1667 1676 1689 
#module 2 size: 167 bs: 1
7 9 35 41 60 69 80 82 84 87 98 103 105 115 126 132 135 146 148 156 172 193 194 201 214 235 302 314 326 334 337 370 371 379 385 390 407 430 444 451 457 479 486 488 489 510 511 536 562 567 579 580 581 590 597 601 605 607 614 625 645 675 676 679 680 688 712 716 736 739 741 762 774 786 795 830 836 843 846 879 895 917 918 925 952 957 968 969 973 984 991 997 1001 1020 1036 1041 1076 1079 1087 1091 1120 1123 1126 1136 1145 1150 1153 1154 1159 1161 1165 1166 1170 1172 1187 1195 1220 1223 1239 1249 1275 1282 1288 1298 1303 1311 1312 1319 1320 1334 1337 1357 1361 1363 1364 1372 1401 1402 1403 1407 1432 1436 1439 1460 1493 1512 1514 1528 1537 1543 1546 1547 1574 1590 1599 1601 1604 1607 1614 1623 1638 1642 1649 1653 1664 1687 1693 
#module 3 size: 31 bs: 1
1 168 197 230 289 323 337 443 496 620 621 660 718 807 855 936 946 968 1069 1071 1100 1103 1175 1313 1332 1343 1411 1443 1547 1565 1644 
#module 4 size: 27 bs: 1
121 139 305 307 331 439 456 473 518 546 575 627 752 753 858 923 939 1046 1089 1101 1177 1192 1242 1444 1464 1519 1556 
#module 5 size: 23 bs: 1
4 50 92 116 285 346 454 583 709 717 798 849 998 1073 1156 1254 1290 1358 1457 1493 1517 1565 1678 
#module 6 size: 35 bs: 1
27 39 162 224 333 361 414 448 489 493 497 537 654 666 733 755 776 916 948 1062 1080 1091 1112 1157 1280 1304 1342 1362 1445 1489 1550 1587 1600 1608 1645 
#module 7 size: 29 bs: 1
104 138 256 277 298 322 464 487 540 577 619 670 785 832 893 909 1009 1158 1191 1197 1203 1207 1240 1379 1386 1479 1562 1651 1684 
#module 8 size: 39 bs: 1
23 178 209 233 245 276 277 287 294 303 320 334 420 489 513 514 516 519 520 526 553 555 603 611 753 754 757 822 845 912 942 1077 1211 1315 1491 1503 1591 1680 1682 
#module 9 size: 32 bs: 1
40 54 120 186 306 381 396 482 552 694 696 708 789 824 827 829 855 870 915 922 983 1063 1195 1235 1305 1310 1381 1455 1468 1570 1667 1696 
#module 10 size: 21 bs: 1
26 58 59 77 142 165 182 268 380 492 768 951 1109 1168 1257 1258 1453 1474 1490 1554 1595 
#module 11 size: 37 bs: 1
18 83 102 118 153 185 289 317 363 427 483 524 588 710 824 868 974 1089 1117 1119 1209 1252 1281 1296 1316 1363 1369 1409 1446 1447 1459 1492 1580 1611 1661 1685 1695 
#module 12 size: 34 bs: 1
21 66 226 271 339 355 373 461 468 498 502 503 644 689 706 793 802 831 837 1011 1035 1064 1144 1162 1185 1324 1392 1419 1425 1454 1504 1594 1602 1672 
#module 13 size: 23 bs: 1
14 104 139 192 344 348 542 617 672 706 713 743 821 828 860 941 1058 1228 1253 1284 1342 1426 1666 
#module 14 size: 20 bs: 1
78 267 270 273 417 559 564 592 720 780 811 852 1116 1198 1285 1339 1448 1510 1546 1577 
#module 15 size: 30 bs: 1
288 364 387 398 576 615 630 685 710 713 731 773 810 900 964 1050 1092 1247 1290 1336 1342 1406 1423 1476 1486 1526 1546 1582 1592 1663 
#module 16 size: 18 bs: 1
32 163 459 494 598 664 683 797 931 1213 1345 1394 1414 1449 1456 1522 1574 1680 
#module 17 size: 32 bs: 1
176 187 202 266 324 330 413 541 656 664 737 824 853 854 874 953 975 998 1029 1077 1114 1154 1169 1494 1502 1531 1564 1605 1616 1686 1692 1700 
#module 18 size: 32 bs: 1
131 155 225 279 282 292 318 406 594 628 725 979 996 1004 1065 1146 1173 1177 1200 1275 1301 1338 1359 1366 1398 1466 1487 1500 1532 1549 1580 1637 
#module 19 size: 16 bs: 1
239 265 418 749 872 876 992 1080 1138 1236 1341 1449 1458 1534 1605 1657 
#module 20 size: 12 bs: 1
124 191 215 255 438 477 702 865 1225 1489 1497 1633 
#module 21 size: 36 bs: 1
46 102 108 126 128 141 262 274 309 518 593 599 665 705 775 788 812 822 839 901 943 956 998 1021 1174 1194 1269 1330 1377 1431 1433 1442 1483 1497 1612 1658 
#module 22 size: 31 bs: 1
223 231 234 301 411 426 453 487 512 545 591 605 692 710 791 897 902 913 944 960 990 1012 1091 1253 1316 1337 1352 1366 1472 1488 1582 
#module 23 size: 20 bs: 1
101 216 247 301 316 395 400 496 508 697 823 867 924 981 1070 1270 1273 1368 1429 1453 
#module 24 size: 28 bs: 1
16 143 227 367 508 542 557 648 649 674 714 787 879 897 949 956 972 1073 1177 1208 1380 1420 1554 1570 1640 1660 1663 1680 
#module 25 size: 24 bs: 1
3 75 181 188 210 280 439 476 661 686 697 711 715 791 899 924 1045 1219 1278 1396 1413 1516 1530 1634 
#module 26 size: 38 bs: 1
11 203 253 350 354 392 447 450 460 507 533 561 702 740 746 747 754 820 869 887 894 962 1034 1136 1268 1276 1297 1348 1363 1388 1449 1463 1541 1563 1570 1625 1626 1650 
#module 27 size: 19 bs: 1
236 329 336 453 455 495 509 567 669 711 723 727 759 1018 1051 1227 1303 1330 1485 
#module 28 size: 38 bs: 1
22 157 209 250 273 284 300 359 435 463 498 554 573 704 735 751 771 799 814 870 976 980 996 1002 1074 1128 1184 1210 1262 1263 1377 1465 1477 1487 1508 1552 1628 1652 
#module 29 size: 36 bs: 1
93 97 206 249 315 338 356 424 637 678 691 707 765 774 797 817 888 937 1013 1016 1158 1245 1321 1328 1353 1383 1399 1471 1508 1528 1538 1550 1557 1580 1624 1697 
#module 30 size: 29 bs: 1
112 119 174 223 502 518 657 671 767 842 847 862 889 1000 1026 1234 1372 1452 1475 1479 1493 1526 1545 1557 1596 1636 1668 1677 1679 
#module 31 size: 32 bs: 1
10 13 212 220 317 362 374 383 392 422 457 471 663 701 726 758 760 777 792 858 986 995 1040 1099 1271 1405 1430 1432 1473 1475 1479 1675 
#module 32 size: 15 bs: 1
17 51 192 210 218 327 496 662 1143 1192 1230 1367 1412 1440 1480 
#module 33 size: 35 bs: 1
137 212 248 276 396 399 457 505 587 631 633 669 697 760 763 770 851 911 920 959 1016 1084 1110 1164 1171 1276 1318 1348 1387 1436 1534 1535 1542 1596 1598 
#module 34 size: 16 bs: 1
184 342 490 506 729 1054 1132 1225 1307 1385 1398 1461 1535 1559 1622 1673 
#module 35 size: 21 bs: 1
90 136 151 269 310 525 543 586 785 858 871 967 987 1176 1202 1306 1322 1367 1400 1419 1699 
#module 36 size: 27 bs: 1
36 49 57 72 159 160 169 328 366 570 677 696 754 836 891 961 999 1011 1048 1089 1094 1134 1389 1447 1528 1533 1564 
#module 37 size: 28 bs: 1
211 243 440 650 721 783 891 897 919 957 1005 1093 1095 1133 1217 1218 1317 1347 1394 1436 1480 1515 1551 1581 1621 1629 1641 1659 
#module 38 size: 36 bs: 1
86 109 114 125 127 150 166 175 223 251 296 298 347 349 358 386 504 558 569 571 676 762 794 822 840 861 885 899 1125 1291 1313 1421 1496 1536 1618 1686 
#module 39 size: 27 bs: 1
95 126 246 449 521 532 554 578 608 652 734 762 804 821 992 994 1015 1018 1070 1105 1152 1167 1235 1354 1360 1371 1399 
#module 40 size: 25 bs: 1
293 452 583 642 878 895 927 935 1027 1080 1139 1145 1188 1189 1203 1331 1393 1482 1488 1520 1526 1567 1582 1615 1648 
#module 41 size: 19 bs: 1
91 140 228 264 389 403 436 523 719 759 771 797 882 904 1041 1102 1179 1201 1329 
#module 42 size: 36 bs: 1
47 106 240 337 385 416 461 470 473 561 565 596 779 808 819 847 905 1016 1090 1300 1371 1384 1404 1422 1439 1453 1496 1515 1529 1539 1583 1610 1630 1642 1647 1662 
#module 43 size: 11 bs: 1
100 110 368 375 469 563 761 801 1595 1619 1685 
#module 44 size: 37 bs: 1
96 147 149 171 203 208 254 277 313 351 378 408 616 647 671 760 789 895 910 926 958 970 1026 1061 1072 1135 1154 1261 1294 1375 1399 1417 1439 1506 1511 1585 1690 
#module 45 size: 27 bs: 1
64 178 382 439 450 484 556 566 606 655 671 756 908 914 966 978 1181 1222 1281 1331 1364 1495 1515 1558 1566 1568 1631 
#module 46 size: 19 bs: 1
89 129 189 204 376 458 703 1019 1073 1075 1203 1243 1251 1372 1376 1408 1483 1508 1636 
#module 47 size: 38 bs: 1
44 73 90 167 195 229 278 286 295 297 304 343 600 629 633 643 653 698 728 730 732 844 848 906 929 1024 1033 1038 1047 1149 1180 1192 1195 1238 1281 1374 1553 1670 
#module 48 size: 40 bs: 1
24 63 134 170 222 259 369 421 428 431 475 482 561 569 584 595 646 687 744 772 778 790 805 859 955 990 1008 1043 1079 1131 1196 1245 1248 1279 1330 1357 1410 1509 1619 1688 
#module 49 size: 33 bs: 1
8 107 111 123 133 173 210 237 402 433 547 560 684 851 914 933 988 1067 1090 1092 1111 1142 1155 1241 1250 1256 1259 1390 1391 1466 1606 1656 1686 
#module 50 size: 27 bs: 1
158 332 429 500 535 612 673 699 847 857 877 891 945 1141 1185 1231 1260 1415 1435 1518 1524 1591 1603 1642 1674 1694 1698 
#module 51 size: 32 bs: 1
15 28 154 199 272 283 437 517 528 582 632 742 800 835 930 996 1039 1066 1086 1155 1158 1237 1286 1393 1432 1558 1560 1564 1569 1620 1627 1648 
#module 52 size: 15 bs: 1
6 524 866 879 892 1042 1124 1273 1288 1332 1378 1427 1470 1498 1501 
#module 53 size: 26 bs: 1
29 241 372 464 551 583 610 615 706 724 816 873 1104 1205 1217 1280 1288 1344 1350 1400 1419 1473 1499 1507 1561 1591 
#module 54 size: 38 bs: 1
71 117 161 244 270 299 319 381 391 397 470 486 512 574 594 667 721 809 841 884 971 977 997 1002 1090 1106 1153 1185 1206 1215 1264 1266 1267 1464 1483 1573 1586 1683 
#module 55 size: 23 bs: 1
68 365 423 425 462 551 638 695 856 880 987 1003 1037 1096 1299 1370 1373 1462 1464 1466 1475 1505 1520 
#module 56 size: 28 bs: 1
33 43 213 263 317 340 360 415 486 530 605 635 639 674 844 896 915 987 1030 1031 1054 1083 1183 1265 1293 1326 1418 1535 
#module 57 size: 32 bs: 1
79 258 290 357 394 410 441 442 501 626 658 684 734 769 810 825 863 924 1022 1118 1221 1295 1304 1337 1365 1397 1447 1534 1572 1576 1607 1691 
#module 58 size: 25 bs: 1
2 12 25 34 48 67 499 544 606 796 834 886 890 957 1010 1199 1225 1255 1283 1340 1437 1497 1561 1584 1643 
#module 59 size: 41 bs: 1
74 149 196 200 325 434 467 482 542 548 594 604 618 623 684 688 722 745 784 803 815 818 823 921 928 963 985 1122 1163 1214 1217 1335 1393 1450 1477 1530 1547 1554 1561 1652 1669 
#module 60 size: 26 bs: 1
20 61 81 94 207 232 388 419 474 498 515 622 823 1006 1087 1113 1232 1235 1274 1382 1496 1524 1579 1589 1593 1663 
#module 61 size: 15 bs: 1
42 45 257 445 651 748 806 857 1028 1129 1277 1323 1367 1609 1641 
#module 62 size: 36 bs: 1
152 164 179 201 335 447 450 455 466 522 531 634 681 736 738 789 934 1049 1055 1060 1070 1092 1125 1137 1246 1272 1287 1304 1357 1473 1550 1555 1597 1632 1633 1654 
#module 63 size: 37 bs: 1
19 122 178 205 329 345 377 412 483 491 549 550 833 950 1002 1048 1056 1082 1098 1145 1175 1259 1286 1289 1333 1366 1400 1426 1539 1548 1577 1588 1593 1613 1633 1641 1652 
#module 64 size: 24 bs: 1
37 55 85 145 180 261 753 764 864 914 922 938 954 1123 1160 1193 1244 1394 1525 1574 1593 1596 1646 1681 
#module 65 size: 32 bs: 1
88 198 242 308 401 481 501 527 585 965 990 1032 1052 1054 1108 1115 1151 1190 1204 1212 1233 1295 1308 1327 1355 1415 1467 1478 1513 1575 1619 1685 
