54 61 155 168 171 179 187 198 211 217 237 244 303 476 540 557 568 587 606 609 623 631 653 672 684 698 732 798 799 879 889 906 944 1010 1014 1114 1133 1166 1241 1299 1313 1379 1419 1453 1457 
30 55 66 69 89 100 128 166 203 244 248 259 346 559 578 642 646 771 804 808 832 922 983 1187 1189 1229 1261 1387 1434 
54 61 108 155 168 171 179 187 198 211 217 237 303 449 476 540 557 568 587 609 631 653 684 698 798 799 828 879 944 975 1001 1010 1014 1133 1166 1241 1299 1313 1379 1419 1453 1457 
49 129 242 252 266 322 350 394 437 462 481 497 553 566 732 741 743 799 832 849 850 860 874 914 919 959 1014 1015 1114 1171 1174 1187 1240 1273 1281 1296 1302 
22 93 122 163 195 200 206 207 250 309 325 355 371 429 435 440 456 482 522 523 530 543 612 648 703 720 802 843 909 941 970 1012 1015 1032 1038 1052 1130 1202 1213 1231 1255 1272 1294 1323 1327 1350 1369 1389 1390 1398 1429 1497 
35 68 80 142 143 216 262 275 295 346 395 461 487 500 502 556 584 632 770 777 831 863 959 975 1091 1101 1133 1164 1199 1251 1284 1302 1308 1349 1386 1436 1470 1483 
92 118 293 367 483 636 654 673 694 712 841 875 903 918 919 939 999 1023 1043 1044 1074 1075 1078 1082 1201 1347 1373 1400 1416 1437 1476 
120 160 185 444 445 481 573 611 660 714 800 861 1028 1029 1115 1181 1267 1274 1293 1321 
25 72 77 97 131 150 205 243 244 260 298 309 361 372 385 575 648 657 759 774 783 797 842 865 867 878 886 905 955 973 994 1011 1015 1020 1035 1077 1085 1090 1108 1134 1147 1151 1167 1174 1185 1224 1231 1254 1277 1295 1305 1309 1353 1360 1361 1448 1475 
7 59 90 101 119 132 184 244 260 272 309 336 361 372 387 404 419 472 515 523 561 643 656 657 672 676 761 798 842 850 865 878 890 905 925 955 969 973 1010 1011 1020 1086 1108 1134 1158 1186 1224 1235 1254 1277 1295 1326 1330 1358 1360 1382 1417 1475 
30 55 69 89 100 113 128 166 179 203 248 259 302 346 358 363 395 559 571 578 646 736 768 771 804 832 860 863 874 922 983 1037 1164 1187 1189 1261 1351 1387 1442 
9 238 315 324 334 386 460 542 549 574 712 729 744 821 899 993 1024 1039 1040 1064 1065 1120 1132 1139 1141 1151 1212 1215 1278 1340 1361 1401 1403 1405 1446 1471 1485 1487 1490 1498 
91 120 134 150 158 185 186 224 264 285 341 373 438 444 445 454 481 573 579 604 628 654 689 702 712 714 715 717 725 742 763 800 846 854 858 861 869 881 889 1028 1029 1045 1047 1115 1139 1181 1248 1274 1285 1289 1308 1351 
149 213 219 286 403 415 509 692 740 752 760 778 815 833 880 968 977 987 1110 1121 1149 1173 1209 1211 1253 1281 1419 1491 
127 193 230 233 242 286 315 330 351 407 464 505 512 515 524 535 547 589 593 599 603 605 615 618 679 706 724 744 754 827 844 860 882 885 933 934 947 956 965 966 993 1007 1034 1044 1056 1074 1097 1137 1170 1180 1196 1232 1257 1297 1317 1325 1330 1354 1439 1442 1456 1464 1478 1479 1490 
11 57 63 107 115 129 160 164 176 179 198 202 204 222 224 229 230 232 239 245 279 292 296 299 307 337 352 364 366 369 402 406 471 475 478 523 526 535 542 544 548 560 561 593 595 596 626 633 651 655 658 661 671 704 721 754 778 781 807 817 837 854 868 877 926 942 945 953 956 969 972 976 997 1004 1036 1044 1045 1053 1074 1078 1086 1094 1102 1124 1139 1141 1170 1203 1207 1213 1215 1217 1223 1242 1250 1252 1254 1258 1265 1280 1297 1314 1329 1332 1335 1341 1342 1343 1344 1350 1355 1359 1380 1394 1396 1412 1414 1422 1426 1432 1437 1441 1451 1456 1461 1490 1499 
121 137 154 159 169 227 256 280 289 304 400 458 470 473 477 494 497 500 514 601 622 642 694 715 731 734 747 783 816 851 852 856 949 988 998 1046 1058 1061 1071 1109 1168 1220 1260 1266 1268 1270 1276 1293 1298 1348 1385 1387 1390 1418 
26 27 66 144 148 201 353 447 637 711 762 772 857 934 1002 1155 1203 1333 1376 1424 1457 1483 1494 
130 136 170 207 210 251 312 353 393 434 448 516 535 564 606 644 820 866 887 928 931 943 976 1003 1005 1026 1089 1096 1129 1133 1219 1245 1264 1286 1323 1366 1370 1430 1484 
4 23 39 53 173 175 182 209 221 243 252 266 267 274 279 297 312 322 332 335 353 404 411 414 436 437 462 478 490 502 513 528 553 556 558 577 593 623 650 741 743 746 874 894 908 919 928 937 954 959 966 1015 1051 1055 1069 1111 1138 1142 1162 1163 1171 1183 1187 1229 1259 1264 1265 1273 1275 1281 1290 1292 1320 1323 1331 1375 1378 1384 1444 1467 1496 
10 80 102 115 157 162 169 197 250 346 388 392 395 401 426 431 442 465 470 471 479 482 530 556 577 580 588 590 634 660 680 682 694 717 782 785 825 831 835 853 863 884 907 956 964 970 992 997 1046 1091 1113 1116 1167 1168 1240 1260 1302 1327 1349 1389 1405 1434 1481 1486 1497 
33 86 126 214 219 231 300 340 459 492 497 510 517 615 621 623 672 681 692 749 755 788 795 801 862 977 997 999 1006 1081 1236 1259 1261 1279 1281 1282 1303 1322 1331 1410 1422 1432 1453 
112 180 196 341 357 449 451 455 506 532 545 614 663 695 711 826 1063 1113 1131 1144 1227 1238 1239 1243 1300 1319 1347 1397 1404 1408 
103 152 219 281 298 403 427 437 481 498 545 597 712 828 864 1007 1008 1077 1092 1114 1143 1156 1186 1214 1262 1310 1314 1367 1405 1447 1491 
7 83 120 152 156 160 180 185 186 224 254 257 264 303 321 338 355 366 406 409 435 444 445 468 481 526 566 573 584 603 660 661 671 697 700 703 714 727 740 759 787 788 789 797 800 812 818 861 873 902 920 951 968 977 978 995 1001 1015 1028 1029 1038 1048 1103 1105 1115 1121 1154 1181 1211 1216 1269 1274 1292 1309 1313 1331 1335 1337 1363 1407 1409 1422 1425 
58 73 105 213 246 301 459 479 545 660 665 671 688 707 762 772 785 903 913 929 952 992 1016 1066 1074 1098 1099 1113 1176 1244 1246 1256 1305 1347 1402 1416 1435 1449 1455 
19 41 73 129 141 154 156 160 176 177 191 199 201 235 240 245 249 267 269 278 296 318 323 342 349 352 378 436 466 471 475 485 494 495 515 517 532 539 550 564 566 594 596 621 653 678 693 696 699 711 721 731 773 775 786 794 814 815 817 824 896 897 900 945 958 974 985 990 996 1000 1012 1024 1044 1050 1073 1076 1078 1083 1111 1172 1192 1207 1213 1237 1258 1270 1285 1297 1311 1314 1346 1355 1394 1396 1407 1408 1432 1433 1456 1481 
96 112 136 137 180 196 227 234 306 341 357 382 400 449 451 529 532 613 614 640 663 695 697 711 739 754 812 826 875 949 978 1023 1058 1063 1113 1126 1131 1144 1178 1227 1239 1243 1319 1397 1404 1408 1409 
18 41 59 84 97 141 154 159 174 177 191 199 204 215 240 254 255 256 267 278 280 289 296 318 334 349 396 436 457 466 470 473 475 477 485 494 495 497 500 514 564 574 596 601 609 621 653 678 693 696 699 711 715 731 747 759 765 775 783 794 805 814 815 816 817 819 839 873 886 897 900 905 910 940 945 946 947 982 985 988 990 998 1000 1002 1050 1061 1073 1076 1104 1111 1133 1167 1172 1179 1192 1220 1266 1268 1270 1276 1285 1293 1311 1346 1348 1353 1355 1385 1390 1407 1411 1433 1481 
6 32 40 57 258 281 314 317 358 364 375 392 408 432 453 540 571 587 588 625 754 768 776 787 790 810 829 837 841 852 985 1005 1023 1037 1049 1067 1092 1235 1246 1287 1288 1310 1342 1373 1447 1460 1463 1499 
65 79 228 271 281 377 432 536 585 635 670 679 718 845 925 991 1018 1027 1032 1049 1062 1086 1095 1106 1107 1139 1192 1240 1261 1308 1334 1335 1346 1376 1408 1421 
16 63 107 164 224 228 232 239 242 262 281 286 314 343 346 364 369 375 402 432 453 478 512 571 588 601 625 635 704 790 829 837 852 854 868 877 969 972 1018 1027 1032 1041 1049 1065 1106 1124 1139 1141 1172 1217 1223 1242 1250 1287 1297 1311 1334 1335 1342 1355 1374 1380 1394 1401 1409 1426 1442 1479 
34 45 52 78 140 156 180 196 264 288 302 345 380 438 451 572 601 602 614 630 663 698 702 736 784 787 810 837 1005 1037 1060 1063 1080 1113 1131 1144 1145 1228 1243 1249 1259 1301 1348 1397 1404 1408 1411 1414 1461 
13 47 57 67 74 88 93 97 99 102 114 133 140 156 161 163 165 178 195 200 207 218 251 277 288 309 319 328 332 343 347 355 359 365 368 371 376 397 410 412 429 440 469 471 476 480 486 489 498 522 531 538 539 543 548 565 584 619 626 654 659 660 664 677 743 759 762 770 782 784 786 800 802 824 843 847 849 865 883 886 891 896 906 909 911 924 941 963 971 1012 1030 1034 1038 1041 1052 1064 1083 1097 1121 1130 1169 1194 1202 1205 1209 1221 1222 1235 1249 1259 1271 1272 1290 1294 1333 1353 1364 1375 1378 1387 1390 1392 1398 1411 1421 1429 1445 1450 1452 1460 1462 1480 1493 1497 1498 
70 91 105 120 134 150 158 253 264 285 324 341 373 420 438 454 460 471 474 480 487 489 533 563 579 604 617 628 654 656 679 689 692 702 712 715 717 719 725 735 742 751 763 767 784 800 830 836 846 850 854 858 869 881 889 906 920 962 979 990 1039 1045 1047 1054 1068 1086 1090 1097 1121 1139 1151 1210 1212 1225 1230 1248 1249 1259 1289 1295 1308 1337 1380 1387 1404 1411 1457 1458 1459 1464 1485 1487 1488 1492 
53 90 96 99 104 108 113 115 123 127 138 156 162 167 173 175 221 226 235 244 263 286 297 300 305 313 335 340 350 353 354 362 376 382 399 411 414 415 421 425 427 442 478 482 483 488 490 503 509 524 528 534 558 566 567 588 603 605 618 620 623 629 645 654 662 672 676 700 709 722 727 732 740 743 752 757 760 776 818 833 849 852 880 894 900 901 908 916 929 937 940 941 944 954 955 961 968 977 987 1001 1006 1007 1008 1011 1017 1022 1023 1036 1055 1067 1069 1078 1081 1111 1121 1127 1135 1149 1153 1163 1168 1172 1173 1176 1182 1183 1196 1200 1204 1209 1211 1216 1226 1229 1236 1253 1256 1262 1274 1275 1279 1281 1292 1316 1320 1328 1331 1335 1344 1352 1353 1364 1373 1377 1394 1405 1410 1415 1420 1422 1425 1428 1434 1439 1442 1444 1460 1466 1469 1491 
72 75 122 257 268 283 316 317 321 338 441 468 491 521 535 539 583 624 666 697 717 788 797 812 815 816 867 871 873 895 902 915 951 978 995 1025 1048 1095 1103 1107 1109 1121 1147 1151 1154 1180 1190 1197 1198 1245 1270 1309 1316 1356 1363 1409 1412 1453 
114 140 156 161 277 284 288 379 471 489 493 604 622 642 664 722 734 776 782 784 800 865 907 932 939 944 1019 1024 1036 1041 1071 1097 1121 1127 1209 1249 1251 1259 1298 1364 1380 1381 1411 1418 
87 121 124 137 197 213 226 227 228 234 300 306 335 340 376 383 400 423 426 459 478 479 529 540 563 603 609 613 615 636 640 672 694 695 726 739 754 756 769 772 782 875 884 929 939 947 949 1006 1046 1058 1081 1082 1107 1126 1168 1178 1236 1240 1256 1260 1276 1281 1319 1389 1406 1409 1410 
51 79 151 153 162 169 172 200 251 270 271 283 317 331 360 383 392 422 426 431 432 479 514 519 522 529 530 536 565 624 676 682 705 716 717 718 782 785 791 811 825 835 845 853 876 884 893 895 924 956 964 991 997 1012 1023 1062 1093 1099 1107 1168 1272 1283 1313 1318 1327 1328 1330 1358 1368 1384 1389 1398 1401 1420 1423 1429 1460 1497 
277 450 514 561 576 585 592 648 716 744 791 871 899 912 953 1040 1084 1085 1113 1174 1185 1215 1216 1252 1323 1362 1369 1373 1438 
1 11 13 44 57 81 106 115 139 179 198 202 222 229 232 258 286 289 292 299 307 318 323 334 366 380 387 398 406 415 417 438 442 499 500 509 514 523 526 542 548 560 561 595 626 633 651 655 658 661 671 703 711 713 745 752 760 778 790 807 815 833 837 839 853 880 899 910 926 942 953 968 980 984 987 992 997 1001 1024 1036 1037 1038 1042 1049 1051 1053 1074 1079 1084 1094 1102 1112 1125 1139 1149 1155 1161 1170 1171 1173 1203 1209 1215 1216 1252 1253 1254 1261 1263 1265 1278 1280 1329 1332 1340 1341 1342 1344 1350 1359 1362 1369 1380 1412 1414 1422 1425 1426 1429 1438 1441 1446 1451 1461 1471 1490 1495 1499 
98 114 156 169 180 207 235 241 269 284 286 325 327 331 342 378 379 415 422 486 509 517 519 539 566 594 622 642 692 705 734 752 760 773 776 778 811 815 824 833 835 856 876 880 884 893 896 924 939 944 968 974 987 1005 1012 1071 1083 1093 1112 1121 1149 1173 1192 1209 1230 1237 1251 1252 1253 1283 1298 1318 1328 1368 1384 1408 1418 1423 1452 1491 
22 49 73 82 93 122 163 170 195 200 206 207 225 242 252 266 270 309 322 325 329 355 371 376 394 429 435 437 440 462 486 497 522 535 537 543 553 566 648 654 668 699 703 741 743 786 796 802 806 818 820 843 850 874 909 914 919 931 943 959 976 978 1001 1003 1015 1038 1052 1079 1096 1125 1130 1174 1187 1202 1213 1218 1231 1247 1272 1273 1281 1286 1293 1294 1296 1313 1366 1369 1370 1398 1425 1429 1430 1484 1493 1497 
14 21 27 29 50 59 76 84 116 121 154 174 215 218 230 255 278 308 325 356 396 401 424 428 457 471 505 551 585 590 595 601 609 631 647 650 656 680 715 759 765 783 805 819 854 862 886 904 905 907 924 940 946 947 965 982 1002 1009 1056 1059 1104 1133 1158 1161 1167 1172 1179 1186 1191 1196 1209 1224 1228 1235 1311 1326 1337 1353 1358 1388 1407 1411 1431 1433 1459 1461 1473 1495 
85 105 135 189 190 218 263 273 294 374 420 456 508 550 577 629 639 685 710 719 724 726 738 743 753 776 780 787 801 825 851 856 898 920 923 924 960 1023 1157 1308 1322 1345 1377 1388 1390 1420 1454 1459 1460 1474 1477 
70 101 109 111 119 134 158 193 253 264 272 324 333 336 341 373 404 407 438 454 460 472 474 480 508 533 563 570 579 581 604 617 628 656 683 689 702 712 715 717 719 725 735 742 751 761 763 767 800 830 836 846 848 850 858 869 872 881 889 890 920 925 929 941 962 966 986 989 1004 1039 1045 1054 1068 1086 1116 1119 1132 1151 1158 1186 1210 1212 1225 1248 1259 1285 1326 1337 1351 1358 1387 1404 1417 1457 1458 1459 1464 1478 1485 1487 1488 
9 13 56 64 84 96 105 110 111 122 149 150 181 192 223 228 246 250 261 287 310 313 338 339 344 382 391 401 413 416 422 423 430 433 511 521 525 529 547 554 570 580 581 589 608 630 634 638 648 674 675 687 692 719 720 772 803 823 848 916 927 944 947 975 980 981 1004 1016 1031 1043 1060 1097 1109 1116 1117 1120 1136 1140 1150 1190 1227 1230 1233 1255 1257 1260 1325 1336 1339 1343 1347 1351 1356 1361 1364 1406 1427 1435 1459 1467 1478 1486 1487 1488 
17 26 56 61 95 128 135 150 169 179 201 220 223 228 253 254 261 282 287 290 302 310 311 339 362 363 382 413 439 442 460 474 480 503 511 521 530 533 544 600 602 608 612 617 630 636 645 655 674 675 679 687 708 719 720 722 732 735 751 757 764 767 793 803 818 836 850 915 916 941 957 962 981 983 1012 1024 1036 1039 1054 1055 1068 1086 1117 1127 1136 1140 1153 1182 1200 1212 1216 1225 1233 1255 1274 1282 1289 1296 1328 1336 1337 1343 1347 1352 1364 1368 1380 1387 1395 1399 1404 1406 1413 1427 1457 1458 1467 1486 1487 
10 20 65 101 109 119 133 134 172 178 184 258 264 272 285 308 315 336 347 356 364 373 404 410 412 419 438 454 469 472 480 487 579 585 604 627 628 643 656 659 676 689 702 704 706 725 742 759 761 762 763 846 847 850 858 869 881 883 889 890 891 905 924 925 950 966 969 971 986 1030 1045 1059 1086 1107 1124 1158 1186 1194 1205 1209 1222 1224 1235 1271 1289 1326 1330 1333 1358 1363 1392 1398 1417 1445 1450 1452 1459 1463 
24 67 89 113 115 118 123 128 133 178 193 199 248 277 312 313 323 327 337 343 344 347 363 387 401 407 410 412 421 425 427 469 505 512 531 534 547 559 567 574 584 588 589 599 615 618 645 646 659 677 736 743 759 771 782 804 808 847 882 883 891 922 927 942 944 961 971 977 983 1001 1004 1030 1033 1076 1097 1120 1153 1168 1172 1187 1192 1194 1204 1205 1209 1222 1257 1271 1276 1317 1325 1328 1333 1351 1360 1392 1394 1405 1428 1445 1450 1452 1464 1469 1478 1479 
73 129 160 176 177 199 201 204 208 219 233 240 245 249 296 315 318 323 330 349 352 403 436 464 466 475 485 495 515 596 599 609 621 654 673 678 688 693 696 699 707 709 711 721 731 775 786 794 814 817 827 838 844 873 897 900 933 942 945 947 958 963 976 990 1000 1004 1026 1044 1050 1056 1066 1073 1074 1076 1078 1086 1094 1137 1172 1196 1207 1213 1232 1258 1263 1314 1346 1354 1355 1373 1396 1432 1437 1439 1456 1481 1491 
33 43 84 94 113 118 144 186 197 208 236 243 246 250 265 267 304 354 389 416 423 458 463 482 484 541 547 552 591 638 640 652 690 694 715 737 772 808 809 834 963 970 1010 1016 1034 1046 1097 1122 1138 1142 1151 1163 1201 1206 1217 1260 1264 1315 1338 1365 1372 1374 1383 1389 1415 1416 1435 1478 
3 44 48 54 81 103 106 110 126 139 156 244 252 289 298 303 318 334 353 380 387 398 399 417 430 438 443 499 506 550 566 567 587 603 623 642 643 647 657 686 700 711 713 727 740 745 754 774 779 818 830 839 859 860 900 910 935 955 980 981 984 1000 1001 1008 1017 1042 1044 1057 1077 1078 1094 1112 1118 1119 1140 1161 1163 1164 1165 1171 1211 1216 1229 1238 1259 1261 1263 1278 1280 1281 1292 1306 1328 1331 1340 1346 1382 1384 1394 1422 1425 1434 1446 1462 1465 1471 1472 1478 1490 1495 
14 21 29 50 53 76 101 116 119 173 175 182 189 190 218 221 230 279 294 297 308 325 356 374 388 401 411 414 424 428 471 478 490 505 508 528 550 551 556 558 563 577 590 593 601 629 631 639 647 650 676 680 685 704 710 719 726 738 746 753 761 772 780 783 801 839 851 854 856 886 894 898 904 907 908 920 923 924 925 937 954 960 962 966 1009 1059 1069 1081 1111 1157 1161 1163 1174 1183 1186 1187 1191 1212 1228 1229 1250 1256 1259 1268 1275 1308 1320 1345 1346 1384 1385 1388 1390 1431 1444 1454 1458 1459 1460 1461 1467 1473 1477 1495 1496 
5 61 90 98 99 103 105 108 115 134 135 151 154 169 180 181 189 190 192 201 203 253 254 263 270 273 290 294 305 313 331 332 353 354 360 362 374 416 421 422 425 427 434 442 456 503 508 516 519 521 525 534 544 550 554 561 567 570 577 580 581 588 602 616 629 634 639 645 648 676 685 705 710 722 726 738 743 753 757 776 780 787 791 792 801 811 818 823 833 835 848 851 853 856 876 887 888 893 898 916 920 921 923 955 960 992 1002 1005 1019 1022 1024 1031 1036 1055 1058 1089 1093 1097 1099 1117 1127 1140 1150 1153 1157 1172 1182 1200 1203 1219 1230 1248 1250 1274 1283 1306 1318 1322 1328 1331 1339 1345 1352 1353 1361 1364 1368 1374 1380 1384 1390 1423 1424 1428 1430 1434 1451 1454 1460 1469 1473 1474 1477 1488 
70 129 198 333 381 425 487 585 608 610 745 748 753 770 804 840 872 908 928 943 996 1024 1045 1070 1101 1119 1120 1142 1152 1177 1188 1195 1210 1230 1265 1323 1377 
1 12 46 51 54 59 64 70 79 96 98 104 111 129 138 147 149 151 153 155 167 170 171 180 187 188 191 192 198 203 207 211 217 237 241 251 262 270 271 284 288 303 326 329 331 333 348 350 360 381 382 383 388 390 391 392 393 416 422 425 432 438 476 487 488 509 514 519 520 525 532 536 554 556 557 562 565 570 580 581 585 587 596 606 609 610 620 621 627 631 634 641 648 653 654 655 662 670 684 691 705 708 709 716 718 723 732 733 734 748 753 770 776 777 791 796 798 799 806 811 823 825 835 837 840 845 848 849 855 859 872 876 879 893 901 908 912 924 930 931 939 941 943 948 951 980 991 996 1001 1003 1004 1008 1014 1018 1022 1023 1024 1026 1031 1049 1057 1062 1067 1070 1071 1078 1079 1088 1093 1107 1114 1116 1117 1119 1120 1125 1133 1135 1140 1149 1150 1152 1166 1175 1176 1177 1180 1188 1195 1198 1199 1210 1226 1227 1229 1230 1247 1248 1251 1267 1283 1285 1286 1299 1313 1316 1318 1327 1328 1334 1339 1349 1361 1366 1368 1370 1373 1377 1379 1380 1384 1386 1398 1401 1404 1418 1420 1423 1430 1436 1451 1453 1460 1461 1466 1470 1484 1488 
26 39 209 228 267 274 301 312 381 404 436 446 487 504 513 518 569 608 650 748 753 770 840 872 892 911 917 928 992 996 1013 1051 1070 1138 1142 1152 1162 1177 1188 1195 1210 1264 1265 1323 1377 1402 1449 1469 1489 
15 72 77 82 129 147 150 161 170 176 193 204 207 208 225 243 245 249 285 288 296 323 329 352 385 390 393 446 475 497 504 515 530 535 564 575 596 605 654 721 796 806 817 820 867 869 909 931 942 943 945 947 976 979 994 1003 1004 1008 1015 1024 1026 1035 1044 1045 1047 1052 1070 1079 1085 1090 1096 1116 1129 1147 1151 1167 1172 1174 1180 1185 1207 1213 1218 1231 1239 1247 1248 1258 1286 1289 1293 1295 1314 1343 1355 1361 1366 1370 1396 1430 1432 1448 1456 1484 1493 
8 71 125 140 141 145 188 212 253 343 354 384 391 403 405 452 462 493 534 591 607 616 639 662 682 702 726 730 785 792 825 832 860 874 888 898 901 914 921 932 979 991 1022 1058 1072 1146 1182 1218 1227 1234 1240 1316 1327 1381 1415 1416 1420 1440 1442 1469 1473 1474 1482 
17 37 42 60 172 219 230 253 291 304 324 403 418 452 455 474 480 496 501 506 527 533 545 549 607 611 617 649 667 679 683 701 702 723 750 751 767 795 836 838 901 921 941 979 989 991 1020 1021 1039 1046 1054 1057 1068 1087 1091 1095 1132 1146 1159 1176 1192 1210 1212 1218 1225 1228 1234 1238 1239 1254 1274 1278 1285 1293 1300 1321 1322 1324 1347 1382 1404 1419 1440 1442 1458 1462 1469 1482 1485 1487 1492 1500 
11 26 27 57 63 66 107 144 148 164 224 232 252 292 299 337 353 392 394 402 447 514 542 548 561 587 588 633 635 637 651 658 700 711 754 762 772 778 781 807 819 829 854 857 868 877 926 934 942 953 969 972 984 1002 1041 1045 1053 1081 1124 1155 1164 1170 1203 1207 1215 1216 1223 1232 1242 1250 1254 1302 1333 1342 1344 1351 1376 1424 1426 1441 1457 1466 1490 1494 1499 
75 122 149 268 283 302 316 415 441 491 521 535 539 583 624 666 717 797 815 816 871 873 895 915 983 1025 1048 1107 1109 1110 1147 1154 1180 1190 1197 1198 1258 1337 1356 1399 1409 1412 1453 
3 27 28 43 59 61 80 91 120 126 132 142 143 146 213 214 216 226 262 275 285 295 300 335 340 361 364 372 376 387 395 419 450 459 461 470 502 515 544 555 556 563 582 586 609 615 621 623 643 657 672 689 695 700 706 712 739 754 757 763 766 772 777 788 800 801 822 831 842 852 856 865 878 881 905 906 929 967 973 1006 1011 1047 1048 1077 1081 1091 1100 1101 1103 1108 1114 1134 1160 1164 1199 1200 1208 1224 1235 1236 1256 1277 1281 1282 1284 1295 1303 1308 1319 1349 1360 1371 1382 1386 1393 1410 1432 1436 1470 1475 1483 
38 94 113 144 160 176 179 183 186 204 222 236 245 246 265 276 296 320 352 366 370 458 463 475 507 530 547 548 552 596 638 640 728 772 808 817 838 933 945 963 1004 1016 1044 1048 1051 1082 1097 1102 1110 1123 1128 1129 1148 1201 1206 1207 1217 1229 1258 1266 1291 1302 1308 1315 1329 1338 1365 1368 1372 1374 1383 1396 1435 1453 1469 
54 61 69 86 100 108 128 155 156 168 171 179 211 217 235 237 244 303 335 353 399 449 476 540 557 559 566 568 603 609 631 648 653 672 684 700 727 740 754 755 798 799 818 828 879 914 940 975 977 983 1001 1008 1010 1014 1081 1114 1133 1163 1166 1211 1216 1229 1231 1236 1241 1279 1281 1292 1299 1303 1313 1323 1328 1331 1335 1369 1379 1394 1422 1425 1434 1453 1457 1491 
37 42 60 75 82 147 150 170 172 207 219 230 268 283 288 291 304 316 329 390 393 403 418 441 452 455 491 496 501 506 521 527 539 545 564 583 607 611 624 649 666 667 677 683 701 702 723 750 795 796 806 816 820 838 869 871 873 921 931 943 951 976 979 989 991 1003 1020 1021 1025 1026 1046 1057 1079 1087 1090 1091 1095 1096 1109 1126 1146 1147 1159 1176 1180 1185 1190 1192 1197 1198 1218 1234 1238 1239 1247 1254 1258 1274 1278 1285 1286 1293 1300 1316 1321 1322 1324 1356 1366 1370 1382 1409 1412 1419 1430 1440 1442 1469 1482 1485 1493 1500 
36 44 48 56 70 81 103 110 228 287 289 298 310 339 413 430 433 438 443 470 515 529 567 575 586 608 630 657 675 686 687 700 720 766 774 779 795 803 822 859 860 935 955 961 981 1000 1001 1008 1011 1017 1037 1077 1118 1119 1136 1161 1165 1216 1233 1255 1263 1278 1280 1306 1317 1325 1336 1343 1347 1359 1371 1382 1406 1427 1428 1447 1461 1465 1467 1472 1486 1491 
6 7 32 34 40 45 52 78 99 101 109 119 132 140 172 178 258 260 264 272 281 302 314 315 317 327 336 345 358 361 372 375 380 387 404 408 410 412 419 432 453 469 470 472 480 515 523 531 571 572 584 588 601 602 625 630 643 656 657 659 676 698 702 706 736 759 761 762 768 787 790 810 829 837 842 847 850 860 865 878 883 890 891 905 925 950 955 966 971 973 985 986 1005 1011 1020 1030 1037 1049 1060 1080 1086 1107 1108 1134 1145 1146 1158 1186 1194 1205 1222 1224 1228 1235 1246 1254 1271 1277 1287 1288 1295 1301 1326 1330 1342 1348 1358 1360 1363 1382 1392 1404 1414 1417 1445 1450 1452 1463 1475 
35 68 80 142 143 154 159 216 252 256 262 266 275 280 295 378 394 395 461 462 467 470 473 477 479 494 497 500 514 556 561 584 601 623 632 669 741 747 770 777 783 813 816 831 850 863 870 874 899 914 919 959 975 988 991 998 1033 1061 1071 1101 1107 1114 1133 1164 1193 1199 1220 1251 1252 1266 1268 1270 1281 1284 1293 1296 1302 1307 1312 1313 1344 1348 1349 1357 1385 1386 1387 1388 1391 1400 1436 1443 1468 1470 1483 
2 69 114 126 131 203 213 226 235 242 244 247 300 335 340 376 378 459 467 479 486 506 537 559 563 603 611 615 621 623 645 664 669 672 692 704 756 766 786 788 795 801 813 816 818 822 852 870 906 926 927 929 936 938 958 985 991 1006 1013 1033 1081 1087 1103 1107 1153 1160 1189 1193 1218 1236 1256 1261 1274 1281 1285 1293 1296 1304 1307 1312 1317 1328 1351 1357 1371 1388 1391 1400 1410 1443 1468 1492 
31 135 152 154 194 235 344 392 409 456 504 526 546 584 598 629 668 677 724 754 758 769 789 828 885 906 920 928 968 975 1019 1030 1091 1105 1184 1194 1205 1232 1269 1402 1477 1489 
104 105 115 117 135 138 157 167 169 181 188 228 235 290 301 332 350 354 362 382 391 442 446 455 456 488 503 504 521 531 544 545 564 569 610 620 662 665 677 709 710 722 732 757 787 825 849 892 901 906 911 916 917 992 1019 1022 1023 1024 1025 1036 1055 1067 1097 1116 1127 1135 1176 1198 1200 1226 1227 1238 1300 1316 1352 1364 1373 1374 1377 1384 1402 1411 1420 1434 1440 1449 1460 1466 1477 1489 
58 62 73 84 105 117 157 165 186 208 228 287 301 343 354 389 446 456 484 486 504 530 531 545 564 569 584 591 652 660 665 671 677 688 690 707 737 758 809 834 892 902 903 911 913 917 952 992 1032 1034 1066 1098 1099 1103 1105 1122 1135 1151 1163 1184 1221 1244 1264 1272 1305 1309 1331 1402 1415 1416 1429 1449 1455 1462 1480 1489 
