13 57 130 135 166 167 184 235 268 280 315 320 346 384 450 468 565 591 665 678 699 715 736 797 863 879 884 890 899 913 944 945 968 1098 
14 127 129 149 151 181 247 256 271 286 400 435 473 567 585 599 611 613 633 635 692 713 730 768 788 790 818 848 862 864 866 893 900 907 916 921 985 996 1006 1019 1023 1026 1040 1044 1087 
47 57 80 143 153 180 183 201 221 328 331 339 345 395 439 463 465 562 566 610 632 648 667 707 719 724 735 748 751 776 787 793 804 809 841 855 856 875 880 888 890 897 963 1017 1027 1077 1081 
68 93 102 123 140 162 190 198 200 210 212 223 234 275 297 306 312 321 334 343 391 402 406 427 442 455 478 492 534 550 551 553 568 622 631 652 662 701 713 727 761 790 791 812 818 873 876 885 886 891 907 921 939 957 967 978 991 1004 
19 53 62 91 126 163 257 258 277 301 302 424 426 450 496 500 510 517 533 604 637 668 723 731 792 894 904 916 
36 60 68 80 102 140 162 169 187 200 244 275 276 289 297 306 319 321 328 331 334 338 339 376 406 419 442 443 455 456 470 494 526 546 550 551 553 562 568 569 580 602 617 622 638 645 662 693 701 703 707 713 718 748 753 761 791 793 807 812 818 827 830 834 855 864 873 885 886 890 896 901 905 917 921 957 966 978 1004 1022 1027 1047 1048 
17 27 30 66 108 219 232 294 317 367 370 387 388 393 474 507 524 590 593 609 717 732 850 858 877 889 929 941 961 978 981 985 992 995 1039 1084 1086 1093 
12 65 90 92 97 118 128 137 139 141 156 165 178 195 208 241 261 262 263 271 288 311 333 363 372 381 398 403 420 428 430 432 436 448 453 469 514 519 522 525 532 541 561 572 592 598 612 620 624 625 634 639 644 650 680 682 683 684 702 705 706 710 721 725 730 731 749 764 780 785 794 795 810 843 846 859 878 926 928 940 948 954 956 962 964 965 970 975 979 994 998 1001 1013 1015 1016 1021 1025 1034 1041 1042 1062 1070 1076 1099 
26 72 75 86 97 103 113 116 158 160 171 177 185 186 191 205 234 282 284 313 325 345 360 380 386 389 400 413 442 460 475 477 478 483 485 512 518 519 530 551 564 566 573 577 581 595 628 634 642 670 690 715 729 731 745 747 761 762 779 783 820 836 851 859 861 872 873 911 925 937 944 965 967 968 970 972 984 996 1003 1028 1034 1042 1049 1054 1064 1077 1086 1092 
27 30 108 112 114 202 219 231 232 257 292 294 317 367 370 387 388 393 464 474 503 507 524 529 538 588 590 609 641 661 708 717 732 765 767 799 811 850 877 903 904 906 929 941 961 978 981 985 992 995 1013 1072 1084 1086 1093 1098 
1 4 7 19 25 41 49 69 79 117 124 147 163 172 177 207 226 230 233 237 258 264 276 296 299 305 308 379 399 410 425 450 470 481 510 531 533 540 546 583 591 596 597 607 620 634 636 643 646 671 689 709 711 729 733 739 760 762 770 779 781 789 816 820 835 836 837 865 873 882 888 906 908 927 930 941 942 957 973 985 1002 1003 1007 1036 1042 1046 1053 1057 1060 1061 1063 1068 1085 1086 1097 
28 37 55 56 64 65 73 74 76 107 116 158 191 193 204 218 222 249 269 282 308 347 359 362 369 373 374 375 414 431 433 448 478 483 484 498 503 509 514 526 527 531 539 555 558 565 578 587 599 610 614 618 620 664 674 675 685 714 715 723 758 766 773 783 786 812 826 864 895 898 908 922 934 944 956 970 974 984 993 997 1018 1020 1051 1060 1073 1082 1090 
48 93 98 123 190 210 212 223 297 312 314 343 391 402 427 492 503 512 517 532 534 561 630 631 642 652 666 727 782 876 907 925 939 967 1007 1027 1060 1081 
21 24 39 50 51 71 104 119 122 137 144 145 154 168 170 171 182 192 195 199 206 208 216 224 225 237 238 243 244 246 247 256 270 274 276 311 337 372 386 399 415 417 421 472 485 487 497 505 506 516 544 567 568 570 586 595 598 605 612 616 624 627 638 640 644 652 665 668 692 702 703 704 705 710 711 716 726 735 746 749 752 758 764 772 774 780 795 805 833 843 845 854 860 861 862 868 871 883 889 891 893 905 912 919 923 935 950 952 966 988 991 994 995 1000 1013 1017 1022 1030 1034 1043 1044 1066 1069 1071 1075 1088 
11 41 61 63 72 86 116 119 139 158 165 170 177 183 191 205 222 225 226 242 262 270 271 289 305 337 345 360 386 389 394 398 400 403 435 460 483 485 490 491 496 519 541 544 564 566 568 583 586 593 595 599 607 624 627 639 669 686 689 706 715 719 721 730 735 749 754 762 776 777 779 780 787 830 833 836 843 844 855 856 873 875 882 889 902 905 908 909 912 919 937 940 944 956 963 965 970 974 979 984 988 989 1001 1003 1014 1021 1028 1036 1039 1042 1053 1054 1055 1085 1086 
45 57 65 87 148 157 189 193 265 305 308 331 374 433 466 498 499 526 527 539 555 578 610 618 666 786 803 812 823 849 908 918 938 948 971 980 993 1024 1032 1036 1062 1068 
41 63 79 109 134 226 242 305 353 410 412 446 481 487 509 531 540 546 583 591 607 669 689 733 779 781 820 830 854 882 950 960 973 1003 1009 1024 1028 1036 1053 1055 1063 1068 1073 1085 1086 1088 
60 64 65 74 107 112 114 193 202 218 231 233 249 294 318 443 470 478 498 509 514 529 538 546 580 588 599 614 634 641 646 661 664 668 674 675 692 693 708 723 737 767 783 799 807 811 826 834 864 896 898 903 904 905 920 982 997 1020 1072 1095 1098 
18 49 58 69 84 90 229 230 237 241 288 296 310 330 358 363 379 400 420 428 430 450 469 470 512 514 525 532 549 569 572 581 591 597 643 671 680 682 683 691 706 709 725 766 782 789 816 825 835 846 859 865 878 888 906 928 930 931 954 958 962 998 1007 1019 1041 1046 1057 1061 1062 1075 1097 
2 25 41 49 65 69 79 100 110 117 125 134 141 147 150 157 171 172 226 230 237 264 281 293 296 299 305 308 329 335 344 346 356 359 379 397 399 410 412 416 425 429 450 454 481 493 512 520 529 531 540 546 550 561 582 596 597 598 603 607 612 620 636 643 646 671 676 689 709 721 731 739 743 770 774 779 789 816 820 823 835 836 839 861 865 873 882 888 908 909 928 930 949 957 973 979 983 986 990 1002 1003 1007 1009 1016 1028 1036 1038 1046 1047 1050 1052 1053 1056 1057 1059 1060 1061 1063 1068 1085 1086 1097 
35 41 79 129 157 172 175 179 211 214 257 266 300 303 304 305 332 371 375 396 410 444 464 471 481 487 508 511 512 529 530 538 540 546 583 588 590 591 607 641 655 669 670 671 678 687 689 691 695 698 708 738 767 779 794 811 820 824 825 830 854 868 873 882 904 925 950 970 982 989 1003 1028 1029 1036 1050 1053 1055 1060 1063 1068 1073 1079 1086 1088 1094 1095 1098 
63 131 148 215 245 287 307 365 440 452 465 472 522 532 576 632 678 712 734 805 814 831 881 1012 1015 1058 1066 1073 1079 1081 
31 39 56 130 136 157 183 222 229 242 251 252 273 275 301 316 345 359 367 375 426 431 444 467 485 491 517 520 532 547 557 566 583 593 604 685 697 719 730 754 765 771 773 776 777 783 787 802 808 823 831 834 852 855 875 882 895 908 911 920 922 940 963 974 984 1005 1014 1054 1055 1067 1082 
6 35 41 48 58 65 90 93 112 114 122 129 172 178 179 190 198 202 205 210 211 212 226 231 234 248 257 258 259 297 300 304 305 306 308 310 312 314 315 321 330 332 343 348 357 358 363 371 375 379 384 391 398 400 402 404 410 417 420 421 424 427 430 443 444 453 464 466 469 471 479 492 508 509 511 512 514 529 530 534 540 546 549 570 572 588 590 591 599 604 607 622 625 631 641 642 651 652 655 660 661 665 669 670 678 680 682 683 684 689 691 700 706 711 714 725 731 733 738 752 767 778 779 782 790 793 794 798 799 811 814 824 825 826 830 836 846 859 865 868 876 878 880 882 887 894 903 904 907 925 938 939 947 954 962 967 970 982 983 989 992 995 998 999 1007 1008 1012 1017 1019 1020 1024 1025 1027 1028 1029 1036 1041 1043 1053 1058 1060 1065 1068 1069 1073 1075 1079 1088 1089 1094 1095 1098 
97 136 157 165 245 252 262 263 273 336 403 415 444 448 520 541 557 583 620 634 639 721 730 785 808 823 843 911 920 979 1001 1005 1015 1021 1055 1070 
22 63 94 123 133 146 161 190 194 222 223 239 283 312 314 378 391 408 442 451 458 480 490 503 536 542 547 556 591 631 652 666 727 788 821 853 898 907 918 933 951 967 1015 1033 1051 
21 56 112 114 202 231 257 348 351 464 466 514 529 538 588 614 632 641 646 661 675 687 708 723 767 773 799 811 814 895 898 903 904 906 922 938 973 993 1005 1072 1073 1082 
21 23 49 68 77 88 115 155 193 212 242 246 335 348 370 371 429 443 454 476 515 521 528 550 582 585 589 593 611 613 619 648 660 676 677 714 718 750 765 777 778 823 849 855 864 868 886 895 917 925 947 983 990 1026 1047 1050 1052 1055 1060 1067 1082 1088 1094 
15 19 38 44 54 56 89 101 159 222 251 359 375 378 458 480 536 547 627 636 675 685 718 723 773 802 852 881 895 898 922 973 984 1005 1039 1054 1082 
60 83 128 323 399 418 456 488 501 508 629 687 720 723 800 867 915 955 972 1079 
55 73 76 105 148 155 204 265 304 347 369 371 373 499 509 575 666 766 803 860 918 956 980 1073 1079 
21 112 114 126 130 202 222 231 234 251 257 351 375 443 464 467 493 503 514 529 538 588 604 614 632 641 646 661 668 675 685 695 697 708 723 767 773 799 811 826 852 894 903 904 906 916 938 1005 1012 1015 1065 1072 1073 1079 1082 
47 57 69 80 123 134 142 143 148 153 173 180 197 201 212 221 237 251 253 282 285 296 299 314 321 328 331 336 339 343 350 391 392 402 437 453 463 465 491 492 510 516 529 534 558 560 561 562 615 620 630 631 666 696 707 724 740 748 751 756 758 793 804 809 815 856 862 874 879 888 890 897 926 939 967 994 997 1002 1004 1006 1017 1018 1027 1046 1049 1057 1066 1077 1090 1096 1100 
70 72 81 97 103 109 113 117 142 174 176 186 199 221 254 313 325 328 353 380 390 442 443 445 446 465 475 477 478 513 518 539 543 549 552 558 564 571 573 577 586 604 625 628 665 669 690 729 730 745 747 783 793 821 838 841 856 857 869 871 872 891 919 960 999 1019 1022 1024 1030 1037 1049 1064 1065 1088 
112 114 126 170 234 257 270 386 464 492 493 529 538 588 604 641 652 668 687 708 723 767 799 811 876 894 903 904 906 916 970 1005 1072 1098 
16 59 109 120 158 196 198 218 233 248 253 258 259 306 308 321 342 348 357 362 373 374 398 404 414 422 433 453 457 466 479 503 509 518 526 531 555 558 565 578 587 614 618 622 651 664 669 675 687 692 700 737 786 790 791 798 812 837 862 880 887 894 934 938 993 997 999 1008 1024 1043 1051 1058 1089 1095 
5 9 60 66 83 92 110 111 113 125 128 133 142 236 244 279 290 323 329 340 373 377 399 412 418 439 449 456 457 488 494 502 504 508 537 551 559 570 573 610 623 629 636 646 647 656 680 687 713 720 723 729 743 757 761 771 775 784 800 809 819 824 841 846 867 872 880 881 901 906 915 931 934 936 943 955 959 969 972 973 989 1002 1010 1011 1027 1048 1049 1064 1079 1080 1091 
67 80 121 128 143 153 182 192 213 216 224 238 243 264 267 274 293 297 298 372 373 382 395 407 415 466 472 487 497 516 530 549 554 567 574 605 610 616 635 647 650 659 670 671 672 692 704 710 728 733 768 770 772 775 816 824 830 832 845 854 868 871 883 893 911 917 920 924 932 937 950 952 975 986 990 994 1002 1017 1024 1029 1038 1044 1075 1088 1094 
20 32 59 65 97 100 116 120 125 128 139 141 150 155 158 165 181 185 196 197 233 245 262 264 267 271 272 275 286 293 294 298 342 344 346 356 360 382 394 403 407 414 416 425 447 466 493 501 522 541 599 601 603 620 621 639 640 659 715 721 731 737 781 783 784 785 787 819 824 832 837 839 843 858 868 893 908 909 911 924 928 932 934 937 944 949 963 965 968 971 974 979 986 987 990 1001 1009 1015 1018 1021 1024 1038 1051 1056 1060 1097 
65 66 75 82 99 110 111 113 118 134 142 156 184 199 225 229 241 259 279 284 290 295 313 325 329 340 412 413 421 424 426 449 459 469 475 477 482 512 518 525 551 570 572 577 623 625 628 636 642 646 665 673 682 684 688 690 706 729 743 745 747 757 761 783 802 809 819 820 824 828 838 846 851 852 859 872 881 889 906 911 928 931 936 940 943 954 955 959 973 975 989 1011 1019 1025 1027 1038 1041 1048 1049 1062 1064 1074 1091 1092 
17 23 26 27 58 67 103 113 121 163 186 213 234 267 278 293 297 298 313 320 325 363 368 373 380 383 407 409 435 439 456 462 465 474 475 478 508 518 535 538 539 548 573 574 577 579 590 601 610 628 641 659 667 668 673 690 722 729 745 747 760 768 810 811 819 824 832 841 872 880 902 911 924 927 932 942 955 986 990 994 995 1000 1016 1019 1038 1039 1044 1049 1054 1059 1064 1084 1093 
11 17 31 40 47 48 56 58 72 80 86 93 98 110 111 116 118 123 131 143 153 158 160 163 164 177 178 180 181 190 191 201 205 209 210 215 217 221 223 229 234 241 245 247 251 272 279 282 284 290 295 297 307 312 314 316 328 329 333 334 343 345 359 360 365 367 386 389 391 395 402 405 412 424 426 427 428 431 440 449 452 459 460 463 465 482 483 492 512 517 519 522 525 532 534 561 562 572 576 590 599 604 610 623 624 625 630 631 634 642 648 652 666 667 673 674 682 684 685 688 697 702 707 712 715 724 729 734 743 748 749 751 757 759 761 764 773 780 793 795 801 802 804 806 809 815 828 831 836 838 851 852 854 859 872 876 881 888 891 895 898 906 907 911 922 926 928 936 937 939 940 943 944 956 959 965 967 970 978 984 989 996 1005 1006 1011 1012 1015 1025 1027 1028 1031 1032 1041 1042 1043 1049 1066 1074 1077 1079 1081 1082 1091 1092 
23 24 29 39 50 51 117 122 144 145 154 164 168 206 237 246 247 256 264 296 299 318 379 399 416 417 421 506 546 570 584 596 597 638 643 665 668 671 695 711 716 739 746 752 770 816 833 835 860 868 883 888 923 925 930 935 957 986 991 993 995 1017 1022 1046 1057 1059 1060 1061 1069 1092 
33 46 99 106 126 171 175 186 266 267 291 303 320 368 401 423 467 489 516 546 584 600 655 695 698 726 742 748 755 758 761 766 794 810 813 865 870 880 899 926 948 1005 1032 1051 1062 
2 23 52 62 65 99 106 118 119 126 130 135 166 167 171 175 184 186 214 235 266 268 280 291 301 302 303 315 368 384 401 408 415 423 426 467 468 487 489 500 533 546 556 583 584 595 600 604 637 643 655 668 695 697 698 699 726 736 742 755 761 766 792 794 797 810 813 841 863 865 870 879 884 890 899 913 922 926 944 945 948 968 982 1005 1032 1051 1062 1071 1075 
20 26 32 57 58 59 86 97 105 116 120 130 135 155 158 160 163 166 167 184 185 191 196 205 213 222 227 235 268 272 274 275 278 280 282 284 315 320 334 342 345 346 360 361 383 384 389 409 416 435 439 447 450 460 462 468 483 485 491 501 508 519 522 535 565 579 581 591 593 599 601 621 665 674 678 715 719 722 733 735 736 737 760 772 781 784 787 797 802 808 820 834 836 837 841 844 855 858 863 875 879 884 890 893 899 913 927 934 937 940 942 944 949 950 963 965 968 970 971 972 984 987 990 991 1014 1017 1039 1042 1056 1059 1098 
85 152 240 255 272 308 309 326 394 416 444 445 461 466 501 515 518 528 529 589 601 648 677 718 772 793 798 823 858 895 920 945 963 971 974 999 1024 1035 1078 
8 85 103 121 182 192 216 218 224 238 240 243 255 274 296 309 326 372 394 445 472 487 497 515 516 520 528 549 554 557 567 589 596 605 635 648 650 672 677 692 704 710 721 728 733 772 783 821 823 830 845 854 862 871 888 891 895 908 917 920 930 937 950 952 991 994 997 1000 1002 1030 1044 
5 11 58 61 80 95 125 170 183 201 222 228 236 242 244 292 295 324 328 340 345 354 359 377 395 405 418 435 457 459 482 485 490 491 494 496 502 504 511 537 559 566 570 580 590 593 623 626 629 630 636 647 649 653 656 657 659 673 679 680 686 693 694 703 707 713 719 748 754 759 765 771 775 776 777 784 787 793 801 804 806 807 809 817 819 824 834 842 844 850 855 856 875 896 897 901 902 908 931 940 943 955 963 969 972 973 974 976 978 984 1010 1014 1017 1031 1043 1045 1048 1062 1067 1074 1077 1080 1085 1092 1099 
132 152 188 245 250 281 355 361 380 411 413 454 456 461 496 539 545 550 551 573 582 622 648 652 663 676 690 712 713 716 747 801 823 838 844 857 872 886 914 917 945 977 983 994 1035 1047 1050 1052 1070 1078 
3 6 14 25 69 77 100 115 118 127 129 138 147 149 151 193 203 230 242 247 256 260 263 264 271 281 296 300 308 324 327 343 349 352 359 366 374 379 400 402 422 435 438 473 476 481 484 486 498 521 565 585 594 596 597 599 603 606 611 613 619 630 633 636 643 656 658 660 664 671 692 709 713 714 724 730 739 741 750 758 770 778 788 789 790 801 815 816 817 818 835 847 848 849 851 860 862 864 865 866 868 876 888 893 900 907 910 916 930 931 946 947 953 958 960 966 969 985 996 1002 1006 1019 1023 1026 1038 1040 1046 1057 1060 1061 1085 1087 1094 1095 1100 
23 32 49 68 88 105 120 139 152 155 188 227 233 281 289 335 355 411 429 454 496 501 509 528 545 550 582 601 621 622 663 676 716 729 737 753 762 765 801 823 837 838 849 857 858 914 917 934 945 971 974 977 983 987 990 1035 1047 1050 1052 1055 1067 1070 1078 
9 61 76 82 88 103 119 133 146 170 209 220 225 254 255 270 281 289 316 322 337 340 341 354 364 377 385 386 408 418 436 441 448 457 485 486 493 495 504 511 523 538 544 548 559 563 566 568 579 586 601 608 627 629 630 649 654 656 657 673 674 681 683 686 694 707 726 727 735 744 759 763 765 769 771 775 777 784 796 801 806 819 822 829 834 840 842 844 855 889 901 905 912 919 928 931 955 969 975 976 988 995 1000 1010 1016 1025 1045 1048 1054 1072 1079 1080 1083 1087 1088 1092 1099 
66 75 82 103 110 111 113 163 197 199 254 259 279 290 313 316 325 329 355 359 361 380 412 413 442 449 461 475 477 478 512 518 532 539 551 573 577 628 646 663 665 690 697 713 729 730 743 747 757 773 783 823 838 852 857 872 881 886 906 911 914 936 943 945 959 967 977 989 1011 1019 1027 1035 1049 1054 1064 1070 1078 1082 1091 
95 121 125 134 228 292 324 354 359 364 511 537 626 649 653 657 674 679 686 694 727 765 771 817 842 892 902 976 978 1010 1045 1062 1067 1100 
40 72 88 132 146 152 164 188 208 209 217 250 289 355 361 411 413 456 461 496 545 551 582 595 622 647 663 667 713 801 823 838 844 857 881 886 914 945 963 977 1035 1052 1070 1072 1078 
20 32 59 105 120 155 196 227 233 267 272 298 334 342 348 361 382 407 416 444 447 466 501 509 574 601 614 621 737 762 768 781 783 784 814 832 837 858 883 893 932 934 937 938 963 968 971 974 986 987 991 1017 1018 1024 1038 1089 
34 40 72 88 92 132 137 146 154 164 171 186 195 208 209 213 217 228 254 255 264 278 281 292 293 311 316 322 324 333 346 353 354 373 385 390 397 408 409 413 441 448 457 462 505 511 523 548 561 563 569 579 595 598 608 612 624 640 641 644 647 648 649 653 654 657 667 673 674 681 683 686 694 702 703 705 722 731 744 749 751 760 763 764 769 771 774 780 795 796 805 822 829 840 842 861 881 902 919 927 931 934 942 956 973 976 990 995 1000 1010 1013 1016 1034 1043 1045 1055 1059 1063 1066 1081 1083 1086 1087 
43 96 131 133 148 215 229 245 275 287 304 307 316 351 365 378 382 396 411 431 440 452 458 465 480 484 508 522 532 536 547 575 576 589 632 658 675 678 712 718 734 748 783 785 805 814 825 831 860 881 895 902 1012 1015 1035 1058 1066 1081 1095 
12 65 99 118 141 156 178 215 229 241 245 287 288 307 316 421 424 428 440 452 453 469 525 532 572 576 581 612 625 632 678 682 684 706 712 730 734 764 783 805 810 814 828 831 859 889 902 912 928 931 940 954 992 1007 1025 1038 1041 1062 1066 1081 
10 66 78 88 100 119 139 141 142 150 170 181 185 197 225 261 270 286 324 333 337 341 344 346 356 364 381 386 394 425 432 434 436 445 493 495 540 544 558 568 586 592 603 627 640 650 675 707 726 735 738 806 834 839 844 855 868 889 892 905 908 909 912 919 926 946 949 964 971 974 975 988 989 997 1009 1014 1016 1054 1056 1060 1076 1082 1097 1099 
13 27 30 66 79 108 134 172 219 226 232 242 292 294 317 367 370 387 388 393 410 412 474 507 524 540 546 590 591 593 607 609 661 669 671 689 717 732 733 779 820 830 833 850 873 877 882 889 929 941 961 978 981 985 992 995 1003 1036 1039 1053 1055 1063 1068 1073 1084 1086 1093 
