34 92 137 171 195 208 264 271 281 311 346 397 505 561 598 612 624 640 644 702 703 705 731 749 764 774 780 795 861 956 973 1013 1016 1034 1043 1066 1081 1086 
119 170 225 270 337 386 394 485 544 568 586 627 726 735 889 905 912 919 988 1054 
9 82 220 254 255 316 322 385 408 441 448 523 563 608 654 674 681 744 763 769 796 822 829 840 919 931 1000 1083 1087 
22 94 133 146 161 194 222 239 283 408 442 451 490 542 556 727 853 933 951 1033 
15 19 38 44 54 89 101 159 1039 1054 
49 68 88 155 281 335 429 454 550 582 676 823 849 917 983 990 1047 1050 1052 1055 
36 169 187 319 338 376 456 569 602 617 645 718 753 827 917 
60 83 323 399 456 488 508 687 720 723 800 867 915 1079 
95 121 125 228 292 324 354 359 511 626 649 653 657 674 679 686 694 765 771 842 902 976 1010 1045 1067 
18 84 90 288 310 330 358 363 400 420 430 512 514 549 581 591 680 683 691 725 766 782 825 846 865 878 962 998 1007 1019 
2 25 69 117 230 237 296 299 359 379 399 481 596 597 636 643 671 709 739 770 789 816 835 865 888 908 930 957 1002 1046 1057 1060 1061 1085 1097 
5 61 125 236 244 340 377 418 457 494 502 504 537 559 629 630 636 647 656 775 819 824 901 955 969 972 973 1048 1079 1080 
14 127 129 149 151 256 400 435 473 585 599 611 613 633 692 713 730 788 862 866 893 900 916 996 1006 1019 1023 1026 1040 
67 128 264 293 297 298 373 382 407 466 574 647 659 768 824 832 893 911 924 932 986 990 994 1024 1038 1044 
47 80 143 153 180 201 221 328 331 339 395 463 465 562 610 667 707 724 748 751 793 804 809 856 890 897 1017 1027 1077 1081 
28 37 269 308 362 374 414 433 448 503 526 527 531 555 558 565 578 587 610 618 758 786 812 970 993 
85 240 309 326 445 515 528 589 648 677 823 895 
100 125 141 150 181 185 197 286 294 344 346 356 394 425 493 603 839 868 908 909 949 974 1009 1056 1060 1097 
70 81 103 142 174 176 353 390 446 513 543 552 564 571 604 669 745 821 856 869 891 919 1022 1030 1037 1065 
40 72 88 132 152 164 188 209 217 250 355 411 461 545 595 647 663 667 713 857 881 886 914 945 977 1035 1070 1078 
6 35 179 211 300 304 332 371 375 444 471 512 530 590 670 678 738 794 824 868 925 970 982 989 1028 1029 1060 1073 1088 1094 1095 1098 
139 165 262 263 271 403 448 522 541 620 634 639 721 730 785 843 979 1001 1015 1021 
131 215 245 287 307 365 440 452 522 576 632 678 712 734 805 814 831 881 1012 1015 1066 1081 
45 87 148 157 189 265 466 498 499 666 803 849 918 980 1062 
134 173 251 253 285 321 336 350 392 437 560 615 620 666 696 740 756 815 874 926 994 1004 1018 1066 1090 1096 1100 
8 182 192 216 224 238 243 274 372 472 487 497 554 567 605 635 650 672 692 704 710 728 733 772 830 845 854 871 917 937 950 952 991 994 1002 
244 289 419 443 470 546 580 693 807 812 830 834 864 890 896 
16 109 198 248 259 348 357 398 404 453 479 622 651 669 687 700 790 798 880 887 894 938 999 1008 1024 1058 1089 1095 
20 32 59 105 120 139 155 196 227 233 267 272 275 334 342 361 416 447 466 501 509 601 621 733 737 762 781 784 837 858 893 934 937 971 974 987 1024 
55 73 76 204 347 369 373 509 766 956 1073 
31 56 222 251 367 375 426 431 517 604 685 697 773 802 852 898 911 922 984 1005 1054 1082 
72 86 97 116 158 160 177 191 199 205 282 284 360 389 400 460 483 519 522 581 634 674 715 762 836 937 944 965 970 984 1042 
75 103 113 163 186 197 199 234 313 325 380 413 442 475 477 478 518 539 551 573 577 628 665 690 729 747 783 838 872 1019 1049 1064 
26 213 278 383 409 435 439 462 508 535 548 579 722 729 760 841 902 927 942 990 1039 1059 
183 345 491 566 593 719 754 776 777 787 834 855 856 875 908 963 974 984 1014 1085 
136 252 273 444 520 557 730 808 911 920 1005 1055 
1 4 7 124 207 873 957 
41 63 79 157 172 226 242 305 410 481 540 546 591 607 689 733 779 820 882 1003 1036 1053 1063 1068 1086 
33 46 106 267 291 320 401 423 489 516 794 880 1051 
24 71 104 154 168 276 415 506 595 616 638 746 758 860 868 883 935 1017 1022 1071 1075 
102 140 162 200 306 334 406 442 455 550 551 553 622 662 701 713 791 812 818 885 886 921 978 
112 114 202 231 257 443 464 503 514 529 538 588 604 614 641 646 661 675 687 708 723 767 799 811 903 904 906 1072 1098 
53 62 91 277 301 302 424 450 496 500 510 533 637 668 792 
3 42 138 147 203 242 258 260 263 327 349 352 366 422 438 484 486 498 565 594 606 630 658 724 741 801 817 847 848 849 910 946 953 958 960 966 1095 
43 96 351 378 396 458 480 536 547 575 895 1015 
17 27 30 108 219 232 288 317 367 370 387 388 393 474 507 524 590 609 717 732 850 877 929 941 961 978 981 985 992 995 1039 1084 1086 1093 
52 99 126 175 214 266 303 368 408 467 546 584 595 600 655 695 698 726 742 755 761 794 810 813 865 870 948 1032 1051 1062 
64 65 74 107 193 218 249 294 478 498 514 599 614 634 664 674 692 783 826 898 920 997 1020 
110 279 290 329 412 449 743 757 906 936 943 959 1011 1091 
13 57 130 135 166 167 184 235 268 280 315 384 468 665 699 736 797 863 879 884 890 899 913 944 968 
23 29 39 50 51 122 144 145 206 247 318 417 421 570 665 711 716 752 833 923 991 995 1017 1022 1069 
10 66 78 139 170 261 333 341 364 381 432 434 436 495 592 675 834 844 892 926 964 975 989 1076 1097 1099 
12 118 156 178 241 428 469 525 532 572 625 682 684 706 859 928 954 1025 1041 
11 58 111 229 295 405 424 459 482 590 623 642 667 673 688 759 801 806 828 838 851 881 940 1031 1074 1092 
21 77 115 246 443 476 521 619 660 714 750 778 864 886 947 
48 93 98 123 190 210 212 223 297 312 314 343 391 402 427 492 503 534 539 583 630 631 642 652 876 907 939 967 1027 
