0	1	50.7099	11	
0	2	77.0764	16	
0	3	229.458	49	
0	5	148.723	34	
0	6	77.9879	18	
0	7	3.85289	1	
0	8	23.0592	5	
0	9	4.68913	1	
0	10	19.3261	5	
0	12	3.21079	1	
0	13	4.14141	1	
0	14	48.8069	9	
0	15	31.2237	6	
0	16	4.71643	1	
0	17	11.8496	2	
0	18	2.38649	1	
0	20	16.5309	3	
0	21	21.8437	4	
0	23	10.8082	2	
0	24	60.402	12	
0	25	10.218	2	
0	26	23.2909	6	
0	27	35.4087	7	
0	28	6.76626	1	
0	29	20.1701	5	
0	30	47.2154	10	
0	31	6.17112	2	
1	2	52.904	12	
1	3	103.962	23	
1	4	28.9519	7	
1	5	276.823	61	
1	6	170.858	36	
1	7	17.8274	4	
1	8	36.9054	7	
1	9	36.2716	8	
1	10	14.1876	4	
1	11	25.5964	5	
1	12	10.4908	3	
1	13	5.34096	1	
1	14	73.1697	16	
1	15	13.9322	3	
1	16	10.7642	2	
1	17	14.4973	3	
1	18	18.7533	4	
1	19	3.35658	1	
1	20	60.0246	13	
1	21	99.5798	20	
1	23	67.1395	15	
1	24	14.889	3	
1	25	38.6587	8	
1	26	36.8044	8	
1	27	24.8726	5	
1	28	29.9823	5	
1	29	81.4611	17	
1	30	20.2734	5	
1	31	6.97635	2	
2	3	238.451	50	
2	4	33.799	9	
2	5	346.443	76	
2	6	169.07	38	
2	8	50.708	11	
2	9	46.1459	10	
2	10	2.82175	1	
2	11	63.1996	13	
2	12	17.1066	4	
2	13	30.177	7	
2	14	91.8188	19	
2	15	49.1904	10	
2	16	17.2512	4	
2	17	44.7503	9	
2	18	25.2985	6	
2	19	28.0119	7	
2	20	40.5861	9	
2	21	22.0952	5	
2	22	3.48191	1	
2	23	2.86454	1	
2	24	37.6645	8	
2	25	13.4692	3	
2	26	34.3077	7	
2	27	62.7832	15	
2	28	63.5789	14	
2	29	28.2015	6	
2	30	51.9902	12	
2	31	46.762	10	
3	4	83.5266	17	
3	5	565.913	122	
3	6	588.478	126	
3	8	75.9287	16	
3	9	65.481	14	
3	10	24.6132	6	
3	11	146.084	32	
3	12	60.0814	14	
3	13	57.2495	13	
3	14	97.0115	21	
3	15	98.1536	22	
3	16	41.6048	10	
3	17	110.049	23	
3	18	17.4654	4	
3	19	56.0338	13	
3	20	67.4285	14	
3	21	133.956	30	
3	22	48.7418	10	
3	23	60.7744	14	
3	24	122.077	26	
3	25	96.5226	21	
3	26	94.115	21	
3	27	91.8963	19	
3	28	68.4817	15	
3	29	18.3101	5	
3	30	80.4587	20	
3	31	92.8177	21	
4	5	95.7409	21	
4	6	53.6839	10	
4	8	33.2896	8	
4	9	4.29463	1	
4	11	5.88328	1	
4	12	14.9891	4	
4	13	39.7927	7	
4	14	50.7178	10	
4	15	8.77365	2	
4	16	5.78567	1	
4	17	21.5061	5	
4	18	46.3016	10	
4	20	29.5694	6	
4	21	28.0393	6	
4	22	22.9601	5	
4	23	44.2264	9	
4	24	20.0894	5	
4	25	5.82751	1	
4	27	5.35005	1	
4	28	48.2843	10	
4	29	26.0184	6	
4	30	17.0618	4	
4	31	2.07773	1	
5	6	546.312	119	
5	7	14.8488	5	
5	8	140.243	30	
5	9	100.01	23	
5	10	7.02907	2	
5	11	112.638	25	
5	12	36.269	9	
5	13	65.875	14	
5	14	65.2059	13	
5	15	58.5865	15	
5	16	33.0597	7	
5	17	51.8976	10	
5	18	36.2043	8	
5	19	82.6124	17	
5	20	167.698	33	
5	21	80.04	17	
5	22	6.61261	2	
5	23	88.798	19	
5	24	157.273	32	
5	25	86.9234	18	
5	26	76.6619	16	
5	27	59.8103	15	
5	28	83.5752	18	
5	29	94.7614	19	
5	30	138.275	33	
5	31	98.7983	21	
6	8	116.024	25	
6	9	29.1199	6	
6	10	16.6924	4	
6	11	76.2309	16	
6	12	6.76187	2	
6	13	45.9211	11	
6	14	100.916	25	
6	15	56.189	11	
6	16	26.2043	7	
6	17	38.0593	8	
6	18	34.473	8	
6	19	27.9284	6	
6	20	85.2568	19	
6	21	64.8585	14	
6	22	43.5823	9	
6	23	70.4136	16	
6	24	56.5129	12	
6	25	73.6593	15	
6	26	62.9596	16	
6	27	62.3095	14	
6	28	45.4404	12	
6	29	56.0479	14	
6	30	86.0242	19	
6	31	88.9718	19	
7	8	22.4105	5	
7	10	11.727	3	
7	11	25.6439	5	
7	15	4.59035	1	
7	17	9.47506	2	
7	23	20.8143	4	
7	24	20.5535	4	
7	26	4.50641	1	
7	27	5.87142	1	
7	28	23.5988	5	
7	31	26.7898	5	
8	9	46.1965	9	
8	10	5.78353	1	
8	11	65.1881	14	
8	12	2.71145	1	
8	13	47.2912	10	
8	14	14.0953	3	
8	15	10.7923	3	
8	16	4.90555	1	
8	17	21.745	5	
8	20	27.5132	6	
8	21	10.7736	2	
8	23	11.5708	2	
8	24	4.2944	1	
8	25	5.77982	1	
8	26	6.9641	2	
8	27	29.5173	7	
8	28	10.4959	3	
8	29	22.3213	5	
8	30	29.8079	6	
8	31	4.8533	1	
9	11	4.11656	1	
9	16	11.3065	2	
9	17	3.19796	1	
9	20	3.56313	1	
9	25	6.55283	1	
9	26	6.50148	2	
9	27	7.96983	2	
9	29	34.291	7	
9	30	43.2741	9	
9	31	27.7816	6	
10	17	16.4011	4	
10	20	3.36423	1	
10	21	2.29583	1	
10	23	4.58192	1	
10	29	4.2179	1	
10	30	5.15417	1	
10	31	4.03671	1	
11	12	14.5951	4	
11	13	20.4226	5	
11	14	25.5206	5	
11	16	20.2001	4	
11	17	4.73257	1	
11	18	0.627256	1	
11	19	4.19678	1	
11	20	4.90841	1	
11	22	22.7209	5	
11	23	27.2093	5	
11	26	26.9483	6	
11	27	2.47609	1	
11	28	32.396	6	
11	29	19.4624	4	
11	30	27.3477	6	
11	31	44.1707	9	
12	13	17.0163	4	
12	14	18.8248	4	
12	16	18.2649	4	
12	17	19.484	4	
12	20	37.3859	8	
12	21	24.9909	6	
12	22	16.7615	4	
12	23	5.22527	1	
12	27	20.9597	4	
12	28	14.5616	3	
12	29	5.02404	1	
13	14	25.623	5	
13	15	23.426	5	
13	17	18.4339	4	
13	18	7.19803	2	
13	19	2.05765	1	
13	20	27.6393	5	
13	21	8.76803	2	
13	22	3.78105	1	
13	23	7.72728	2	
13	25	26.3894	5	
13	27	22.7916	5	
13	29	5.44462	1	
13	31	30.8698	6	
14	15	23.4785	4	
14	17	13.806	3	
14	18	4.97061	1	
14	20	18.599	5	
14	21	5.77702	1	
14	22	4.69032	1	
14	23	27.8789	6	
14	24	5.06358	1	
14	25	25.615	5	
14	26	33.7939	8	
14	27	4.10778	1	
14	28	32.3649	7	
14	29	12.6515	3	
14	30	51.4012	11	
14	31	24.7529	5	
15	16	21.2798	5	
15	17	6.2322	2	
15	18	24.9361	6	
15	20	15.9945	4	
15	21	23.102	5	
15	23	14.4602	3	
15	24	19.4122	4	
15	25	31.8041	6	
15	26	34.0363	7	
15	27	29.7611	7	
15	28	7.57568	2	
15	29	0.555564	1	
15	30	2.8375	1	
16	21	21.5721	5	
16	22	4.10168	1	
16	24	4.6873	1	
16	25	6.01319	1	
16	26	17.5064	5	
16	28	34.29	7	
16	29	20.9622	4	
16	30	6.10449	2	
16	31	8.27868	1	
17	18	4.64171	1	
17	19	12.0355	3	
17	20	38.8803	8	
17	21	24.273	5	
17	22	4.67677	1	
17	24	5.35439	1	
17	25	10.3601	3	
17	26	28.7653	6	
17	27	22.8482	5	
17	28	28.9271	6	
17	29	12.2095	3	
17	30	10.759	2	
17	31	35.404	7	
18	19	18.8772	4	
18	23	28.3575	6	
18	24	5.16915	1	
18	25	4.66417	1	
18	26	4.72476	1	
18	30	12.897	3	
19	24	4.10603	1	
19	26	22.3752	5	
20	21	24.1676	5	
20	25	6.18583	1	
20	26	31.9583	6	
20	27	44.2471	10	
20	28	5.27355	1	
20	29	16.5116	3	
20	30	24.0126	5	
20	31	28.0429	6	
21	22	39.6865	9	
21	23	4.44212	1	
21	24	19.5457	4	
21	26	6.47479	2	
21	27	21.2191	4	
21	29	41.8648	8	
21	30	6.127	1	
21	31	22.5666	5	
22	26	12.6564	3	
22	27	15.0707	4	
22	28	13.9691	4	
22	30	15.5154	4	
22	31	14.7886	3	
23	24	28.1421	7	
23	26	28.4864	6	
23	27	20.2241	4	
23	28	25.1844	6	
23	29	5.8238	1	
23	30	4.45182	1	
23	31	45.4803	9	
24	25	20.6549	5	
24	27	53.1764	11	
24	28	7.21045	2	
24	29	6.06297	1	
24	31	35.36	7	
25	26	20.0417	4	
25	27	42.0014	9	
25	29	47.7512	10	
25	30	23.4851	5	
25	31	18.6948	4	
26	27	6.18686	1	
26	29	28.5549	7	
26	31	9.39549	2	
27	28	12.4697	2	
27	29	47.311	10	
27	31	25.3129	6	
28	29	36.923	8	
28	31	6.01918	1	
29	30	4.89119	1	
29	31	6.74673	1	
30	31	23.8882	6	
