30 42 126 129 131 132 148 165 184 197 210 223 245 250 252 262 271 273 274 293 297 301 302 305 331 338 351 369 389 398 423 431 436 456 457 461 482 505 506 517 544 555 559 572 573 579 584 589 591 620 662 665 
42 60 63 77 79 92 99 131 153 174 193 204 223 239 246 254 283 292 296 321 325 334 360 377 379 417 436 439 459 507 514 525 536 546 558 561 582 600 603 627 630 637 640 645 653 663 664 675 682 689 
69 71 72 81 96 102 118 128 162 195 212 215 227 232 243 245 246 249 263 265 284 294 310 317 324 337 349 351 354 356 374 392 402 403 407 411 429 442 445 447 455 466 471 473 474 478 508 511 519 521 536 539 540 549 560 571 574 580 581 589 602 606 607 609 613 627 636 647 649 660 668 670 689 699 
1 10 22 29 31 32 35 37 38 41 48 50 55 61 78 80 82 90 98 101 108 109 111 114 123 131 134 145 148 150 151 155 159 161 163 165 171 173 177 180 182 184 188 190 192 194 197 198 200 201 210 215 224 229 233 235 240 247 255 257 266 272 273 286 288 290 294 299 300 302 309 324 331 345 346 351 355 356 367 369 373 376 381 383 385 389 390 394 400 406 411 412 413 419 426 428 432 442 447 452 455 461 462 468 469 473 475 478 479 484 496 499 514 524 527 533 534 535 537 541 542 543 547 559 561 569 570 578 584 590 591 597 600 601 607 610 621 623 624 626 632 639 651 653 655 659 661 666 670 671 675 680 690 698 699 700 
4 25 27 39 46 65 76 89 92 93 104 106 111 113 116 122 135 152 158 170 176 180 181 186 191 198 211 213 223 231 237 244 259 269 272 279 281 313 319 320 333 339 343 350 358 364 372 375 382 387 414 416 420 421 425 435 439 453 463 476 483 485 503 510 512 515 517 520 526 529 530 537 545 550 551 567 585 602 604 624 628 650 656 661 667 679 682 
13 25 27 40 47 84 93 101 104 106 111 114 116 119 122 131 135 141 158 174 176 177 180 181 186 188 189 190 200 211 213 214 219 238 244 259 269 272 279 287 331 333 338 339 343 350 364 366 369 375 382 387 396 397 418 420 421 435 443 453 462 463 485 487 489 503 510 515 517 520 526 529 530 537 545 550 578 602 609 618 624 626 628 636 637 655 679 682 
24 43 45 56 58 59 63 69 70 71 72 78 90 95 96 118 127 128 137 149 156 160 166 167 172 195 197 207 212 214 219 226 227 232 234 238 243 245 246 249 263 265 296 310 317 327 333 340 341 344 349 353 354 356 357 374 378 396 402 403 407 415 439 444 445 451 466 470 471 473 474 492 507 508 521 522 535 539 540 555 562 571 574 580 586 587 598 599 603 606 609 613 615 617 627 631 632 635 647 648 649 660 668 672 676 689 693 697 
7 10 11 22 32 33 38 40 44 46 51 58 65 69 83 90 103 105 109 111 112 121 123 135 145 155 161 166 169 171 192 194 208 212 215 219 225 227 229 233 235 237 246 247 256 259 264 267 268 269 272 277 288 294 302 309 311 312 313 319 333 343 350 351 353 356 358 359 364 367 376 380 392 405 411 412 426 447 453 455 458 463 464 476 478 479 484 485 486 487 496 501 529 533 535 543 553 555 557 561 569 570 573 574 588 595 601 604 607 609 619 626 628 631 632 634 642 646 649 650 652 656 659 662 667 670 671 675 680 682 698 699 
16 17 44 58 59 61 66 67 84 94 98 113 126 128 130 140 142 156 167 168 169 188 191 192 194 195 214 224 230 232 236 243 258 262 271 280 294 300 301 308 310 314 322 324 327 333 335 338 341 347 348 369 370 371 373 391 402 403 428 436 442 449 456 470 474 476 477 482 484 485 488 489 490 493 497 506 510 511 521 532 539 542 544 547 548 549 552 555 566 567 571 573 574 576 579 586 591 606 607 608 613 615 619 626 637 639 649 651 655 656 658 668 672 676 681 686 693 695 699 
55 62 82 87 98 124 154 163 178 179 205 228 251 257 281 295 328 329 397 404 422 427 434 440 465 472 481 506 548 552 583 593 605 651 654 655 661 674 685 692 
29 62 70 75 84 114 125 177 188 190 200 201 224 230 247 269 271 288 290 294 300 331 338 345 366 369 394 406 424 425 462 469 489 532 578 584 592 620 626 637 655 661 675 
30 42 48 71 129 131 132 150 162 197 198 201 210 215 235 245 248 252 262 266 273 274 288 293 297 299 301 302 305 326 338 345 351 390 398 400 407 413 419 423 431 432 442 452 457 468 475 482 496 499 505 517 521 527 534 539 541 544 560 572 582 583 584 589 600 610 621 623 653 659 662 665 666 675 683 693 696 
31 35 48 66 78 100 113 134 150 168 173 198 201 229 233 247 255 266 273 288 299 302 320 324 345 346 348 351 376 383 385 390 400 413 419 424 432 452 468 475 496 499 514 527 534 537 541 547 552 562 567 590 597 600 601 608 610 616 621 623 626 653 659 666 673 675 696 700 
25 45 47 56 59 61 72 75 81 88 91 96 97 102 118 127 128 137 148 154 156 160 162 167 172 184 189 197 207 212 214 215 216 226 232 234 243 245 263 271 277 284 285 300 307 308 310 313 316 320 327 333 341 344 349 354 372 374 378 381 385 396 403 407 408 414 415 428 429 442 443 444 447 448 449 466 470 471 473 474 483 485 490 492 498 499 500 508 511 522 529 539 549 555 560 562 564 571 573 576 580 581 586 592 597 599 613 615 616 619 635 638 642 648 649 653 656 668 672 676 683 684 686 688 689 691 693 
16 21 37 54 60 63 73 92 110 115 120 136 151 163 185 191 203 217 223 231 234 278 286 289 292 318 325 326 327 338 351 354 355 363 374 381 393 406 407 410 413 416 427 429 450 458 491 504 513 516 532 544 553 554 563 583 595 620 633 638 664 669 696 
12 16 24 31 39 46 52 53 58 60 65 76 86 87 102 111 122 124 135 144 158 160 170 184 187 195 208 220 237 239 248 259 272 310 315 319 320 323 326 332 333 343 350 358 364 372 376 384 404 408 412 416 417 420 425 433 434 435 453 465 475 476 485 494 500 503 509 515 520 548 551 560 582 585 597 602 628 634 641 643 644 650 656 667 674 682 683 684 690 692 696 700 
28 43 49 57 58 68 70 74 75 78 88 95 96 97 110 127 147 149 166 167 172 189 195 197 203 216 219 223 240 246 249 254 258 263 265 276 285 289 290 296 303 306 317 318 327 336 338 344 362 378 387 396 401 408 414 428 440 443 445 448 451 453 459 464 466 467 470 471 473 483 487 492 498 500 507 509 511 513 540 544 555 560 562 563 574 580 586 587 589 592 596 599 603 609 612 615 616 618 620 624 627 631 635 639 643 646 647 651 660 672 676 677 682 687 688 689 691 
12 20 24 31 37 45 53 60 63 69 71 81 86 87 102 108 110 115 118 124 127 128 144 156 160 162 172 178 179 182 184 185 187 203 205 207 212 215 220 223 226 227 228 232 234 242 248 256 273 276 278 284 295 299 310 315 318 320 326 327 332 333 340 341 343 349 351 354 357 362 363 368 372 374 378 383 384 390 393 396 397 401 403 408 410 413 415 416 417 419 422 427 429 433 434 440 441 442 444 447 467 468 470 474 487 491 492 494 496 499 500 502 503 504 511 513 518 522 527 534 536 539 544 549 553 555 560 562 563 581 582 583 585 586 593 595 596 597 599 605 606 608 610 611 614 615 620 626 629 632 633 638 641 643 644 648 653 654 659 663 668 669 672 674 675 677 683 684 685 689 690 692 693 696 698 699 700 
8 23 28 34 39 43 47 50 52 57 58 65 68 70 74 78 95 96 107 110 111 113 117 122 135 137 139 143 146 147 152 166 181 189 195 208 211 213 219 221 225 226 227 235 237 246 249 255 259 263 265 267 287 288 296 297 304 313 317 323 326 333 340 341 344 349 350 361 382 387 389 395 404 412 416 425 430 435 438 445 451 452 453 457 461 463 466 471 475 490 492 494 501 503 504 506 507 511 515 520 530 540 551 556 574 580 587 598 599 602 604 609 618 619 622 624 627 631 635 636 639 642 647 650 657 660 661 671 676 682 687 688 
2 9 11 13 20 25 27 28 33 39 42 49 57 75 79 83 88 91 93 97 99 100 102 103 104 106 112 116 119 120 121 136 138 156 159 163 174 176 180 181 184 186 191 193 194 213 216 221 227 231 238 239 242 244 248 253 254 257 260 261 268 271 277 279 282 285 287 290 292 295 296 298 309 313 314 317 320 321 325 330 334 339 342 343 355 359 360 365 368 372 373 377 379 381 382 385 387 388 389 401 405 408 414 421 424 425 430 435 439 440 441 442 443 446 448 453 457 458 459 461 463 464 467 469 475 477 479 480 483 486 487 494 498 500 501 510 512 517 518 519 520 525 526 528 530 533 536 537 538 545 546 550 554 556 557 558 559 564 588 592 596 598 600 602 604 607 611 614 616 618 619 624 625 630 635 636 638 639 640 641 642 643 645 646 652 657 658 663 669 673 678 679 680 688 689 691 694 697 
12 15 23 70 75 84 108 117 125 133 150 156 170 173 177 200 220 224 236 240 254 256 264 269 270 276 303 306 313 319 342 352 358 362 366 369 383 394 399 401 404 406 409 431 437 440 446 461 465 467 509 518 524 525 559 575 578 582 583 584 589 592 593 596 603 614 618 629 634 637 643 655 656 657 661 662 669 674 677 679 684 692 700 
16 37 60 73 92 110 120 136 158 174 183 185 203 217 223 231 234 252 260 278 282 289 318 330 355 363 388 393 402 405 406 410 416 427 429 491 513 516 518 519 528 538 553 563 565 573 583 595 620 625 633 638 640 660 663 664 678 686 700 
19 42 64 82 98 102 120 136 138 141 148 151 153 159 163 164 183 191 194 196 206 216 222 241 242 258 260 275 281 282 283 291 298 301 309 330 331 342 373 375 379 386 388 405 428 436 439 446 450 459 460 472 493 495 502 512 522 523 528 538 546 547 548 552 565 574 594 608 619 625 630 641 651 654 665 669 673 678 680 697 
16 37 54 60 63 73 92 98 110 114 115 136 148 159 163 172 174 182 184 185 190 191 203 217 221 223 234 257 278 281 286 289 291 314 318 338 348 354 355 363 373 389 393 406 416 421 427 429 450 459 491 492 497 504 513 516 528 547 552 553 563 573 578 583 585 595 607 620 633 638 646 651 660 664 669 689 697 
21 28 36 37 40 53 54 60 63 73 79 83 100 101 105 109 110 135 145 151 155 157 158 169 170 172 185 189 194 203 214 217 223 234 235 237 238 244 253 261 270 272 278 288 289 302 303 313 318 337 338 339 345 348 354 356 357 362 363 379 380 381 392 393 410 411 416 424 426 441 447 451 452 454 469 480 485 491 500 510 513 514 516 526 534 537 541 544 545 553 554 557 559 563 569 570 574 578 583 584 585 590 595 601 611 612 617 620 621 624 628 633 638 650 652 653 659 664 665 670 678 680 687 688 691 694 697 698 
25 39 42 45 69 71 72 79 81 86 90 99 102 118 120 128 136 138 144 156 160 162 174 187 193 204 212 214 215 217 231 232 239 242 243 248 249 252 254 260 282 284 292 298 309 310 312 315 317 321 325 327 328 330 333 334 337 342 349 352 354 357 360 365 372 374 379 384 388 402 403 405 407 408 415 421 430 433 434 439 442 443 459 463 474 477 491 499 508 511 512 514 519 521 522 525 528 536 538 539 546 549 550 558 565 571 581 582 597 598 600 603 606 607 613 625 630 637 640 641 644 645 649 663 668 669 672 673 678 684 690 697 700 
18 32 38 44 66 67 72 84 85 88 94 105 113 126 130 140 142 145 147 155 168 177 190 192 194 196 218 230 233 236 241 250 258 268 280 284 288 291 301 308 331 335 347 348 356 366 369 370 371 373 397 404 405 418 426 438 445 447 450 455 456 462 469 472 477 478 484 488 489 497 502 506 523 531 532 544 545 561 566 567 570 573 576 577 579 584 591 607 608 612 618 635 645 658 670 676 679 680 686 695 698 
9 11 28 33 34 36 39 40 47 50 51 57 63 70 78 79 83 95 96 100 101 103 108 112 117 121 133 139 143 147 152 157 164 166 173 181 189 195 196 199 208 209 211 213 216 219 225 238 247 253 256 257 261 263 264 265 267 268 270 277 287 296 297 304 307 311 312 316 317 323 333 337 339 340 353 359 361 377 379 380 381 382 387 393 395 399 404 409 410 412 424 425 428 430 432 435 437 439 445 451 453 454 457 458 464 465 466 469 471 473 475 479 480 485 486 487 490 500 501 504 507 510 520 524 533 547 551 554 556 557 562 574 575 580 587 588 595 597 598 603 604 609 611 614 617 618 619 621 622 624 627 629 631 635 636 639 642 647 652 655 657 660 669 670 671 674 675 679 684 689 690 694 697 
3 5 6 13 15 20 24 25 27 28 29 30 31 36 43 44 49 55 56 61 62 66 67 74 75 77 82 83 86 87 88 89 91 93 94 97 98 100 101 102 104 106 108 113 114 116 119 124 125 126 127 130 131 137 140 144 145 147 149 150 151 154 156 163 166 167 168 172 175 176 178 179 180 183 184 185 186 187 188 189 192 198 200 202 205 206 210 213 214 215 216 218 220 222 224 226 227 230 236 238 240 244 245 248 250 251 253 255 256 258 261 262 265 266 269 270 271 274 275 276 277 279 280 281 285 290 293 294 295 297 299 301 302 303 305 306 307 313 315 320 322 327 329 335 336 337 338 339 340 341 344 345 346 348 351 356 362 366 368 370 371 378 379 380 381 383 384 385 386 390 396 397 398 399 400 401 404 405 406 408 409 413 414 415 416 417 418 419 423 424 431 432 433 434 436 437 439 440 441 443 444 446 447 448 452 456 457 460 461 462 463 464 465 467 468 469 470 471 475 477 480 481 482 483 484 487 489 492 493 494 495 496 497 498 499 500 501 505 506 509 510 517 518 521 522 524 526 527 529 530 531 532 534 536 537 540 541 544 545 548 552 555 559 560 561 562 564 565 566 567 568 572 573 577 578 579 582 583 584 585 586 589 591 592 593 594 596 599 603 605 607 608 609 610 612 614 615 616 617 620 621 623 626 629 634 637 643 646 647 648 649 651 652 653 654 655 656 657 658 660 661 662 665 666 668 669 670 672 674 675 676 677 679 683 685 688 689 690 691 692 693 694 695 696 697 698 699 700 
9 14 17 21 44 55 59 62 68 71 81 82 88 95 97 98 118 121 124 142 148 151 152 154 156 159 163 164 165 178 179 181 184 189 191 194 197 205 212 215 216 219 221 228 232 246 251 257 264 267 280 283 284 285 286 291 295 300 308 310 311 314 316 322 328 329 336 337 347 355 359 372 373 374 389 391 397 403 408 414 421 422 428 429 436 442 443 445 447 448 449 450 451 458 461 464 470 474 476 479 481 483 486 488 490 497 498 506 521 532 533 539 542 547 548 549 552 559 564 566 571 573 574 576 580 581 586 588 593 595 597 603 605 606 607 608 611 613 616 619 631 636 642 646 651 654 656 668 681 685 686 688 692 697 
5 6 12 15 20 23 31 39 47 48 49 52 53 57 62 65 84 86 89 107 108 111 117 122 124 125 133 138 139 143 146 150 156 173 178 179 181 184 189 190 196 198 199 200 205 208 209 211 213 220 221 224 228 237 240 251 254 255 256 259 271 273 276 280 285 287 290 294 295 300 301 303 304 306 310 313 315 319 320 323 326 328 329 333 336 338 340 342 349 351 352 358 361 362 364 368 369 371 372 375 382 383 384 387 390 395 397 399 401 404 406 408 409 412 419 420 422 424 425 430 431 433 434 435 437 438 440 441 444 446 453 457 461 463 464 465 467 475 482 485 487 491 494 496 499 501 504 506 509 518 520 521 524 525 529 532 534 536 541 544 551 554 556 559 560 566 567 575 578 582 583 585 593 596 597 598 602 603 604 608 610 612 614 618 621 622 623 624 626 627 628 629 634 636 637 639 641 643 646 649 653 654 655 656 657 661 662 666 667 669 674 675 677 680 682 683 684 685 687 689 690 692 696 698 700 
7 10 22 31 32 34 37 38 41 49 50 67 69 71 80 81 85 90 101 105 109 112 123 128 134 145 155 161 162 169 171 180 182 192 201 215 227 229 232 233 235 240 243 247 254 260 288 290 294 309 310 311 312 314 324 330 336 349 350 351 356 362 367 368 372 374 376 381 384 385 392 401 402 403 405 407 408 411 412 417 426 429 433 441 447 455 474 478 479 486 487 494 496 508 509 511 518 519 521 528 531 535 536 539 543 549 552 553 561 563 569 570 571 579 581 582 588 590 596 597 601 602 606 607 613 626 632 634 643 644 646 648 649 653 659 662 669 670 671 672 675 677 680 683 686 690 695 698 699 700 
2 4 13 16 46 52 53 65 67 72 76 85 89 102 107 111 114 120 126 130 136 138 139 140 143 146 147 152 163 170 177 191 192 194 196 198 199 208 209 218 221 231 237 240 242 249 250 254 257 261 267 268 269 271 272 273 282 284 289 295 298 309 314 317 319 323 328 332 335 336 339 340 342 343 349 350 355 358 361 362 364 365 368 375 388 389 395 412 414 418 420 438 439 440 441 453 456 458 469 476 477 485 487 491 494 503 504 506 512 515 519 528 529 531 532 536 538 546 550 551 554 556 561 577 579 585 591 596 598 604 605 612 614 622 625 627 640 641 646 656 658 661 663 667 673 678 679 687 695 
21 26 28 33 36 40 48 51 53 63 76 77 79 83 100 101 103 111 112 121 122 135 141 148 149 157 163 164 165 170 172 175 183 184 197 198 202 206 212 214 219 222 225 237 238 241 253 257 259 261 264 266 267 268 270 275 277 283 307 311 312 313 314 316 318 337 343 350 353 355 357 358 359 364 375 379 380 381 386 389 410 412 416 420 424 437 441 450 451 454 457 458 460 461 463 464 468 469 476 479 480 485 486 487 491 493 495 500 501 503 510 515 529 532 533 542 554 557 559 565 568 569 574 576 588 594 602 611 617 619 621 628 632 637 642 650 652 656 667 672 678 682 685 687 691 694 699 
