1 324 41 590 50 601 90 671 
64 291 196 281 330 523 522 141 331 241 19 502 472 153 283 
648 137 396 24 415 160 167 555 172 45 562 693 56 444 327 207 341 470 599 226 615 492 378 127 
512 640 388 260 519 136 138 528 405 663 538 282 673 546 678 298 42 439 342 120 102 231 365 625 242 248 
397 654 154 422 295 685 178 179 692 55 62 328 329 205 593 87 605 481 228 251 124 
320 641 417 326 582 585 683 12 333 144 560 220 372 700 
2 139 395 143 146 551 556 687 52 438 65 323 199 332 208 209 340 598 89 604 349 361 107 622 504 506 
450 547 421 165 542 197 389 461 14 148 373 697 221 286 159 
647 263 265 147 660 540 166 296 43 58 317 445 451 580 195 68 70 74 587 78 466 471 344 473 219 95 96 609 627 631 249 507 
514 645 360 459 204 77 558 174 239 436 630 246 254 
608 258 3 484 676 230 66 168 552 236 370 371 567 280 348 94 
13 526 530 279 537 25 27 545 550 679 176 180 313 186 463 339 93 104 106 116 244 119 510 
129 131 132 517 262 398 274 662 665 30 293 423 297 301 305 572 589 210 338 482 245 505 252 
225 642 164 359 264 103 619 268 588 533 311 121 479 
322 548 391 681 586 300 686 142 566 59 
515 4 259 135 650 269 272 529 667 420 170 682 46 319 76 343 602 476 350 375 485 358 364 237 111 113 628 503 122 
390 383 653 527 400 273 150 534 666 541 413 35 419 299 302 48 432 696 452 198 468 346 475 610 621 623 496 499 255 
643 5 6 518 646 271 401 276 20 536 290 677 303 559 689 49 306 440 441 446 336 467 596 614 487 362 240 368 509 
128 649 521 402 403 407 539 668 284 162 549 310 442 571 69 581 71 81 212 215 474 606 613 232 243 118 374 508 511 
387 8 520 287 34 39 425 430 47 304 435 181 57 453 457 211 213 618 624 501 635 636 382 639 
386 266 275 149 26 672 416 175 307 565 183 568 202 460 206 594 222 493 495 379 
256 133 524 15 399 657 656 404 23 409 669 674 173 431 437 575 465 603 352 108 629 117 634 
32 227 229 455 7 680 169 235 171 109 411 22 632 569 699 478 543 
134 10 659 535 412 31 161 675 309 182 201 80 597 233 367 626 247 376 123 
288 356 38 351 392 105 426 607 145 570 698 155 670 447 
448 97 483 688 498 216 285 443 189 
513 516 393 16 278 664 158 289 37 553 427 429 563 54 185 60 318 63 583 73 203 595 217 92 223 354 234 491 363 620 110 115 633 638 
257 98 355 163 651 82 532 21 151 152 314 191 
353 33 486 40 9 458 11 267 557 112 464 51 312 316 
480 100 261 454 424 554 652 238 270 337 381 691 83 500 410 380 253 574 
384 644 684 187 494 433 690 434 53 86 315 
130 140 18 531 658 544 418 44 561 695 192 577 67 579 456 72 335 591 85 218 477 612 497 250 126 
394 655 661 406 29 294 177 188 190 578 200 584 75 462 84 469 345 224 489 366 369 114 125 637 
576 449 194 488 490 428 17 308 347 573 
385 408 616 592 564 277 184 88 91 156 61 414 
611 36 357 101 617 79 694 214 28 157 
193 321 99 292 325 525 334 600 377 
