19 53 88 89 121 145 150 159 189 218 238 258 260 294 306 318 340 353 386 390 395 405 406 496 499 540 579 584 601 602 626 694 
4 12 25 40 42 52 57 68 74 80 81 89 119 124 171 180 185 221 237 241 255 256 263 271 276 282 297 302 330 338 352 372 375 379 385 394 403 405 411 424 438 444 457 459 463 480 493 503 505 549 579 599 606 616 630 635 640 659 671 699 
75 84 87 113 151 164 187 197 199 217 294 305 325 327 420 490 535 542 545 547 626 
17 70 72 83 101 133 140 170 195 215 242 278 314 336 344 406 481 487 504 518 610 616 690 696 
7 13 16 30 59 62 87 116 118 149 168 185 188 193 244 296 297 326 336 338 352 361 365 366 375 379 407 408 411 434 440 453 454 476 483 491 493 514 524 534 538 549 570 599 643 648 650 671 686 
2 6 21 25 26 27 36 38 46 54 55 64 69 71 75 78 85 97 98 99 104 105 109 110 114 115 130 132 137 138 139 145 148 153 155 156 158 159 166 170 174 189 190 192 193 208 214 220 221 228 235 237 244 257 262 268 273 281 292 309 312 313 316 321 337 345 349 351 353 358 359 370 383 385 387 398 409 425 428 436 444 445 446 449 451 468 473 478 499 500 508 509 511 515 523 536 542 545 553 561 572 574 581 583 590 592 593 594 595 596 603 608 620 622 636 637 642 646 652 658 660 663 674 676 684 688 690 695 698 
10 33 35 39 59 69 72 75 90 98 105 109 114 132 137 145 155 158 159 166 172 189 190 193 202 206 210 214 220 225 244 273 304 309 313 320 329 335 340 346 349 358 359 363 370 391 397 402 409 412 425 436 451 478 479 509 511 515 522 523 529 561 563 566 569 586 592 593 594 608 634 636 642 648 663 671 672 676 679 680 
46 65 116 131 141 152 178 239 241 244 263 274 285 288 292 378 381 397 400 452 456 459 475 477 483 488 495 497 518 525 528 554 562 594 597 626 676 
9 24 25 43 47 68 73 75 79 109 114 125 132 143 181 185 188 193 208 210 220 262 288 291 297 309 320 338 345 349 352 358 361 370 375 405 409 419 426 432 451 478 508 509 515 523 533 558 561 569 591 594 599 608 634 649 650 654 658 663 676 684 
14 20 23 30 45 75 83 93 118 122 135 144 146 158 160 206 207 218 230 231 239 263 273 296 312 316 333 342 355 364 380 397 437 447 479 488 499 501 511 521 526 529 544 553 563 566 568 576 585 618 641 657 660 679 680 684 685 
10 39 49 55 75 90 105 136 158 172 181 206 208 210 218 225 238 272 296 335 340 346 350 364 390 391 395 402 406 411 412 511 513 515 533 540 555 563 584 591 601 602 626 672 676 688 694 
5 24 54 55 57 82 112 116 118 124 142 221 234 243 256 271 314 328 330 372 378 379 385 394 405 424 428 457 505 536 542 545 559 579 606 630 631 635 649 664 667 692 699 
60 68 96 126 136 175 177 179 184 185 240 246 297 309 317 338 352 369 375 379 394 424 427 428 453 463 480 493 510 524 574 598 599 600 632 654 659 671 681 
6 37 108 115 120 154 176 192 207 216 240 251 292 293 298 321 364 376 381 408 448 454 466 479 506 530 543 571 578 585 616 649 663 664 676 686 687 698 
67 73 76 77 83 119 129 131 134 140 174 177 200 215 217 226 247 250 259 261 272 293 295 311 334 374 381 418 463 472 492 507 517 545 546 553 560 588 617 623 646 683 691 693 
11 103 105 131 140 141 148 154 165 170 182 198 213 224 270 279 290 301 317 318 361 368 403 409 439 443 454 495 516 535 541 577 622 629 630 637 653 672 
6 37 108 112 115 118 120 154 176 192 207 216 221 234 240 243 251 292 293 298 321 364 376 381 408 448 454 466 506 530 543 559 571 578 585 616 631 649 663 664 667 674 676 686 687 692 699 
2 6 21 25 26 29 36 37 38 54 60 71 78 85 99 101 108 110 115 120 133 138 148 153 154 156 169 176 186 192 207 215 216 223 240 251 257 268 275 281 285 288 292 293 298 305 306 314 316 321 334 337 344 345 351 353 364 367 373 376 377 381 383 406 408 413 428 445 446 448 449 454 455 466 471 473 481 484 504 506 511 513 530 534 543 545 546 567 571 579 581 585 590 592 598 603 610 616 620 636 649 654 658 660 663 664 676 686 687 689 696 
8 19 47 53 55 67 69 88 92 94 95 97 103 121 136 137 150 158 182 184 190 202 203 212 221 228 243 251 258 260 294 301 306 308 311 328 339 353 359 382 390 395 399 405 410 411 415 425 429 436 439 457 483 485 487 499 509 510 536 540 541 555 559 567 574 577 579 586 605 622 630 631 632 646 667 668 670 671 672 675 687 692 699 
30 59 81 105 106 117 187 217 219 238 287 313 329 340 363 388 402 464 469 473 474 486 490 526 532 533 540 551 565 580 584 598 601 602 609 615 638 655 673 683 694 
3 26 64 72 97 98 109 114 132 145 159 189 190 193 202 220 244 273 304 309 313 329 347 349 358 370 371 384 387 409 422 425 430 451 478 509 511 515 522 523 560 561 574 586 592 593 594 604 607 608 628 636 637 648 663 669 678 684 
18 60 62 91 96 130 147 154 163 167 174 175 177 179 184 193 198 200 209 229 233 236 240 245 246 248 254 269 289 301 310 311 317 345 352 357 369 370 383 389 390 408 414 424 427 428 435 453 458 460 462 463 482 493 496 502 504 516 550 564 572 574 582 586 593 598 600 613 619 621 632 644 654 659 661 678 680 681 688 695 
7 17 32 47 49 101 104 111 115 133 144 145 148 166 170 195 223 260 285 314 360 378 395 398 401 406 417 420 429 464 481 487 489 498 504 518 519 527 557 560 572 573 575 610 614 618 624 655 665 677 681 690 695 697 
30 59 81 93 106 114 117 217 219 287 313 329 358 363 388 402 451 464 469 473 474 478 490 526 532 533 551 561 580 598 609 615 638 655 673 683 
26 34 73 100 107 120 123 143 144 165 188 194 210 211 215 222 234 262 267 283 320 337 341 348 423 445 446 489 498 508 519 525 527 558 591 594 614 618 629 634 650 651 665 
12 15 60 69 73 81 138 139 158 162 166 173 190 196 214 228 232 235 237 244 250 275 307 318 331 359 398 404 436 486 490 496 504 535 588 622 642 651 
1 24 100 149 163 194 211 222 223 255 259 267 273 280 283 286 299 300 341 420 423 450 489 519 527 563 572 578 587 614 618 651 655 660 665 697 
31 62 141 149 193 227 251 252 284 296 315 321 343 365 366 379 393 396 407 418 440 444 454 461 467 476 494 503 516 524 526 534 538 547 548 549 562 570 587 596 623 625 647 648 670 682 
6 23 64 65 72 93 98 100 109 114 116 122 131 141 144 152 160 178 191 213 218 220 230 231 239 241 244 263 273 274 284 285 288 312 313 316 329 333 342 343 355 358 370 378 380 381 386 387 388 397 400 437 447 451 452 456 459 475 477 478 479 483 488 495 497 499 501 511 512 517 521 522 523 525 526 528 529 544 548 554 561 562 563 565 566 568 576 585 586 587 592 593 594 597 608 626 629 633 640 641 645 656 657 662 676 679 680 682 684 685 
22 28 36 44 48 51 56 58 63 69 70 72 83 86 98 102 104 119 120 126 127 128 139 140 146 157 161 163 166 190 191 195 200 201 215 226 233 234 235 242 244 247 249 250 252 255 257 259 265 272 278 285 291 293 295 303 304 310 315 334 336 338 343 344 352 356 362 388 392 393 399 403 416 418 421 428 431 432 436 442 467 473 481 484 512 522 531 537 545 547 548 553 556 562 565 583 586 587 596 603 609 610 611 612 617 619 623 629 633 639 642 645 647 650 656 662 666 670 681 682 683 689 695 696 700 
44 64 87 99 165 189 204 239 260 265 269 305 312 317 322 328 332 343 354 361 389 399 441 459 488 494 496 502 503 513 520 522 531 539 554 564 586 644 661 672 678 
32 38 44 64 78 85 87 98 99 104 110 121 137 139 148 165 166 190 204 205 239 258 260 265 269 305 306 312 317 322 328 332 343 354 360 389 393 395 399 405 417 420 436 441 488 494 496 503 513 520 522 531 539 546 554 557 564 572 573 575 586 642 644 655 661 672 677 678 681 695 697 
22 26 28 44 48 51 56 57 58 63 70 73 77 83 86 97 104 126 129 134 140 146 159 163 166 177 178 191 195 200 201 205 215 226 235 242 247 250 254 255 257 261 271 272 278 285 291 293 295 304 313 324 330 334 336 337 343 344 348 352 362 374 377 381 385 386 388 392 399 403 428 431 432 445 446 449 457 463 471 472 484 492 507 512 517 522 536 545 546 547 552 553 556 560 565 569 586 587 588 599 603 605 609 610 617 629 633 639 645 646 656 662 681 683 689 691 693 696 700 
1 32 44 49 64 91 99 104 111 115 142 144 145 147 154 163 166 167 174 189 195 202 204 223 233 239 254 259 260 264 265 269 280 286 289 299 300 301 310 311 312 314 317 322 328 332 354 357 360 361 370 383 389 395 398 399 401 408 414 415 417 420 423 429 435 441 450 459 462 464 481 482 488 489 492 494 510 519 520 527 531 539 557 564 572 573 575 578 582 586 587 593 614 618 619 621 622 624 644 651 655 660 661 665 666 672 675 677 678 681 697 
17 26 28 30 44 48 49 54 56 58 59 61 67 70 76 77 83 86 97 98 101 106 117 119 129 131 133 134 146 157 174 191 195 200 205 217 219 237 242 250 255 257 259 261 266 272 278 287 291 293 313 324 329 341 343 348 362 363 374 386 387 388 396 402 403 416 419 421 426 431 432 441 463 465 469 471 472 473 474 481 490 492 504 507 512 517 518 522 532 533 536 537 546 547 551 552 554 558 560 565 580 587 588 598 605 609 611 615 629 633 638 639 645 646 655 656 662 673 681 683 684 689 691 693 696 700 
7 17 18 32 41 47 49 50 55 56 66 70 72 101 104 105 111 115 133 136 144 145 155 166 170 183 195 198 213 218 223 238 240 241 242 260 272 277 278 285 296 314 319 323 340 347 350 360 364 371 378 384 390 395 398 399 401 402 406 411 417 420 429 430 433 441 464 470 481 485 487 490 494 498 504 513 518 533 540 556 557 560 573 575 578 584 591 601 602 604 607 610 612 614 616 624 626 627 628 639 655 669 677 681 688 690 694 695 696 697 
26 27 35 36 37 44 46 64 66 69 89 91 98 99 114 115 129 130 132 142 145 147 155 163 174 193 198 202 220 221 233 253 254 261 264 273 275 277 281 289 292 293 304 309 310 311 313 329 347 349 357 358 359 370 371 383 384 387 401 406 409 414 422 426 430 435 436 444 451 462 464 468 470 472 478 482 485 492 499 500 509 511 512 515 517 522 523 536 542 556 560 561 572 574 578 582 583 586 588 589 593 595 596 603 604 605 607 608 609 612 619 621 622 623 627 628 636 637 652 658 663 669 674 678 688 690 698 
72 102 119 126 127 128 140 157 161 166 201 226 234 249 259 265 281 295 303 304 334 356 392 396 416 418 421 442 473 481 484 500 537 540 545 553 556 583 595 596 599 610 611 617 619 636 647 650 652 666 670 674 683 689 698 
3 6 11 17 18 22 29 32 35 36 41 46 47 50 51 54 55 56 61 63 64 65 66 67 69 70 71 73 76 77 81 83 89 91 93 96 97 98 99 101 102 103 104 105 106 108 109 111 114 115 116 117 119 120 122 126 127 128 129 131 132 133 134 136 137 138 139 140 141 142 144 145 146 148 152 153 155 156 158 159 160 165 166 167 169 170 173 174 175 176 177 178 179 182 183 184 186 189 190 192 193 195 198 200 201 204 205 207 209 213 214 215 216 217 218 219 220 221 223 224 226 228 229 230 232 234 235 236 237 239 240 241 242 244 245 246 247 248 249 250 253 254 255 257 259 260 261 263 264 265 266 268 269 270 274 275 277 278 279 285 287 289 290 291 292 293 295 301 303 304 307 309 310 311 312 313 316 317 318 319 321 322 323 324 328 329 331 332 334 335 336 337 343 344 345 347 348 349 350 351 352 353 354 355 356 357 359 360 361 363 364 367 368 369 370 371 373 374 377 378 381 384 386 387 388 389 390 392 396 397 398 399 400 401 402 403 404 406 408 409 413 414 416 417 418 419 421 422 424 425 426 427 428 429 430 433 435 436 437 439 441 442 443 445 446 447 448 449 451 452 453 454 455 458 459 460 462 463 464 465 466 469 470 471 472 473 474 475 477 478 481 483 484 485 486 487 488 490 492 493 494 495 497 499 501 502 503 506 507 509 511 515 516 517 518 520 522 523 525 526 528 530 531 532 533 535 536 537 539 541 543 544 545 546 550 551 552 553 554 556 557 558 560 561 562 564 571 572 573 574 575 576 577 578 579 580 581 582 583 585 586 588 589 590 591 592 593 594 595 596 597 598 599 600 603 604 605 607 609 610 612 613 615 616 617 619 620 621 622 623 624 626 627 628 629 630 632 637 638 639 641 642 644 646 647 653 654 655 657 658 659 660 661 663 664 666 669 672 673 674 676 677 678 680 681 683 684 685 686 687 688 689 690 691 693 695 696 697 698 
18 29 169 186 223 288 316 353 367 373 377 383 413 455 504 579 581 598 603 610 654 689 
12 28 40 42 48 57 58 62 63 68 70 86 89 98 111 119 124 140 141 163 191 226 227 235 251 252 254 256 257 263 265 271 278 284 291 293 295 297 315 320 330 338 343 344 362 372 375 377 379 385 386 393 396 403 405 418 424 428 431 432 444 457 459 461 467 471 498 503 505 512 516 522 526 536 545 546 548 553 565 579 587 596 599 606 609 616 617 625 629 630 633 635 639 645 648 656 662 670 675 682 696 700 
1 4 5 7 9 12 13 16 24 25 30 43 47 52 55 59 62 68 73 74 75 79 80 81 82 87 111 112 116 118 125 142 143 149 168 171 180 181 185 188 193 208 210 221 234 237 241 243 244 255 262 276 282 288 291 296 297 302 314 320 326 328 336 338 345 352 361 365 366 370 375 378 379 394 405 407 408 409 411 424 426 434 438 440 453 454 456 463 476 480 483 491 493 508 514 515 524 533 534 538 542 549 558 559 569 570 591 599 631 634 640 643 648 649 650 654 658 666 667 671 676 699 
