0	2	0.44	1
0	63	3.8985	12
0	78	0.47	3
0	87	3.0345	8
0	90	0.196	1
0	99	0.409	2
0	103	0.076	1
2	56	0.0775	1
2	67	0.54125	3
2	78	3.37042	7
2	87	6.267	9
2	89	0.231	1
2	90	0.178	1
2	93	0.231	1
2	103	0.134917	1
2	104	0.31375	2
10	89	0.162	1
17	57	1.096	3
22	30	0.0915	1
22	55	0.154	1
22	71	2.807	11
22	80	0.954	4
22	90	1.985	9
22	91	1	4
22	95	0.453	2
22	96	0.2395	1
22	102	0.493	2
22	104	1.703	8
24	90	0.192	1
26	94	0.393	2
30	58	0.152	1
30	80	0.1585	1
30	90	1.162	6
30	102	0.1145	1
30	104	1.7535	7
30	107	0.4965	3
39	101	0.312	2
39	107	0.486	2
54	107	0.189	1
55	71	0.151	1
55	78	1.0715	4
55	86	0.205	1
55	103	0.4475	3
56	67	1.0855	4
56	71	0.152	1
56	78	0.0775	1
56	102	2.549	8
56	104	0.1025	1
57	71	0.278	2
57	104	3.45775	10
58	97	0.652	3
58	101	0.657	3
58	107	1.3225	5
59	107	0.587	3
60	92	0.815	3
60	107	0.169	1
61	107	0.862	3
62	98	2.476	4
63	78	0.194	1
63	87	0.3315	2
63	90	0.188	1
63	99	7.851	14
65	88	1.794	6
65	102	1.149	4
67	71	0.213	1
67	78	4.51792	15
67	81	0.353	2
67	90	1.372	7
67	101	0.0995	1
67	102	1.795	7
67	103	11.8692	30
67	104	4.894	15
68	92	0.184	1
68	101	0.202	1
69	105	0.153	1
71	89	2.021	9
71	90	2.3375	11
71	91	0.501	2
71	93	0.801	3
71	95	14.4335	33
71	96	28.005	62
71	98	0.855333	3
71	104	2.162	9
71	105	0.362	2
71	107	1.416	6
71	108	0.215333	1
72	87	0.0925	1
72	92	0.3035	2
73	87	1.719	7
73	90	0.373	2
73	92	3.144	12
73	93	1.522	7
73	104	1.1875	6
73	105	0.154	1
74	90	0.154	1
75	106	0.151	1
78	79	0.325	2
78	83	0.085	1
78	84	0.172	1
78	87	4.6345	13
78	90	0.79	4
78	92	1.061	4
78	94	1.1115	5
78	99	16.8492	40
78	103	16.293	52
78	104	0.778583	4
78	107	0.2525	2
79	87	0.182	1
79	93	2.323	7
79	94	25.8595	48
79	107	0.603	3
80	90	2.0385	9
80	91	1.02233	4
80	92	0.556111	3
80	103	0.759111	4
80	104	1.92817	10
81	98	0.175	1
81	104	0.485	3
81	105	0.145	1
81	107	0.189	1
82	107	0.17	1
83	103	0.085	1
83	107	0.524	3
85	88	1.7085	6
86	91	0.642	1
86	92	0.1695	1
86	93	0.735	2
86	95	0.214	1
86	104	0.5125	3
86	105	0.801	2
86	107	0.326	2
87	89	0.223	1
87	90	1.195	4
87	92	2.267	9
87	93	0.223	1
87	94	2.809	7
87	99	0.188	1
87	103	0.941	5
87	106	0.152	1
87	107	2.962	14
87	108	0.166	1
88	95	4.7485	9
88	96	1.955	4
89	91	0.2975	2
89	93	3.1195	7
89	100	2.211	5
89	104	0.241	2
89	105	0.0825	1
89	106	0.17	1
89	107	1.333	6
90	91	1.2385	5
90	92	0.6035	3
90	95	1.68875	9
90	96	2.66225	10
90	99	0.415	2
90	102	5.83525	27
90	103	0.805	4
90	104	26.4175	96
90	105	2.259	13
90	107	0.8545	5
91	92	0.235778	1
91	93	0.8475	3
91	95	0.164	1
91	96	0.149333	1
91	103	1.14311	5
91	104	0.797167	4
91	105	0.455	1
91	107	0.161	1
92	101	0.405	2
92	103	1.09528	5
92	104	0.939333	5
92	109	0.161	1
93	95	0.203	1
93	105	1.406	5
94	99	0.188	1
94	103	0.2585	2
95	96	56.3718	122
95	104	0.245	1
96	102	0.548	3
96	104	0.2005	1
98	107	0.953667	4
98	108	0.215333	1
99	103	0.529167	2
100	106	5.10175	9
101	103	0.6755	4
101	106	19.3807	42
101	107	7.116	32
102	104	1.78125	9
102	105	0.8455	5
102	107	0.214	1
103	104	1.592	7
103	107	0.2525	2
104	105	1.118	5
104	107	2.085	10
105	107	0.4315	3
106	107	0.288	2
107	108	0.543333	3
110	111	0.235	1
112	113	0.218	1
113	128	0.157	1
114	115	0.197	1
115	116	0.196	1
117	118	0.189	1
118	122	0.166	1
119	120	0.177	1
120	121	0.171	1
123	124	0.162	1
125	126	0.158	1
125	127	0.158	1
129	130	0.156	1
131	132	0.154	1
132	143	0.15	1
133	134	0.152	1
135	136	0.152	1
135	137	0.152	1
138	139	0.152	1
139	140	0.152	1
141	142	0.15	1
