8	9	15.4865	53
8	10	5.85887	33
8	11	5.445	15
8	12	3.65233	16
8	21	0.162	1
8	62	0.189	1
8	64	0.03875	1
8	65	0.169	1
8	70	0.202	1
8	73	0.04625	1
8	75	0.151	1
8	78	0.189	1
8	79	0.17	1
8	80	0.524	3
8	82	0.326	2
8	83	1.169	5
9	10	19.6204	86
9	11	5.1275	22
9	12	0.213	1
9	63	1.519	7
9	64	1.20175	6
9	65	0.815	3
9	70	0.184	1
9	73	0.34975	3
9	78	0.353	2
9	80	0.17	2
9	81	0.172	1
9	82	0.1695	1
9	84	0.161	1
10	11	2.2535	8
10	12	14.7978	66
10	28	1.096	3
10	34	0.192	1
10	63	0.154	1
10	64	2.6515	9
10	68	1.149	4
10	71	0.153	1
10	74	0.154	1
10	78	0.63	4
10	82	1.9555	6
11	12	1.004	4
11	36	0.393	2
11	82	0.735	2
12	63	0.151	1
12	64	0.152	1
12	68	1.794	6
12	82	0.214	1
12	83	0.855333	3
63	82	0.205	1
66	83	2.476	4
78	83	0.175	1
85	86	0.235	1
87	88	0.162	1
89	90	0.156	1
91	92	0.152	1
93	94	0.15	1
