0	1	0.855333	3
0	10	1.169	5
0	77	0.175	1
1	10	9.51121	49
1	11	19.8334	87
1	12	3.2575	12
1	28	1.096	3
1	34	0.192	1
1	63	0.305	2
1	64	2.8035	10
1	67	2.943	10
1	70	0.153	1
1	73	0.154	1
1	77	0.63	4
1	81	2.1695	7
10	11	15.4865	53
10	12	5.445	15
10	21	0.162	1
10	62	0.189	1
10	64	0.03875	1
10	65	0.169	1
10	69	0.202	1
10	72	0.04625	1
10	74	0.151	1
10	77	0.189	1
10	78	0.17	1
10	79	0.524	3
10	81	0.326	2
11	12	5.1275	22
11	63	1.519	7
11	64	1.20175	6
11	65	0.815	3
11	69	0.184	1
11	72	0.34975	3
11	77	0.353	2
11	79	0.17	2
11	80	0.172	1
11	81	0.1695	1
11	82	0.161	1
12	36	0.393	2
12	81	0.735	2
63	81	0.205	1
83	84	0.235	1
85	86	0.162	1
87	88	0.156	1
89	90	0.152	1
91	92	0.15	1
