#module 0 size: 26 bs: 6.82831e-10
1 2 3 4 5 6 7 8 9 14 20 31 36 42 49 84 86 130 139 230 328 329 483 583 866 980 
#module 1 size: 28 bs: 6.73142e-09
12 13 32 33 37 53 74 75 76 80 81 142 143 146 154 160 161 166 194 205 252 280 353 657 713 728 866 892 
#module 2 size: 11 bs: 0.0025923
88 89 191 251 282 304 324 455 463 540 666 
#module 3 size: 28 bs: 1.11022e-16
65 90 91 96 97 151 152 177 217 228 229 240 259 266 269 446 447 450 459 493 500 512 608 651 691 733 750 961 
#module 4 size: 8 bs: 1.38778e-14
92 93 98 99 100 218 223 456 
#module 5 size: 31 bs: 7.68996e-09
117 118 122 231 246 247 297 310 347 348 352 368 428 461 465 474 475 491 521 561 635 650 718 773 867 953 954 1048 1155 1204 1242 
#module 6 size: 13 bs: 1.66533e-15
119 120 134 135 140 145 276 379 384 451 494 1046 1069 
#module 7 size: 8 bs: 5.87171e-07
125 126 131 138 167 168 176 707 
#module 8 size: 8 bs: 0.000359184
156 157 183 227 288 365 624 705 
#module 9 size: 9 bs: 4.03855e-12
172 173 195 238 239 356 429 629 1305 
#module 10 size: 7 bs: 3.63343e-12
208 209 215 222 255 291 514 
#module 11 size: 6 bs: 8.06096e-101
232 233 248 260 290 296 
#module 12 size: 7 bs: 0.000643159
243 244 245 289 299 305 631 
#module 13 size: 5 bs: 1.11022e-16
271 272 273 309 318 
#module 14 size: 7 bs: 2.47381e-07
277 278 279 350 407 424 457 
#module 15 size: 6 bs: 4.29431e-08
293 294 315 319 432 505 
#module 16 size: 9 bs: 1.59248e-06
363 364 388 394 402 413 566 640 951 
#module 17 size: 9 bs: 2.51418e-09
405 406 460 517 553 708 966 1251 1304 
#module 18 size: 5 bs: 0.00379075
418 419 423 578 615 
#module 19 size: 7 bs: 0.000123837
435 436 533 560 710 956 979 
#module 20 size: 7 bs: 4.2597e-12
441 442 443 606 638 1262 1301 
#module 21 size: 8 bs: 0.00204145
444 445 478 717 919 934 1015 1016 
#module 22 size: 9 bs: 2.89396e-06
472 473 740 753 864 865 881 882 928 
#module 23 size: 7 bs: 8.33715e-09
496 497 516 645 646 1168 1188 
#module 24 size: 14 bs: 4.3309e-08
523 524 574 582 739 744 869 870 871 872 1029 1054 1101 1153 
#module 25 size: 11 bs: 2.82593e-08
534 535 630 734 735 779 797 816 831 1140 1289 
#module 26 size: 5 bs: 8.67598e-05
545 546 616 617 1175 
#module 27 size: 6 bs: 3.00071e-05
549 550 551 766 901 1247 
#module 28 size: 5 bs: 0.000125688
572 573 586 587 1151 
#module 29 size: 4 bs: 3.66374e-15
596 597 598 677 
#module 30 size: 4 bs: 0.0018808
599 600 601 602 
#module 31 size: 5 bs: 3.06426e-05
633 634 704 876 927 
#module 32 size: 6 bs: 0.0023592
642 643 798 799 807 1150 
#module 33 size: 17 bs: 2.94067e-05
658 659 684 792 832 846 859 877 961 995 1006 1042 1055 1070 1294 1306 1307 
#module 34 size: 4 bs: 0.00124851
673 674 675 676 
#module 35 size: 6 bs: 5.55902e-07
751 752 756 834 918 964 
#module 36 size: 6 bs: 7.64529e-09
809 810 917 972 1332 1362 
#module 37 size: 4 bs: 0.000144897
840 841 1076 1290 
#module 38 size: 4 bs: 0.00416767
851 852 853 854 
#module 39 size: 5 bs: 0.00038907
904 905 912 1164 1183 
#module 40 size: 5 bs: 5.67833e-08
937 938 941 955 1338 
#module 41 size: 7 bs: 0.000379777
902 944 945 962 1230 1236 1300 
#module 42 size: 4 bs: 0.00136129
946 947 981 982 
#module 43 size: 4 bs: 5.16954e-05
960 965 984 1051 
#module 44 size: 3 bs: 0.000146284
969 970 1138 
#module 45 size: 4 bs: 7.64529e-09
973 974 975 976 
#module 46 size: 4 bs: 2.49027e-05
996 997 1125 1216 
#module 47 size: 3 bs: 5.28753e-05
1001 1002 1161 
#module 48 size: 4 bs: 0.00371395
1009 1010 1045 1218 
#module 49 size: 4 bs: 0.000105368
1011 1012 1142 1146 
#module 50 size: 3 bs: 7.30451e-09
1036 1037 1265 
#module 51 size: 4 bs: 3.73058e-05
1057 1058 1214 1215 
#module 52 size: 4 bs: 0.00213091
1059 1060 1226 1227 
#module 53 size: 4 bs: 1.56427e-07
1061 1062 1228 1229 
#module 54 size: 4 bs: 2.45355e-05
1065 1066 1217 1237 
#module 55 size: 7 bs: 0.00346941
1105 1106 1187 1235 1268 1277 1310 
#module 56 size: 4 bs: 0.00174873
1113 1114 1189 1254 
#module 57 size: 3 bs: 0.000151903
1127 1128 1309 
#module 58 size: 4 bs: 2.32735e-05
1133 1134 1316 1317 
#module 59 size: 3 bs: 2.32984e-05
1147 1148 1149 
#module 60 size: 4 bs: 0.000204774
1193 1194 1195 1293 
#module 61 size: 3 bs: 0.000332056
1206 1207 1252 
#module 62 size: 3 bs: 0.000118882
1210 1211 1325 
#module 63 size: 3 bs: 0.000292164
1220 1221 1292 
#module 64 size: 3 bs: 2.25535e-05
1238 1239 1303 
#module 65 size: 3 bs: 2.3362e-05
1275 1276 1323 
#module 66 size: 3 bs: 0.000295883
1340 1341 1342 
#module 67 size: 3 bs: 2.37069e-05
1343 1344 1345 
#module 68 size: 3 bs: 0.000192621
1346 1347 1348 
#module 69 size: 3 bs: 0.00344275
1349 1350 1351 
#module 70 size: 3 bs: 2.24182e-05
1352 1353 1354 
#module 71 size: 3 bs: 2.3195e-05
1355 1356 1357 
#module 72 size: 3 bs: 2.1711e-05
1358 1359 1360 
#module 73 size: 3 bs: 8.81458e-05
1373 1374 1375 
#module 74 size: 3 bs: 5.30225e-05
1376 1377 1378 
#module 75 size: 3 bs: 2.12459e-05
1392 1393 1408 
#module 76 size: 16 bs: 5.09417e-09
77 106 107 109 115 123 124 148 153 155 184 234 235 332 359 383 
#module 77 size: 33 bs: 0.00139254
136 137 258 274 275 375 376 386 398 399 400 404 448 449 466 481 484 485 495 511 532 552 575 678 687 763 893 898 1039 1040 1063 1091 1201 
#module 78 size: 28 bs: 9.66864e-07
136 192 193 206 207 225 226 241 258 284 285 301 361 385 536 563 570 576 577 644 654 665 697 765 772 806 890 987 
#module 79 size: 10 bs: 0.00309662
149 150 162 198 250 298 439 488 515 849 
#module 80 size: 16 bs: 4.19873e-05
170 171 204 314 316 317 321 325 327 335 346 349 366 562 862 920 
#module 81 size: 27 bs: 0.00106426
333 334 357 360 362 593 688 689 760 787 788 838 875 907 908 909 923 926 961 1071 1078 1079 1126 1255 1311 1371 1442 
#module 82 size: 21 bs: 9.60766e-06
354 355 415 513 569 579 580 581 732 782 783 784 785 856 915 983 1102 1103 1137 1273 1274 
#module 83 size: 24 bs: 0.00204575
396 397 422 480 508 509 528 555 556 567 568 604 637 696 709 936 1077 1107 1139 1169 1192 1272 1384 1385 
#module 84 size: 3 bs: 0.00130352
1154 1173 1174 
#module 85 size: 27 bs: 0.0015619
377 378 381 382 393 433 434 452 453 464 501 639 655 656 680 692 695 817 873 896 930 1084 1115 1122 1287 1336 1407 
#module 86 size: 11 bs: 0.00196727
525 526 721 722 743 761 897 1112 1157 1260 1264 
#module 87 size: 7 bs: 3.2587e-09
210 211 213 214 270 306 632 
#module 88 size: 31 bs: 4.4434e-06
15 16 19 29 30 46 48 50 61 62 63 66 68 72 73 82 111 127 128 144 147 169 256 281 403 554 742 925 931 1223 1259 
#module 89 size: 29 bs: 0.00021703
17 18 23 24 51 67 95 103 104 133 163 180 196 216 343 538 539 591 592 628 701 754 755 769 777 800 818 880 958 
#module 90 size: 11 bs: 0.00124851
588 589 669 759 827 828 830 879 968 1104 1291 
#module 91 size: 16 bs: 0.000126122
187 188 190 236 267 320 469 506 507 548 661 679 694 839 850 1093 
#module 92 size: 10 bs: 6.61739e-07
264 265 311 389 603 613 662 833 906 1234 
#module 93 size: 13 bs: 0.00379075
344 345 369 409 410 503 504 559 677 786 860 861 943 
#module 94 size: 21 bs: 0.000191737
690 691 726 727 764 832 880 932 972 986 995 1013 1049 1087 1089 1090 1121 1180 1181 1190 1205 
#module 95 size: 5 bs: 3.86929e-05
489 490 519 778 836 
#module 96 size: 18 bs: 2.77631e-07
34 35 43 70 102 105 106 107 121 159 330 371 374 401 651 985 1005 1067 
#module 97 size: 17 bs: 5.48561e-10
54 55 59 60 71 132 164 181 185 186 219 254 268 274 275 300 398 
#module 98 size: 61 bs: 0.00395971
500 681 682 686 723 724 730 802 804 811 822 823 845 848 874 883 884 885 886 902 909 910 911 931 939 957 977 994 998 999 1008 1021 1025 1026 1028 1030 1033 1034 1080 1081 1088 1095 1110 1116 1117 1119 1135 1158 1167 1196 1202 1212 1222 1233 1246 1261 1285 1286 1315 1363 1399 
#module 99 size: 21 bs: 0.00147587
27 28 39 40 47 52 56 69 83 110 141 169 256 292 320 492 895 1018 1019 1152 1186 
#module 100 size: 19 bs: 5.57562e-07
10 11 21 22 25 26 38 41 44 45 85 165 249 338 520 660 683 741 1020 
#module 101 size: 31 bs: 0.00158564
178 179 202 203 207 212 326 358 370 387 390 543 618 668 693 699 780 781 795 826 863 953 1000 1073 1074 1120 1129 1172 1243 1335 1369 
#module 102 size: 15 bs: 3.35287e-14
57 58 94 101 108 112 113 116 129 182 197 283 425 426 647 
#module 103 size: 17 bs: 0.000705614
307 308 468 502 510 584 585 719 736 801 829 959 992 1043 1048 1200 1241 
#module 104 size: 10 bs: 1.62085e-05
498 499 837 888 913 971 1118 1166 1232 1318 
#module 105 size: 31 bs: 0.00110117
199 200 220 221 224 237 261 286 287 331 336 337 341 342 408 421 438 440 609 610 620 700 701 711 720 731 803 813 963 1004 1038 
#module 106 size: 70 bs: 1.25335e-05
262 263 339 340 351 367 372 373 380 391 392 395 417 420 430 431 437 470 471 479 482 522 537 541 542 544 557 565 571 605 612 619 620 623 625 653 667 698 706 712 716 737 738 746 747 758 776 786 790 794 796 812 814 815 889 914 922 929 948 949 990 1003 1017 1083 1092 1108 1132 1160 1256 1298 
#module 107 size: 78 bs: 0.000287494
302 303 313 411 416 427 454 462 467 476 477 527 530 531 547 558 595 621 622 626 627 636 641 663 664 685 706 714 715 745 748 749 757 762 763 770 771 774 775 776 789 793 801 808 819 820 824 835 842 843 844 855 868 878 887 891 899 903 924 940 950 952 959 978 1007 1047 1053 1068 1072 1082 1086 1094 1109 1111 1124 1159 1162 1208 
#module 108 size: 14 bs: 0.000359314
322 323 412 414 529 590 652 702 703 725 805 921 967 991 
#module 0 size: 26 bs: 6.82831e-10
1 2 3 4 5 6 7 8 9 14 20 31 36 42 49 84 86 130 139 230 328 329 483 583 866 980 
#module 1 size: 28 bs: 6.73142e-09
12 13 32 33 37 53 74 75 76 80 81 142 143 146 154 160 161 166 194 205 252 280 353 657 713 728 866 892 
#module 2 size: 11 bs: 0.0025923
88 89 191 251 282 304 324 455 463 540 666 
#module 3 size: 28 bs: 1.11022e-16
65 90 91 96 97 151 152 177 217 228 229 240 259 266 269 446 447 450 459 493 500 512 608 651 691 733 750 961 
#module 4 size: 8 bs: 1.38778e-14
92 93 98 99 100 218 223 456 
#module 5 size: 31 bs: 7.68996e-09
117 118 122 231 246 247 297 310 347 348 352 368 428 461 465 474 475 491 521 561 635 650 718 773 867 953 954 1048 1155 1204 1242 
#module 6 size: 13 bs: 1.66533e-15
119 120 134 135 140 145 276 379 384 451 494 1046 1069 
#module 7 size: 8 bs: 5.87171e-07
125 126 131 138 167 168 176 707 
#module 8 size: 8 bs: 0.000359184
156 157 183 227 288 365 624 705 
#module 9 size: 9 bs: 4.03855e-12
172 173 195 238 239 356 429 629 1305 
#module 10 size: 7 bs: 3.63343e-12
208 209 215 222 255 291 514 
#module 11 size: 6 bs: 8.06096e-101
232 233 248 260 290 296 
#module 12 size: 7 bs: 0.000643159
243 244 245 289 299 305 631 
#module 13 size: 5 bs: 1.11022e-16
271 272 273 309 318 
#module 14 size: 7 bs: 2.47381e-07
277 278 279 350 407 424 457 
#module 15 size: 6 bs: 4.29431e-08
293 294 315 319 432 505 
#module 16 size: 9 bs: 1.59248e-06
363 364 388 394 402 413 566 640 951 
#module 17 size: 9 bs: 2.51418e-09
405 406 460 517 553 708 966 1251 1304 
#module 18 size: 5 bs: 0.00379075
418 419 423 578 615 
#module 19 size: 7 bs: 0.000123837
435 436 533 560 710 956 979 
#module 20 size: 7 bs: 4.2597e-12
441 442 443 606 638 1262 1301 
#module 21 size: 8 bs: 0.00204145
444 445 478 717 919 934 1015 1016 
#module 22 size: 9 bs: 2.89396e-06
472 473 740 753 864 865 881 882 928 
#module 23 size: 7 bs: 8.33715e-09
496 497 516 645 646 1168 1188 
#module 24 size: 14 bs: 4.3309e-08
523 524 574 582 739 744 869 870 871 872 1029 1054 1101 1153 
#module 25 size: 11 bs: 2.82593e-08
534 535 630 734 735 779 797 816 831 1140 1289 
#module 26 size: 5 bs: 8.67598e-05
545 546 616 617 1175 
#module 27 size: 6 bs: 3.00071e-05
549 550 551 766 901 1247 
#module 28 size: 5 bs: 0.000125688
572 573 586 587 1151 
#module 29 size: 4 bs: 3.66374e-15
596 597 598 677 
#module 30 size: 4 bs: 0.0018808
599 600 601 602 
#module 31 size: 5 bs: 3.06426e-05
633 634 704 876 927 
#module 32 size: 6 bs: 0.0023592
642 643 798 799 807 1150 
#module 33 size: 17 bs: 2.94067e-05
658 659 684 792 832 846 859 877 961 995 1006 1042 1055 1070 1294 1306 1307 
#module 34 size: 4 bs: 0.00124851
673 674 675 676 
#module 35 size: 6 bs: 5.55902e-07
751 752 756 834 918 964 
#module 36 size: 6 bs: 7.64529e-09
809 810 917 972 1332 1362 
#module 37 size: 4 bs: 0.000144897
840 841 1076 1290 
#module 38 size: 4 bs: 0.00416767
851 852 853 854 
#module 39 size: 5 bs: 0.00038907
904 905 912 1164 1183 
#module 40 size: 5 bs: 5.67833e-08
937 938 941 955 1338 
#module 41 size: 7 bs: 0.000379777
902 944 945 962 1230 1236 1300 
#module 42 size: 4 bs: 0.00136129
946 947 981 982 
#module 43 size: 4 bs: 5.16954e-05
960 965 984 1051 
#module 44 size: 3 bs: 0.000146284
969 970 1138 
#module 45 size: 4 bs: 7.64529e-09
973 974 975 976 
#module 46 size: 4 bs: 2.49027e-05
996 997 1125 1216 
#module 47 size: 3 bs: 5.28753e-05
1001 1002 1161 
#module 48 size: 4 bs: 0.00371395
1009 1010 1045 1218 
#module 49 size: 4 bs: 0.000105368
1011 1012 1142 1146 
#module 50 size: 3 bs: 7.30451e-09
1036 1037 1265 
#module 51 size: 4 bs: 3.73058e-05
1057 1058 1214 1215 
#module 52 size: 4 bs: 0.00213091
1059 1060 1226 1227 
#module 53 size: 4 bs: 1.56427e-07
1061 1062 1228 1229 
#module 54 size: 4 bs: 2.45355e-05
1065 1066 1217 1237 
#module 55 size: 7 bs: 0.00346941
1105 1106 1187 1235 1268 1277 1310 
#module 56 size: 4 bs: 0.00174873
1113 1114 1189 1254 
#module 57 size: 3 bs: 0.000151903
1127 1128 1309 
#module 58 size: 4 bs: 2.32735e-05
1133 1134 1316 1317 
#module 59 size: 3 bs: 2.32984e-05
1147 1148 1149 
#module 60 size: 4 bs: 0.000204774
1193 1194 1195 1293 
#module 61 size: 3 bs: 0.000332056
1206 1207 1252 
#module 62 size: 3 bs: 0.000118882
1210 1211 1325 
#module 63 size: 3 bs: 0.000292164
1220 1221 1292 
#module 64 size: 3 bs: 2.25535e-05
1238 1239 1303 
#module 65 size: 3 bs: 2.3362e-05
1275 1276 1323 
#module 66 size: 3 bs: 0.000295883
1340 1341 1342 
#module 67 size: 3 bs: 2.37069e-05
1343 1344 1345 
#module 68 size: 3 bs: 0.000192621
1346 1347 1348 
#module 69 size: 3 bs: 0.00344275
1349 1350 1351 
#module 70 size: 3 bs: 2.24182e-05
1352 1353 1354 
#module 71 size: 3 bs: 2.3195e-05
1355 1356 1357 
#module 72 size: 3 bs: 2.1711e-05
1358 1359 1360 
#module 73 size: 3 bs: 8.81458e-05
1373 1374 1375 
#module 74 size: 3 bs: 5.30225e-05
1376 1377 1378 
#module 75 size: 3 bs: 2.12459e-05
1392 1393 1408 
#module 76 size: 16 bs: 5.09417e-09
77 106 107 109 115 123 124 148 153 155 184 234 235 332 359 383 
#module 77 size: 33 bs: 0.00139254
136 137 258 274 275 375 376 386 398 399 400 404 448 449 466 481 484 485 495 511 532 552 575 678 687 763 893 898 1039 1040 1063 1091 1201 
#module 78 size: 28 bs: 9.66864e-07
136 192 193 206 207 225 226 241 258 284 285 301 361 385 536 563 570 576 577 644 654 665 697 765 772 806 890 987 
#module 79 size: 10 bs: 0.00309662
149 150 162 198 250 298 439 488 515 849 
#module 80 size: 16 bs: 4.19873e-05
170 171 204 314 316 317 321 325 327 335 346 349 366 562 862 920 
#module 81 size: 27 bs: 0.00106426
333 334 357 360 362 593 688 689 760 787 788 838 875 907 908 909 923 926 961 1071 1078 1079 1126 1255 1311 1371 1442 
#module 82 size: 21 bs: 9.60766e-06
354 355 415 513 569 579 580 581 732 782 783 784 785 856 915 983 1102 1103 1137 1273 1274 
#module 83 size: 24 bs: 0.00204575
396 397 422 480 508 509 528 555 556 567 568 604 637 696 709 936 1077 1107 1139 1169 1192 1272 1384 1385 
#module 84 size: 3 bs: 0.00130352
1154 1173 1174 
#module 85 size: 27 bs: 0.0015619
377 378 381 382 393 433 434 452 453 464 501 639 655 656 680 692 695 817 873 896 930 1084 1115 1122 1287 1336 1407 
#module 86 size: 11 bs: 0.00196727
525 526 721 722 743 761 897 1112 1157 1260 1264 
#module 87 size: 7 bs: 3.2587e-09
210 211 213 214 270 306 632 
#module 88 size: 31 bs: 4.4434e-06
15 16 19 29 30 46 48 50 61 62 63 66 68 72 73 82 111 127 128 144 147 169 256 281 403 554 742 925 931 1223 1259 
#module 89 size: 29 bs: 0.00021703
17 18 23 24 51 67 95 103 104 133 163 180 196 216 343 538 539 591 592 628 701 754 755 769 777 800 818 880 958 
#module 90 size: 11 bs: 0.00124851
588 589 669 759 827 828 830 879 968 1104 1291 
#module 91 size: 16 bs: 0.000126122
187 188 190 236 267 320 469 506 507 548 661 679 694 839 850 1093 
#module 92 size: 10 bs: 6.61739e-07
264 265 311 389 603 613 662 833 906 1234 
#module 93 size: 13 bs: 0.00379075
344 345 369 409 410 503 504 559 677 786 860 861 943 
#module 94 size: 21 bs: 0.000191737
690 691 726 727 764 832 880 932 972 986 995 1013 1049 1087 1089 1090 1121 1180 1181 1190 1205 
#module 95 size: 5 bs: 3.86929e-05
489 490 519 778 836 
#module 96 size: 18 bs: 2.77631e-07
34 35 43 70 102 105 106 107 121 159 330 371 374 401 651 985 1005 1067 
#module 97 size: 17 bs: 5.48561e-10
54 55 59 60 71 132 164 181 185 186 219 254 268 274 275 300 398 
#module 98 size: 61 bs: 0.00395971
500 681 682 686 723 724 730 802 804 811 822 823 845 848 874 883 884 885 886 902 909 910 911 931 939 957 977 994 998 999 1008 1021 1025 1026 1028 1030 1033 1034 1080 1081 1088 1095 1110 1116 1117 1119 1135 1158 1167 1196 1202 1212 1222 1233 1246 1261 1285 1286 1315 1363 1399 
#module 99 size: 21 bs: 0.00147587
27 28 39 40 47 52 56 69 83 110 141 169 256 292 320 492 895 1018 1019 1152 1186 
#module 100 size: 19 bs: 5.57562e-07
10 11 21 22 25 26 38 41 44 45 85 165 249 338 520 660 683 741 1020 
#module 101 size: 31 bs: 0.00158564
178 179 202 203 207 212 326 358 370 387 390 543 618 668 693 699 780 781 795 826 863 953 1000 1073 1074 1120 1129 1172 1243 1335 1369 
#module 102 size: 15 bs: 3.35287e-14
57 58 94 101 108 112 113 116 129 182 197 283 425 426 647 
#module 103 size: 17 bs: 0.000705614
307 308 468 502 510 584 585 719 736 801 829 959 992 1043 1048 1200 1241 
#module 104 size: 10 bs: 1.62085e-05
498 499 837 888 913 971 1118 1166 1232 1318 
#module 105 size: 31 bs: 0.00110117
199 200 220 221 224 237 261 286 287 331 336 337 341 342 408 421 438 440 609 610 620 700 701 711 720 731 803 813 963 1004 1038 
#module 106 size: 70 bs: 1.25335e-05
262 263 339 340 351 367 372 373 380 391 392 395 417 420 430 431 437 470 471 479 482 522 537 541 542 544 557 565 571 605 612 619 620 623 625 653 667 698 706 712 716 737 738 746 747 758 776 786 790 794 796 812 814 815 889 914 922 929 948 949 990 1003 1017 1083 1092 1108 1132 1160 1256 1298 
#module 107 size: 78 bs: 0.000287494
302 303 313 411 416 427 454 462 467 476 477 527 530 531 547 558 595 621 622 626 627 636 641 663 664 685 706 714 715 745 748 749 757 762 763 770 771 774 775 776 789 793 801 808 819 820 824 835 842 843 844 855 868 878 887 891 899 903 924 940 950 952 959 978 1007 1047 1053 1068 1072 1082 1086 1094 1109 1111 1124 1159 1162 1208 
#module 108 size: 14 bs: 0.000359314
322 323 412 414 529 590 652 702 703 725 805 921 967 991 
