#module 0 size: 28 bs: 6.73142e-09
12 13 32 33 37 53 74 75 76 80 81 142 143 146 154 160 161 166 194 205 252 280 353 657 713 728 866 892
#module 1 size: 8 bs: 1.11022e-16
92 93 98 99 100 218 223 456
#module 2 size: 13 bs: 7.68997e-09
119 120 134 135 140 145 276 379 384 451 494 1046 1069
#module 3 size: 8 bs: 1.66533e-15
125 126 131 138 167 168 176 707
#module 4 size: 8 bs: 0.000359184
156 157 183 227 288 365 624 705
#module 5 size: 6 bs: 0.000643159
232 233 248 260 290 296
#module 6 size: 5 bs: 2.47381e-07
271 272 273 309 318
#module 7 size: 7 bs: 6.2425e-08
277 278 279 350 407 424 457
#module 8 size: 6 bs: 1.44329e-15
293 294 315 319 432 505
#module 9 size: 9 bs: 9.58754e-08
363 364 388 394 402 413 566 640 951
#module 10 size: 9 bs: 0.00379075
405 406 460 517 553 708 966 1251 1304
#module 11 size: 5 bs: 0.000123837
418 419 423 578 615
#module 12 size: 7 bs: 0.000264005
441 442 443 606 638 1262 1301
#module 13 size: 7 bs: 8.22752e-09
496 497 516 645 646 1168 1188
#module 14 size: 5 bs: 0.00312173
545 546 616 617 1175
#module 15 size: 6 bs: 0.000125688
549 550 551 766 901 1247
#module 16 size: 5 bs: 0.00213025
572 573 586 587 1151
#module 17 size: 4 bs: 2.99622e-05
596 597 598 677
#module 18 size: 4 bs: 3.06426e-05
599 600 601 602
#module 19 size: 4 bs: 3.64202e-07
673 674 675 676
#module 20 size: 6 bs: 0.000192788
751 752 756 834 918 964
#module 21 size: 4 bs: 0.000149194
851 852 853 854
#module 22 size: 6 bs: 0.000379776
899 940 978 1047 1170 1401
#module 23 size: 5 bs: 0.00136129
904 905 912 1164 1183
#module 24 size: 5 bs: 0.00226065
937 938 941 955 1338
#module 25 size: 4 bs: 7.37015e-07
946 947 981 982
#module 26 size: 4 bs: 3.93702e-07
973 974 975 976
#module 27 size: 4 bs: 0.00299496
996 997 1125 1216
#module 28 size: 4 bs: 5.28752e-05
1009 1010 1045 1218
#module 29 size: 4 bs: 1.44483e-05
1011 1012 1142 1146
#module 30 size: 6 bs: 0.000105368
935 1031 1032 1083 1124 1394
#module 31 size: 4 bs: 7.99561e-09
1057 1058 1214 1215
#module 32 size: 4 bs: 5.73955e-08
1059 1060 1226 1227
#module 33 size: 4 bs: 2.25439e-05
1061 1062 1228 1229
#module 34 size: 4 bs: 0.000298549
1065 1066 1217 1237
#module 35 size: 7 bs: 0.00174872
1105 1106 1187 1235 1268 1277 1310
#module 36 size: 4 bs: 0.000668457
1113 1114 1189 1254
#module 37 size: 4 bs: 2.33805e-05
1133 1134 1316 1317
#module 38 size: 3 bs: 0.000605578
1147 1148 1149
#module 39 size: 3 bs: 0.000308307
1154 1173 1174
#module 40 size: 4 bs: 0.000292164
1193 1194 1195 1293
#module 41 size: 3 bs: 2.14552e-05
1206 1207 1252
#module 42 size: 3 bs: 2.37069e-05
1238 1239 1303
#module 43 size: 3 bs: 0.000697623
1275 1276 1323
#module 44 size: 3 bs: 0.000614956
1340 1341 1342
#module 45 size: 3 bs: 2.24182e-05
1343 1344 1345
#module 46 size: 3 bs: 0.00158429
1346 1347 1348
#module 47 size: 3 bs: 2.31951e-05
1349 1350 1351
#module 48 size: 3 bs: 2.25155e-05
1352 1353 1354
#module 49 size: 3 bs: 8.81459e-05
1355 1356 1357
#module 50 size: 3 bs: 8.54966e-05
1358 1359 1360
#module 51 size: 3 bs: 2.27162e-05
1373 1374 1375
#module 52 size: 3 bs: 2.16188e-05
1376 1377 1378
#module 53 size: 3 bs: 2.1581e-05
1392 1393 1408
#module 54 size: 9 bs: 3.97014e-08
472 473 740 753 864 865 881 882 928
#module 55 size: 4 bs: 2.49859e-05
960 965 984 1051
#module 56 size: 10 bs: 2.81049e-09
149 150 162 198 250 298 439 488 515 849
#module 57 size: 24 bs: 0.000634904
264 265 311 344 345 369 389 409 410 503 504 559 603 613 662 677 786 833 860 861 906 943 1234 1322
#module 58 size: 7 bs: 3.68603e-07
316 317 321 349 366 562 862
#module 59 size: 5 bs: 2.51418e-09
633 634 704 876 927
#module 60 size: 6 bs: 3.40439e-06
809 810 917 972 1332 1362
#module 61 size: 7 bs: 0.00137023
902 944 945 962 1230 1236 1300
#module 62 size: 10 bs: 0.0018354
333 334 357 360 362 1078 1079 1126 1311 1442
#module 63 size: 28 bs: 0.738114
1 2 3 4 5 6 7 8 9 14 20 31 36 42 49 84 86 130 139 230 295 328 329 458 483 583 866 980
#module 64 size: 12 bs: 0.475841
88 89 191 251 282 304 324 455 463 540 666 1417
#module 65 size: 32 bs: 0.839432
117 118 122 231 246 247 297 310 347 348 352 368 428 461 465 474 475 491 521 561 635 650 718 773 867 953 954 1048 1155 1176 1204 1242
#module 66 size: 10 bs: 0.548492
172 173 195 238 239 356 429 629 1305 1428
#module 67 size: 19 bs: 0.56453
199 200 286 287 336 337 341 342 408 421 609 610 620 813 963 1004 1038 1185 1319
#module 68 size: 8 bs: 1.00424
208 209 215 222 255 291 514 1312
#module 69 size: 9 bs: 0.0214615
243 244 245 289 299 305 631 1370 1406
#module 70 size: 8 bs: 0.259671
435 436 533 560 710 956 979 1402
#module 71 size: 34 bs: 0.922238
54 55 59 60 71 132 164 181 219 254 300 525 526 564 626 627 714 721 722 743 757 761 824 897 909 1050 1064 1112 1157 1171 1260 1263 1264 1278
#module 72 size: 7 bs: 0.547392
642 643 798 799 807 1150 1302
#module 73 size: 20 bs: 0.679796
658 659 684 792 832 846 859 877 961 995 1006 1042 1055 1070 1294 1306 1307 1361 1372 1379
#module 74 size: 4 bs: 0.756306
1001 1002 1161 1364
#module 75 size: 4 bs: 0.0468572
1127 1128 1309 1381
#module 76 size: 4 bs: 0.169206
1210 1211 1325 1412
#module 77 size: 4 bs: 0.771659
1220 1221 1292 1418
#module 78 size: 27 bs: 0.850579
343 450 451 538 539 591 592 628 700 701 711 720 731 754 755 769 777 778 800 818 858 880 942 1035 1165 1320 1328
#module 79 size: 26 bs: 0.498157
77 78 79 87 106 107 109 115 123 124 148 153 155 184 189 201 234 235 242 332 359 383 594 1014 1156 1333
#module 80 size: 30 bs: 0.695754
10 11 21 22 25 26 38 41 44 45 85 165 210 211 213 214 249 270 306 338 520 632 660 683 741 847 991 1020 1024 1123
#module 81 size: 22 bs: 0.823344
354 355 415 513 569 579 580 581 732 782 783 784 785 856 915 983 1102 1103 1137 1273 1274 1331
#module 82 size: 30 bs: 0.345863
377 378 381 382 393 433 434 452 453 464 501 639 655 656 680 692 695 817 873 896 930 1084 1115 1122 1287 1288 1336 1400 1407 1420
#module 83 size: 27 bs: 0.963744
396 397 422 480 508 509 528 555 556 567 568 604 637 696 709 936 1077 1107 1139 1169 1192 1246 1249 1272 1384 1385 1395
#module 84 size: 15 bs: 0.118504
523 524 574 582 739 744 869 870 871 872 1029 1054 1101 1153 1439
#module 85 size: 12 bs: 0.830029
588 589 669 759 827 828 830 879 968 1104 1258 1291
#module 86 size: 11 bs: 0.538957
649 910 911 957 993 994 1202 1212 1266 1279 1286
#module 87 size: 36 bs: 0.438091
64 65 90 91 96 97 114 151 152 158 177 217 228 229 240 257 259 266 269 446 447 450 459 493 500 512 608 651 691 733 750 907 908 926 961 1071
#module 88 size: 33 bs: 0.271042
178 179 202 203 207 212 326 358 370 387 390 543 618 668 693 699 759 780 781 795 826 863 953 1000 1073 1074 1120 1129 1172 1213 1243 1335 1369
#module 89 size: 15 bs: 0.965539
187 188 190 236 267 469 647 661 679 694 894 1026 1052 1075 1337
#module 90 size: 81 bs: 0.11818
302 303 313 411 416 427 454 462 467 476 477 527 530 531 547 558 595 621 622 636 641 663 664 671 672 685 706 715 745 748 749 762 763 770 771 774 775 776 789 791 793 801 808 819 820 835 842 843 844 855 868 887 891 900 903 916 924 950 952 959 1007 1053 1068 1072 1082 1085 1086 1094 1109 1111 1124 1141 1159 1162 1163 1197 1208 1219 1324 1397 1430
#module 91 size: 14 bs: 0.532535
322 323 412 414 529 590 648 652 725 921 991 1041 1267 1297
#module 92 size: 25 bs: 0.744906
690 691 726 727 764 832 880 932 972 986 995 1013 1049 1087 1089 1090 1121 1180 1181 1190 1205 1334 1366 1419 1427
#module 93 size: 17 bs: 0.247677
57 58 94 101 108 112 113 116 129 182 197 283 425 426 647 670 1396
#module 94 size: 23 bs: 0.720194
34 35 43 70 102 105 106 107 121 159 330 371 374 401 489 490 519 651 836 985 1005 1067 1283
#module 95 size: 34 bs: 0.430118
136 137 185 192 193 206 207 225 226 241 258 268 284 285 301 361 385 536 563 570 576 577 644 654 665 697 765 772 806 890 933 987 1056 1131
#module 96 size: 37 bs: 0.906552
136 137 186 258 274 275 375 376 386 398 399 400 404 448 449 466 481 484 485 495 511 532 552 575 614 678 687 763 893 898 1039 1040 1063 1091 1201 1240 1367
#module 97 size: 10 bs: 0.638181
170 171 204 314 325 327 335 346 920 1411
#module 98 size: 7 bs: 0.570079
593 688 689 760 909 923 1255
#module 99 size: 21 bs: 0.0863134
17 18 23 24 51 67 95 103 104 133 163 174 175 180 196 216 253 312 607 825 958
#module 100 size: 23 bs: 0.514377
320 469 506 507 534 535 548 630 734 735 779 797 816 831 839 850 1093 1140 1289 1326 1327 1383 1386
#module 101 size: 36 bs: 0.266184
15 16 19 29 30 46 48 50 61 62 63 66 68 72 73 82 111 127 128 144 147 169 256 281 403 554 742 925 931 1143 1144 1145 1223 1259 1389 1416
#module 102 size: 20 bs: 0.354264
307 308 468 502 510 584 585 719 736 829 959 992 1043 1177 1198 1199 1200 1241 1257 1409
#module 103 size: 36 bs: 0.602172
199 200 220 221 224 237 261 331 438 440 609 610 700 701 702 703 711 720 731 803 805 857 880 967 991 1027 1096 1097 1165 1244 1248 1314 1382 1421 1422 1429
#module 104 size: 93 bs: 0.266887
262 263 339 340 351 367 372 373 380 391 392 395 417 420 430 431 437 470 471 479 482 486 487 518 522 537 541 542 544 557 565 571 605 611 612 619 620 623 625 653 667 698 706 712 716 737 738 746 747 758 767 768 776 786 790 794 796 812 814 815 821 878 889 914 922 929 935 948 949 971 988 989 990 1003 1017 1044 1083 1092 1108 1121 1132 1160 1182 1191 1231 1250 1253 1256 1271 1282 1298 1313 1413
#module 105 size: 19 bs: 0.926751
498 499 729 837 888 913 969 970 971 1118 1138 1166 1232 1269 1270 1308 1318 1365 1390
#module 106 size: 35 bs: 0.28473
27 28 39 40 47 52 56 69 83 110 141 169 256 292 320 492 840 841 895 1018 1019 1076 1098 1099 1100 1130 1136 1152 1184 1186 1203 1209 1290 1321 1425
#module 107 size: 58 bs: 0.232868
681 682 686 723 724 730 802 804 811 822 823 845 848 862 874 883 884 885 886 902 909 939 977 998 999 1008 1021 1025 1026 1028 1030 1033 1034 1036 1037 1080 1081 1088 1095 1110 1116 1117 1119 1135 1158 1167 1196 1222 1233 1261 1265 1285 1315 1363 1380 1391 1399 1426
#module 108 size: 6 bs: 0.195575
787 788 838 875 1371 1398
#module 109 size: 12 bs: 0.705843
444 445 478 717 919 934 1015 1016 1022 1023 1245 1299
#module 110 size: 1 bs: 1
1178
#module 111 size: 1 bs: 1
1179
#module 112 size: 1 bs: 1
1224
#module 113 size: 1 bs: 1
1225
#module 114 size: 1 bs: 1
1280
#module 115 size: 1 bs: 1
1281
#module 116 size: 1 bs: 1
1284
#module 117 size: 1 bs: 1
1295
#module 118 size: 1 bs: 1
1296
#module 119 size: 1 bs: 1
1329
#module 120 size: 1 bs: 1
1330
#module 121 size: 1 bs: 1
1339
#module 122 size: 1 bs: 1
1368
#module 123 size: 1 bs: 1
1387
#module 124 size: 1 bs: 1
1388
#module 125 size: 1 bs: 1
1403
#module 126 size: 1 bs: 1
1404
#module 127 size: 1 bs: 1
1405
#module 128 size: 1 bs: 1
1410
#module 129 size: 1 bs: 1
1414
#module 130 size: 1 bs: 1
1415
#module 131 size: 1 bs: 1
1423
#module 132 size: 1 bs: 1
1424
#module 133 size: 1 bs: 1
1431
#module 134 size: 1 bs: 1
1432
#module 135 size: 1 bs: 1
1433
#module 136 size: 1 bs: 1
1434
#module 137 size: 1 bs: 1
1435
#module 138 size: 1 bs: 1
1436
#module 139 size: 1 bs: 1
1437
#module 140 size: 1 bs: 1
1438
#module 141 size: 1 bs: 1
1440
#module 142 size: 1 bs: 1
1441
#module 143 size: 1 bs: 1
1443
