#module 0 size: 3 bs: 0.00170253
1224 1225 1410 
#module 1 size: 3 bs: 8.36575e-12
1280 1281 1284 
#module 2 size: 3 bs: 1.11022e-16
1295 1296 1368 
#module 3 size: 3 bs: 0.000133653
1329 1330 1339 
#module 4 size: 3 bs: 1.5656e-09
1403 1404 1405 
#module 5 size: 3 bs: 5.88418e-12
1436 1437 1438 
#module 6 size: 81 bs: 7.50649e-101
54 55 59 60 71 132 136 137 164 181 185 186 192 193 206 207 219 225 226 241 254 258 268 274 275 284 285 300 301 361 375 376 385 386 398 399 400 404 448 449 466 481 484 485 495 511 532 536 552 563 564 570 575 576 577 614 644 654 665 678 687 697 763 765 772 806 890 893 898 933 987 1039 1040 1056 1063 1091 1131 1201 1240 1278 1367 
#module 7 size: 625 bs: 0.00293125
1 2 3 4 5 6 7 8 9 10 11 12 13 14 17 18 20 21 22 23 24 25 26 31 32 33 36 37 38 41 42 44 45 49 51 53 57 58 64 65 67 74 75 76 80 81 84 85 86 90 91 94 95 96 97 101 103 104 108 112 113 114 116 119 120 129 130 133 134 135 139 140 142 143 145 146 149 150 151 152 154 158 160 161 162 163 165 166 174 175 177 180 182 194 196 197 198 199 200 205 210 211 213 214 216 217 220 221 224 228 229 230 237 240 249 250 252 253 257 259 261 262 263 266 269 270 276 280 283 286 287 295 298 302 303 306 307 308 312 313 322 323 328 329 331 336 337 338 339 340 341 342 343 351 353 354 355 367 372 373 379 380 384 391 392 395 408 411 412 414 415 416 417 420 421 425 426 427 430 431 437 438 439 440 446 447 450 451 454 458 459 462 467 468 470 471 476 477 479 482 483 486 487 488 489 490 493 494 498 499 500 502 510 512 513 515 518 519 520 522 527 529 530 531 537 538 539 541 542 544 547 557 558 565 569 571 579 580 581 583 584 585 590 591 592 595 605 607 608 609 610 611 612 619 620 621 622 623 625 626 627 628 632 636 641 647 648 649 651 652 653 657 658 659 660 663 664 667 670 671 672 681 682 683 684 685 686 690 691 698 700 701 702 703 706 711 712 713 714 715 716 719 720 723 724 725 726 727 728 729 730 731 732 733 736 737 738 741 745 746 747 748 749 750 754 755 757 758 762 763 764 767 768 769 770 771 774 775 776 777 778 782 783 784 785 786 789 790 791 792 793 794 796 800 801 802 803 804 805 808 811 812 813 814 815 818 819 820 821 822 823 824 825 829 832 835 836 837 842 843 844 845 846 847 848 849 855 856 857 858 859 866 868 874 877 878 880 883 884 885 886 887 888 889 891 892 899 900 902 903 909 910 911 913 914 915 916 921 922 924 929 931 932 935 937 938 939 940 941 942 948 949 950 952 955 957 958 959 960 961 963 965 967 969 970 971 972 977 978 980 983 984 986 988 989 990 991 992 993 994 995 998 999 1003 1004 1006 1007 1008 1013 1017 1020 1021 1024 1025 1026 1027 1028 1030 1031 1032 1033 1034 1035 1038 1041 1042 1043 1044 1046 1047 1048 1049 1050 1051 1053 1055 1064 1068 1069 1070 1072 1080 1081 1082 1083 1085 1086 1087 1088 1089 1090 1092 1094 1095 1096 1097 1102 1103 1108 1109 1110 1111 1116 1117 1118 1119 1121 1123 1124 1132 1135 1137 1138 1141 1158 1159 1160 1162 1163 1165 1166 1167 1170 1177 1180 1181 1182 1185 1190 1191 1196 1197 1198 1199 1200 1202 1205 1208 1212 1219 1222 1231 1232 1233 1241 1244 1246 1248 1250 1253 1256 1257 1261 1263 1266 1267 1269 1270 1271 1273 1274 1279 1282 1285 1286 1294 1297 1298 1306 1307 1308 1313 1314 1315 1318 1319 1320 1324 1328 1331 1334 1338 1361 1363 1365 1366 1372 1379 1380 1382 1390 1391 1396 1397 1399 1401 1409 1413 1419 1421 1422 1426 1427 1429 1430 
#module 8 size: 321 bs: 0.00408579
12 13 15 16 19 27 28 29 30 32 33 34 35 37 39 40 43 46 47 48 50 52 53 56 61 62 63 64 65 66 68 69 70 72 73 74 75 76 77 78 79 80 81 82 83 87 90 91 96 97 102 105 106 107 109 110 111 114 115 119 120 121 123 124 127 128 134 135 140 141 142 143 144 145 146 147 148 151 152 153 154 155 158 159 160 161 166 169 170 171 177 184 187 188 189 190 194 201 204 205 217 228 229 234 235 236 240 242 252 256 257 259 266 267 269 276 280 281 292 314 316 317 320 321 325 327 330 332 333 334 335 346 349 353 357 359 360 362 366 371 374 379 383 384 401 403 446 447 450 451 459 469 492 493 494 500 506 507 512 548 554 562 593 594 608 633 634 651 657 661 679 681 682 686 688 689 691 694 704 713 723 724 728 730 733 742 750 760 787 788 802 804 811 822 823 838 839 845 848 850 862 866 874 875 876 883 884 885 886 892 894 895 902 907 908 909 910 911 916 920 923 925 926 927 931 939 944 945 957 961 962 977 985 994 998 999 1005 1008 1014 1018 1019 1021 1025 1026 1028 1030 1033 1034 1036 1037 1046 1052 1067 1069 1071 1075 1078 1079 1080 1081 1088 1093 1095 1098 1099 1100 1110 1116 1117 1119 1126 1135 1143 1144 1145 1152 1154 1156 1158 1167 1171 1173 1174 1186 1196 1202 1209 1212 1222 1223 1230 1233 1236 1246 1255 1259 1261 1265 1266 1279 1283 1285 1286 1300 1308 1311 1315 1333 1337 1363 1371 1380 1389 1391 1394 1398 1399 1411 1416 1426 1442 
#module 9 size: 75 bs: 0.00082348
117 118 122 178 179 202 203 207 212 231 246 247 297 310 326 347 348 352 358 368 370 387 390 428 461 465 474 475 491 521 543 561 588 589 618 635 650 668 669 693 699 718 759 773 780 781 795 826 827 828 830 863 867 879 953 954 968 1000 1048 1073 1074 1104 1120 1129 1155 1172 1176 1204 1213 1242 1243 1258 1291 1335 1369 
#module 10 size: 8 bs: 1
92 93 98 99 100 218 223 456 
#module 11 size: 8 bs: 1
125 126 131 138 167 168 176 707 
#module 12 size: 8 bs: 1
156 157 183 227 288 365 624 705 
#module 13 size: 6 bs: 1
232 233 248 260 290 296 
#module 14 size: 5 bs: 1
271 272 273 309 318 
#module 15 size: 7 bs: 1
277 278 279 350 407 424 457 
#module 16 size: 6 bs: 1
293 294 315 319 432 505 
#module 17 size: 9 bs: 1
363 364 388 394 402 413 566 640 951 
#module 18 size: 9 bs: 1
405 406 460 517 553 708 966 1251 1304 
#module 19 size: 5 bs: 1
418 419 423 578 615 
#module 20 size: 7 bs: 1
441 442 443 606 638 1262 1301 
#module 21 size: 9 bs: 1
472 473 740 753 864 865 881 882 928 
#module 22 size: 7 bs: 1
496 497 516 645 646 1168 1188 
#module 23 size: 5 bs: 1
545 546 616 617 1175 
#module 24 size: 6 bs: 1
549 550 551 766 901 1247 
#module 25 size: 5 bs: 1
572 573 586 587 1151 
#module 26 size: 4 bs: 1
596 597 598 677 
#module 27 size: 4 bs: 1
599 600 601 602 
#module 28 size: 4 bs: 1
673 674 675 676 
#module 29 size: 6 bs: 1
751 752 756 834 918 964 
#module 30 size: 6 bs: 1
809 810 917 972 1332 1362 
#module 31 size: 4 bs: 1
851 852 853 854 
#module 32 size: 5 bs: 1
904 905 912 1164 1183 
#module 33 size: 4 bs: 1
946 947 981 982 
#module 34 size: 4 bs: 1
973 974 975 976 
#module 35 size: 4 bs: 1
996 997 1125 1216 
#module 36 size: 4 bs: 1
1009 1010 1045 1218 
#module 37 size: 4 bs: 1
1011 1012 1142 1146 
#module 38 size: 4 bs: 1
1057 1058 1214 1215 
#module 39 size: 4 bs: 1
1059 1060 1226 1227 
#module 40 size: 4 bs: 1
1061 1062 1228 1229 
#module 41 size: 4 bs: 1
1065 1066 1217 1237 
#module 42 size: 7 bs: 1
1105 1106 1187 1235 1268 1277 1310 
#module 43 size: 4 bs: 1
1113 1114 1189 1254 
#module 44 size: 4 bs: 1
1133 1134 1316 1317 
#module 45 size: 3 bs: 1
1147 1148 1149 
#module 46 size: 4 bs: 1
1193 1194 1195 1293 
#module 47 size: 3 bs: 1
1206 1207 1252 
#module 48 size: 3 bs: 1
1238 1239 1303 
#module 49 size: 3 bs: 1
1275 1276 1323 
#module 50 size: 3 bs: 1
1340 1341 1342 
#module 51 size: 3 bs: 1
1343 1344 1345 
#module 52 size: 3 bs: 1
1346 1347 1348 
#module 53 size: 3 bs: 1
1349 1350 1351 
#module 54 size: 3 bs: 1
1352 1353 1354 
#module 55 size: 3 bs: 1
1355 1356 1357 
#module 56 size: 3 bs: 1
1358 1359 1360 
#module 57 size: 3 bs: 1
1373 1374 1375 
#module 58 size: 3 bs: 1
1376 1377 1378 
#module 59 size: 3 bs: 1
1392 1393 1408 
#module 60 size: 11 bs: 1
525 526 721 722 743 761 897 1112 1157 1260 1264 
#module 61 size: 13 bs: 1
344 345 369 409 410 503 504 559 677 786 860 861 943 
#module 62 size: 12 bs: 1
88 89 191 251 282 304 324 455 463 540 666 1417 
#module 63 size: 10 bs: 1
172 173 195 238 239 356 429 629 1305 1428 
#module 64 size: 8 bs: 1
208 209 215 222 255 291 514 1312 
#module 65 size: 9 bs: 1
243 244 245 289 299 305 631 1370 1406 
#module 66 size: 8 bs: 1
435 436 533 560 710 956 979 1402 
#module 67 size: 15 bs: 1
523 524 574 582 739 744 869 870 871 872 1029 1054 1101 1153 1439 
#module 68 size: 7 bs: 1
642 643 798 799 807 1150 1302 
#module 69 size: 10 bs: 1
840 841 1076 1130 1136 1184 1203 1290 1321 1425 
#module 70 size: 4 bs: 1
1001 1002 1161 1364 
#module 71 size: 4 bs: 1
1127 1128 1309 1381 
#module 72 size: 4 bs: 1
1210 1211 1325 1412 
#module 73 size: 4 bs: 1
1220 1221 1292 1418 
#module 74 size: 26 bs: 1
396 397 422 480 508 509 528 555 556 567 568 604 637 696 709 936 1077 1107 1139 1169 1192 1249 1272 1384 1385 1395 
#module 75 size: 30 bs: 1
377 378 381 382 393 433 434 452 453 464 501 639 655 656 680 692 695 817 873 896 930 1084 1115 1122 1287 1288 1336 1400 1407 1420 
#module 76 size: 11 bs: 1
264 265 311 389 603 613 662 833 906 1234 1322 
#module 77 size: 15 bs: 1
534 535 630 734 735 779 797 816 831 1140 1289 1326 1327 1383 1386 
#module 78 size: 12 bs: 1
444 445 478 717 919 934 1015 1016 1022 1023 1245 1299 
#module 79 size: 1 bs: 1
1178 
#module 80 size: 1 bs: 1
1179 
#module 81 size: 1 bs: 1
1387 
#module 82 size: 1 bs: 1
1388 
#module 83 size: 1 bs: 1
1414 
#module 84 size: 1 bs: 1
1415 
#module 85 size: 1 bs: 1
1423 
#module 86 size: 1 bs: 1
1424 
#module 87 size: 1 bs: 1
1431 
#module 88 size: 1 bs: 1
1432 
#module 89 size: 1 bs: 1
1433 
#module 90 size: 1 bs: 1
1434 
#module 91 size: 1 bs: 1
1435 
#module 92 size: 1 bs: 1
1440 
#module 93 size: 1 bs: 1
1441 
#module 94 size: 1 bs: 1
1443 
