#module 0 size: 47 bs: 1.61941e-05
28 66 88 96 106 108 117 153 173 199 205 216 225 227 238 247 252 259 264 269 285 299 358 360 372 379 380 383 386 387 396 399 424 438 444 449 465 495 511 514 565 566 604 617 669 688 693 
#module 1 size: 70 bs: 0.000137452
2 8 15 40 46 64 71 73 75 77 81 103 115 135 136 137 160 165 169 189 196 215 223 233 266 274 278 282 283 288 293 305 327 346 348 350 354 361 377 384 385 387 401 475 485 488 501 507 508 514 519 535 537 550 552 557 569 578 589 590 592 602 612 622 632 638 640 642 673 679 
#module 2 size: 72 bs: 3.37456e-06
1 20 27 28 34 37 38 44 56 60 79 86 114 119 120 123 145 146 149 154 157 160 174 178 182 229 232 248 259 261 289 290 311 329 355 373 381 382 388 390 394 403 410 412 415 420 421 427 432 435 437 459 463 471 498 503 507 509 510 526 549 553 567 613 614 615 616 625 645 659 698 699 
#module 3 size: 85 bs: 0.00131143
2 22 24 34 40 54 75 87 89 95 98 111 123 129 135 161 165 167 169 189 196 215 223 233 234 235 257 262 268 273 274 277 278 282 283 284 288 293 310 316 325 327 348 350 353 354 361 377 378 384 417 419 442 461 475 481 485 487 488 508 533 535 536 537 543 557 558 561 575 578 583 584 589 590 592 612 638 640 670 671 678 679 686 695 696 
#module 4 size: 13 bs: 1
4 9 14 42 45 53 67 90 301 501 508 522 605 
#module 5 size: 34 bs: 1
29 110 112 116 119 121 125 145 193 217 292 323 344 363 386 430 432 452 475 506 508 513 530 531 545 548 564 572 585 621 646 656 663 674 
#module 6 size: 26 bs: 1
158 206 212 213 226 255 303 308 317 318 336 368 405 434 486 529 555 568 607 608 616 636 641 644 647 649 
#module 7 size: 20 bs: 1
11 41 50 76 133 150 159 217 219 220 235 291 294 307 313 324 371 391 554 668 
#module 8 size: 26 bs: 1
26 31 35 80 85 177 211 268 274 280 295 301 302 366 443 467 474 477 478 523 576 620 643 652 660 687 
#module 9 size: 26 bs: 1
3 43 48 63 124 173 175 190 198 221 227 259 272 297 309 315 346 384 387 392 397 458 468 483 496 606 
#module 10 size: 33 bs: 1
16 23 36 101 107 179 187 208 240 249 267 271 293 302 336 367 385 392 400 404 416 446 453 491 492 494 531 542 580 601 633 650 666 
#module 11 size: 30 bs: 1
25 83 100 102 118 201 227 242 265 279 320 321 328 342 357 409 507 514 518 554 605 609 624 632 645 667 675 679 691 692 
#module 12 size: 34 bs: 1
6 12 78 117 140 152 162 203 250 270 289 325 327 369 375 376 418 441 447 455 470 513 538 547 564 596 601 617 618 626 628 665 668 682 
#module 13 size: 31 bs: 1
17 18 94 136 155 174 251 290 374 385 393 425 426 430 450 456 490 497 499 543 544 556 581 596 599 616 637 648 653 661 668 
#module 14 size: 30 bs: 1
13 55 57 61 62 91 92 94 124 126 144 228 236 243 268 276 287 293 310 319 354 357 383 433 513 587 605 651 685 697 
#module 15 size: 21 bs: 1
19 72 147 160 172 186 221 230 263 281 330 332 357 384 395 428 489 524 564 591 649 
#module 16 size: 17 bs: 1
7 10 109 122 127 130 134 168 181 210 231 241 314 321 442 644 699 
#module 17 size: 23 bs: 1
138 139 272 310 331 336 337 349 356 359 370 406 421 423 430 454 473 476 558 563 635 639 657 
#module 18 size: 35 bs: 1
178 190 204 207 222 253 255 258 272 289 304 314 321 338 339 345 408 432 460 462 464 466 491 504 510 512 529 546 562 574 593 595 634 664 684 
#module 19 size: 38 bs: 1
21 58 65 84 98 148 170 185 195 204 221 224 229 245 250 300 316 322 341 378 383 411 429 480 491 499 535 539 543 554 578 603 610 623 644 675 676 680 
#module 20 size: 26 bs: 1
5 47 52 74 124 170 172 192 197 244 246 286 295 302 363 457 520 534 541 577 627 629 683 689 694 700 
#module 21 size: 33 bs: 1
30 32 49 61 70 80 104 113 167 174 176 212 254 298 304 326 333 378 389 469 479 497 509 516 517 522 528 529 559 570 619 631 657 
#module 22 size: 36 bs: 1
51 69 98 111 142 164 212 214 235 275 296 301 346 350 352 386 410 414 423 515 517 521 524 532 540 551 557 582 586 588 594 598 627 677 681 690 
#module 23 size: 19 bs: 1
39 68 143 166 171 183 188 202 209 217 306 335 340 353 407 439 458 465 639 
#module 24 size: 34 bs: 1
33 59 97 99 105 128 132 141 239 256 325 364 365 435 445 448 451 475 482 505 511 522 525 560 573 602 611 627 654 655 657 661 698 699 
#module 25 size: 33 bs: 1
82 93 151 184 194 218 224 241 250 260 327 334 343 363 398 413 421 422 431 435 436 465 484 497 500 501 510 527 571 600 649 658 672 
#module 26 size: 35 bs: 1
131 156 163 180 191 200 236 237 286 312 347 351 362 402 440 442 472 493 499 502 511 517 524 531 565 579 596 597 601 630 632 645 661 662 675 
