0	1	441.719	96	
0	2	72.494	16	
0	3	100.132	23	
0	4	96.0311	23	
0	5	112.976	23	
0	6	42.043	9	
0	7	15.1824	4	
0	8	32.8427	8	
0	9	91.591	21	
0	10	124.324	28	
0	11	53.3211	11	
0	12	32.1537	8	
0	13	3.65696	1	
0	14	44.3576	12	
0	15	5.59071	1	
0	16	82.0203	19	
0	17	86.0661	17	
0	18	70.5979	14	
0	19	123.789	27	
0	20	119.038	26	
0	21	57.0333	13	
0	22	116.369	25	
0	23	52.8124	12	
0	24	50.8127	12	
0	25	49.9526	10	
0	26	74.264	17	
0	27	86.0585	18	
0	28	66.4285	15	
0	29	37.8241	8	
0	30	87.3398	19	
0	31	53.4475	12	
1	2	97.4685	21	
1	3	87.0301	19	
1	4	118.62	28	
1	5	66.3392	15	
1	6	74.9145	18	
1	7	122.728	26	
1	8	122.713	27	
1	9	87.2056	19	
1	10	168.086	35	
1	11	87.0279	19	
1	12	125.913	26	
1	13	67.0345	16	
1	14	112.657	25	
1	15	33.3192	8	
1	16	190.559	43	
1	17	94.8088	19	
1	18	224.011	49	
1	19	90.6302	18	
1	20	140.566	32	
1	21	79.0925	17	
1	22	231.794	51	
1	23	149.459	32	
1	24	139.41	30	
1	25	195.209	38	
1	26	152.784	34	
1	27	163.347	36	
1	28	153.958	34	
1	29	103.021	22	
1	30	116.686	24	
1	31	190.101	40	
2	3	45.6113	10	
2	4	10.6477	2	
2	5	50.583	11	
2	6	15.3238	4	
2	8	4.35585	1	
2	9	7.93931	2	
2	10	19.4139	5	
2	11	9.51903	2	
2	12	2.86574	1	
2	14	12.6062	3	
2	15	36.9444	9	
2	16	21.3602	5	
2	17	18.5716	4	
2	18	2.32397	1	
2	19	3.36438	1	
2	20	4.09695	1	
2	21	15.8961	4	
2	22	13.0124	3	
2	23	4.33922	1	
2	24	9.27221	2	
2	25	5.48052	1	
2	26	4.38323	1	
2	28	22.5025	4	
2	29	6.0925	2	
2	30	25.55	5	
2	31	3.59098	1	
3	4	26.6796	7	
3	5	25.562	5	
3	7	18.8767	5	
3	8	3.59525	1	
3	10	38.8497	9	
3	11	28.7868	5	
3	12	23.0289	5	
3	13	16.3194	4	
3	15	9.04096	2	
3	16	39.6608	9	
3	17	18.767	5	
3	18	2.43155	1	
3	19	12.2185	3	
3	20	22.4781	5	
3	21	5.2013	1	
3	22	24.5392	5	
3	23	15.4194	3	
3	24	6.9234	1	
3	25	15.192	3	
3	26	69.7397	14	
3	30	8.77678	2	
3	31	18.1745	4	
4	6	13.8103	3	
4	7	5.57972	1	
4	8	5.74876	1	
4	9	8.92996	2	
4	10	34.6863	7	
4	11	78.8928	16	
4	12	6.46797	1	
4	15	2.63922	1	
4	16	23.9995	5	
4	17	28.7914	7	
4	18	26.1438	5	
4	20	34.5591	8	
4	21	4.56562	1	
4	22	8.76461	2	
4	23	35.6955	7	
4	24	6.15873	1	
4	25	47.2288	10	
4	26	34.9686	7	
4	27	44.1771	11	
4	28	64.976	14	
4	29	27.524	6	
4	30	6.03657	1	
4	31	33.0542	7	
5	6	7.40843	2	
5	7	3.48833	1	
5	8	5.45631	1	
5	9	5.81688	1	
5	10	3.32227	1	
5	11	16.2306	3	
5	12	3.70738	1	
5	13	24.2552	6	
5	14	11.0483	3	
5	15	5.09196	1	
5	16	33.9674	7	
5	18	29.9912	6	
5	19	5.2109	1	
5	20	35.118	7	
5	21	21.2058	4	
5	22	48.3295	10	
5	23	51.1213	12	
5	24	30.112	6	
5	25	22.6773	5	
5	26	30.9605	6	
5	27	14.9581	3	
5	28	24.1832	5	
5	29	50.9426	10	
5	30	11.8301	3	
5	31	21.3801	5	
6	7	15.0766	3	
6	8	13.0022	3	
6	9	27.2999	6	
6	10	51.2692	11	
6	11	17.1931	4	
6	12	13.5586	3	
6	13	15.5242	3	
6	14	2.3514	1	
6	15	5.60678	1	
6	16	34.165	8	
6	17	24.8183	5	
6	18	29.4905	6	
6	20	4.31194	1	
6	22	9.39609	2	
6	23	11.7664	3	
6	24	21.2753	4	
6	25	5.85728	1	
6	26	19.9121	5	
6	27	26.4297	6	
6	29	45.1072	9	
6	30	15.8144	3	
6	31	21.8006	5	
7	8	5.21247	1	
7	9	2.15993	1	
7	10	26.6768	5	
7	11	3.15319	1	
7	12	6.07961	1	
7	15	29.7282	6	
7	16	34.3053	7	
7	17	29.8137	6	
7	18	16.9825	4	
7	20	6.50367	1	
7	21	19.7993	4	
7	22	22.0515	5	
7	24	9.74583	2	
7	25	5.38901	1	
7	26	34.8382	8	
7	27	24.1468	6	
7	29	4.49918	1	
7	30	21.3371	5	
7	31	16.088	4	
8	9	2.21604	1	
8	11	16.1688	3	
8	12	15.0714	4	
8	13	17.8501	4	
8	14	3.28638	1	
8	15	46.7198	10	
8	16	15.8057	4	
8	17	7.36716	2	
8	18	25.1743	6	
8	19	28.8527	6	
8	20	33.5179	7	
8	21	16.4843	4	
8	22	57.0207	13	
8	23	16.2126	4	
8	24	2.78573	1	
8	25	24.5269	6	
8	26	48.4788	11	
8	27	17.1076	3	
8	29	47.7384	10	
8	30	4.90743	1	
8	31	3.25271	1	
9	10	2.11792	1	
9	11	23.8604	6	
9	12	4.80762	1	
9	13	4.24847	1	
9	14	22.9462	5	
9	16	10.5444	3	
9	18	63.1815	13	
9	19	37.3401	8	
9	20	30.1869	6	
9	22	4.33416	1	
9	23	23.1996	5	
9	24	21.2074	4	
9	27	31.2075	6	
9	28	5.78091	1	
9	30	2.52232	1	
9	31	8.04983	2	
10	11	15.1237	3	
10	12	9.8288	3	
10	14	24.4353	6	
10	15	14.107	4	
10	16	6.60301	2	
10	17	11.1091	3	
10	18	56.1847	12	
10	19	46.3209	10	
10	20	7.71793	2	
10	22	16.3344	3	
10	23	29.7561	7	
10	24	23.7573	5	
10	25	45.8995	10	
10	26	19.5667	5	
10	27	26.2116	6	
10	28	9.79512	2	
10	29	20.177	4	
10	30	11.4601	3	
10	31	27.2484	6	
11	12	25.9088	5	
11	13	33.2908	7	
11	14	4.89114	1	
11	15	6.01842	1	
11	16	35.4276	8	
11	17	7.90281	2	
11	18	69.4324	14	
11	19	23.0026	5	
11	20	6.29931	1	
11	21	4.71458	1	
11	22	17.6452	4	
11	23	27.9826	6	
11	24	5.66309	1	
11	25	8.58629	2	
11	26	74.0676	15	
11	27	22.228	4	
11	28	12.1443	3	
11	29	6.99566	1	
11	30	8.78709	2	
11	31	17.7211	4	
12	13	25.0072	6	
12	15	25.2591	5	
12	16	4.86768	1	
12	17	30.5729	7	
12	19	25.7764	5	
12	20	20.8988	5	
12	21	4.4039	1	
12	22	7.79351	2	
12	23	2.69984	1	
12	24	26.1424	6	
12	25	5.47904	1	
12	26	12.6522	3	
12	27	32.2512	7	
12	28	18.1393	4	
12	29	4.05272	1	
12	30	30.8993	7	
12	31	9.21735	2	
13	15	29.7061	7	
13	16	4.60957	1	
13	17	2.67601	1	
13	18	16.417	3	
13	19	23.4024	5	
13	20	17.139	4	
13	21	3.86756	1	
13	22	4.60586	1	
13	23	4.24252	1	
13	25	23.4734	5	
13	26	4.79004	1	
13	27	2.51589	1	
13	28	37.1806	8	
13	29	32.6272	7	
13	30	13.1732	3	
13	31	8.73149	2	
14	16	10.8604	3	
14	18	5.12822	1	
14	19	37.4545	8	
14	20	60.7698	12	
14	21	17.8436	4	
14	22	3.65423	1	
14	23	14.3927	4	
14	26	49.6014	10	
14	29	7.31097	2	
14	30	30.3949	6	
14	31	22.2886	5	
15	16	21.4601	5	
15	17	26.7642	6	
15	18	2.65721	1	
15	19	2.59688	1	
15	20	4.93788	1	
15	22	3.38539	1	
15	23	24.3064	5	
15	24	15.3196	4	
15	25	20.1135	4	
15	26	42.4369	9	
15	27	32.8398	7	
15	28	30.5806	7	
15	29	8.29619	3	
15	30	19.107	4	
15	31	8.7887	2	
16	18	70.8384	15	
16	19	34.3249	9	
16	20	51.2876	11	
16	21	18.4113	4	
16	22	32.9869	7	
16	23	22.2291	5	
16	24	3.08919	1	
16	25	38.5965	9	
16	26	76.9269	17	
16	27	33.688	7	
16	28	23.0282	5	
16	29	24.5315	5	
16	30	64.6951	15	
16	31	26.4154	5	
17	18	16.8962	4	
17	20	7.15532	2	
17	21	18.1425	4	
17	22	3.06411	1	
17	23	6.16123	1	
17	24	27.263	5	
17	25	36.7883	8	
17	26	49.6787	10	
17	27	6.83809	2	
17	28	16.5191	4	
17	29	25.2606	6	
17	31	21.3146	5	
18	19	5.51572	1	
18	20	24.7498	5	
18	21	12.2979	3	
18	22	9.42071	2	
18	23	20.5689	5	
18	24	47.2166	11	
18	25	58.0598	13	
18	26	20.2643	5	
18	27	48.5263	10	
18	28	6.13884	1	
18	29	4.037	1	
18	30	11.3592	3	
18	31	47.3629	11	
19	20	47.3231	10	
19	22	9.71969	2	
19	23	44.2478	10	
19	24	48.7651	10	
19	25	22.7808	5	
19	26	62.6104	14	
19	27	14.6534	3	
19	28	9.65212	2	
19	29	5.78398	1	
19	30	4.90247	1	
19	31	9.74939	2	
20	21	42.9696	9	
20	22	29.1841	6	
20	23	23.7341	5	
20	24	6.83595	1	
20	25	32.7145	7	
20	26	48.8272	10	
20	27	39.6002	8	
20	28	22.3827	5	
20	29	4.81413	1	
20	30	13.5176	3	
20	31	34.4314	7	
21	22	4.87188	1	
21	23	4.71232	1	
21	24	3.97136	1	
21	25	22.2043	5	
21	26	66.8363	14	
21	27	9.74964	3	
21	28	13.1699	3	
21	29	17.5978	3	
21	30	27.2676	6	
21	31	8.56793	2	
22	24	5.25044	1	
22	25	18.0233	4	
22	26	39.3249	9	
22	27	44.4108	9	
22	28	12.0525	3	
22	29	39.734	8	
22	30	55.7719	12	
22	31	28.6478	7	
23	24	16.6425	3	
23	25	46.3888	10	
23	26	55.427	12	
23	27	46.7527	10	
23	28	14.1201	4	
23	29	8.82126	2	
23	30	37.6465	8	
23	31	34.2236	6	
24	25	61.5628	12	
24	26	54.4537	11	
24	27	7.58536	2	
24	28	28.3504	5	
24	29	24.0821	5	
24	30	5.46528	1	
24	31	52.6786	11	
25	26	79.303	16	
25	27	12.2365	3	
25	28	29.9287	6	
25	29	5.9765	1	
25	30	35.3564	7	
25	31	30.0139	6	
26	27	34.4975	9	
26	28	23.8354	5	
26	29	39.9328	9	
26	30	68.3349	15	
26	31	47.5172	10	
27	28	21.4134	5	
27	30	23.4258	5	
27	31	16.3908	3	
28	29	9.9974	2	
28	30	68.2267	15	
28	31	50.9497	11	
29	30	32.5857	7	
29	31	24.325	5	
30	31	73.9466	16	
