0	1	872.777	190	
0	2	100.501	23	
0	3	134.829	31	
0	4	139.52	33	
0	5	170.17	35	
0	6	76.0063	17	
0	7	23.846	6	
0	8	100.716	23	
0	9	204.916	47	
0	10	111.374	24	
0	11	83.6366	19	
0	12	48.4468	11	
0	13	13.1255	3	
0	14	189.038	45	
0	15	93.2214	19	
0	16	169.173	34	
0	17	117.846	26	
0	18	163.261	35	
0	19	158.387	36	
0	20	127.621	27	
0	21	105.448	22	
0	22	235.303	51	
0	23	171.52	35	
0	24	104.244	23	
0	25	55.7332	12	
0	26	138.677	30	
0	27	127.967	28	
1	2	97.4685	21	
1	3	87.0301	19	
1	4	118.62	28	
1	5	66.3392	15	
1	6	74.9145	18	
1	7	122.728	26	
1	8	122.713	27	
1	9	168.086	35	
1	10	87.0279	19	
1	11	125.913	26	
1	12	67.0345	16	
1	13	33.3192	8	
1	14	190.559	43	
1	15	94.8088	19	
1	16	224.011	49	
1	17	79.0925	17	
1	18	231.794	51	
1	19	149.459	32	
1	20	139.41	30	
1	21	195.209	38	
1	22	152.784	34	
1	23	163.347	36	
1	24	153.958	34	
1	25	103.021	22	
1	26	116.686	24	
1	27	190.101	40	
2	3	45.6113	10	
2	4	10.6477	2	
2	5	50.583	11	
2	6	15.3238	4	
2	8	4.35585	1	
2	9	19.4139	5	
2	10	9.51903	2	
2	11	2.86574	1	
2	13	36.9444	9	
2	14	21.3602	5	
2	15	18.5716	4	
2	16	2.32397	1	
2	17	15.8961	4	
2	18	13.0124	3	
2	19	4.33922	1	
2	20	9.27221	2	
2	21	5.48052	1	
2	22	4.38323	1	
2	24	22.5025	4	
2	25	6.0925	2	
2	26	25.55	5	
2	27	3.59098	1	
3	4	26.6796	7	
3	5	25.562	5	
3	7	18.8767	5	
3	8	3.59525	1	
3	9	38.8497	9	
3	10	28.7868	5	
3	11	23.0289	5	
3	12	16.3194	4	
3	13	9.04096	2	
3	14	39.6608	9	
3	15	18.767	5	
3	16	2.43155	1	
3	17	5.2013	1	
3	18	24.5392	5	
3	19	15.4194	3	
3	20	6.9234	1	
3	21	15.192	3	
3	22	69.7397	14	
3	26	8.77678	2	
3	27	18.1745	4	
4	6	13.8103	3	
4	7	5.57972	1	
4	8	5.74876	1	
4	9	34.6863	7	
4	10	78.8928	16	
4	11	6.46797	1	
4	13	2.63922	1	
4	14	23.9995	5	
4	15	28.7914	7	
4	16	26.1438	5	
4	17	4.56562	1	
4	18	8.76461	2	
4	19	35.6955	7	
4	20	6.15873	1	
4	21	47.2288	10	
4	22	34.9686	7	
4	23	44.1771	11	
4	24	64.976	14	
4	25	27.524	6	
4	26	6.03657	1	
4	27	33.0542	7	
5	6	7.40843	2	
5	7	3.48833	1	
5	8	5.45631	1	
5	9	3.32227	1	
5	10	16.2306	3	
5	11	3.70738	1	
5	12	24.2552	6	
5	13	5.09196	1	
5	14	33.9674	7	
5	16	29.9912	6	
5	17	21.2058	4	
5	18	48.3295	10	
5	19	51.1213	12	
5	20	30.112	6	
5	21	22.6773	5	
5	22	30.9605	6	
5	23	14.9581	3	
5	24	24.1832	5	
5	25	50.9426	10	
5	26	11.8301	3	
5	27	21.3801	5	
6	7	15.0766	3	
6	8	13.0022	3	
6	9	51.2692	11	
6	10	17.1931	4	
6	11	13.5586	3	
6	12	15.5242	3	
6	13	5.60678	1	
6	14	34.165	8	
6	15	24.8183	5	
6	16	29.4905	6	
6	18	9.39609	2	
6	19	11.7664	3	
6	20	21.2753	4	
6	21	5.85728	1	
6	22	19.9121	5	
6	23	26.4297	6	
6	25	45.1072	9	
6	26	15.8144	3	
6	27	21.8006	5	
7	8	5.21247	1	
7	9	26.6768	5	
7	10	3.15319	1	
7	11	6.07961	1	
7	13	29.7282	6	
7	14	34.3053	7	
7	15	29.8137	6	
7	16	16.9825	4	
7	17	19.7993	4	
7	18	22.0515	5	
7	20	9.74583	2	
7	21	5.38901	1	
7	22	34.8382	8	
7	23	24.1468	6	
7	25	4.49918	1	
7	26	21.3371	5	
7	27	16.088	4	
8	10	16.1688	3	
8	11	15.0714	4	
8	12	17.8501	4	
8	13	46.7198	10	
8	14	15.8057	4	
8	15	7.36716	2	
8	16	25.1743	6	
8	17	16.4843	4	
8	18	57.0207	13	
8	19	16.2126	4	
8	20	2.78573	1	
8	21	24.5269	6	
8	22	48.4788	11	
8	23	17.1076	3	
8	25	47.7384	10	
8	26	4.90743	1	
8	27	3.25271	1	
9	10	15.1237	3	
9	11	9.8288	3	
9	13	14.107	4	
9	14	6.60301	2	
9	15	11.1091	3	
9	16	56.1847	12	
9	18	16.3344	3	
9	19	29.7561	7	
9	20	23.7573	5	
9	21	45.8995	10	
9	22	19.5667	5	
9	23	26.2116	6	
9	24	9.79512	2	
9	25	20.177	4	
9	26	11.4601	3	
9	27	27.2484	6	
10	11	25.9088	5	
10	12	33.2908	7	
10	13	6.01842	1	
10	14	35.4276	8	
10	15	7.90281	2	
10	16	69.4324	14	
10	17	4.71458	1	
10	18	17.6452	4	
10	19	27.9826	6	
10	20	5.66309	1	
10	21	8.58629	2	
10	22	74.0676	15	
10	23	22.228	4	
10	24	12.1443	3	
10	25	6.99566	1	
10	26	8.78709	2	
10	27	17.7211	4	
11	12	25.0072	6	
11	13	25.2591	5	
11	14	4.86768	1	
11	15	30.5729	7	
11	17	4.4039	1	
11	18	7.79351	2	
11	19	2.69984	1	
11	20	26.1424	6	
11	21	5.47904	1	
11	22	12.6522	3	
11	23	32.2512	7	
11	24	18.1393	4	
11	25	4.05272	1	
11	26	30.8993	7	
11	27	9.21735	2	
12	13	29.7061	7	
12	14	4.60957	1	
12	15	2.67601	1	
12	16	16.417	3	
12	17	3.86756	1	
12	18	4.60586	1	
12	19	4.24252	1	
12	21	23.4734	5	
12	22	4.79004	1	
12	23	2.51589	1	
12	24	37.1806	8	
12	25	32.6272	7	
12	26	13.1732	3	
12	27	8.73149	2	
13	14	21.4601	5	
13	15	26.7642	6	
13	16	2.65721	1	
13	18	3.38539	1	
13	19	24.3064	5	
13	20	15.3196	4	
13	21	20.1135	4	
13	22	42.4369	9	
13	23	32.8398	7	
13	24	30.5806	7	
13	25	8.29619	3	
13	26	19.107	4	
13	27	8.7887	2	
14	16	70.8384	15	
14	17	18.4113	4	
14	18	32.9869	7	
14	19	22.2291	5	
14	20	3.08919	1	
14	21	38.5965	9	
14	22	76.9269	17	
14	23	33.688	7	
14	24	23.0282	5	
14	25	24.5315	5	
14	26	64.6951	15	
14	27	26.4154	5	
15	16	16.8962	4	
15	17	18.1425	4	
15	18	3.06411	1	
15	19	6.16123	1	
15	20	27.263	5	
15	21	36.7883	8	
15	22	49.6787	10	
15	23	6.83809	2	
15	24	16.5191	4	
15	25	25.2606	6	
15	27	21.3146	5	
16	17	12.2979	3	
16	18	9.42071	2	
16	19	20.5689	5	
16	20	47.2166	11	
16	21	58.0598	13	
16	22	20.2643	5	
16	23	48.5263	10	
16	24	6.13884	1	
16	25	4.037	1	
16	26	11.3592	3	
16	27	47.3629	11	
17	18	4.87188	1	
17	19	4.71232	1	
17	20	3.97136	1	
17	21	22.2043	5	
17	22	66.8363	14	
17	23	9.74964	3	
17	24	13.1699	3	
17	25	17.5978	3	
17	26	27.2676	6	
17	27	8.56793	2	
18	20	5.25044	1	
18	21	18.0233	4	
18	22	39.3249	9	
18	23	44.4108	9	
18	24	12.0525	3	
18	25	39.734	8	
18	26	55.7719	12	
18	27	28.6478	7	
19	20	16.6425	3	
19	21	46.3888	10	
19	22	55.427	12	
19	23	46.7527	10	
19	24	14.1201	4	
19	25	8.82126	2	
19	26	37.6465	8	
19	27	34.2236	6	
20	21	61.5628	12	
20	22	54.4537	11	
20	23	7.58536	2	
20	24	28.3504	5	
20	25	24.0821	5	
20	26	5.46528	1	
20	27	52.6786	11	
21	22	79.303	16	
21	23	12.2365	3	
21	24	29.9287	6	
21	25	5.9765	1	
21	26	35.3564	7	
21	27	30.0139	6	
22	23	34.4975	9	
22	24	23.8354	5	
22	25	39.9328	9	
22	26	68.3349	15	
22	27	47.5172	10	
23	24	21.4134	5	
23	26	23.4258	5	
23	27	16.3908	3	
24	25	9.9974	2	
24	26	68.2267	15	
24	27	50.9497	11	
25	26	32.5857	7	
25	27	24.325	5	
26	27	73.9466	16	
