#module 0 size: 15 bs: 0.000919293
21 36 108 127 135 139 159 184 197 251 272 281 284 309 320 
#module 1 size: 10 bs: 7.25556e-102
4 78 152 181 195 218 273 275 306 328 
#module 2 size: 8 bs: 0.00350411
8 91 110 193 201 245 259 264 
#module 3 size: 8 bs: 0.0183819
23 25 31 51 76 83 84 237 
#module 4 size: 8 bs: 0.656122
6 89 95 147 154 219 319 327 
#module 5 size: 160 bs: 0.570633
1 3 5 7 9 10 13 16 21 22 25 26 27 29 30 31 38 39 40 45 47 48 50 55 56 59 60 62 63 65 66 67 69 72 73 75 77 79 82 84 85 87 88 96 98 103 104 105 106 109 113 117 118 119 120 121 122 123 125 128 129 130 132 133 134 136 141 142 146 148 153 156 158 161 164 165 168 169 170 172 176 178 183 185 186 188 199 200 203 207 208 211 212 213 221 222 223 224 228 229 231 232 234 235 236 238 239 246 247 248 250 252 257 258 261 265 268 270 271 272 274 276 277 280 283 285 288 290 291 294 295 297 298 301 303 304 308 311 313 314 315 317 318 322 323 324 325 329 331 332 334 336 338 339 340 341 342 344 345 347 
#module 6 size: 76 bs: 0.277159
2 14 17 19 20 23 28 32 35 41 44 46 49 52 61 68 70 71 86 93 97 99 102 111 112 115 116 124 131 137 138 140 143 144 149 151 155 157 162 167 174 175 177 182 190 192 205 214 216 220 225 226 227 230 240 241 243 253 255 262 263 267 278 279 289 293 296 305 307 310 312 321 326 333 337 343 
#module 7 size: 13 bs: 0.550195
58 64 81 100 107 119 150 163 171 189 217 269 286 
#module 8 size: 48 bs: 0.271329
1 5 24 30 34 48 53 54 57 73 80 87 88 92 94 101 126 130 160 166 173 178 180 187 191 194 196 198 202 204 206 213 242 249 254 260 266 299 300 302 303 315 316 320 322 329 330 346 
#module 9 size: 1 bs: 1
33 
#module 10 size: 1 bs: 1
42 
#module 11 size: 1 bs: 1
90 
#module 12 size: 1 bs: 1
179 
#module 13 size: 1 bs: 1
145 
#module 14 size: 1 bs: 1
282 
#module 15 size: 1 bs: 1
244 
#module 16 size: 1 bs: 1
233 
#module 17 size: 1 bs: 1
256 
