41 60 66 135 156 172 193 314 404 407 584 645 680 739 851 881 973 1057 1120 1145 1148 1153 1276 1395 1506 1630 1667 
26 58 59 77 142 152 165 182 268 296 301 322 380 492 499 544 606 702 768 796 834 890 951 1109 1168 1187 1199 1225 1255 1257 1258 1283 1340 1437 1453 1474 1490 1497 1554 1561 1584 1590 1643 
15 28 154 199 272 283 437 501 517 528 582 632 678 742 800 835 864 930 996 1031 1039 1066 1086 1155 1158 1237 1259 1286 1393 1432 1552 1560 1564 1569 1620 1627 1648 
42 45 184 225 235 257 318 342 396 432 445 462 490 506 516 522 547 608 633 651 660 662 693 696 729 748 806 857 1010 1028 1054 1128 1129 1132 1146 1225 1243 1277 1307 1323 1347 1367 1385 1398 1461 1465 1535 1559 1577 1609 1622 1641 1673 
60 137 156 172 212 247 248 276 314 396 399 457 505 587 631 633 645 669 680 697 763 770 851 881 911 920 959 1016 1084 1110 1120 1153 1164 1171 1199 1224 1276 1318 1348 1387 1436 1484 1534 1535 1540 1542 1598 1685 
3 42 45 75 125 181 188 210 235 257 280 396 439 445 462 476 651 661 662 686 693 697 711 715 745 748 791 806 822 844 857 899 924 966 1028 1045 1129 1219 1277 1278 1323 1367 1396 1413 1498 1516 1530 1577 1609 1634 1641 1656 
74 196 200 242 258 325 410 434 467 482 542 548 594 604 618 623 684 688 722 745 784 803 815 818 823 863 921 928 942 963 1022 1122 1163 1217 1279 1335 1393 1396 1450 1477 1554 1652 1669 1670 
47 91 106 219 240 267 337 385 416 432 461 465 470 473 565 596 779 782 801 808 812 819 847 881 905 973 982 1016 1090 1177 1300 1384 1404 1418 1422 1439 1453 1496 1515 1529 1539 1583 1610 1613 1630 1642 1647 1662 1667 1694 
90 136 151 182 269 310 314 525 543 586 785 858 871 967 987 1176 1202 1228 1306 1322 1367 1400 1419 1699 
90 136 151 182 269 310 314 525 543 586 785 858 871 967 987 1176 1202 1228 1306 1322 1367 1400 1419 1515 1624 1699 
121 139 305 307 331 456 473 518 546 551 575 627 655 664 729 752 753 764 775 858 901 923 939 1021 1046 1089 1101 1177 1192 1210 1242 1431 1444 1464 1519 1556 
17 51 192 210 218 223 327 445 496 518 651 662 862 1143 1192 1230 1367 1382 1412 1440 1452 1480 1545 1668 1679 
15 28 136 154 199 272 283 437 453 517 528 582 632 637 678 693 742 800 835 864 930 967 996 1039 1066 1086 1155 1158 1176 1202 1237 1259 1286 1342 1393 1432 1552 1558 1560 1569 1620 1627 1648 
100 110 308 368 375 469 482 540 563 612 669 722 761 784 801 1175 1478 1591 1595 1619 1685 
23 108 178 209 245 276 287 294 303 320 334 420 513 514 516 519 520 526 553 555 603 611 753 757 845 912 942 1077 1315 1491 1503 1591 1614 1680 1682 
40 54 120 186 225 306 315 360 381 396 467 482 487 496 548 552 694 696 708 728 789 817 824 827 829 870 922 983 1010 1063 1122 1144 1146 1195 1235 1305 1310 1381 1455 1468 1529 1538 1570 1667 1696 
44 73 167 195 229 235 278 286 295 297 304 306 343 500 514 600 629 633 643 653 657 689 698 708 728 730 732 773 789 817 827 829 848 906 929 983 994 1024 1033 1038 1047 1149 1180 1192 1195 1221 1238 1310 1374 1381 1406 1455 1468 1476 1538 1553 1670 1696 
54 103 120 126 132 186 235 306 315 326 337 360 381 390 482 486 487 552 577 579 607 612 676 694 696 708 722 728 741 761 762 784 791 824 827 829 836 846 870 879 917 922 945 983 997 1063 1166 1191 1195 1220 1235 1252 1282 1305 1310 1363 1381 1402 1436 1438 1455 1468 1512 1529 1562 1570 1614 1623 1638 1667 1687 1696 
28 138 203 317 321 325 340 352 353 360 404 480 529 530 538 624 676 700 713 774 881 896 915 932 987 1030 1031 1057 1078 1083 1086 1088 1127 1148 1183 1214 1216 1227 1265 1288 1292 1293 1311 1331 1346 1356 1371 1424 1451 1560 1572 1676 
31 46 53 99 107 108 111 115 119 123 128 173 183 195 210 237 250 262 274 291 309 311 312 320 325 384 402 404 433 455 472 518 534 538 539 547 560 593 599 604 618 624 665 700 705 788 812 838 839 844 850 869 887 889 901 903 932 933 943 956 972 988 998 1007 1021 1057 1067 1081 1090 1092 1107 1111 1127 1130 1140 1142 1148 1174 1194 1214 1216 1224 1241 1250 1256 1259 1261 1269 1292 1309 1311 1316 1330 1349 1351 1356 1371 1390 1391 1395 1424 1428 1431 1433 1441 1442 1451 1456 1466 1477 1481 1484 1489 1521 1540 1548 1606 1612 1626 1650 1655 1656 1658 1667 1676 1679 1689 
168 239 265 337 418 620 640 736 749 781 813 826 872 875 876 907 992 1023 1068 1080 1138 1236 1314 1341 1416 1449 1458 1534 1605 1639 1657 1665 
91 93 97 103 170 206 249 259 297 302 315 326 338 356 369 421 424 431 444 462 470 569 595 597 614 637 638 678 687 691 707 744 765 772 774 778 790 797 805 809 817 859 880 885 888 937 952 1003 1008 1013 1016 1043 1096 1131 1158 1187 1196 1233 1239 1245 1248 1279 1299 1312 1313 1321 1328 1353 1357 1370 1373 1376 1383 1462 1464 1471 1505 1508 1509 1520 1528 1538 1550 1557 1580 1619 1624 1688 1697 
75 211 243 244 322 425 440 540 609 650 721 732 783 787 873 891 919 957 1005 1093 1095 1106 1125 1133 1158 1201 1217 1218 1283 1317 1347 1394 1480 1515 1551 1581 1621 1629 1641 1659 
86 109 114 125 127 150 166 175 223 296 298 321 347 349 352 358 386 455 504 529 538 558 569 571 595 616 624 676 700 762 772 794 812 840 861 863 885 914 932 1061 1078 1088 1125 1127 1148 1149 1214 1216 1288 1291 1292 1311 1356 1421 1422 1424 1451 1496 1500 1536 1540 1572 1618 1686 1694 
236 329 336 453 455 495 509 567 669 711 723 727 759 1018 1051 1091 1227 1303 1330 1485 1599 1681 
176 187 202 266 283 324 330 413 480 541 656 664 737 824 853 854 874 953 975 1029 1045 1114 1154 1169 1494 1502 1531 1564 1605 1616 1620 1627 1686 1692 1700 
176 187 202 266 324 330 413 480 541 656 664 737 824 853 854 874 953 975 998 1029 1045 1114 1154 1169 1494 1502 1531 1564 1605 1616 1686 1692 1700 
56 62 95 155 161 168 217 281 319 337 352 381 392 397 470 486 500 512 574 607 612 620 640 693 736 750 781 809 813 826 841 875 884 907 921 977 1023 1044 1068 1090 1106 1121 1153 1185 1206 1215 1218 1264 1266 1267 1314 1376 1386 1416 1464 1480 1488 1521 1573 1586 1635 1639 1644 1654 1655 1665 1676 1683 1697 
53 82 97 299 314 334 513 605 625 691 741 830 841 968 1020 1150 1166 1185 1249 1266 1298 1321 1491 1547 1614 1642 1664 
65 138 219 334 403 438 446 465 609 613 659 668 690 692 693 766 782 865 1014 1072 1097 1182 1226 1332 1377 1378 1415 1418 1426 1469 1524 1571 1578 1617 1648 1671 1691 
75 211 243 244 440 557 609 650 721 732 783 787 873 876 879 891 897 919 934 957 972 991 1005 1011 1048 1049 1093 1095 1125 1133 1137 1201 1217 1218 1317 1347 1439 1450 1477 1480 1499 1515 1551 1581 1621 1629 1641 1659 1660 
8 53 56 62 95 107 109 111 114 117 123 133 150 155 166 168 173 175 197 210 217 236 237 244 250 281 349 352 386 394 397 402 433 443 470 504 547 558 560 569 571 574 594 621 640 667 669 684 687 693 727 736 750 781 790 794 807 826 840 855 859 861 863 864 875 884 885 892 907 914 921 933 946 952 954 977 988 997 1023 1044 1051 1061 1067 1068 1069 1071 1090 1092 1100 1106 1111 1121 1125 1142 1193 1206 1219 1241 1245 1250 1256 1259 1264 1266 1267 1291 1313 1314 1342 1343 1351 1386 1390 1391 1411 1416 1421 1443 1466 1488 1498 1536 1540 1547 1586 1606 1613 1618 1635 1639 1644 1646 1654 1655 1656 1665 1676 1681 1683 1686 
17 96 109 114 147 166 171 203 208 254 277 313 336 351 378 386 408 504 616 647 789 794 848 885 895 910 914 926 958 970 1026 1061 1072 1135 1154 1193 1261 1294 1321 1375 1399 1417 1421 1439 1442 1506 1511 1525 1536 1539 1585 1593 1686 1690 
41 84 99 105 115 146 188 200 201 214 325 336 370 371 385 434 445 451 453 455 457 495 509 581 601 623 688 711 727 736 745 803 838 902 925 928 973 985 991 1041 1045 1087 1091 1123 1126 1136 1153 1154 1159 1161 1163 1165 1217 1223 1275 1288 1298 1334 1335 1349 1401 1407 1485 1506 1514 1516 1530 1537 1574 1599 1634 1649 1653 1667 1693 
127 148 212 216 246 411 449 521 532 554 578 608 646 652 734 804 821 902 992 994 1015 1018 1070 1105 1152 1167 1258 1306 1354 1360 1371 1399 1429 1432 
66 71 89 117 129 161 189 204 244 270 299 319 339 376 381 386 391 397 458 574 635 667 674 703 721 809 841 884 971 977 993 997 1002 1019 1030 1073 1075 1116 1153 1185 1203 1206 1215 1243 1251 1264 1266 1267 1285 1293 1367 1372 1376 1408 1454 1464 1483 1504 1508 1510 1523 1573 1586 1636 1678 1683 
18 36 49 57 60 66 72 83 118 124 135 153 156 159 160 169 172 185 193 195 289 314 317 328 332 363 366 393 407 427 429 434 483 500 512 524 535 570 584 588 645 673 677 680 692 696 699 710 739 745 754 812 824 836 857 868 877 891 923 945 961 974 999 1011 1048 1079 1089 1093 1094 1117 1119 1120 1134 1141 1153 1209 1231 1252 1256 1260 1276 1281 1282 1296 1316 1363 1369 1389 1395 1409 1415 1435 1446 1447 1459 1492 1497 1506 1518 1526 1528 1530 1533 1551 1564 1580 1594 1603 1611 1634 1642 1661 1674 1685 1694 1695 1698 
17 72 93 96 97 112 119 147 159 160 169 171 174 195 203 206 208 209 223 249 254 277 313 315 338 351 356 366 378 408 424 502 512 616 625 637 647 657 671 678 691 707 760 765 767 774 778 789 797 817 836 842 847 862 880 888 891 895 910 926 937 941 961 969 970 999 1000 1013 1026 1061 1072 1089 1094 1134 1135 1158 1234 1245 1261 1294 1321 1328 1353 1375 1383 1389 1399 1417 1439 1442 1447 1452 1471 1475 1479 1489 1506 1508 1511 1526 1528 1533 1538 1539 1545 1550 1557 1580 1585 1596 1624 1636 1668 1677 1679 1690 1697 
74 196 200 325 381 434 450 467 482 533 542 548 594 604 618 623 688 711 722 745 784 803 804 815 818 823 928 963 985 1122 1163 1217 1287 1335 1349 1393 1400 1450 1477 1530 1547 1554 1563 1581 1626 1652 1669 
33 37 55 68 70 85 145 180 190 231 234 260 261 267 297 301 336 365 395 411 423 425 426 462 487 512 518 545 551 568 581 589 591 627 638 669 674 695 710 753 764 791 822 856 864 880 897 902 913 914 922 938 944 954 960 987 990 1003 1012 1037 1051 1096 1123 1160 1193 1244 1251 1253 1299 1316 1337 1352 1370 1373 1394 1451 1462 1464 1466 1472 1475 1494 1505 1519 1520 1525 1574 1582 1593 1596 1607 1646 1672 1681 1686 
46 102 108 126 128 141 262 274 298 309 486 593 599 665 705 775 788 812 839 846 901 917 943 956 972 998 1021 1080 1174 1182 1194 1220 1269 1309 1330 1339 1377 1431 1433 1442 1483 1512 1566 1612 1623 1658 1687 
10 11 13 102 212 220 253 317 350 354 362 374 383 392 422 460 471 500 507 533 561 581 612 643 663 681 697 701 702 726 740 746 747 754 758 760 773 777 792 820 858 862 887 894 895 925 960 962 986 995 1034 1040 1060 1099 1136 1165 1175 1185 1268 1271 1282 1297 1348 1363 1388 1405 1430 1432 1449 1463 1473 1475 1479 1541 1563 1570 1582 1603 1625 1626 1650 1675 1694 
21 66 201 223 226 231 271 301 339 355 373 411 426 453 461 468 487 502 503 578 591 644 689 706 793 802 821 831 837 902 913 916 944 960 983 1011 1012 1035 1064 1091 1114 1144 1159 1162 1179 1185 1253 1261 1316 1324 1352 1366 1392 1418 1419 1425 1454 1472 1488 1504 1582 1594 1602 1672 
71 84 105 194 201 247 385 457 489 579 679 688 712 998 1036 1041 1079 1087 1123 1136 1153 1154 1161 1172 1203 1298 1319 1334 1401 1403 1439 1455 1514 1537 1693 
31 53 70 99 115 183 190 222 250 260 291 297 311 365 371 395 423 455 462 539 551 568 589 615 638 646 674 695 735 826 838 844 852 856 869 880 889 903 956 1003 1012 1037 1096 1107 1128 1130 1140 1224 1251 1275 1298 1299 1309 1348 1349 1370 1373 1395 1401 1441 1456 1462 1464 1466 1484 1489 1505 1509 1514 1520 1521 1540 1548 1607 1649 1667 1689 1693 
9 69 84 98 105 146 196 214 224 297 333 370 390 414 451 453 457 493 497 537 567 581 591 601 623 625 654 666 702 711 733 736 755 895 916 925 948 973 991 998 1034 1041 1062 1076 1087 1091 1112 1123 1126 1153 1154 1157 1159 1161 1165 1223 1275 1288 1304 1311 1334 1335 1362 1401 1407 1432 1445 1497 1514 1537 1546 1550 1574 1587 1599 1608 1645 1649 1653 1667 1693 
46 102 108 125 128 141 241 262 274 309 359 463 518 583 593 599 665 705 721 735 751 775 788 799 812 816 822 839 844 873 899 901 943 976 996 1021 1074 1128 1174 1184 1194 1262 1269 1280 1330 1339 1344 1400 1431 1433 1442 1450 1477 1497 1499 1507 1547 1552 1566 1612 1658 
233 241 242 293 372 452 463 491 532 551 583 610 642 724 771 789 804 806 809 816 873 878 895 927 935 992 997 1027 1052 1080 1104 1139 1145 1188 1189 1203 1205 1217 1244 1280 1288 1295 1327 1331 1344 1350 1354 1393 1450 1473 1482 1488 1499 1507 1520 1526 1547 1557 1561 1567 1575 1582 1591 1615 1648 
15 28 33 65 154 199 213 219 263 272 283 317 334 340 360 361 403 415 437 438 446 453 486 501 517 528 530 582 609 613 632 635 639 659 666 674 690 692 693 742 753 782 800 835 896 915 930 996 1014 1030 1031 1039 1066 1086 1097 1155 1158 1182 1237 1265 1286 1293 1342 1377 1393 1418 1426 1432 1469 1524 1535 1560 1564 1569 1571 1578 1617 1620 1627 1648 1671 1691 
27 162 218 224 228 291 333 361 414 448 493 497 537 539 591 611 654 666 733 753 755 776 889 916 948 1062 1091 1107 1112 1130 1157 1224 1280 1304 1309 1333 1342 1362 1441 1445 1456 1459 1484 1489 1540 1550 1580 1587 1600 1608 1645 1667 1689 
33 43 138 213 263 270 317 340 360 362 383 404 415 471 486 530 605 635 639 674 726 844 858 896 915 932 986 995 1030 1031 1040 1054 1083 1099 1148 1183 1265 1271 1281 1293 1326 1418 1424 1430 1535 1560 1675 1676 
33 43 125 138 203 213 263 321 340 353 360 404 415 480 486 529 530 538 605 624 635 639 667 674 700 734 774 809 822 841 844 896 899 915 932 987 1002 1015 1030 1054 1057 1078 1083 1088 1127 1148 1183 1214 1215 1216 1227 1288 1292 1293 1311 1346 1354 1356 1371 1424 1451 1535 1560 1572 1573 1676 
22 70 74 157 190 196 200 209 217 250 260 284 300 325 359 381 395 434 435 463 467 498 542 548 568 573 589 604 618 623 638 688 704 711 722 735 745 751 771 784 799 803 814 815 818 852 870 899 928 963 976 980 985 996 1002 1074 1081 1086 1122 1128 1163 1184 1210 1214 1217 1262 1263 1335 1377 1450 1461 1465 1477 1485 1487 1508 1520 1521 1552 1554 1563 1571 1607 1628 1649 1652 1669 1673 
120 131 155 225 279 282 292 377 406 412 435 483 498 549 594 628 696 720 725 734 833 848 950 979 983 996 1004 1010 1047 1056 1065 1069 1082 1128 1146 1173 1175 1177 1180 1200 1207 1259 1262 1263 1275 1281 1289 1301 1305 1333 1338 1359 1366 1398 1487 1500 1532 1548 1549 1552 1580 1613 1637 
16 75 143 156 193 227 278 367 385 407 508 542 557 584 614 645 648 649 674 680 714 739 787 879 897 949 956 972 1073 1124 1177 1208 1276 1345 1378 1380 1420 1470 1498 1501 1554 1570 1627 1640 1660 1663 1680 
101 216 247 301 316 395 400 443 496 508 584 646 648 697 823 867 924 981 988 1018 1063 1070 1270 1273 1368 1429 1453 1640 
74 196 200 242 248 325 345 381 467 482 542 548 604 618 623 684 688 711 722 745 784 802 803 804 814 815 818 921 928 942 963 985 1122 1163 1279 1287 1335 1393 1400 1450 1477 1547 1554 1561 1571 1581 1652 1669 1670 
29 117 141 161 241 270 299 319 372 381 391 397 527 551 574 610 615 667 706 721 724 809 815 816 873 884 930 971 977 992 997 1104 1106 1159 1185 1205 1206 1217 1264 1267 1280 1288 1328 1344 1350 1400 1419 1450 1464 1473 1477 1483 1499 1507 1557 1561 1573 1586 1591 1683 
29 70 74 93 112 152 157 164 179 190 201 241 242 250 260 287 320 335 372 447 450 455 464 466 514 516 519 522 526 531 553 555 568 583 589 603 610 611 615 634 681 706 724 738 757 789 802 816 817 818 845 846 852 873 912 934 1049 1055 1060 1070 1077 1094 1104 1137 1140 1205 1217 1246 1272 1280 1287 1288 1304 1315 1328 1350 1400 1473 1491 1499 1503 1507 1520 1521 1550 1555 1561 1580 1582 1591 1597 1607 1632 1649 1654 1655 1682 
35 57 80 87 91 103 112 119 126 145 174 180 235 253 261 296 302 326 328 329 337 377 390 412 444 488 491 502 507 510 533 550 562 579 597 607 614 657 671 675 676 688 702 716 740 741 747 754 755 762 764 767 819 820 833 836 842 846 847 862 864 879 887 889 917 922 938 950 952 954 962 1000 1002 1026 1034 1048 1056 1081 1082 1098 1145 1160 1166 1187 1193 1195 1220 1234 1239 1252 1268 1282 1289 1297 1300 1312 1337 1357 1363 1372 1386 1388 1394 1402 1422 1436 1438 1463 1475 1479 1487 1496 1501 1512 1525 1526 1528 1533 1539 1541 1543 1545 1583 1588 1596 1610 1613 1623 1625 1636 1638 1646 1650 1662 1664 1668 1677 1679 1681 1687 1694 
153 195 288 317 364 387 398 524 525 576 588 615 630 632 685 710 713 731 773 810 900 964 974 1050 1092 1114 1117 1119 1155 1209 1247 1271 1290 1296 1336 1342 1369 1393 1406 1423 1446 1476 1486 1526 1545 1546 1582 1592 1611 1617 1620 1661 1663 1695 
1 4 92 116 118 168 186 197 230 288 289 323 337 364 387 398 443 454 496 525 547 576 583 615 620 621 630 660 685 710 713 717 718 731 773 798 807 810 849 855 900 936 946 964 968 998 1023 1050 1068 1069 1071 1073 1092 1100 1103 1114 1132 1156 1175 1225 1247 1254 1290 1307 1313 1332 1336 1342 1343 1358 1393 1406 1411 1423 1443 1457 1476 1486 1493 1517 1526 1546 1547 1559 1565 1582 1592 1617 1622 1644 1663 1673 1678 
16 46 75 84 102 105 108 121 126 128 141 143 201 205 227 262 274 298 309 331 367 371 385 473 508 518 542 546 557 575 593 599 614 627 648 649 665 674 705 714 752 775 787 788 803 812 822 839 879 897 901 939 943 949 956 972 973 998 1021 1046 1073 1080 1087 1101 1123 1136 1161 1174 1177 1182 1194 1203 1208 1242 1269 1298 1330 1334 1377 1380 1401 1420 1431 1433 1442 1444 1483 1497 1506 1514 1519 1530 1537 1554 1570 1574 1612 1627 1640 1658 1660 1663 1680 1693 
2 12 20 25 26 34 48 55 58 59 61 67 74 77 81 85 94 99 142 145 152 165 178 180 182 207 209 232 245 251 261 268 274 287 294 311 320 322 380 388 419 420 448 474 492 498 499 513 514 515 519 520 526 539 544 545 555 603 606 611 622 702 753 757 759 764 768 796 806 823 834 838 845 864 869 886 890 900 903 912 914 938 942 951 954 957 963 968 1006 1010 1077 1087 1109 1113 1123 1130 1132 1133 1140 1160 1168 1187 1193 1199 1224 1225 1232 1235 1244 1255 1257 1258 1274 1275 1283 1299 1315 1340 1344 1348 1349 1362 1373 1382 1394 1395 1437 1451 1454 1456 1463 1474 1490 1496 1497 1503 1504 1524 1525 1540 1554 1558 1561 1564 1574 1579 1580 1584 1589 1590 1593 1595 1619 1643 1646 1663 1669 1681 1682 1686 
4 50 92 95 116 118 129 168 197 230 285 308 323 346 377 412 443 454 499 510 527 544 583 585 606 620 621 660 709 717 718 798 801 807 833 849 855 936 946 968 998 1008 1052 1056 1069 1071 1073 1098 1100 1103 1115 1156 1175 1212 1233 1243 1247 1251 1254 1289 1290 1308 1313 1343 1358 1366 1408 1411 1415 1437 1443 1457 1467 1478 1493 1513 1517 1547 1548 1565 1575 1613 1641 1644 1678 1685 
11 102 253 350 354 392 450 460 507 533 556 561 681 697 702 740 746 747 754 756 820 869 887 894 917 962 1034 1136 1145 1181 1268 1286 1297 1348 1363 1388 1449 1463 1541 1563 1570 1625 1626 1650 1694 
71 117 121 161 194 233 235 270 293 299 305 307 319 331 381 391 397 452 456 470 486 489 512 527 546 574 575 579 583 594 627 642 667 679 688 712 721 752 764 771 789 809 829 841 878 884 895 923 927 932 935 939 957 971 977 997 1002 1027 1036 1041 1046 1063 1079 1080 1089 1090 1101 1106 1136 1139 1153 1172 1185 1188 1189 1192 1203 1206 1215 1218 1242 1264 1266 1267 1310 1319 1331 1393 1403 1439 1444 1455 1464 1482 1483 1488 1519 1520 1526 1556 1567 1573 1582 1586 1615 1648 1683 
64 104 138 171 178 256 298 322 378 382 434 435 439 450 461 484 540 556 566 577 606 612 619 647 655 670 671 719 745 756 785 832 840 883 893 908 909 910 914 958 966 970 978 1009 1026 1072 1154 1158 1181 1191 1197 1203 1207 1222 1239 1240 1261 1281 1287 1294 1331 1364 1379 1476 1479 1495 1515 1530 1558 1562 1566 1568 1591 1595 1631 1634 1651 1684 1690 1700 
7 148 197 233 379 430 479 510 511 536 580 590 765 774 786 795 810 843 846 918 937 969 984 1001 1085 1121 1170 1273 1303 1320 1348 1361 1364 1372 1460 1493 1590 1601 1604 1607 1664 1680 
104 134 138 170 222 256 259 298 345 369 421 428 431 435 464 475 476 482 485 487 540 549 550 577 579 595 619 670 687 744 772 779 785 790 832 846 859 893 909 950 955 1002 1008 1009 1035 1056 1079 1082 1098 1104 1131 1138 1145 1158 1191 1196 1197 1203 1207 1233 1240 1248 1259 1279 1286 1289 1330 1333 1379 1386 1410 1479 1509 1539 1548 1562 1588 1591 1595 1613 1619 1639 1651 1684 1688 1700 
79 88 198 208 258 270 290 308 357 365 394 400 401 410 415 441 442 481 501 527 585 626 635 658 684 758 769 825 863 915 965 990 1022 1032 1052 1054 1108 1115 1118 1151 1183 1190 1204 1212 1221 1233 1265 1295 1308 1327 1337 1355 1365 1397 1415 1447 1467 1478 1513 1534 1572 1575 1576 1619 1682 
88 198 239 242 308 400 401 481 508 520 526 527 585 965 990 1032 1052 1054 1066 1077 1108 1115 1151 1190 1204 1212 1233 1245 1290 1295 1308 1327 1353 1355 1467 1474 1478 1508 1513 1558 1564 1575 1592 1619 1624 1685 
76 88 130 132 175 198 242 275 308 340 401 409 435 438 472 478 481 501 527 551 585 602 647 852 865 870 883 947 958 965 990 1017 1025 1032 1052 1053 1054 1066 1085 1108 1115 1147 1151 1186 1190 1204 1212 1226 1233 1295 1308 1327 1355 1364 1467 1478 1508 1513 1544 1558 1575 1619 1685 
58 59 77 88 142 165 182 198 208 239 258 268 290 301 308 357 380 401 410 441 442 481 492 501 508 527 585 626 658 758 768 769 825 863 951 965 990 1022 1032 1052 1054 1108 1109 1115 1118 1151 1168 1190 1204 1212 1221 1233 1257 1258 1290 1295 1304 1308 1327 1337 1355 1365 1397 1467 1474 1478 1490 1513 1554 1572 1575 1576 1592 1595 1619 1682 1685 1691 
30 43 52 76 130 132 146 177 213 221 238 252 263 270 275 277 340 341 360 370 389 390 393 405 409 415 435 438 447 451 485 491 530 567 602 605 635 636 639 641 646 647 682 736 758 844 852 865 870 883 895 896 898 915 925 947 958 987 988 989 991 993 1014 1017 1025 1030 1031 1053 1059 1076 1083 1097 1123 1147 1165 1178 1183 1186 1211 1221 1226 1227 1229 1243 1265 1293 1325 1351 1401 1418 1432 1434 1469 1523 1527 1539 1599 1644 1653 1691 
122 178 248 329 345 377 412 464 483 485 491 549 550 675 755 808 814 833 846 950 1002 1018 1048 1056 1069 1082 1098 1145 1175 1239 1259 1286 1289 1333 1366 1386 1400 1426 1501 1539 1548 1577 1588 1613 1633 1641 1652 
127 148 212 246 252 432 449 491 516 521 532 554 578 608 646 652 734 762 804 821 989 994 1015 1018 1070 1105 1152 1167 1178 1189 1235 1244 1258 1306 1354 1360 1371 1399 1416 1429 1432 1527 1577 1615 1691 
22 78 87 97 131 155 206 225 256 267 270 273 279 282 292 322 406 417 424 458 540 559 564 592 594 628 720 725 734 765 780 811 817 852 870 919 937 979 996 1004 1010 1013 1065 1081 1116 1146 1158 1173 1181 1198 1200 1263 1285 1301 1303 1338 1339 1359 1366 1398 1448 1466 1471 1487 1500 1510 1532 1538 1546 1549 1577 1580 1598 1628 1637 1651 1676 1684 1697 
112 119 174 223 317 346 362 374 471 502 518 643 657 663 671 709 717 767 773 777 792 842 847 862 889 960 986 995 1000 1026 1040 1099 1175 1234 1271 1372 1405 1430 1452 1475 1479 1489 1493 1526 1545 1557 1596 1603 1636 1668 1675 1677 1679 
131 155 225 279 282 292 318 322 406 424 594 628 725 797 848 888 926 979 996 1004 1065 1146 1173 1177 1200 1275 1301 1338 1359 1360 1366 1398 1466 1487 1500 1532 1549 1557 1580 1637 
52 116 130 158 177 204 221 238 252 332 341 390 393 403 405 429 447 483 485 500 535 572 612 636 641 646 673 682 692 699 791 812 847 857 877 891 898 945 988 989 993 1029 1031 1059 1079 1141 1178 1211 1227 1229 1231 1243 1244 1256 1260 1325 1351 1373 1415 1434 1435 1518 1523 1524 1527 1539 1591 1603 1636 1642 1644 1674 1691 1694 1698 
6 22 65 138 167 195 196 219 229 273 276 278 295 304 343 403 446 465 500 524 566 600 609 613 629 643 653 657 659 663 668 690 693 698 700 728 730 758 766 782 836 848 866 870 879 892 906 929 983 994 1014 1024 1033 1038 1042 1047 1081 1097 1124 1149 1173 1180 1182 1192 1195 1219 1226 1238 1273 1281 1288 1314 1332 1374 1377 1378 1405 1415 1427 1432 1456 1469 1470 1486 1498 1501 1524 1553 1571 1578 1617 1628 1648 1656 1663 1670 1671 1691 
5 38 40 87 113 144 249 312 384 404 409 432 472 473 478 516 534 551 552 565 572 596 602 608 675 831 850 852 881 889 940 958 982 1007 1017 1025 1053 1057 1081 1085 1089 1117 1147 1148 1155 1186 1209 1286 1296 1302 1311 1316 1326 1344 1364 1386 1409 1428 1438 1441 1446 1455 1481 1487 1544 1577 1583 1647 1667 1676 
86 109 113 114 125 127 150 166 175 223 296 298 347 349 358 384 386 432 455 478 504 534 558 569 571 616 762 794 840 861 881 885 889 914 952 982 1007 1061 1081 1085 1107 1125 1130 1149 1155 1261 1291 1302 1311 1316 1421 1428 1438 1441 1481 1484 1496 1500 1520 1536 1618 1630 1667 1676 1686 
103 223 231 234 246 301 326 337 411 426 449 453 512 521 524 545 554 578 581 591 605 607 652 654 673 676 692 710 762 791 804 812 821 897 902 913 917 944 960 990 994 997 1012 1015 1018 1091 1105 1152 1166 1167 1195 1220 1235 1253 1282 1312 1316 1337 1352 1354 1357 1360 1363 1366 1399 1402 1422 1446 1472 1488 1512 1582 1610 1623 1662 1687 1694 1695 
124 138 191 215 219 255 334 438 446 465 477 609 613 659 668 690 702 766 782 865 1014 1097 1182 1225 1245 1332 1418 1456 1469 1489 1571 1578 1617 1633 1648 1671 
79 164 251 258 290 335 357 410 441 442 466 501 522 626 658 684 734 738 769 823 825 863 924 934 963 1022 1055 1092 1118 1178 1221 1287 1295 1304 1357 1365 1397 1447 1534 1555 1572 1575 1576 1607 1691 
53 56 62 95 168 217 223 236 260 281 329 336 337 352 453 455 495 509 567 607 620 640 646 693 711 723 727 750 759 781 813 826 875 907 921 1018 1023 1044 1051 1068 1121 1227 1245 1270 1303 1313 1314 1330 1335 1342 1386 1416 1429 1480 1485 1488 1521 1540 1605 1635 1639 1655 1665 1676 
112 152 164 179 201 205 211 243 276 335 371 396 399 425 447 450 455 466 505 507 522 531 581 587 631 634 636 650 681 702 736 738 746 750 763 783 789 851 891 897 911 919 920 925 934 959 966 991 1005 1011 1016 1049 1055 1060 1084 1091 1092 1093 1095 1125 1133 1137 1217 1218 1226 1246 1272 1276 1287 1304 1317 1318 1347 1348 1357 1387 1394 1407 1436 1439 1473 1480 1542 1550 1551 1555 1581 1597 1598 1621 1629 1632 1633 1641 1649 1654 1659 
24 62 63 134 170 217 222 259 281 315 317 338 356 369 421 428 431 475 476 482 561 569 584 595 637 640 646 672 678 687 706 707 743 744 750 760 772 778 781 790 805 813 826 859 875 907 921 937 955 986 1008 1023 1040 1043 1044 1068 1079 1099 1121 1131 1138 1191 1196 1245 1248 1253 1279 1284 1313 1321 1328 1330 1353 1357 1383 1395 1410 1416 1425 1471 1480 1508 1509 1521 1538 1605 1619 1624 1635 1639 1644 1655 1665 1666 1675 1688 1697 
14 104 139 170 192 222 344 348 369 403 468 542 617 646 672 706 713 743 785 793 821 828 860 941 1029 1043 1058 1096 1117 1131 1141 1160 1162 1228 1253 1284 1342 1357 1410 1425 1426 1509 1573 1577 1666 1698 
21 66 201 226 271 339 345 355 370 372 373 464 468 498 502 503 590 610 644 689 706 716 724 793 802 816 831 837 846 925 983 1001 1011 1034 1035 1056 1064 1094 1104 1114 1124 1144 1159 1162 1185 1205 1261 1277 1288 1289 1298 1324 1350 1392 1419 1425 1454 1473 1499 1504 1507 1514 1537 1546 1550 1582 1594 1601 1602 1672 
64 178 205 271 382 439 450 461 484 556 566 606 655 671 689 756 793 883 908 966 978 1009 1055 1154 1180 1181 1222 1239 1281 1287 1303 1331 1364 1476 1495 1515 1558 1566 1568 1631 1654 
32 163 459 494 502 567 598 642 664 683 686 740 767 797 812 862 931 1078 1213 1345 1372 1394 1414 1449 1452 1456 1493 1522 1541 1563 1574 1677 1679 1680 
91 140 186 228 246 264 389 403 436 523 543 719 759 771 797 882 904 994 1015 1041 1102 1179 1201 1329 1371 1378 1601 
93 97 206 209 249 315 338 356 424 637 678 691 707 765 774 797 817 880 888 937 941 1013 1016 1158 1237 1321 1328 1353 1383 1399 1471 1528 1538 1550 1557 1558 1569 1580 1624 1697 
184 225 318 342 490 506 522 633 669 696 718 724 729 968 1010 1054 1110 1128 1132 1146 1164 1225 1255 1307 1347 1385 1398 1461 1535 1559 1622 1673 
137 212 247 248 276 396 399 505 587 631 633 669 697 760 763 770 851 911 920 959 1016 1040 1043 1084 1110 1153 1164 1171 1196 1199 1224 1276 1318 1348 1387 1436 1484 1534 1535 1540 1542 1598 
