0	1	23.0744	5	
0	2	4.83956	1	
0	3	8.75017	2	
0	4	44.5227	10	
0	5	21.2806	6	
0	7	4.6196	1	
0	8	25.7053	5	
0	9	4.69287	1	
0	10	2.98482	1	
0	11	43.0421	9	
0	12	9.88431	2	
0	13	9.51863	2	
0	14	24.1922	5	
0	15	36.1374	8	
0	16	22.2858	4	
0	17	48.3048	11	
0	18	49.4303	11	
0	19	32.7057	7	
0	20	12.0779	3	
0	21	28.4686	6	
0	22	42.0547	9	
0	23	21.7499	5	
0	24	41.2719	9	
0	25	21.7366	5	
0	26	4.16431	1	
0	27	25.9529	5	
0	28	45.8795	11	
0	29	12.1019	3	
1	2	9.80137	2	
1	3	7.90146	2	
1	4	16.5123	4	
1	7	44.0689	10	
1	8	8.92464	2	
1	9	9.80021	2	
1	10	11.0552	2	
1	11	6.03553	1	
1	12	7.06586	1	
1	13	5.98146	1	
1	14	35.1751	8	
1	15	8.15864	2	
1	16	57.9034	12	
1	17	9.91265	2	
1	18	13.0291	3	
1	20	23.789	5	
1	21	8.70426	1	
1	22	8.28547	2	
1	23	3.8365	1	
1	24	43.9032	10	
1	25	23.948	6	
1	26	12.6285	2	
1	27	8.94101	2	
1	28	18.7253	4	
1	29	53.4091	11	
2	3	6.4719	1	
2	4	17.3634	4	
2	5	20.9034	4	
2	6	2.19664	1	
2	7	5.80454	1	
2	8	11.0707	2	
2	9	10.4386	2	
2	10	14.5455	3	
2	11	13.7837	3	
2	12	18.4512	4	
2	13	23.16	5	
2	14	29.332	6	
2	15	8.5873	2	
2	16	18.0757	4	
2	17	9.74333	2	
2	19	20.0309	5	
2	20	15.2788	3	
2	21	29.1997	7	
2	22	31.1986	7	
2	24	9.22506	2	
2	25	26.6419	5	
2	26	4.90666	1	
2	28	6.76296	1	
3	5	4.06978	1	
3	7	4.84727	1	
3	8	22.537	5	
3	9	6.52498	1	
3	10	7.06309	2	
3	11	27.3759	6	
3	13	12.7504	3	
3	14	43.2349	9	
3	15	33.7199	6	
3	16	13.5233	4	
3	18	15.8641	4	
3	21	48.2152	10	
3	22	38.1193	8	
3	23	16.9451	4	
3	24	4.25613	1	
3	25	35.0984	8	
3	26	11.304	3	
3	27	2.63201	1	
3	29	12.1946	2	
4	8	22.0161	5	
4	9	13.6993	3	
4	10	33.6862	7	
4	11	28.8344	6	
4	12	3.85755	1	
4	13	25.2732	5	
4	15	19.6258	4	
4	16	29.7459	6	
4	17	18.697	4	
4	18	4.66463	1	
4	19	36.5306	8	
4	20	7.83766	1	
4	22	11.7986	3	
4	23	25.8801	5	
4	24	5.88569	1	
4	25	23.9097	5	
4	26	3.90758	1	
4	27	6.82247	1	
4	29	6.70188	1	
5	6	12.2217	3	
5	7	2.73783	1	
5	9	25.8688	6	
5	21	8.8676	3	
5	22	7.18408	2	
5	23	8.96499	2	
5	24	45.3504	10	
5	25	27.4025	6	
5	26	30.1482	8	
5	27	4.81659	1	
5	29	2.73681	1	
6	7	12.127	3	
6	8	30.9376	7	
6	9	5.26208	1	
6	11	4.28762	1	
6	12	2.99741	1	
6	13	1.68913	1	
6	14	6.25962	1	
6	15	76.4672	17	
6	16	19.8948	4	
6	17	21.9692	5	
6	19	8.23245	2	
6	20	46.6288	9	
6	21	7.40447	1	
6	22	16.8072	5	
6	24	37.5093	8	
6	25	10.4436	3	
6	26	11.536	3	
6	27	2.38409	1	
6	28	12.229	3	
6	29	19.4356	4	
7	8	41.9824	8	
7	9	6.52863	1	
7	10	18.4362	4	
7	11	19.788	4	
7	12	19.5871	4	
7	13	12.7007	3	
7	14	17.2316	4	
7	15	27.4218	6	
7	16	9.67365	2	
7	17	60.632	13	
7	18	2.71909	1	
7	19	18.0499	4	
7	20	8.86739	2	
7	21	15.3491	3	
7	22	19.1755	4	
7	23	24.979	6	
7	24	24.8933	6	
7	25	24.2058	5	
7	28	4.81051	1	
7	29	36.906	8	
8	9	6.94409	1	
8	10	5.07021	1	
8	11	11.4619	3	
8	12	11.0464	3	
8	13	25.6018	6	
8	14	32.3883	8	
8	15	23.811	5	
8	16	88.1565	18	
8	17	34.3999	7	
8	18	25.8308	6	
8	19	25.3156	6	
8	21	24.5624	5	
8	22	29.43	7	
8	23	42.1924	9	
8	24	42.3638	11	
8	25	49.3691	11	
8	26	3.83212	1	
8	27	25.833	5	
8	28	15.6328	4	
8	29	29.0295	6	
9	10	47.4722	11	
9	11	30.8328	7	
9	12	4.56038	1	
9	13	19.0093	4	
9	14	9.19048	2	
9	15	5.21225	1	
9	17	48.8012	10	
9	18	5.3698	1	
9	19	12.4525	3	
9	20	6.66419	1	
9	21	15.1001	3	
9	22	37.2611	8	
9	23	40.5399	9	
9	24	35.5582	7	
9	25	23.0272	5	
9	26	23.8806	5	
9	27	3.77353	1	
9	28	58.5348	12	
9	29	3.68453	1	
10	11	33.0029	8	
10	12	39.6391	8	
10	13	7.59561	2	
10	14	5.26274	1	
10	15	20.3485	5	
10	16	14.5947	3	
10	17	2.51033	1	
10	18	3.27872	1	
10	19	4.17943	1	
10	21	6.93525	2	
10	22	4.20453	1	
10	23	6.36685	2	
10	24	20.3076	5	
10	25	23.6477	5	
10	26	46.3397	11	
10	27	14.0085	4	
10	28	23.8673	5	
10	29	8.80383	2	
11	12	64.1487	13	
11	13	48.21	11	
11	14	29.9069	6	
11	15	42.9435	8	
11	16	48.1523	11	
11	17	9.77568	2	
11	19	35.8903	8	
11	20	4.08706	1	
11	21	24.9869	5	
11	22	27.3062	6	
11	23	3.26368	1	
11	24	55.8024	12	
11	25	8.97672	2	
11	26	20.4263	4	
11	27	41.7243	8	
11	29	16.5344	3	
12	13	20.2184	4	
12	14	44.5823	10	
12	15	54.8123	11	
12	16	3.69193	1	
12	17	66.8786	13	
12	18	11.1237	2	
12	19	7.76722	1	
12	20	31.496	6	
12	21	81.7639	16	
12	22	24.5585	5	
12	24	16.4424	4	
12	25	62.0414	12	
12	26	38.351	7	
12	27	13.9269	3	
13	14	10.0036	2	
13	15	39.3211	8	
13	16	34.6029	7	
13	17	13.7945	3	
13	18	29.5729	7	
13	19	12.5352	3	
13	21	10.542	2	
13	22	35.0577	8	
13	23	40.5664	9	
13	24	24.1133	5	
13	25	24.1015	5	
13	26	5.76172	1	
13	27	39.3862	9	
13	29	7.50714	2	
14	15	64.5258	14	
14	16	16.4608	3	
14	17	32.9829	7	
14	18	37.6211	8	
14	19	23.6907	5	
14	20	28.953	6	
14	21	29.1024	7	
14	22	10.6481	2	
14	23	3.14291	1	
14	24	19.3807	4	
14	25	41.262	9	
14	26	13.689	3	
14	27	19.2887	4	
14	28	7.27015	1	
14	29	26.354	5	
15	16	53.74	11	
15	17	7.47587	2	
15	19	17.8226	4	
15	20	35.7361	8	
15	21	47.8262	10	
15	22	28.5111	6	
15	23	30.3119	6	
15	24	24.7975	6	
15	25	4.00407	1	
15	26	2.82462	1	
15	27	49.9049	12	
15	28	18.4627	4	
15	29	39.8954	8	
16	17	13.1136	3	
16	18	4.1502	1	
16	20	31.8808	6	
16	21	17.5328	3	
16	23	37.234	8	
16	24	37.403	9	
16	25	6.49577	1	
16	26	46.0727	9	
16	27	63.2148	13	
16	28	11.7082	2	
16	29	31.8583	7	
17	18	9.26326	2	
17	19	41.5123	10	
17	20	28.9294	6	
17	21	45.0349	9	
17	22	63.1767	14	
17	23	47.716	10	
17	24	30.3734	6	
17	25	56.8247	12	
17	26	52.3198	10	
17	27	51.2438	10	
17	28	6.46948	2	
17	29	21.4508	4	
18	19	7.0101	2	
18	21	7.26385	1	
18	23	5.07203	1	
18	24	4.52804	1	
18	25	10.1122	2	
18	26	33.3591	7	
18	27	42.7721	9	
18	28	29.007	7	
18	29	33.6274	7	
19	20	35.3312	7	
19	21	36.5079	9	
19	22	19.6956	5	
19	23	10.2446	2	
19	24	54.0082	13	
19	25	43.7062	10	
19	26	22.3167	5	
19	27	37.9434	8	
19	28	9.32269	2	
19	29	14.1371	3	
20	21	71.4721	15	
20	24	3.1863	1	
20	25	48.148	11	
20	26	36.3336	6	
20	27	81.7318	17	
20	28	9.5181	2	
20	29	13.5105	2	
21	22	18.3292	4	
21	23	26.0986	6	
21	24	5.85308	1	
21	25	65.4758	14	
21	26	6.99569	2	
21	27	22.65	5	
21	28	5.72959	1	
21	29	17.446	4	
22	23	72.1764	15	
22	24	23.1269	5	
22	25	31.3719	7	
22	26	9.29167	3	
22	27	4.53278	1	
22	28	38.7569	8	
22	29	8.80346	2	
23	24	5.73968	1	
23	25	46.5593	9	
23	26	15.4736	4	
23	27	12.5295	3	
23	28	40.6843	9	
23	29	11.5482	3	
24	25	37.1469	8	
24	26	19.6913	5	
24	27	13.0696	3	
24	28	5.11905	1	
24	29	41.899	9	
25	26	8.03789	2	
25	27	7.38255	2	
25	28	39.326	8	
25	29	27.5971	6	
26	27	60.9516	13	
26	28	16.2964	4	
26	29	25.9939	6	
27	28	3.42103	1	
27	29	89.2877	18	
28	29	12.6935	3	
