41 60 66 135 156 172 193 314 407 584 645 680 739 851 881 973 1120 1145 1153 1276 1363 1395 1449 1506 1625 1630 1667 
3 42 45 75 125 181 188 210 235 257 280 318 396 439 445 462 476 651 661 686 693 697 711 715 745 748 791 806 822 844 857 899 924 966 1028 1045 1129 1219 1277 1278 1323 1367 1396 1413 1498 1516 1530 1577 1609 1634 1641 1656 
74 196 200 248 325 345 434 467 482 542 548 594 599 604 616 618 623 688 711 721 722 745 784 803 804 814 815 818 823 834 873 914 928 942 963 985 1061 1122 1163 1199 1217 1280 1287 1335 1393 1396 1400 1450 1477 1547 1554 1561 1571 1581 1652 1669 1686 
28 138 154 199 203 321 353 404 437 480 517 528 529 538 582 624 632 676 700 713 774 800 835 881 930 932 996 1031 1039 1057 1066 1078 1086 1088 1127 1148 1158 1214 1216 1227 1259 1286 1288 1292 1293 1311 1331 1346 1356 1371 1424 1432 1451 1560 1569 1572 1620 1627 1676 
17 51 192 210 218 257 327 396 445 496 651 662 748 1028 1129 1143 1192 1230 1277 1323 1367 1382 1412 1440 1480 1609 1641 1668 
90 136 151 182 269 310 314 525 543 586 785 858 871 967 987 1176 1202 1228 1306 1322 1367 1400 1419 1515 1624 1699 
90 136 151 269 310 525 543 586 785 858 871 967 987 1176 1202 1306 1322 1367 1400 1419 1699 
56 62 95 155 161 217 260 270 281 352 381 397 574 594 607 640 667 693 736 750 781 813 826 875 884 907 921 977 1023 1044 1068 1090 1106 1121 1206 1215 1264 1266 1267 1313 1314 1386 1416 1464 1480 1488 1521 1573 1635 1639 1644 1654 1655 1665 1676 1683 
26 58 59 77 142 152 165 182 256 268 287 296 301 322 380 420 492 514 516 519 540 544 553 555 581 611 612 702 757 768 919 925 951 991 1077 1091 1109 1158 1168 1257 1258 1315 1340 1407 1453 1474 1490 1491 1554 1591 1595 1649 1651 1682 1684 
60 137 156 172 212 247 248 276 314 396 399 457 505 587 631 633 645 669 680 697 763 770 851 881 911 920 959 1016 1084 1110 1120 1153 1164 1171 1199 1276 1318 1348 1387 1436 1534 1535 1542 1598 1685 
120 131 155 225 279 282 292 318 322 393 406 570 594 628 677 696 720 725 926 979 983 996 1004 1010 1065 1146 1173 1200 1275 1301 1305 1338 1359 1366 1398 1466 1487 1500 1532 1549 1580 1598 1637 
15 28 154 199 272 283 437 501 517 520 528 582 632 678 742 800 835 864 930 996 1031 1039 1066 1077 1086 1158 1237 1259 1432 1558 1560 1564 1569 1620 1627 1648 
100 110 368 375 469 540 563 612 669 761 801 1175 1478 1591 1595 1619 1685 
23 108 178 209 245 276 287 294 303 320 334 420 513 514 516 519 520 526 553 555 603 611 753 757 845 912 942 1077 1315 1491 1503 1558 1564 1591 1614 1680 1682 
41 84 99 105 115 201 371 385 434 445 455 457 581 688 745 838 895 925 928 973 1087 1123 1136 1153 1154 1161 1163 1165 1275 1298 1334 1349 1401 1506 1514 1530 1537 1574 1634 1649 1693 
239 265 418 521 532 578 652 749 804 872 876 992 994 1080 1138 1152 1167 1236 1341 1354 1360 1449 1458 1534 1605 1657 
86 109 114 125 127 150 166 175 223 296 298 347 349 358 386 455 504 558 569 571 595 676 762 772 794 840 861 863 885 1125 1149 1291 1421 1496 1500 1536 1540 1618 1686 
40 54 120 186 196 200 242 306 315 325 360 381 396 434 467 482 487 496 548 552 604 618 694 696 708 722 728 745 789 815 817 824 827 829 870 922 928 963 983 985 1063 1122 1144 1163 1195 1235 1305 1310 1381 1450 1455 1468 1477 1529 1538 1547 1554 1570 1581 1667 1669 1696 
71 117 161 186 194 244 270 299 306 319 381 391 397 470 486 489 512 527 574 579 594 667 679 688 694 708 712 721 789 809 817 829 841 884 971 977 983 997 1002 1036 1041 1063 1079 1090 1106 1136 1153 1172 1185 1206 1215 1218 1235 1264 1266 1267 1310 1319 1381 1403 1439 1455 1464 1468 1483 1573 1586 1683 1696 
33 43 213 263 317 340 360 383 415 486 530 605 635 639 674 844 896 915 987 1030 1083 1183 1265 1281 1293 1326 1418 1535 1560 
91 93 97 206 209 249 297 302 315 322 338 356 424 444 462 470 540 614 637 638 678 691 707 765 774 797 817 880 888 919 937 941 952 1003 1013 1096 1158 1245 1299 1313 1321 1328 1353 1357 1370 1373 1383 1462 1464 1471 1505 1508 1520 1528 1538 1550 1580 1624 1697 
75 84 105 117 143 161 201 211 243 244 299 371 381 385 391 397 440 527 574 594 601 609 648 650 667 714 721 732 783 787 809 841 873 876 879 884 891 919 949 957 971 972 973 991 997 1002 1005 1011 1048 1073 1087 1093 1095 1106 1123 1125 1133 1136 1159 1161 1185 1201 1203 1206 1208 1217 1218 1223 1264 1266 1267 1298 1317 1334 1347 1394 1401 1420 1464 1480 1514 1515 1537 1551 1554 1573 1574 1581 1586 1621 1629 1640 1641 1649 1659 1660 1680 1683 1693 
24 62 63 134 156 193 222 259 317 362 369 374 407 421 428 431 471 475 482 561 569 584 595 640 645 663 680 687 739 744 760 772 777 778 781 790 792 805 813 826 859 875 907 955 986 995 1008 1023 1040 1043 1044 1079 1099 1131 1191 1196 1245 1248 1253 1271 1276 1279 1330 1357 1405 1410 1416 1480 1509 1521 1603 1605 1619 1639 1655 1665 1666 1675 1688 
127 148 212 246 411 449 521 532 554 578 608 652 734 762 804 821 902 992 994 1015 1018 1070 1105 1152 1167 1235 1258 1306 1354 1360 1371 1399 1429 1432 
236 329 336 453 455 495 509 567 669 711 723 727 759 1018 1051 1227 1303 1330 1335 1485 1681 
176 187 202 266 324 330 413 480 541 656 664 737 824 853 854 874 953 975 998 1029 1045 1114 1154 1169 1494 1502 1531 1564 1605 1616 1686 1692 1700 
47 91 106 121 139 240 267 305 307 331 337 385 416 432 456 461 470 473 546 565 575 596 655 779 801 808 812 819 847 881 905 939 973 982 1016 1046 1089 1090 1101 1177 1242 1300 1384 1404 1418 1422 1439 1444 1453 1496 1515 1519 1529 1539 1556 1583 1610 1613 1630 1642 1647 1662 1667 1694 
53 82 115 151 182 269 299 310 314 334 392 500 513 543 586 605 612 625 741 785 830 841 871 967 968 1020 1150 1166 1176 1185 1202 1228 1249 1266 1298 1306 1322 1401 1547 1614 1642 1664 1693 1699 
211 243 244 425 440 650 721 732 783 787 873 876 879 891 897 919 957 991 1005 1011 1048 1093 1095 1125 1133 1201 1217 1218 1317 1347 1394 1436 1439 1480 1515 1551 1581 1621 1629 1641 1659 
17 96 109 147 171 203 208 254 277 313 336 351 378 408 616 647 789 848 885 910 914 926 958 970 1026 1061 1072 1135 1154 1193 1261 1294 1321 1375 1399 1417 1439 1442 1506 1511 1525 1539 1585 1593 1686 1690 
127 148 212 246 432 449 516 521 532 554 578 608 652 734 762 804 821 992 994 1015 1018 1070 1105 1152 1167 1235 1306 1354 1360 1371 1399 1577 
112 119 174 223 374 518 643 657 671 767 773 842 847 862 889 995 1000 1026 1175 1234 1372 1405 1452 1475 1479 1489 1493 1526 1545 1557 1596 1636 1668 1677 1679 
93 97 206 249 315 338 356 424 437 453 470 625 637 678 691 707 742 765 774 797 809 817 888 930 937 969 1013 1016 1066 1086 1158 1237 1321 1328 1353 1376 1383 1399 1471 1508 1528 1538 1550 1558 1560 1569 1624 1648 1697 
74 196 200 325 381 434 467 482 548 563 594 604 623 669 722 761 784 801 803 815 818 921 928 942 963 985 1122 1163 1335 1393 1450 1477 1547 1554 
33 37 55 68 70 85 121 145 180 190 219 236 250 260 261 267 297 305 307 336 365 395 423 425 456 462 465 518 546 551 568 575 589 627 635 638 639 669 674 695 727 735 752 753 764 782 856 864 880 914 922 923 938 939 954 987 1003 1012 1037 1046 1051 1089 1096 1101 1123 1128 1160 1192 1193 1244 1251 1293 1299 1370 1373 1394 1418 1444 1451 1462 1464 1466 1475 1494 1505 1519 1520 1525 1556 1560 1574 1593 1596 1607 1646 1672 1681 1686 
54 103 120 126 132 186 235 306 315 326 337 360 381 390 482 486 487 552 557 607 612 676 694 708 722 741 761 784 791 827 829 836 846 870 879 917 922 945 972 983 997 1063 1166 1195 1220 1235 1252 1282 1305 1310 1363 1381 1388 1402 1436 1438 1455 1468 1512 1529 1570 1614 1623 1625 1638 1660 1667 1687 1696 
46 102 108 126 128 141 235 262 274 284 298 300 309 326 337 390 463 518 590 593 599 607 665 676 705 735 762 775 788 812 814 836 839 846 901 917 943 956 972 976 980 997 998 1001 1021 1166 1174 1182 1184 1194 1195 1220 1269 1282 1309 1330 1339 1363 1377 1402 1431 1433 1436 1438 1442 1483 1497 1512 1552 1566 1601 1612 1623 1628 1658 1687 
35 80 87 91 103 112 119 145 174 180 261 296 302 326 329 444 488 502 510 518 562 597 614 657 671 675 688 716 764 767 842 847 862 889 922 938 952 1000 1026 1081 1145 1160 1187 1193 1234 1239 1312 1337 1357 1372 1452 1475 1479 1487 1525 1526 1528 1543 1545 1557 1596 1636 1638 1646 1668 1677 1679 1681 
4 50 92 95 116 129 168 170 189 230 285 308 323 337 346 421 430 443 454 499 510 544 583 606 620 640 660 707 709 717 778 796 798 807 849 855 890 936 946 968 998 1008 1052 1071 1073 1075 1100 1103 1115 1156 1175 1233 1243 1245 1247 1248 1251 1254 1255 1283 1290 1295 1327 1340 1343 1358 1361 1376 1408 1411 1415 1437 1443 1457 1460 1478 1493 1517 1547 1565 1575 1584 1590 1619 1643 1644 1678 1685 
11 102 253 350 354 392 450 460 507 533 561 681 702 740 746 747 754 820 869 887 894 917 962 1034 1136 1145 1268 1286 1297 1348 1363 1388 1449 1463 1541 1563 1625 1626 1650 1694 
71 84 105 115 194 201 247 385 457 489 579 679 688 712 1036 1041 1079 1123 1136 1153 1154 1161 1172 1203 1298 1319 1334 1349 1401 1403 1439 1455 1514 1537 1689 1693 
31 46 53 70 84 99 105 107 108 111 115 119 123 128 173 183 190 195 210 222 237 250 260 262 274 291 297 309 311 365 369 395 402 423 425 433 455 457 462 518 539 547 551 560 568 589 593 599 615 638 646 665 674 684 695 705 775 788 812 838 839 844 852 856 869 880 889 892 901 903 933 943 956 972 973 988 998 1003 1012 1021 1037 1043 1067 1087 1090 1096 1107 1111 1130 1131 1140 1142 1153 1154 1161 1174 1194 1219 1224 1241 1250 1251 1256 1269 1275 1292 1299 1309 1330 1334 1348 1349 1351 1370 1373 1391 1395 1401 1431 1433 1441 1442 1456 1462 1464 1466 1484 1489 1498 1505 1509 1514 1520 1521 1537 1540 1548 1574 1606 1607 1612 1649 1656 1658 1667 1676 1679 1689 
79 88 198 208 239 258 290 308 357 365 394 401 410 441 442 481 501 527 585 626 658 684 769 823 825 863 965 1022 1032 1052 1054 1066 1108 1115 1118 1151 1190 1204 1212 1221 1233 1295 1304 1308 1327 1337 1355 1365 1397 1447 1467 1513 1534 1572 1575 1576 1592 1619 1685 
27 162 218 224 228 231 234 291 301 333 361 411 414 426 448 487 493 497 537 539 545 581 591 605 611 654 666 710 733 753 755 776 791 822 889 897 913 916 944 948 960 990 1012 1062 1091 1107 1112 1130 1157 1224 1253 1280 1304 1309 1316 1333 1337 1342 1352 1362 1441 1445 1456 1459 1472 1484 1489 1540 1550 1580 1582 1587 1600 1608 1645 1667 1689 
22 70 74 131 155 157 184 190 196 200 209 217 248 250 260 282 284 300 318 325 342 345 359 406 412 434 435 463 480 490 498 506 522 542 548 549 568 573 589 594 604 618 623 628 633 704 725 729 735 745 751 771 784 799 814 818 833 848 852 870 899 963 976 979 980 996 1002 1004 1065 1074 1086 1122 1128 1132 1146 1184 1210 1214 1262 1263 1275 1292 1301 1307 1335 1338 1346 1359 1360 1371 1377 1385 1398 1461 1465 1466 1477 1487 1508 1520 1521 1532 1549 1552 1559 1563 1607 1622 1628 1637 1649 1652 1669 1673 
233 235 241 293 372 452 463 482 551 583 610 642 724 771 784 789 806 809 816 878 895 927 932 935 992 997 1027 1052 1080 1104 1139 1145 1188 1189 1203 1205 1288 1295 1327 1331 1344 1350 1393 1450 1473 1482 1488 1499 1507 1520 1526 1547 1567 1575 1582 1591 1615 1648 
121 139 305 307 331 361 456 473 518 546 551 575 627 655 664 666 729 752 753 764 775 858 901 923 939 1017 1021 1046 1089 1101 1147 1177 1186 1192 1210 1242 1342 1431 1444 1464 1519 1556 
83 118 153 185 223 224 231 234 246 289 301 317 333 361 363 411 414 426 427 448 487 512 524 537 545 554 578 588 591 605 608 611 654 666 692 710 733 734 762 791 804 821 822 868 897 902 913 944 948 960 974 990 994 1012 1015 1062 1091 1105 1112 1117 1119 1152 1157 1167 1179 1209 1252 1253 1296 1304 1316 1337 1352 1354 1360 1362 1363 1366 1369 1371 1399 1409 1445 1446 1459 1472 1488 1492 1580 1582 1587 1594 1600 1608 1611 1645 1661 1685 1695 
10 11 13 102 212 220 253 317 350 354 362 374 383 392 422 460 471 500 507 533 561 612 663 697 701 702 726 740 746 747 754 758 760 777 792 820 858 862 869 887 894 960 962 986 995 1034 1040 1099 1136 1165 1185 1268 1271 1282 1297 1348 1363 1388 1405 1430 1432 1449 1463 1473 1475 1479 1541 1563 1570 1582 1603 1625 1626 1650 1675 1694 
33 43 213 263 270 340 360 382 383 415 484 486 530 605 635 639 667 671 674 809 841 844 848 896 915 1002 1030 1031 1047 1054 1083 1116 1154 1180 1181 1183 1215 1265 1281 1285 1293 1326 1418 1510 1535 1560 1573 1631 
131 155 225 279 282 292 318 322 359 406 435 463 498 624 628 676 700 720 725 735 751 799 836 848 976 979 980 996 1002 1004 1065 1081 1086 1088 1128 1146 1173 1184 1200 1207 1210 1262 1263 1275 1301 1338 1359 1366 1398 1405 1465 1466 1477 1487 1500 1532 1549 1552 1580 1637 
122 178 241 329 345 372 377 393 412 464 483 485 491 549 550 583 610 675 706 755 816 833 846 873 950 992 1002 1018 1048 1056 1059 1069 1082 1094 1098 1104 1175 1178 1239 1259 1286 1288 1289 1325 1333 1344 1350 1366 1400 1419 1426 1473 1477 1499 1501 1507 1527 1539 1547 1548 1577 1582 1588 1613 1633 1641 1652 
16 46 75 102 108 121 126 128 141 143 205 227 262 274 278 298 309 367 385 456 508 518 542 546 557 584 593 599 614 627 648 649 665 674 705 714 752 775 787 788 803 812 822 839 879 897 901 939 943 949 956 972 998 1021 1046 1073 1080 1101 1124 1174 1177 1182 1192 1194 1208 1242 1269 1330 1345 1377 1378 1380 1420 1431 1433 1442 1444 1470 1483 1497 1498 1501 1519 1554 1570 1612 1627 1640 1658 1660 1663 1680 
101 216 247 301 316 395 400 443 449 496 508 646 697 823 867 924 981 988 1018 1063 1070 1270 1273 1368 1416 1429 1453 
29 93 141 241 242 325 372 467 548 604 610 615 618 688 721 724 745 784 803 804 815 816 817 835 873 928 930 963 985 1039 1104 1205 1217 1259 1279 1280 1287 1328 1335 1350 1400 1450 1477 1483 1499 1507 1557 1561 1580 1669 
29 70 74 112 141 152 164 179 190 196 241 242 250 260 335 372 395 455 466 522 531 568 583 589 610 615 623 634 638 681 688 706 711 721 724 736 738 789 802 816 818 852 873 930 934 1049 1055 1060 1070 1092 1104 1137 1140 1151 1205 1217 1233 1246 1272 1280 1287 1288 1304 1308 1328 1335 1350 1357 1400 1419 1473 1483 1499 1507 1520 1521 1550 1555 1557 1561 1582 1591 1597 1607 1632 1633 1649 1654 1655 1669 
52 116 130 158 177 221 238 252 332 341 372 390 393 403 405 429 447 483 485 500 535 551 572 610 612 636 641 673 682 692 699 791 812 847 857 877 891 898 945 947 993 1029 1031 1059 1079 1104 1141 1178 1205 1211 1227 1229 1231 1244 1256 1260 1325 1350 1351 1373 1415 1419 1434 1435 1499 1507 1518 1523 1524 1527 1539 1557 1591 1603 1636 1642 1644 1674 1694 1698 
17 72 96 112 119 147 159 160 169 171 174 195 203 208 223 254 277 313 315 338 351 356 366 378 408 464 502 512 616 637 647 657 671 678 707 760 767 789 836 842 846 847 848 862 888 891 895 910 914 926 937 961 970 999 1000 1026 1061 1072 1089 1094 1104 1134 1135 1154 1234 1261 1294 1321 1375 1383 1389 1399 1417 1439 1442 1447 1452 1475 1479 1489 1506 1511 1526 1528 1533 1538 1539 1545 1585 1596 1636 1668 1677 1679 1690 1697 
42 45 184 225 235 257 318 342 377 396 412 445 462 490 506 633 651 660 662 693 696 724 729 748 806 833 857 1010 1028 1054 1056 1098 1129 1132 1146 1175 1225 1243 1277 1289 1307 1323 1347 1366 1367 1385 1398 1461 1535 1548 1559 1577 1609 1613 1622 1641 1673 
35 57 80 87 91 103 126 132 152 179 205 296 302 326 328 329 335 337 377 390 412 444 450 466 488 491 505 510 522 550 562 579 597 607 614 634 636 675 676 681 688 716 736 738 741 755 762 789 833 836 846 879 917 922 934 950 952 966 1002 1018 1048 1049 1055 1056 1060 1082 1084 1098 1125 1137 1145 1166 1187 1195 1220 1226 1239 1246 1272 1282 1287 1289 1304 1312 1333 1337 1357 1386 1402 1436 1487 1501 1512 1533 1539 1543 1555 1588 1597 1598 1613 1623 1632 1638 1654 1664 1687 
153 195 288 317 364 387 398 524 525 576 615 630 632 685 710 713 731 773 810 900 964 974 1050 1089 1092 1114 1119 1155 1209 1247 1271 1290 1296 1336 1342 1363 1369 1393 1406 1409 1423 1446 1459 1476 1486 1492 1526 1545 1546 1580 1582 1592 1611 1617 1620 1663 1678 1695 
44 73 167 195 229 235 278 286 288 295 297 304 343 364 387 398 500 514 566 576 600 615 629 630 633 643 653 657 689 698 708 710 728 730 731 732 773 810 827 848 900 906 929 964 983 994 1024 1033 1038 1047 1050 1092 1114 1149 1180 1192 1195 1221 1238 1281 1290 1336 1342 1374 1393 1406 1423 1455 1476 1486 1538 1546 1553 1582 1592 1617 1663 1670 
14 104 139 143 170 192 222 226 227 271 344 348 355 367 403 468 503 508 542 557 584 614 617 646 648 649 672 674 689 706 713 714 716 743 785 787 793 802 821 828 831 860 897 941 949 956 972 1011 1058 1064 1096 1117 1144 1160 1162 1177 1185 1208 1228 1253 1277 1284 1324 1342 1357 1380 1392 1410 1419 1420 1425 1426 1454 1504 1509 1554 1570 1573 1577 1594 1602 1627 1640 1660 1663 1666 1672 1680 
2 12 20 25 26 34 48 55 58 59 61 67 74 75 77 81 85 94 99 142 145 152 165 178 180 182 196 207 209 211 232 243 245 251 261 268 271 274 287 291 294 303 311 320 322 325 334 339 355 373 380 388 419 420 440 467 468 474 492 498 499 502 513 514 515 519 520 539 544 545 548 553 555 603 604 606 609 611 618 622 623 644 650 684 702 721 745 753 757 759 764 768 783 793 796 802 806 815 818 821 823 831 834 837 838 845 864 869 886 890 891 900 903 912 914 916 919 921 928 938 942 951 954 957 963 968 985 1005 1006 1010 1011 1035 1064 1077 1087 1093 1095 1106 1109 1113 1123 1130 1132 1133 1140 1144 1150 1160 1162 1163 1168 1187 1193 1199 1218 1224 1225 1232 1235 1244 1249 1255 1257 1258 1274 1275 1283 1299 1315 1317 1324 1340 1344 1347 1348 1349 1373 1382 1394 1395 1400 1419 1437 1439 1441 1450 1451 1454 1456 1463 1474 1477 1480 1490 1491 1496 1497 1503 1504 1524 1525 1540 1551 1554 1558 1561 1564 1574 1579 1581 1584 1589 1590 1593 1594 1595 1602 1614 1619 1621 1629 1641 1643 1646 1659 1663 1669 1670 1672 1681 1682 1686 1689 
66 71 89 117 129 161 189 204 299 319 339 376 381 386 391 397 454 458 470 486 512 606 703 709 717 721 798 809 841 849 884 957 971 977 993 997 1002 1019 1030 1073 1075 1090 1106 1153 1156 1185 1203 1206 1215 1218 1243 1251 1254 1264 1266 1267 1358 1367 1372 1376 1383 1408 1454 1464 1483 1504 1508 1517 1523 1573 1586 1636 1678 1683 1697 
62 95 112 152 157 164 179 201 205 281 335 371 392 447 450 455 460 466 507 522 531 533 634 636 640 681 702 736 738 740 746 747 750 754 781 789 813 820 875 887 894 907 921 934 962 1034 1044 1049 1055 1060 1068 1070 1092 1121 1125 1137 1226 1246 1268 1272 1287 1297 1304 1314 1342 1348 1357 1388 1416 1463 1473 1485 1540 1550 1555 1563 1597 1625 1632 1633 1635 1654 1665 1676 
8 56 62 107 109 111 114 123 133 150 155 166 168 173 175 197 210 217 230 233 235 237 250 256 281 293 323 352 386 394 402 433 443 452 463 491 504 547 558 560 569 571 577 620 621 640 642 660 684 693 718 736 750 771 781 789 794 806 807 809 813 826 832 840 855 861 863 864 875 878 885 892 907 914 921 927 932 933 935 936 946 952 954 968 988 997 1009 1023 1027 1044 1061 1067 1068 1069 1071 1090 1092 1100 1103 1111 1121 1125 1139 1142 1145 1175 1188 1189 1191 1193 1197 1203 1215 1219 1241 1244 1245 1250 1256 1259 1291 1313 1314 1331 1343 1351 1386 1390 1391 1393 1411 1416 1421 1443 1466 1479 1482 1488 1498 1526 1536 1540 1547 1548 1567 1582 1606 1613 1615 1618 1635 1639 1644 1646 1648 1655 1656 1665 1681 1686 
86 109 114 125 127 150 166 175 178 223 296 298 347 349 358 386 455 484 504 520 558 566 569 571 655 719 756 762 794 840 861 885 908 952 966 978 1007 1077 1125 1155 1222 1291 1331 1421 1481 1495 1496 1500 1520 1536 1558 1564 1566 1568 1618 1631 1686 
7 148 197 233 321 352 353 379 404 430 479 480 510 511 529 536 538 580 590 765 774 786 795 810 843 846 881 918 937 969 984 1001 1057 1078 1085 1088 1121 1127 1148 1170 1214 1216 1273 1292 1303 1311 1320 1346 1348 1356 1361 1364 1372 1451 1460 1493 1590 1601 1604 1607 1664 1680 
104 134 138 170 256 259 298 322 369 421 428 431 435 464 475 476 482 485 487 516 540 549 550 577 579 619 670 687 744 757 772 779 785 790 832 859 893 909 950 955 1002 1008 1009 1035 1056 1077 1079 1082 1098 1138 1145 1158 1191 1196 1197 1203 1207 1240 1248 1259 1279 1286 1289 1330 1333 1379 1386 1479 1539 1548 1562 1588 1591 1595 1613 1639 1651 1684 1688 1700 
88 93 97 198 206 209 242 249 308 315 338 356 400 401 424 481 508 526 527 584 585 637 648 678 691 707 765 778 817 880 888 937 941 965 990 1013 1016 1032 1052 1054 1108 1115 1151 1158 1190 1204 1212 1233 1245 1295 1308 1321 1327 1328 1353 1355 1383 1399 1467 1471 1474 1478 1508 1513 1538 1549 1550 1557 1558 1575 1580 1592 1619 1624 1640 1685 1697 
58 59 77 88 142 165 182 198 208 239 251 258 268 301 308 357 380 401 410 441 442 481 492 501 508 527 585 626 658 758 768 769 825 863 924 951 963 965 990 1022 1032 1052 1054 1108 1109 1115 1118 1151 1168 1190 1204 1212 1221 1233 1257 1258 1290 1295 1308 1327 1355 1365 1397 1415 1467 1474 1478 1490 1513 1534 1554 1575 1576 1595 1619 1682 1685 
76 88 130 132 175 198 242 275 308 340 401 409 435 438 472 478 481 501 527 551 585 602 647 758 801 852 865 870 883 947 958 965 990 1017 1025 1032 1052 1053 1054 1066 1085 1108 1115 1147 1151 1186 1190 1204 1212 1226 1233 1290 1308 1327 1355 1364 1415 1467 1478 1508 1513 1544 1558 1575 1619 1685 
30 43 52 76 98 130 132 146 177 204 213 221 238 252 263 270 275 277 297 340 341 360 370 389 390 393 405 409 415 435 438 447 451 485 491 530 581 601 602 605 625 635 636 639 641 646 647 663 682 700 711 736 758 836 852 865 870 883 896 898 915 925 947 958 987 988 989 991 993 1017 1025 1030 1031 1041 1053 1059 1076 1083 1091 1123 1126 1147 1159 1165 1173 1178 1183 1186 1211 1221 1223 1226 1227 1229 1243 1265 1288 1293 1325 1326 1351 1405 1407 1418 1432 1434 1523 1527 1539 1599 1644 1649 1653 1667 1691 
31 53 99 113 115 125 138 183 291 298 311 320 321 325 345 377 384 404 412 432 455 464 478 491 529 534 538 539 549 550 624 676 700 755 808 822 826 833 838 844 846 869 881 889 899 903 932 950 956 982 1007 1048 1056 1057 1078 1081 1082 1085 1088 1098 1104 1107 1127 1130 1140 1148 1155 1214 1216 1224 1227 1261 1275 1288 1289 1292 1302 1309 1311 1316 1346 1348 1349 1356 1366 1371 1386 1395 1424 1428 1438 1441 1451 1456 1481 1484 1489 1521 1539 1540 1544 1548 1572 1588 1613 1641 1667 1676 1689 
9 52 69 97 98 105 146 214 238 297 370 390 404 451 453 491 567 581 601 624 625 636 691 700 702 711 736 758 895 898 925 932 973 989 991 1034 1041 1076 1078 1087 1088 1091 1123 1126 1127 1154 1159 1161 1165 1189 1214 1216 1223 1244 1288 1292 1293 1311 1321 1334 1346 1401 1407 1424 1432 1497 1506 1527 1530 1537 1546 1574 1599 1615 1649 1653 1667 1691 1693 
22 78 267 270 273 284 300 359 417 458 524 559 564 592 704 720 780 811 814 852 866 870 892 980 996 1042 1081 1116 1124 1181 1184 1198 1262 1273 1285 1303 1314 1339 1377 1378 1427 1448 1470 1498 1501 1510 1546 1552 1577 1628 1676 
6 22 65 74 78 87 138 167 195 196 200 219 229 267 270 273 276 278 304 336 343 381 399 403 417 434 446 450 453 455 465 467 495 509 524 533 542 559 564 592 600 604 609 613 618 623 629 633 643 653 659 668 684 688 689 690 698 711 720 722 727 728 730 732 745 766 780 782 784 803 811 815 818 836 848 852 866 870 879 892 906 928 929 963 983 1014 1024 1033 1038 1042 1047 1081 1097 1116 1122 1124 1149 1163 1180 1181 1182 1192 1195 1198 1217 1219 1238 1263 1273 1279 1281 1285 1288 1314 1318 1332 1335 1339 1374 1377 1378 1396 1415 1427 1448 1450 1456 1469 1470 1485 1486 1487 1498 1501 1510 1524 1542 1546 1553 1554 1563 1571 1577 1578 1617 1626 1628 1652 1656 1663 1669 1670 1671 1676 1691 
131 155 225 279 282 292 318 406 424 594 628 725 734 797 888 926 979 996 1004 1010 1065 1146 1173 1177 1200 1207 1301 1338 1359 1360 1366 1398 1466 1487 1500 1532 1549 1557 1580 1598 1637 
15 28 43 65 154 199 213 219 263 272 283 317 334 340 360 403 415 429 437 438 446 453 465 486 517 528 530 535 582 605 609 613 632 635 639 659 668 674 690 692 693 711 742 782 800 835 844 865 877 896 902 915 930 996 1014 1029 1030 1031 1039 1054 1066 1083 1086 1091 1097 1141 1155 1158 1182 1183 1237 1260 1265 1286 1293 1332 1342 1377 1378 1393 1418 1432 1435 1469 1518 1524 1552 1560 1564 1569 1571 1578 1617 1620 1627 1648 1671 1694 1698 
124 138 191 215 219 255 334 438 446 465 477 609 613 659 668 690 693 702 766 782 865 1014 1097 1182 1225 1226 1245 1332 1377 1418 1456 1469 1489 1524 1571 1578 1617 1633 1648 1671 
5 38 113 144 249 312 384 409 432 472 473 478 516 534 565 572 596 602 608 831 850 881 883 889 940 947 958 982 1007 1017 1025 1053 1081 1085 1089 1117 1147 1155 1186 1209 1226 1296 1302 1311 1316 1326 1344 1364 1386 1409 1428 1438 1441 1446 1481 1544 1577 1583 1630 1647 1667 1676 
28 113 136 138 144 154 199 249 272 283 312 321 384 404 432 437 453 472 473 517 534 572 582 632 693 742 800 835 844 850 864 881 889 930 932 982 1007 1039 1057 1066 1081 1085 1086 1107 1130 1148 1155 1158 1214 1237 1261 1286 1302 1311 1316 1342 1344 1386 1393 1424 1428 1432 1438 1441 1481 1484 1544 1552 1560 1569 1620 1627 1648 1676 
18 36 49 57 60 66 72 83 103 118 124 135 153 156 159 160 169 172 185 188 193 195 223 231 234 283 289 314 317 328 332 363 366 393 407 426 427 429 453 483 500 512 524 535 545 570 581 584 588 591 605 645 654 673 677 680 692 696 699 710 739 754 812 824 836 857 868 877 891 897 902 913 923 944 945 948 960 961 974 999 1011 1012 1045 1048 1079 1089 1091 1093 1094 1117 1119 1120 1134 1141 1153 1209 1231 1252 1253 1256 1260 1276 1281 1282 1296 1312 1316 1337 1352 1357 1363 1369 1389 1395 1409 1415 1435 1446 1447 1459 1472 1492 1497 1506 1516 1518 1526 1528 1530 1533 1551 1564 1580 1582 1594 1603 1611 1620 1627 1661 1674 1685 1694 1695 1698 
65 138 219 334 403 438 446 465 609 613 659 668 690 692 766 782 865 1014 1072 1097 1182 1226 1332 1377 1415 1418 1426 1469 1524 1571 1578 1617 1648 1671 1691 
79 251 258 290 357 365 410 441 442 466 501 522 626 658 684 734 769 823 825 863 924 963 989 1022 1055 1092 1118 1178 1221 1287 1295 1304 1357 1365 1397 1447 1534 1572 1575 1576 1607 1691 
53 56 62 95 168 217 223 236 281 329 336 337 352 453 455 495 509 567 620 640 693 711 723 727 736 750 759 781 813 826 875 907 921 1018 1023 1051 1068 1091 1121 1224 1227 1245 1303 1313 1314 1330 1348 1386 1416 1480 1484 1485 1488 1521 1540 1599 1605 1635 1639 1655 1665 1676 
46 102 108 128 141 157 178 262 274 309 382 434 439 450 466 484 518 522 556 566 593 599 634 655 665 705 721 745 775 788 812 822 839 901 908 943 966 978 1021 1049 1055 1060 1080 1174 1194 1246 1269 1280 1281 1287 1339 1422 1431 1433 1442 1450 1476 1496 1497 1530 1555 1558 1566 1568 1597 1612 1632 1634 1694 
24 63 134 170 216 222 259 369 421 428 431 475 476 482 561 569 584 595 646 672 687 706 707 743 744 772 778 790 805 859 885 921 955 1008 1018 1043 1079 1121 1131 1138 1196 1207 1233 1240 1245 1248 1253 1279 1284 1330 1357 1410 1425 1429 1509 1619 1639 1666 1688 
21 66 201 226 271 339 355 373 461 468 502 503 644 689 706 793 802 831 837 960 983 1011 1012 1035 1064 1114 1144 1159 1162 1179 1185 1261 1298 1324 1366 1392 1418 1419 1425 1454 1504 1514 1537 1594 1602 1672 
21 201 226 241 271 339 355 370 372 373 461 468 498 502 503 610 615 623 644 688 689 706 716 724 793 802 816 831 837 873 916 925 1011 1034 1035 1064 1104 1114 1124 1144 1159 1162 1185 1205 1217 1261 1277 1280 1288 1324 1335 1344 1350 1392 1419 1425 1454 1473 1499 1504 1507 1546 1550 1561 1594 1602 1672 
64 104 138 171 178 256 277 313 351 378 382 408 439 450 461 484 487 540 556 566 577 606 619 647 655 670 671 719 756 779 832 840 883 893 895 908 910 914 958 966 970 978 1009 1026 1072 1154 1158 1180 1181 1191 1197 1207 1222 1239 1240 1261 1281 1294 1303 1331 1364 1379 1386 1476 1479 1495 1511 1515 1558 1562 1566 1568 1585 1631 1651 1684 1690 
32 163 424 459 494 502 567 598 642 657 664 683 686 767 797 812 842 862 888 931 1078 1213 1345 1394 1414 1449 1456 1522 1545 1557 1574 1677 1680 
91 140 186 228 264 389 403 436 523 543 719 759 771 797 882 904 1015 1041 1102 1179 1201 1329 1378 1601 
1 4 92 95 118 168 186 197 217 230 281 289 323 337 443 496 547 620 621 660 673 707 718 750 797 807 812 813 819 826 855 888 907 936 946 968 1023 1068 1069 1071 1100 1103 1132 1156 1175 1225 1245 1300 1307 1313 1332 1343 1383 1395 1411 1416 1422 1443 1457 1480 1496 1517 1521 1547 1557 1559 1565 1583 1610 1613 1622 1639 1644 1655 1662 1665 1673 1694 
116 184 225 285 342 346 490 506 510 522 547 633 669 696 709 717 718 724 729 798 890 968 1010 1054 1110 1128 1132 1146 1156 1164 1225 1243 1255 1283 1290 1307 1358 1385 1398 1461 1497 1535 1559 1622 1643 1673 1678 
137 212 247 248 276 396 399 457 505 587 631 633 669 697 760 763 770 851 911 920 959 1016 1040 1043 1084 1110 1153 1164 1171 1196 1199 1276 1318 1348 1387 1534 1535 1542 1598 
