19 21 28 32 90 100 105 125 134 136 143 169 200 220 227 230 247 264 278 320 331 334 356 365 366 391 424 434 489 493 550 553 577 594 595 600 614 661 671 676 677 685 686 687 
8 15 21 22 24 25 38 45 63 65 70 74 84 98 100 107 116 137 149 170 181 184 186 187 189 191 193 196 206 207 217 220 247 253 266 268 274 287 294 303 304 308 309 320 329 335 338 341 349 350 366 370 377 391 392 398 400 404 410 419 420 423 426 428 432 437 444 456 467 470 471 473 476 479 483 487 489 493 496 502 503 514 516 519 520 539 549 550 556 565 567 580 583 584 590 591 593 600 602 607 608 609 613 617 620 621 626 627 635 654 662 664 670 671 675 680 682 683 686 688 692 694 695 
21 24 63 110 114 116 122 139 152 155 163 187 191 203 216 218 219 221 232 247 253 266 274 281 292 302 308 320 338 354 357 366 370 392 399 400 413 419 426 432 438 444 460 467 468 470 471 473 496 498 500 502 505 517 519 522 524 550 556 562 567 575 581 593 595 598 600 602 607 609 624 626 628 632 639 662 664 665 670 675 695 699 
13 47 82 97 99 100 121 139 143 162 172 190 194 203 206 236 244 255 260 264 267 291 292 298 301 323 348 352 359 368 374 394 403 414 451 464 465 470 478 480 486 513 525 530 533 536 542 554 557 567 568 580 582 602 608 616 629 637 647 659 678 696 699 
14 25 36 39 58 84 89 95 107 111 112 143 156 161 167 170 194 195 196 206 207 214 222 234 243 246 250 253 260 287 290 294 309 310 323 337 338 348 349 355 359 377 392 396 398 404 410 411 414 420 422 438 453 457 460 461 464 470 473 477 479 487 495 496 502 503 510 512 514 529 532 544 564 565 567 577 584 585 589 590 591 595 599 602 606 616 628 646 647 654 656 665 670 688 693 
8 18 26 34 47 53 57 60 71 74 75 77 83 86 92 96 97 108 112 130 142 160 168 169 193 211 218 220 224 226 227 229 231 244 257 261 264 271 279 284 292 302 307 311 314 319 320 323 325 327 333 336 344 347 352 358 362 368 379 384 394 403 411 415 416 429 431 440 442 455 466 468 472 482 486 492 494 499 503 507 513 516 520 522 523 530 531 533 535 537 541 543 545 550 552 557 563 573 575 582 586 604 614 618 619 637 640 644 646 653 660 662 671 676 677 681 691 695 
8 28 57 71 82 87 91 93 99 108 109 120 123 126 144 145 159 176 210 224 231 246 260 264 271 282 302 314 316 342 352 354 358 371 380 389 391 393 408 409 416 419 426 427 437 441 444 447 451 457 458 464 466 474 475 482 491 498 504 506 509 516 517 529 530 533 537 544 551 573 578 583 586 597 604 610 612 620 625 633 637 640 658 666 671 676 682 683 685 693 698 
61 65 68 94 117 138 144 162 166 180 201 215 236 240 252 261 298 315 319 331 345 351 360 364 366 368 369 370 373 384 401 402 403 406 417 427 493 506 518 527 539 540 563 568 576 596 597 598 605 616 622 638 639 651 652 672 687 689 
34 39 44 47 56 60 65 67 68 79 83 87 92 110 114 117 119 127 138 141 144 146 162 164 166 172 177 180 182 183 204 216 224 226 232 234 240 242 248 251 256 264 280 285 289 292 302 311 312 316 320 339 343 344 346 347 348 351 360 362 364 366 368 369 381 391 400 401 406 407 425 427 439 455 459 461 466 471 474 479 482 493 497 500 505 515 518 519 522 529 531 534 536 540 545 546 571 576 577 589 592 596 598 603 604 605 631 636 638 643 651 652 653 655 658 672 674 676 679 684 685 
57 65 68 71 99 108 109 117 138 141 145 151 162 164 166 180 215 220 224 226 231 240 264 271 302 314 320 349 350 351 358 360 364 369 374 380 401 402 416 419 427 451 479 482 491 493 494 515 518 527 530 545 551 573 586 593 599 604 608 613 614 616 625 635 636 637 640 648 651 652 671 672 676 683 
25 36 45 58 63 70 110 111 139 168 207 232 234 281 294 309 404 410 411 413 437 467 469 471 477 487 493 496 500 502 565 567 586 590 602 604 608 617 647 654 664 670 
3 8 13 36 72 80 81 90 107 112 115 121 139 157 185 190 192 194 203 206 209 220 228 236 244 245 247 248 254 258 261 267 275 276 278 291 298 306 307 309 310 319 322 323 329 335 339 340 348 351 359 361 370 373 394 395 397 403 410 411 414 420 426 428 439 444 451 464 467 470 479 486 488 490 491 513 517 525 529 538 542 551 553 554 555 557 561 566 568 576 577 581 582 591 595 602 607 609 616 617 621 623 624 629 630 631 632 644 650 659 662 678 681 697 
6 27 30 33 41 43 44 50 51 62 64 69 70 79 81 82 85 86 87 88 97 105 115 124 126 131 133 136 146 152 177 185 188 194 198 200 203 205 208 209 212 218 219 225 227 230 234 238 239 242 248 251 257 259 265 267 278 293 295 307 315 316 318 320 327 330 332 333 334 339 344 352 353 354 356 357 362 365 375 377 381 387 390 391 395 398 399 400 405 413 418 420 424 431 433 455 456 460 462 474 478 479 489 498 499 507 511 522 533 534 540 550 572 574 594 599 601 605 612 615 620 622 628 631 643 646 647 649 660 661 662 663 665 666 668 669 671 672 673 674 677 680 684 685 686 698 699 
3 42 51 58 61 62 65 68 84 85 91 93 98 107 112 114 117 122 124 131 138 151 152 159 162 164 166 169 176 180 182 189 196 198 206 207 212 215 216 221 240 248 267 269 275 277 287 293 294 309 310 319 327 335 338 351 357 360 364 366 369 371 373 392 401 402 406 410 413 415 418 420 426 427 439 441 455 456 461 470 479 493 496 497 502 518 522 536 538 545 563 565 568 573 576 583 590 597 599 603 615 623 627 628 633 636 638 639 648 651 653 654 666 672 676 680 687 
18 26 30 53 77 84 98 121 168 169 170 177 190 193 196 217 236 239 243 253 261 276 278 279 286 294 295 298 309 340 353 354 355 365 368 381 384 394 403 405 416 425 429 431 442 454 464 467 475 478 487 492 495 496 498 499 502 503 508 519 520 525 528 545 552 554 557 565 582 584 590 591 601 614 618 632 646 648 650 654 660 662 674 678 681 684 
5 34 41 73 78 91 93 102 103 119 120 141 150 158 159 160 161 176 178 179 184 190 199 202 210 223 226 235 237 239 241 242 265 283 299 303 305 310 313 315 321 328 343 348 350 361 362 367 371 388 398 409 412 422 428 430 434 437 441 444 447 452 457 481 491 500 508 509 512 521 527 532 534 539 540 561 575 578 585 588 592 603 604 608 610 616 623 631 634 639 648 650 655 666 667 670 683 698 
28 46 66 69 74 81 85 107 113 124 133 150 153 175 181 182 195 212 228 231 233 239 249 257 272 293 297 327 341 342 347 352 357 362 375 385 388 395 400 456 457 459 462 476 483 486 499 501 507 520 533 551 560 564 584 596 611 615 623 625 630 633 635 639 642 644 646 675 693 694 700 
1 9 12 15 23 33 44 46 55 56 58 63 66 69 70 81 84 91 101 107 111 113 120 126 130 133 140 143 150 153 154 159 170 172 174 175 176 182 196 197 201 208 209 210 212 217 225 229 233 236 242 249 253 255 257 272 273 287 297 306 307 316 317 322 326 327 333 338 340 342 345 354 356 373 375 378 382 385 388 391 392 395 397 400 409 410 412 413 414 416 426 428 441 442 444 447 448 452 456 457 458 467 476 487 493 496 499 501 502 506 507 509 519 520 532 533 535 548 553 556 560 564 565 566 572 576 584 600 603 611 621 623 630 632 633 641 642 644 646 648 649 655 657 661 662 671 675 676 679 681 687 688 693 695 700 
4 7 16 19 28 29 32 33 39 40 46 48 49 51 54 55 57 62 66 71 73 78 80 82 87 90 93 94 99 101 105 106 108 109 110 113 114 124 128 130 131 132 134 135 143 144 145 147 150 152 153 159 160 164 171 172 175 176 178 179 188 191 192 195 197 199 200 201 203 208 217 218 219 221 224 227 228 230 231 232 234 236 239 241 249 252 254 255 256 260 264 271 272 276 281 282 283 288 289 293 300 301 307 314 315 323 324 326 331 334 340 341 342 345 349 352 357 358 361 368 372 374 375 378 379 380 381 385 386 390 397 399 400 402 409 414 416 417 421 424 426 432 434 436 437 439 441 443 451 452 456 461 462 464 465 466 474 476 478 480 481 482 489 490 491 497 498 501 506 514 515 516 517 520 522 527 528 530 533 535 537 540 547 550 551 553 555 558 562 563 564 566 570 577 578 583 584 586 587 591 594 596 602 605 608 611 612 615 616 618 620 622 623 624 625 628 629 631 635 636 637 638 639 640 642 644 652 655 656 659 660 666 669 674 676 677 684 685 686 689 690 693 695 696 697 
9 37 40 49 55 57 101 103 110 123 132 143 148 154 161 167 197 201 203 209 211 213 217 233 236 257 262 272 282 283 284 296 300 315 342 344 345 349 355 379 382 386 393 407 409 416 421 436 443 450 463 464 469 475 477 485 494 495 496 500 503 512 526 527 532 533 535 544 548 552 554 558 559 560 561 566 569 579 583 587 596 603 610 620 632 633 634 641 648 652 661 667 669 676 679 683 692 694 700 
40 47 60 64 79 83 87 95 98 99 102 114 129 151 152 156 163 164 194 206 214 216 219 222 248 250 269 278 280 292 297 311 330 339 340 344 352 353 359 367 368 377 381 391 393 409 413 422 425 439 440 445 446 453 454 455 460 466 468 472 478 484 510 512 515 522 529 531 532 536 546 554 563 574 577 589 595 596 597 599 601 604 606 624 627 636 638 647 650 653 656 660 665 674 677 680 684 697 
58 94 114 126 151 163 164 172 190 201 206 216 221 236 240 252 256 280 306 315 317 322 345 353 365 369 370 391 402 409 417 427 439 441 447 448 454 486 493 506 515 529 542 562 622 627 636 639 649 651 652 657 673 676 680 698 
3 13 15 26 31 44 46 48 56 61 63 65 67 68 72 76 80 82 85 98 100 102 106 114 121 122 125 127 134 135 139 141 146 150 151 158 162 163 164 165 166 170 171 182 183 189 190 192 196 202 215 216 221 226 228 229 235 236 239 244 252 253 254 256 269 275 276 277 285 287 288 289 291 295 298 299 312 313 315 319 327 335 339 340 343 345 346 347 356 360 364 366 367 369 375 383 384 390 391 392 394 401 405 406 407 409 427 431 435 439 441 444 445 446 450 454 459 461 464 467 470 478 479 486 488 490 491 495 496 500 504 505 513 515 516 518 519 525 527 529 534 537 540 547 548 555 557 560 561 562 566 568 571 581 588 591 592 593 598 605 607 611 614 623 624 627 636 638 643 644 645 650 651 652 659 660 665 670 672 676 678 681 687 689 695 697 698 
18 26 28 33 34 39 43 46 53 63 69 70 74 77 82 84 91 111 120 133 142 144 159 161 165 169 170 176 193 210 213 217 219 225 228 233 238 253 257 261 279 286 295 297 299 307 316 325 326 340 361 384 388 404 410 412 415 416 426 429 431 433 441 442 444 447 454 457 458 466 473 474 484 487 492 497 498 506 508 509 519 520 523 524 533 534 541 551 552 576 582 584 612 614 618 619 620 630 633 660 685 698 700 
29 33 38 39 45 48 55 56 67 73 80 90 106 127 128 134 144 146 147 157 159 171 182 183 195 216 217 222 223 225 239 242 245 251 255 258 275 278 285 311 312 316 329 343 346 370 373 375 386 390 406 415 441 447 459 461 462 466 481 486 489 497 499 505 509 510 514 517 522 540 551 560 563 564 571 576 577 582 585 589 592 595 598 603 605 607 608 609 625 630 633 643 645 646 652 655 656 660 666 667 687 689 
4 27 31 42 49 50 54 64 79 87 92 93 97 101 102 115 118 132 141 155 158 160 162 165 179 184 185 186 188 198 202 204 205 220 235 236 241 243 251 269 282 292 299 300 303 313 323 324 330 331 341 354 355 365 372 377 381 382 383 397 399 407 418 421 423 425 428 432 434 436 441 443 447 460 462 464 466 468 472 483 490 497 500 508 511 514 515 516 524 527 528 533 534 536 545 553 558 570 578 580 581 583 593 596 601 602 604 610 613 616 620 631 635 645 651 665 669 672 673 674 675 684 687 688 690 692 696 699 
22 38 45 74 95 100 103 133 137 149 154 156 176 179 181 184 186 193 199 202 208 220 222 237 242 246 254 268 269 290 303 304 305 307 310 321 328 333 339 341 349 350 362 371 384 396 398 408 422 423 428 430 435 483 487 489 495 499 506 516 520 521 523 524 539 561 564 580 593 602 603 610 613 620 623 632 633 634 635 648 662 666 667 681 682 683 688 692 694 697 
14 17 19 28 32 33 34 38 52 59 65 86 95 105 110 116 126 136 140 156 161 163 164 167 173 174 181 187 191 200 203 207 209 213 216 217 220 222 227 230 235 243 246 247 250 256 259 266 272 273 274 283 290 296 302 304 306 308 317 318 320 324 330 332 334 337 354 355 361 366 386 390 391 396 397 400 408 412 413 419 422 424 428 432 434 437 438 439 448 449 453 454 457 460 463 471 473 489 494 495 504 508 510 512 524 529 532 535 538 540 544 548 550 556 559 564 567 569 572 574 577 579 581 585 586 587 589 594 595 599 600 602 604 605 606 610 617 621 626 628 632 636 637 646 647 649 656 661 663 664 668 669 671 675 677 680 682 683 685 686 687 694 
1 5 9 12 14 17 19 20 23 27 31 32 33 35 37 39 40 42 44 45 47 49 52 54 55 56 57 58 59 60 66 67 69 73 78 81 82 83 92 93 99 100 103 105 107 110 111 115 118 119 120 132 133 134 136 140 142 144 148 154 156 160 161 163 164 167 172 173 174 176 178 179 188 197 199 200 202 204 208 209 213 214 216 219 220 221 227 228 229 230 233 235 236 237 238 241 242 243 248 250 251 255 256 257 261 262 263 272 273 280 282 285 286 290 292 293 296 297 298 300 303 306 307 311 317 319 320 322 323 324 326 327 330 331 333 334 337 341 348 350 351 354 355 359 361 365 368 372 382 388 389 390 391 393 395 396 397 404 407 408 412 413 421 423 426 428 430 432 434 435 436 437 438 439 440 441 443 444 445 447 449 450 452 453 455 457 460 462 463 466 468 469 472 474 475 477 481 484 485 491 493 494 495 497 498 500 504 506 507 508 510 512 514 515 516 520 521 523 526 527 528 529 531 532 533 535 536 538 539 542 544 545 546 548 550 551 553 554 557 558 559 560 561 563 566 569 570 576 577 578 579 582 583 584 585 587 589 594 597 599 600 601 602 603 604 606 608 610 612 617 618 620 621 628 630 631 638 639 641 645 646 647 648 649 653 655 656 657 658 661 662 666 667 669 671 673 674 677 679 681 682 683 685 686 687 690 691 693 696 698 700 
6 13 30 39 43 50 72 79 83 87 97 140 159 177 189 204 208 228 234 239 244 248 251 252 254 276 277 287 288 289 292 319 322 323 330 338 339 344 353 354 365 366 368 377 381 398 400 402 405 415 425 446 454 455 462 466 468 488 490 511 512 524 526 528 531 536 537 547 554 555 563 570 572 580 601 604 605 607 624 627 636 643 649 650 652 653 654 659 660 667 672 674 677 684 688 696 697 
23 33 43 49 76 80 101 112 120 122 125 126 130 132 135 140 170 171 176 178 185 188 210 221 225 238 258 267 280 297 300 306 313 316 317 322 333 353 356 365 373 376 388 391 397 412 416 421 428 431 435 436 443 444 445 447 448 479 486 491 493 500 506 509 535 538 549 553 558 572 583 596 617 620 621 622 628 632 633 645 649 652 657 661 669 677 680 681 688 695 699 
23 27 38 43 69 75 76 79 90 99 101 107 134 140 153 157 178 179 199 209 230 232 244 245 247 258 267 278 284 287 309 311 317 319 322 329 330 333 335 336 353 354 356 365 370 382 397 411 413 419 420 426 434 448 453 459 468 487 500 517 523 538 543 548 553 564 572 576 577 578 581 595 607 609 617 621 630 631 644 648 649 657 661 662 680 681 682 687 688 695 700 
10 27 30 42 52 59 64 80 85 96 97 101 114 115 118 130 132 139 170 178 185 190 194 198 203 204 205 206 234 238 243 244 256 260 263 267 289 291 298 300 301 348 351 352 354 372 377 378 384 394 399 403 411 413 418 420 421 425 428 431 436 444 454 458 465 478 479 486 488 496 498 511 513 515 525 527 537 542 553 557 568 573 582 602 616 620 621 624 632 636 657 669 673 674 678 681 682 688 693 699 
31 34 61 88 98 102 111 116 141 155 158 165 178 196 202 235 239 246 258 259 263 281 283 287 293 294 295 299 313 355 367 383 390 392 409 410 422 426 433 435 440 445 465 467 487 497 508 516 524 534 565 581 588 592 595 607 617 630 632 650 654 658 662 665 668 670 682 692 
20 35 45 56 123 129 148 157 159 178 220 224 246 255 262 263 264 291 294 320 324 326 334 351 354 389 393 412 416 419 426 440 450 456 469 475 477 484 485 503 512 525 526 529 544 546 555 556 563 566 590 591 600 604 605 612 623 624 632 657 658 661 676 682 685 686 694 
21 24 34 41 51 59 62 85 88 116 124 125 130 131 135 152 155 156 165 167 175 187 191 201 203 209 218 219 220 222 246 247 266 273 274 293 299 302 308 320 324 327 334 337 338 352 354 355 356 357 365 366 367 370 375 390 396 408 413 418 419 424 426 431 432 438 444 445 449 456 460 466 471 473 474 491 495 498 499 504 507 508 524 535 538 544 547 549 550 551 556 562 565 575 581 584 592 594 600 604 607 609 612 615 617 622 626 627 651 658 660 662 664 665 670 672 675 682 685 686 695 
2 5 7 16 27 54 58 64 66 67 70 73 74 75 78 86 88 91 96 103 112 113 114 119 120 128 142 143 151 153 154 160 163 164 172 176 178 188 194 199 202 205 208 210 211 216 219 220 221 223 225 226 230 237 241 242 249 255 256 259 260 265 280 281 282 283 284 285 289 297 301 305 310 316 317 318 321 323 325 328 331 332 333 336 339 342 347 348 350 352 362 365 374 378 379 385 387 388 390 391 398 402 404 409 412 413 414 415 418 421 430 432 433 434 435 437 439 441 443 447 452 457 458 459 462 464 465 478 480 481 489 497 500 501 505 509 511 514 515 516 519 521 522 523 528 533 537 539 540 541 543 544 545 546 550 553 561 562 563 570 573 574 575 576 578 582 598 601 603 604 608 610 616 619 622 629 630 631 633 634 636 638 639 640 642 648 655 660 663 666 667 668 669 680 683 686 690 691 693 696 698 
14 45 70 83 88 89 95 98 156 189 194 196 204 208 214 222 228 250 259 265 269 277 280 290 292 295 297 311 318 319 327 332 339 344 348 359 368 386 387 390 392 396 398 404 408 431 433 449 453 455 457 460 464 467 468 510 519 522 532 536 540 542 551 561 563 564 565 572 574 577 585 589 593 597 599 601 604 606 615 627 628 646 647 656 663 665 668 677 680 684 693 697 698 
8 18 20 26 35 43 45 56 58 77 81 84 109 123 126 129 147 148 169 193 217 254 255 261 262 263 271 277 279 286 295 306 317 319 326 340 351 355 358 365 380 384 385 389 393 395 397 412 416 419 429 431 440 446 448 450 456 469 475 477 484 485 486 488 491 492 499 503 507 508 520 521 526 533 536 537 544 546 547 552 563 572 597 614 625 632 640 646 649 650 653 657 658 659 660 661 676 680 694 
18 26 33 45 53 55 61 77 101 106 110 117 128 134 147 162 169 193 203 213 217 225 240 261 267 268 269 277 278 279 286 296 316 319 327 333 349 355 368 369 373 384 386 401 427 429 431 442 461 462 463 492 494 497 499 503 512 522 540 545 552 553 554 559 569 576 579 587 593 597 610 614 618 633 639 648 651 652 656 662 666 681 687 689 694 
15 31 45 52 59 72 82 89 102 113 115 137 139 141 144 149 150 153 156 158 159 165 167 173 174 175 178 181 183 184 186 189 190 192 193 214 216 220 228 230 234 235 239 243 246 248 249 252 254 268 269 276 277 288 289 299 303 324 335 337 340 341 342 343 356 359 367 381 383 385 396 405 409 410 422 423 428 445 446 449 452 453 457 460 470 476 483 487 488 490 495 501 504 512 516 520 524 526 529 532 534 537 538 543 544 547 548 551 555 560 564 566 571 580 581 585 588 589 591 593 596 599 604 605 606 608 611 613 617 623 624 635 642 644 647 648 649 650 652 656 659 660 682 688 692 694 697 698 
8 25 34 36 53 57 75 95 96 110 112 211 213 218 229 235 255 283 284 296 325 336 342 344 347 355 356 379 386 393 407 411 412 415 426 445 450 458 463 484 494 506 508 520 523 525 541 543 554 559 566 569 573 579 582 587 607 614 619 620 633 637 638 644 646 657 662 688 691 
29 36 43 48 57 61 76 86 111 112 122 125 130 143 154 168 171 174 179 195 197 202 208 220 223 243 244 273 321 331 350 356 362 375 386 396 397 401 404 410 438 449 467 488 495 504 521 523 532 538 539 544 547 549 561 566 591 603 604 617 623 624 630 634 639 641 644 645 652 667 672 677 679 683 687 689 695 
2 5 11 19 21 28 31 37 41 43 57 71 73 74 76 78 80 89 91 93 95 97 99 102 103 104 106 108 109 112 116 122 125 130 134 135 136 141 142 145 147 150 153 155 157 159 160 161 164 165 172 175 176 178 179 187 191 199 202 207 212 213 216 223 224 226 227 231 237 241 242 247 249 258 260 270 271 274 275 296 299 302 305 308 310 313 314 320 321 323 324 328 338 340 342 349 350 356 358 359 361 362 363 366 367 371 374 375 376 380 383 385 386 404 407 412 415 422 423 428 430 434 435 444 445 451 452 458 459 460 463 471 472 473 476 481 482 488 491 493 494 501 506 509 517 521 524 527 530 531 534 535 537 538 539 540 549 550 551 559 561 562 564 566 569 575 578 579 586 587 588 594 597 600 604 605 608 610 611 618 622 623 625 626 628 629 630 631 633 634 637 639 640 642 648 650 658 664 665 667 670 675 677 683 685 693 697 
