11 14 16 32 64 65 74 77 80 87 95 113 222 353 553 572 635 
103 148 173 177 180 188 199 219 221 238 297 302 304 312 324 348 353 376 453 472 491 505 518 521 547 585 591 643 667 
27 37 93 108 119 122 124 186 187 191 192 211 259 265 284 291 298 310 320 333 339 340 345 355 358 364 374 391 392 398 414 416 418 424 440 449 451 462 474 507 516 524 539 544 558 559 563 571 572 585 589 623 625 631 633 638 639 654 675 681 698 699 
1 19 65 96 124 169 192 194 206 207 211 222 249 310 320 339 340 341 355 364 366 374 385 392 419 451 460 461 474 483 503 507 514 516 524 558 571 572 589 591 617 623 633 639 
15 25 28 40 56 138 172 190 195 211 258 272 302 366 393 399 408 409 412 431 514 521 528 545 548 576 599 615 643 666 682 686 
59 62 82 84 85 92 100 128 143 155 163 176 178 183 212 217 225 249 270 273 277 281 318 319 342 343 365 375 382 383 386 387 396 411 425 441 445 479 484 491 492 495 508 545 576 619 624 652 696 
7 22 47 63 68 104 112 138 216 229 268 295 311 319 379 386 388 405 419 433 444 619 685 
33 40 66 90 99 124 125 138 140 169 192 211 224 226 244 249 257 275 280 286 294 298 310 320 339 340 341 355 364 374 377 392 397 413 447 448 451 454 460 483 489 493 503 507 516 524 558 571 572 589 596 623 633 639 675 680 687 
21 83 107 120 142 162 171 177 178 193 218 260 278 292 301 336 344 347 356 361 368 381 404 422 439 466 482 483 497 500 509 520 531 534 538 545 546 560 594 597 601 616 638 646 649 651 662 663 674 678 679 693 696 
20 25 38 44 52 54 70 78 140 183 233 241 278 282 303 329 330 340 344 356 381 419 422 434 439 459 466 477 491 492 500 509 531 546 560 568 574 582 586 601 602 603 616 646 649 662 674 675 679 689 
2 54 70 109 116 121 123 127 130 134 149 150 153 166 170 181 184 185 197 201 202 203 206 227 229 239 253 254 256 264 269 279 283 284 287 288 290 299 302 305 307 308 309 315 323 332 352 353 371 390 398 423 425 426 436 457 488 502 511 522 525 533 535 537 549 550 556 567 578 579 586 588 590 600 605 609 610 631 634 636 644 647 650 652 653 654 655 660 667 669 671 672 673 676 681 683 
26 53 62 69 77 79 82 84 85 92 100 128 135 143 146 147 155 163 176 178 183 212 217 225 249 270 277 281 303 318 329 330 342 343 365 375 382 383 386 387 396 411 419 425 441 445 455 462 467 479 484 491 492 495 508 509 531 545 546 576 582 603 624 646 652 662 696 
5 48 115 137 169 197 236 243 244 261 267 276 292 301 336 347 368 381 389 404 470 482 486 490 497 509 520 534 560 566 587 594 616 651 657 665 678 693 697 
27 67 73 86 94 97 102 148 182 197 293 306 310 326 383 406 407 410 428 474 509 528 629 
31 70 101 106 134 155 214 232 243 254 268 314 324 328 341 342 343 372 378 397 398 413 417 455 475 510 532 552 573 584 606 619 620 626 627 641 664 674 690 
59 62 82 84 85 92 100 128 143 155 163 176 178 225 249 270 273 277 281 318 342 343 375 382 383 386 387 402 411 425 441 484 491 495 508 545 576 602 619 624 652 686 696 
19 40 55 93 131 154 168 205 209 229 251 255 273 285 321 346 356 359 363 367 439 456 499 503 517 519 528 569 642 681 694 
61 103 116 127 130 134 153 166 184 229 247 251 253 255 284 305 309 321 323 324 390 402 423 449 456 457 491 522 533 535 537 550 556 560 569 578 590 610 631 644 647 653 655 672 673 683 685 
116 128 151 200 210 235 240 243 247 322 325 361 400 415 462 468 485 508 522 523 540 554 580 596 647 648 663 684 
10 24 28 34 70 72 89 123 148 150 171 201 203 239 254 269 283 288 299 307 308 315 332 352 371 383 436 488 525 549 567 583 609 631 647 650 652 660 671 672 676 
4 24 38 43 45 49 52 59 60 76 128 132 143 155 175 240 242 246 248 250 343 345 354 357 361 373 381 401 408 420 429 446 464 469 476 506 555 561 565 566 586 593 601 602 607 612 618 622 628 645 668 670 677 685 687 691 698 
23 25 41 68 156 158 177 182 215 237 254 264 274 293 299 300 311 319 337 359 371 379 380 388 405 408 433 444 464 473 474 483 487 488 514 515 527 562 588 598 629 652 661 685 
3 8 13 27 36 37 51 54 57 91 93 109 111 116 121 127 129 130 134 139 149 153 157 158 164 166 170 181 184 185 197 202 206 219 223 227 229 231 247 253 256 268 279 284 287 288 290 305 309 317 323 324 334 353 359 361 390 394 398 402 423 426 427 442 450 453 457 474 487 488 491 494 496 502 511 522 529 533 535 537 550 556 578 579 581 586 588 590 592 598 600 605 610 611 613 614 621 629 631 634 636 644 647 653 655 656 659 667 669 672 673 681 683 685 700 
4 12 17 19 28 29 35 37 41 42 53 58 60 68 83 116 128 140 151 155 174 198 200 208 210 235 240 243 246 247 249 250 257 289 316 320 322 325 331 345 358 361 373 384 395 400 401 408 415 418 420 421 429 440 462 464 468 474 480 481 485 499 501 505 506 508 522 523 536 540 542 554 563 579 580 583 588 593 601 612 622 629 638 645 647 648 661 663 670 681 684 685 687 698 
31 62 70 82 84 100 101 106 128 134 155 163 176 178 214 232 243 249 254 268 270 273 314 324 328 341 342 343 372 378 382 386 387 398 411 413 417 425 441 455 475 484 491 495 510 532 543 545 552 573 576 584 606 616 619 620 626 627 641 664 674 690 696 
24 39 51 52 71 95 141 160 161 164 169 183 189 196 213 222 230 242 262 263 264 277 327 336 350 359 362 365 370 409 467 504 512 527 543 553 562 635 692 698 
9 18 50 53 96 98 108 110 113 119 122 160 186 187 191 194 207 211 219 258 259 265 291 295 298 304 310 333 358 360 363 385 391 398 414 416 418 419 424 425 430 440 443 449 452 461 462 465 472 499 503 513 514 530 539 544 557 559 563 585 591 617 625 631 638 654 675 699 
105 167 208 220 228 245 252 266 271 289 296 299 313 338 349 351 363 369 384 395 414 421 435 471 480 501 504 536 553 577 579 583 595 604 640 655 699 
75 77 83 113 118 133 144 150 159 164 171 226 257 280 286 294 325 377 401 403 447 448 454 464 489 493 596 654 658 663 680 699 
3 8 20 25 36 38 44 51 52 54 55 57 70 78 91 93 109 111 116 121 129 131 134 139 140 149 154 157 164 168 170 181 183 185 197 202 205 206 209 219 223 227 229 231 233 241 247 251 255 256 268 273 279 282 285 287 290 295 303 317 321 329 330 334 340 346 353 356 359 361 363 367 394 398 409 419 426 427 434 439 442 450 456 459 477 488 491 494 496 499 502 503 509 511 517 519 522 528 529 531 546 568 569 574 579 581 582 586 592 600 601 603 605 610 611 613 614 621 634 636 642 646 656 659 662 667 669 672 675 681 689 694 700 
6 30 46 54 81 88 114 117 122 126 136 145 152 160 165 179 204 234 273 335 432 437 438 458 463 478 498 526 541 551 564 566 570 575 608 630 632 637 675 688 695 
