0	1	50
0	2	51
0	3	88
0	4	87
0	5	19
0	6	20
0	7	26
0	8	15
0	9	6
0	10	23
0	11	6
0	12	12
0	13	13
0	14	26
0	15	12
0	16	19
0	17	6
0	18	26
0	19	24
0	20	12
0	21	19
0	22	27
0	23	23
0	24	33
0	25	22
0	26	11
0	27	15
0	28	38
0	29	22
0	30	23
0	31	19
0	32	28
0	33	18
0	34	23
0	35	18
0	36	12
0	37	17
0	38	15
0	39	14
0	40	20
0	41	24
0	42	24
0	43	12
0	44	11
0	45	24
0	46	23
0	47	8
0	48	10
0	49	12
1	2	12
1	3	41
1	4	48
1	5	7
1	6	4
1	7	9
1	8	9
1	9	2
1	10	14
1	11	10
1	12	4
1	13	5
1	14	10
1	15	6
1	16	7
1	17	6
1	18	11
1	19	5
1	20	5
1	21	5
1	22	8
1	23	11
1	24	11
1	25	9
1	26	7
1	27	10
1	28	14
1	29	12
1	30	11
1	31	13
1	32	7
1	33	11
1	34	9
1	35	7
1	36	3
1	37	4
1	38	7
1	39	12
1	40	12
1	41	11
1	42	9
1	43	6
1	44	4
1	45	20
1	46	15
1	47	8
1	48	3
1	49	6
2	3	44
2	4	57
2	5	6
2	6	14
2	7	12
2	8	8
2	9	4
2	10	11
2	11	2
2	12	12
2	13	8
2	14	13
2	15	3
2	16	6
2	17	12
2	18	14
2	19	9
2	20	12
2	21	12
2	22	11
2	23	8
2	24	13
2	25	14
2	26	5
2	27	7
2	28	13
2	29	8
2	30	20
2	31	11
2	32	8
2	33	14
2	34	15
2	35	13
2	36	4
2	37	10
2	38	3
2	39	10
2	40	14
2	41	8
2	42	18
2	43	11
2	44	5
2	45	19
2	46	12
2	47	5
2	48	5
2	49	8
3	4	76
3	5	6
3	6	15
3	7	12
3	8	9
3	9	11
3	10	18
3	11	7
3	12	14
3	13	8
3	14	17
3	15	11
3	16	9
3	17	13
3	18	13
3	19	18
3	20	19
3	21	16
3	22	14
3	23	21
3	24	31
3	25	17
3	26	4
3	27	14
3	28	17
3	29	12
3	30	19
3	31	24
3	32	13
3	33	12
3	34	22
3	35	21
3	36	16
3	37	6
3	38	17
3	39	17
3	40	16
3	41	16
3	42	23
3	43	12
3	44	7
3	45	28
3	46	23
3	47	4
3	48	9
3	49	8
4	5	13
4	6	26
4	7	22
4	8	14
4	9	7
4	10	13
4	11	10
4	12	16
4	13	10
4	14	19
4	15	11
4	16	11
4	17	7
4	18	15
4	19	16
4	20	17
4	21	26
4	22	29
4	23	12
4	24	18
4	25	20
4	26	10
4	27	18
4	28	22
4	29	31
4	30	14
4	31	20
4	32	16
4	33	13
4	34	31
4	35	27
4	36	7
4	37	16
4	38	23
4	39	13
4	40	28
4	41	22
4	42	18
4	43	6
4	44	10
4	45	21
4	46	26
4	47	11
4	48	11
4	49	7
5	6	5
5	7	7
5	8	3
5	9	2
5	10	3
5	11	1
5	12	2
5	13	3
5	14	6
5	18	1
5	19	1
5	20	1
5	21	4
5	22	2
5	23	1
5	24	3
5	25	1
5	26	2
5	27	3
5	28	3
5	29	1
5	30	3
5	31	3
5	32	2
5	33	3
5	35	3
5	36	1
5	37	3
5	38	1
5	39	1
5	40	3
5	42	5
5	43	1
5	44	1
5	45	1
5	46	1
5	49	1
6	7	6
6	8	2
6	9	1
6	10	3
6	11	3
6	12	4
6	13	7
6	14	4
6	15	5
6	16	2
6	17	2
6	18	5
6	19	4
6	20	4
6	21	2
6	22	7
6	23	4
6	24	5
6	25	4
6	26	5
6	27	1
6	28	4
6	29	1
6	30	8
6	31	8
6	32	3
6	33	5
6	34	3
6	35	4
6	36	1
6	37	2
6	38	2
6	39	5
6	40	5
6	41	2
6	42	3
6	43	1
6	44	4
6	45	3
6	46	4
6	47	3
6	49	6
7	8	3
7	9	1
7	11	1
7	12	2
7	13	8
7	14	8
7	15	4
7	16	1
7	17	1
7	18	4
7	19	5
7	20	6
7	21	6
7	22	2
7	23	10
7	24	5
7	25	7
7	26	1
7	27	2
7	28	3
7	29	7
7	30	9
7	31	5
7	32	5
7	33	3
7	34	6
7	35	8
7	36	5
7	37	1
7	38	4
7	39	5
7	40	10
7	41	2
7	42	5
7	43	3
7	44	3
7	45	4
7	46	3
7	47	2
7	48	6
8	9	5
8	10	1
8	11	2
8	12	3
8	13	2
8	14	4
8	15	6
8	16	2
8	19	3
8	20	2
8	21	3
8	22	4
8	23	3
8	24	3
8	25	2
8	26	2
8	27	5
8	28	8
8	29	3
8	30	3
8	31	1
8	32	5
8	33	2
8	34	5
8	35	1
8	36	2
8	37	2
8	38	4
8	39	3
8	40	2
8	41	6
8	42	8
8	43	2
8	44	1
8	45	8
8	46	9
8	47	1
8	48	3
8	49	2
9	10	4
9	11	2
9	13	2
9	14	1
9	15	2
9	16	3
9	17	1
9	18	1
9	19	2
9	20	1
9	21	1
9	22	4
9	23	1
9	24	2
9	25	2
9	27	2
9	28	5
9	29	1
9	30	4
9	31	1
9	32	2
9	34	2
9	35	4
9	36	4
9	38	2
9	40	3
9	41	3
9	42	1
9	44	1
9	45	1
9	46	1
9	48	1
9	49	2
10	11	1
10	12	2
10	13	3
10	14	2
10	17	2
10	18	4
10	19	2
10	20	5
10	21	2
10	22	3
10	23	4
10	24	8
10	25	10
10	26	1
10	27	2
10	28	6
10	29	3
10	30	5
10	31	4
10	32	3
10	33	7
10	34	3
10	35	1
10	36	2
10	37	2
10	38	5
10	39	4
10	40	3
10	41	5
10	43	2
10	44	1
10	45	2
10	46	6
10	47	1
10	48	5
10	49	1
11	14	2
11	15	3
11	16	1
11	18	2
11	20	1
11	21	1
11	22	1
11	23	5
11	24	6
11	25	2
11	27	3
11	28	2
11	29	1
11	30	5
11	31	2
11	32	2
11	33	1
11	34	2
11	35	2
11	36	1
11	38	2
11	39	1
11	40	2
11	41	1
11	42	1
11	43	2
11	46	2
11	48	3
11	49	1
12	14	1
12	15	3
12	16	3
12	17	7
12	18	1
12	19	4
12	20	3
12	21	3
12	22	2
12	23	4
12	24	5
12	25	3
12	26	1
12	27	4
12	28	3
12	30	4
12	31	3
12	32	3
12	33	4
12	34	2
12	35	4
12	36	2
12	37	1
12	38	1
12	39	1
12	40	5
12	41	4
12	42	7
12	45	3
12	46	3
12	47	1
12	48	4
12	49	1
13	14	4
13	15	1
13	16	3
13	17	1
13	18	1
13	19	3
13	20	2
13	21	1
13	22	3
13	23	2
13	24	4
13	25	8
13	26	2
13	27	2
13	28	1
13	29	2
13	30	3
13	31	5
13	32	2
13	33	4
13	34	4
13	35	3
13	36	3
13	38	3
13	39	3
13	40	4
13	41	2
13	42	4
13	43	4
13	44	1
13	45	5
13	46	5
13	47	2
13	49	4
14	15	3
14	16	8
14	17	2
14	18	2
14	19	4
14	20	7
14	21	5
14	22	2
14	23	3
14	24	6
14	25	6
14	26	1
14	27	2
14	28	5
14	29	3
14	30	4
14	31	5
14	32	1
14	33	1
14	34	2
14	35	4
14	37	5
14	38	5
14	39	6
14	40	6
14	41	1
14	42	5
14	43	3
14	44	1
14	45	4
14	46	6
14	47	1
14	48	4
14	49	3
15	16	6
15	17	3
15	18	5
15	19	6
15	20	2
15	21	2
15	22	1
15	23	3
15	24	6
15	25	6
15	26	4
15	27	4
15	28	6
15	29	4
15	30	5
15	31	1
15	32	5
15	33	3
15	34	3
15	35	3
15	36	3
15	37	5
15	38	1
15	39	9
15	40	8
15	41	1
15	42	7
15	44	6
15	45	3
15	46	4
15	47	5
15	48	3
15	49	3
16	17	1
16	18	3
16	19	4
16	20	5
16	21	1
16	22	7
16	23	2
16	24	6
16	25	1
16	27	2
16	28	3
16	29	6
16	30	3
16	31	2
16	32	1
16	33	5
16	34	2
16	35	7
16	36	3
16	37	7
16	38	2
16	39	2
16	40	3
16	41	7
16	42	2
16	43	5
16	44	3
16	45	5
16	46	8
16	47	3
16	48	1
16	49	6
17	20	1
17	22	3
17	23	4
17	24	1
17	25	6
17	26	2
17	27	1
17	28	3
17	29	6
17	30	1
17	31	2
17	32	1
17	34	1
17	35	4
17	36	1
17	38	1
17	39	1
17	40	3
17	41	1
17	42	2
17	43	1
17	46	3
17	49	3
18	20	3
18	21	5
18	22	3
18	23	2
18	24	1
18	25	4
18	26	3
18	27	5
18	28	2
18	29	1
18	30	3
18	31	3
18	32	2
18	33	1
18	34	1
18	35	3
18	36	7
18	37	3
18	38	2
18	39	3
18	40	3
18	41	4
18	42	7
18	43	2
18	45	2
18	46	4
18	47	2
18	48	2
18	49	4
19	20	5
19	21	4
19	23	2
19	24	1
19	25	5
19	26	1
19	27	2
19	28	4
19	29	5
19	30	4
19	31	2
19	32	6
19	33	4
19	34	3
19	35	4
19	36	2
19	38	3
19	39	3
19	40	6
19	41	4
19	42	4
19	43	6
19	44	1
19	45	5
19	46	5
19	47	4
19	48	3
19	49	3
20	21	3
20	22	2
20	23	2
20	24	7
20	25	3
20	26	3
20	27	3
20	28	6
20	29	7
20	30	5
20	31	4
20	32	3
20	33	3
20	34	7
20	35	6
20	36	1
20	37	5
20	38	4
20	39	3
20	40	3
20	41	1
20	42	5
20	43	4
20	44	2
20	45	8
20	46	4
20	47	1
20	48	1
20	49	1
21	22	8
21	23	6
21	24	6
21	25	4
21	26	2
21	27	5
21	28	6
21	29	4
21	30	3
21	31	5
21	32	4
21	33	3
21	34	8
21	35	2
21	36	5
21	37	1
21	38	6
21	39	4
21	40	3
21	41	6
21	42	3
21	43	4
21	44	1
21	45	10
21	46	9
21	48	1
21	49	1
22	23	3
22	24	2
22	25	9
22	26	5
22	27	2
22	28	7
22	29	8
22	30	5
22	31	7
22	32	7
22	33	8
22	34	7
22	35	5
22	36	4
22	37	2
22	38	2
22	39	3
22	40	8
22	41	6
22	42	5
22	43	1
22	44	5
22	45	2
22	46	4
22	47	2
22	48	4
22	49	4
23	24	6
23	25	9
23	26	1
23	28	5
23	29	7
23	30	6
23	31	3
23	32	3
23	33	5
23	34	6
23	35	2
23	36	1
23	37	3
23	38	6
23	40	4
23	41	1
23	42	5
23	43	2
23	45	2
23	46	3
23	47	3
23	48	1
23	49	1
24	25	7
24	26	2
24	27	3
24	28	4
24	29	5
24	30	8
24	31	9
24	32	5
24	33	6
24	34	8
24	35	4
24	36	5
24	37	2
24	38	3
24	39	5
24	40	10
24	41	4
24	42	4
24	43	4
24	44	5
24	45	6
24	46	11
24	47	6
24	48	6
24	49	3
25	26	6
25	27	3
25	28	7
25	29	16
25	30	4
25	31	15
25	32	3
25	34	4
25	35	11
25	36	3
25	37	6
25	38	2
25	39	4
25	40	3
25	41	11
25	42	3
25	43	5
25	44	3
25	45	6
25	46	9
25	47	1
25	48	5
25	49	4
26	30	5
26	31	1
26	32	5
26	33	2
26	34	1
26	35	1
26	36	2
26	37	1
26	39	3
26	40	1
26	42	4
26	43	5
26	44	1
26	45	1
26	46	1
26	49	4
27	28	12
27	29	2
27	30	2
27	31	2
27	32	9
27	33	7
27	34	3
27	35	8
27	36	5
27	37	5
27	38	5
27	39	3
27	40	2
27	41	6
27	42	1
27	43	1
27	44	1
27	45	3
27	46	4
27	48	1
27	49	1
28	29	6
28	30	4
28	31	4
28	32	9
28	33	5
28	34	9
28	35	5
28	36	5
28	37	3
28	38	9
28	39	6
28	40	8
28	41	3
28	42	7
28	43	1
28	44	3
28	45	10
28	46	4
28	47	2
28	48	2
28	49	4
29	30	6
29	31	9
29	32	2
29	33	5
29	34	3
29	35	4
29	36	2
29	37	4
29	38	6
29	39	7
29	40	3
29	41	2
29	42	5
29	43	2
29	44	7
29	45	6
29	46	9
29	47	1
29	48	2
29	49	3
30	31	8
30	32	3
30	33	4
30	34	5
30	35	3
30	36	1
30	38	2
30	39	11
30	40	10
30	41	7
30	42	10
30	43	2
30	44	7
30	45	7
30	46	6
30	47	3
30	48	2
30	49	7
31	32	9
31	33	2
31	34	3
31	35	5
31	36	5
31	37	2
31	38	4
31	39	2
31	40	7
31	41	6
31	42	2
31	43	6
31	44	1
31	45	9
31	46	1
31	47	5
31	48	2
32	33	3
32	34	4
32	35	6
32	36	4
32	38	4
32	39	7
32	40	8
32	41	4
32	42	3
32	43	1
32	44	1
32	45	8
32	46	5
32	47	2
32	48	1
32	49	2
33	34	3
33	35	9
33	36	5
33	37	6
33	38	6
33	39	8
33	40	4
33	41	9
33	42	7
33	43	4
33	44	2
33	45	5
33	46	8
33	47	5
33	48	2
33	49	5
34	35	8
34	36	4
34	37	1
34	38	3
34	39	11
34	40	2
34	41	5
34	42	4
34	43	2
34	45	4
34	46	9
34	47	1
34	48	2
34	49	1
35	36	5
35	37	2
35	38	2
35	39	6
35	40	5
35	41	9
35	42	6
35	43	2
35	44	3
35	45	3
35	46	6
35	47	2
35	48	6
35	49	2
36	38	1
36	39	2
36	40	2
36	41	5
36	42	4
36	43	7
36	45	8
36	46	10
36	47	3
36	49	2
37	38	1
37	39	2
37	40	4
37	41	3
37	42	2
37	43	2
37	44	1
37	45	4
37	46	7
37	47	2
37	48	1
37	49	1
38	39	6
38	40	5
38	41	2
38	42	2
38	43	2
38	44	5
38	45	7
38	46	6
38	47	6
38	48	10
38	49	2
39	40	13
39	41	6
39	42	7
39	43	2
39	44	3
39	45	6
39	46	9
39	47	5
39	49	6
40	41	10
40	42	5
40	43	1
40	44	3
40	45	4
40	46	5
40	48	7
40	49	2
41	42	2
41	43	5
41	44	5
41	45	4
41	46	7
41	47	1
41	48	2
41	49	3
42	43	7
42	44	1
42	45	6
42	46	4
42	47	6
42	48	2
42	49	3
43	44	4
43	45	2
43	46	4
43	47	1
43	49	4
44	45	2
44	46	1
44	48	3
44	49	6
45	46	5
45	47	2
45	48	5
45	49	3
46	47	4
46	48	9
46	49	1
47	49	1
48	49	1
