2	45	3.5335	9
4	59	0.918	5
4	64	1.14833	3
4	68	0.33	2
12	35	0.373	2
12	49	2.1985	5
12	55	0.711	3
12	68	0.585	4
16	37	0.14	1
23	40	0.1925	1
23	59	0.1925	1
23	68	0.145	1
31	36	1.043	4
31	56	2.09467	6
31	57	0.524	3
31	61	7.0165	19
32	51	0.355	2
32	52	0.559	2
32	59	1.622	7
32	63	0.1025	1
32	68	0.303	2
33	40	0.1645	1
33	49	0.271	2
33	59	0.1645	1
33	69	0.269	2
36	56	3.41367	13
37	38	0.371	2
37	52	0.294	2
37	69	3.6965	10
39	55	0.3385	2
39	63	0.447	3
40	59	0.9685	5
40	67	1.863	4
41	45	0.228	1
41	52	1.511	6
41	54	6.03683	17
41	62	13.2178	33
41	63	5.83267	18
42	59	0.313	2
42	63	1.93325	7
42	68	0.159	1
43	49	1.146	4
43	59	6.604	29
44	49	0.0845	1
44	59	0.0845	1
44	65	0.346	1
44	68	1.006	3
44	69	0.129	1
45	54	0.61075	1
45	62	3.97975	8
46	61	0.638	3
48	59	0.169	1
48	61	0.096	1
48	63	1.289	6
48	68	1.046	6
48	69	0.722	4
49	57	0.17875	1
49	59	3.1635	13
49	61	0.094	1
49	68	0.398	3
49	69	0.36775	2
51	59	0.485	3
51	68	0.159	1
51	69	1.252	7
52	59	0.559	2
52	63	1.341	5
52	69	0.294	2
53	68	1.082	5
54	62	36.9932	81
54	63	3.41017	12
54	68	0.351	2
56	57	0.375	2
56	58	0.288	2
56	61	4.655	12
56	65	3.289	6
56	68	0.153	1
57	58	2.276	5
57	59	4.25842	13
57	61	2.3225	12
57	64	0.619167	3
57	66	0.218	1
58	63	0.307	2
58	69	0.139	1
59	60	1.792	6
59	61	1.24817	6
59	63	0.1025	1
59	64	2.00333	8
59	65	0.27	2
59	66	0.443	3
59	67	0.068	1
59	68	1.6715	8
59	69	4.00575	14
61	63	0.7465	5
61	65	9.99	21
61	66	0.218	1
61	68	1.703	9
61	69	1.946	8
62	63	4.34392	14
63	65	0.274	1
63	66	0.431	3
63	68	11.2077	45
63	69	3.92475	19
65	68	9.117	22
65	69	0.31	1
68	69	17.2863	59
70	71	0.164	1
71	72	0.159	1
