0	3	1.0365	6
0	27	0.1925	1
0	36	0.1645	1
2	3	0.61025	3
2	4	0.51025	3
2	5	17.5802	69
2	35	0.61025	3
2	40	0.2235	2
2	46	0.1535	1
2	47	0.2155	2
3	4	4.83367	26
3	5	7.79125	36
3	16	2.1985	5
3	27	0.1925	1
3	35	1.622	7
3	36	0.4355	3
3	41	0.169	2
3	46	2.276	5
3	47	0.661	4
4	5	13.8353	45
4	41	0.346	1
4	42	0.638	3
4	46	0.288	2
4	47	0.218	1
5	16	0.585	4
5	20	0.14	1
5	27	0.145	1
5	35	0.70925	5
5	36	0.269	2
5	39	0.371	2
5	40	0.2235	2
5	41	1.135	4
5	46	0.2925	2
5	47	0.2155	2
16	38	0.373	2
16	45	0.711	3
40	45	0.3385	2
