#module 0 size: 33 bs: 2.22045e-16
1 2 16 23 32 33 37 41 82 130 142 158 159 177 178 206 208 232 267 274 308 359 362 430 433 434 443 474 554 586 590 694 756
#module 1 size: 21 bs: 3.34177e-14
46 47 54 73 81 379 526 527 546 547 548 549 550 551 556 561 573 709 729 835 850
#module 2 size: 26 bs: 1.52068e-05
50 51 63 68 92 101 102 150 163 196 197 248 249 250 293 329 356 424 446 457 466 477 567 695 727 831
#module 3 size: 8 bs: 1.68754e-13
58 59 60 61 62 112 113 338
#module 4 size: 7 bs: 7.99361e-15
69 70 74 75 76 77 78
#module 5 size: 9 bs: 0.000436731
85 86 89 95 98 174 175 345 425
#module 6 size: 25 bs: 3.8984e-08
103 104 140 167 186 213 425 431 437 455 558 566 572 577 679 704 707 731 732 807 815 827 830 843 861
#module 7 size: 8 bs: 1.1775e-05
107 108 109 110 415 416 417 418
#module 8 size: 9 bs: 1.69687e-05
116 117 119 133 216 218 305 322 477
#module 9 size: 7 bs: 1.11507e-11
134 135 136 253 263 337 346
#module 10 size: 6 bs: 1.7573e-08
222 223 224 251 252 575
#module 11 size: 5 bs: 0.00324941
269 270 271 484 485
#module 12 size: 6 bs: 0.000620865
282 283 284 499 500 501
#module 13 size: 5 bs: 0.000124495
341 342 343 459 460
#module 14 size: 5 bs: 1.83478e-08
357 358 361 591 598
#module 15 size: 12 bs: 0.00223657
384 385 405 517 518 604 641 711 898 925 989 990
#module 16 size: 8 bs: 0.00332947
265 411 412 494 627 683 706 757
#module 17 size: 6 bs: 0.00120771
471 472 581 585 770 935
#module 18 size: 7 bs: 5.22284e-05
508 509 776 777 778 779 781
#module 19 size: 4 bs: 0.000411764
511 512 513 514
#module 20 size: 4 bs: 0.000184068
534 535 536 537
#module 21 size: 6 bs: 2.28573e-05
668 669 751 858 859 886
#module 22 size: 6 bs: 7.68436e-09
674 675 689 710 761 846
#module 23 size: 4 bs: 0.000666015
797 798 866 867
#module 24 size: 4 bs: 8.09588e-08
799 800 868 869
#module 25 size: 4 bs: 1.73181e-05
801 802 871 872
#module 26 size: 4 bs: 8.66934e-07
810 811 887 888
#module 27 size: 4 bs: 1.2496e-06
819 820 823 854
#module 28 size: 3 bs: 8.57857e-07
822 895 938
#module 29 size: 3 bs: 3.72833e-05
824 825 894
#module 30 size: 4 bs: 3.87059e-05
839 840 923 933
#module 31 size: 3 bs: 0.00011538
847 848 885
#module 32 size: 3 bs: 3.39823e-05
966 967 968
#module 33 size: 3 bs: 3.40966e-05
971 972 973
#module 34 size: 3 bs: 0.000562099
974 975 976
#module 35 size: 3 bs: 3.26817e-05
977 978 979
#module 36 size: 3 bs: 0.00158919
980 981 982
#module 37 size: 10 bs: 1.69687e-05
160 161 179 219 266 276 409 498 503 557
#module 38 size: 62 bs: 4.99129e-05
79 80 94 145 146 149 155 156 157 184 185 192 193 194 195 198 234 235 242 281 296 323 324 330 351 354 369 374 381 387 407 456 463 488 502 519 530 531 533 541 542 544 560 569 582 584 592 594 624 629 637 647 658 662 733 736 775 782 784 816 818 902
#module 39 size: 15 bs: 0.000771774
131 132 165 166 172 173 268 451 491 515 619 639 795 803 804
#module 40 size: 28 bs: 0.000265055
3 4 5 6 12 13 14 24 29 42 52 93 148 154 301 302 316 375 391 555 565 623 663 730 740 755 773 890
#module 41 size: 16 bs: 0.00128061
123 124 125 127 244 265 394 398 399 419 486 661 686 717 741 766
#module 42 size: 15 bs: 0.000262625
188 189 209 217 304 445 521 522 659 684 688 808 809 883 884
#module 43 size: 14 bs: 0.000120169
211 212 243 315 428 442 579 599 600 601 618 720 896 951
#module 44 size: 16 bs: 0.000116404
256 257 294 295 383 422 423 516 626 630 648 649 650 651 672 673
#module 45 size: 9 bs: 6.28339e-06
291 292 552 553 562 564 568 595 632
#module 46 size: 5 bs: 3.03512e-05
864 865 870 969 970
#module 47 size: 7 bs: 0.000199135
873 892 893 906 913 919 960
#module 48 size: 21 bs: 0.000648136
30 31 34 40 44 53 99 126 287 297 344 380 382 453 461 557 563 571 578 677 924
#module 49 size: 7 bs: 0.00192808
317 318 478 589 625 691 901
#module 50 size: 17 bs: 5.16777e-05
288 289 290 303 319 320 321 392 393 420 462 506 543 610 656 750 838
#module 51 size: 12 bs: 6.713e-101
7 8 9 10 11 15 19 20 55 56 57 64
#module 52 size: 26 bs: 0.0016015
35 36 121 122 129 201 207 229 230 299 327 328 347 352 368 372 373 404 406 473 482 483 657 749 771 783
#module 53 size: 12 bs: 0.00227514
190 191 236 237 264 349 350 397 594 699 700 708
#module 54 size: 10 bs: 0.000323791
225 226 228 363 364 652 653 654 879 880
#module 55 size: 16 bs: 1.34037e-05
204 205 214 215 273 360 413 414 615 616 634 706 758 806 855 882
#module 56 size: 31 bs: 0.00116304
25 26 28 39 43 48 49 65 105 111 115 141 210 238 239 241 245 246 262 272 314 340 348 400 493 539 540 557 682 697 832
#module 57 size: 13 bs: 0.00229419
277 278 286 306 307 448 449 489 510 841 842 849 855
#module 58 size: 9 bs: 1.0919e-08
96 97 114 128 162 176 247 390 467
#module 59 size: 12 bs: 0.00288832
312 313 365 366 370 435 436 452 665 714 891 937
#module 60 size: 13 bs: 0.000411764
395 396 426 429 480 507 559 583 638 681 753 793 826
#module 61 size: 46 bs: 0.00220974
464 465 467 468 469 477 479 497 529 560 576 588 593 597 603 609 642 643 645 646 661 667 670 688 690 693 698 716 726 737 741 743 746 760 763 764 785 786 794 796 833 845 851 878 897 930
#module 62 size: 5 bs: 0.000288614
747 748 765 860 944
#module 63 size: 4 bs: 2.68185e-05
370 764 909 910
#module 64 size: 31 bs: 0.000268555
21 22 27 38 45 72 84 87 118 164 180 233 266 275 355 376 377 439 440 454 495 608 622 655 678 719 754 767 768 769 916
#module 65 size: 72 bs: 0.000110748
169 170 171 181 182 220 227 240 279 285 309 310 311 325 331 332 333 334 367 371 386 388 389 401 402 403 421 476 481 492 496 520 524 525 530 532 538 570 605 606 607 612 614 617 621 633 636 640 644 647 660 664 666 676 687 692 696 701 734 738 742 744 745 752 754 759 772 791 792 837 926 936
#module 66 size: 29 bs: 0.000118943
35 36 138 139 143 144 151 152 153 168 186 187 201 326 327 328 336 347 352 368 372 373 406 438 447 475 574 580 611
#module 67 size: 14 bs: 1.10074e-08
17 18 66 67 71 83 88 100 106 147 231 352 353 523
#module 68 size: 11 bs: 0.000452664
254 255 335 378 408 685 702 705 805 862 904
#module 69 size: 21 bs: 0.00201203
199 200 221 258 259 450 475 482 504 505 538 587 602 631 660 671 702 703 728 853 915
