#module 0 size: 8 bs: 1.68754e-13
58 59 60 61 62 112 113 338
#module 1 size: 7 bs: 7.99361e-15
69 70 74 75 76 77 78
#module 2 size: 9 bs: 0.000436731
85 86 89 95 98 174 175 345 425
#module 3 size: 8 bs: 1.1775e-05
107 108 109 110 415 416 417 418
#module 4 size: 9 bs: 1.69687e-05
116 117 119 133 216 218 305 322 477
#module 5 size: 7 bs: 1.11507e-11
134 135 136 253 263 337 346
#module 6 size: 6 bs: 1.7573e-08
222 223 224 251 252 575
#module 7 size: 5 bs: 0.00324941
269 270 271 484 485
#module 8 size: 6 bs: 0.000620865
282 283 284 499 500 501
#module 9 size: 5 bs: 0.000124495
341 342 343 459 460
#module 10 size: 5 bs: 1.83478e-08
357 358 361 591 598
#module 11 size: 12 bs: 0.00223657
384 385 405 517 518 604 641 711 898 925 989 990
#module 12 size: 8 bs: 0.00332947
265 411 412 494 627 683 706 757
#module 13 size: 6 bs: 0.00120771
471 472 581 585 770 935
#module 14 size: 7 bs: 5.22284e-05
508 509 776 777 778 779 781
#module 15 size: 4 bs: 0.000411764
511 512 513 514
#module 16 size: 4 bs: 0.000184068
534 535 536 537
#module 17 size: 6 bs: 2.28573e-05
668 669 751 858 859 886
#module 18 size: 6 bs: 7.68436e-09
674 675 689 710 761 846
#module 19 size: 4 bs: 0.000666015
797 798 866 867
#module 20 size: 4 bs: 8.09588e-08
799 800 868 869
#module 21 size: 4 bs: 1.73181e-05
801 802 871 872
#module 22 size: 4 bs: 8.66934e-07
810 811 887 888
#module 23 size: 4 bs: 1.2496e-06
819 820 823 854
#module 24 size: 4 bs: 3.87059e-05
839 840 923 933
#module 25 size: 3 bs: 0.00011538
847 848 885
#module 26 size: 3 bs: 3.39823e-05
966 967 968
#module 27 size: 3 bs: 3.40966e-05
971 972 973
#module 28 size: 3 bs: 0.000562099
974 975 976
#module 29 size: 3 bs: 3.26817e-05
977 978 979
#module 30 size: 3 bs: 0.00158919
980 981 982
#module 31 size: 10 bs: 1.69687e-05
160 161 179 219 266 276 409 498 503 557
#module 32 size: 15 bs: 0.000262625
188 189 209 217 304 445 521 522 659 684 688 808 809 883 884
#module 33 size: 9 bs: 6.28339e-06
291 292 552 553 562 564 568 595 632
#module 34 size: 5 bs: 3.03512e-05
864 865 870 969 970
#module 35 size: 7 bs: 0.000199135
873 892 893 906 913 919 960
#module 36 size: 21 bs: 0.000648136
30 31 34 40 44 53 99 126 287 297 344 380 382 453 461 557 563 571 578 677 924
#module 37 size: 12 bs: 0.00227514
190 191 236 237 264 349 350 397 594 699 700 708
#module 38 size: 10 bs: 0.000323791
225 226 228 363 364 652 653 654 879 880
#module 39 size: 13 bs: 0.00229419
277 278 286 306 307 448 449 489 510 841 842 849 855
#module 40 size: 4 bs: 2.68185e-05
370 764 909 910
#module 41 size: 14 bs: 1.10074e-08
17 18 66 67 71 83 88 100 106 147 231 352 353 523
#module 42 size: 11 bs: 0.000452664
254 255 335 378 408 685 702 705 805 862 904
#module 43 size: 35 bs: 0.717242
1 2 16 23 32 33 37 41 82 130 142 158 159 177 178 206 208 232 267 274 308 359 362 410 430 433 434 443 470 474 554 586 590 694 756
#module 44 size: 23 bs: 0.858665
46 47 54 73 81 379 526 527 546 547 548 549 550 551 556 561 573 709 729 835 850 914 987
#module 45 size: 26 bs: 0.671654
103 104 140 167 186 213 425 431 437 455 558 566 572 577 679 704 707 731 732 807 815 827 830 843 861 953
#module 46 size: 4 bs: 0.146429
822 895 938 986
#module 47 size: 4 bs: 0.441191
824 825 894 956
#module 48 size: 30 bs: 0.0396612
3 4 5 6 12 13 14 24 29 42 52 93 148 154 301 302 316 375 391 555 565 623 663 730 740 755 773 852 857 890
#module 49 size: 18 bs: 0.62145
123 124 125 127 244 265 394 398 399 419 486 661 686 717 741 766 905 952
#module 50 size: 15 bs: 0.0419813
211 212 243 315 428 442 579 599 600 601 618 720 896 951 984
#module 51 size: 17 bs: 0.296508
256 257 294 295 383 422 423 516 626 630 648 649 650 651 672 673 881
#module 52 size: 8 bs: 0.457546
317 318 478 589 625 691 877 901
#module 53 size: 14 bs: 0.480683
7 8 9 10 11 15 19 20 55 56 57 64 780 844
#module 54 size: 30 bs: 0.642949
35 36 121 122 129 201 207 229 230 299 327 328 347 352 368 372 373 404 406 473 482 483 657 749 771 783 939 943 949 958
#module 55 size: 17 bs: 0.15505
204 205 214 215 273 360 413 414 615 616 634 706 758 806 855 882 983
#module 56 size: 34 bs: 0.0996253
25 26 28 39 43 48 49 65 90 105 111 115 141 210 238 239 241 245 246 262 272 314 340 348 400 493 539 540 557 682 697 713 832 947
#module 57 size: 11 bs: 0.388961
96 97 114 128 162 176 247 390 467 739 787
#module 58 size: 15 bs: 0.352851
395 396 426 429 480 507 559 583 638 680 681 753 793 826 889
#module 59 size: 64 bs: 0.410113
464 465 467 468 469 477 479 497 529 560 576 588 593 597 603 609 620 642 643 645 646 661 667 670 688 690 693 698 716 726 737 741 743 746 760 762 763 764 774 785 786 794 796 833 845 851 856 878 897 899 900 911 912 918 929 930 931 932 940 946 948 954 957 961
#module 60 size: 6 bs: 0.926814
528 747 748 765 860 944
#module 61 size: 39 bs: 0.489419
21 22 27 38 45 72 84 87 118 137 164 180 233 261 266 275 355 376 377 439 440 444 454 495 608 622 635 655 678 712 719 725 754 767 768 769 817 916 985
#module 62 size: 34 bs: 0.432842
35 36 138 139 143 144 151 152 153 168 186 187 201 326 327 328 336 347 352 368 372 373 406 438 447 475 487 574 580 611 721 722 723 863
#module 63 size: 22 bs: 0.34623
199 200 221 258 259 450 475 482 504 505 538 587 602 631 660 671 702 703 728 788 853 915
#module 64 size: 35 bs: 0.707042
50 51 63 68 92 101 102 120 150 163 196 197 248 249 250 293 298 329 356 424 432 441 446 457 458 466 477 567 596 695 727 831 834 934 959
#module 65 size: 22 bs: 0.252645
91 131 132 165 166 172 173 183 260 268 300 339 451 491 515 613 619 639 795 803 804 927
#module 66 size: 21 bs: 0.609584
288 289 290 303 319 320 321 392 393 420 462 506 543 610 656 750 813 814 821 828 838
#module 67 size: 14 bs: 0.729475
312 313 365 366 370 435 436 452 665 714 874 891 937 942
#module 68 size: 87 bs: 0.352539
169 170 171 181 182 202 203 220 227 240 279 280 285 309 310 311 325 331 332 333 334 367 371 386 388 389 401 402 403 421 427 476 481 490 492 496 520 524 525 530 532 538 545 570 605 606 607 612 614 617 621 633 636 640 644 647 660 664 666 676 687 692 696 701 734 738 742 744 745 752 754 759 772 791 792 829 836 837 908 917 926 936 941 945 955 962 963
#module 69 size: 79 bs: 0.633283
79 80 94 145 146 149 155 156 157 184 185 192 193 194 195 198 234 235 242 281 296 323 324 330 351 354 369 374 381 387 407 456 463 488 502 519 530 531 533 541 542 544 560 569 582 584 592 594 624 628 629 637 647 658 662 715 718 724 733 735 736 775 782 784 789 790 812 816 818 875 876 902 903 907 922 950 964 965 988
#module 70 size: 1 bs: 1
920
#module 71 size: 1 bs: 1
921
#module 72 size: 1 bs: 1
928
