#module 0 size: 371 bs: 7.35618e-08
3 4 5 6 7 8 9 10 11 12 13 14 15 17 18 19 20 24 29 35 36 42 52 55 56 57 64 66 67 71 79 80 83 85 86 88 89 93 94 95 98 100 103 104 106 121 122 129 138 139 140 143 144 145 146 147 148 149 151 152 153 154 155 156 157 167 168 169 170 171 174 175 181 182 184 185 186 187 190 191 192 193 194 195 198 199 200 201 202 203 207 213 220 221 227 229 230 231 234 235 236 237 240 242 254 255 256 257 258 259 264 279 280 281 285 294 295 296 299 301 302 309 310 311 316 317 318 323 324 325 326 327 328 330 331 332 333 334 335 336 345 347 349 350 351 352 353 354 367 368 369 371 372 373 374 375 378 381 383 386 387 388 389 391 397 401 402 403 404 406 407 408 421 422 423 425 427 431 437 438 447 450 455 456 463 473 475 476 478 481 482 483 487 488 490 492 496 502 504 505 516 519 520 523 524 525 530 531 532 533 538 541 542 544 545 555 558 560 565 566 569 570 572 574 577 580 582 584 587 589 592 594 602 605 606 607 611 612 614 617 621 623 624 625 626 628 629 630 631 633 636 637 640 644 647 648 649 650 651 657 658 660 662 663 664 666 671 672 673 676 679 685 687 691 692 696 699 700 701 702 703 704 705 707 708 715 718 721 722 723 724 728 730 731 732 733 734 735 736 738 740 742 744 745 749 752 754 755 759 771 772 773 775 780 782 783 784 788 789 790 791 792 805 807 812 815 816 818 827 829 830 836 837 843 844 852 853 857 861 862 863 875 876 877 881 890 901 902 903 904 907 908 915 917 922 926 936 939 941 943 945 949 950 953 955 958 962 963 964 965 988
#module 1 size: 36 bs: 0.00144586
204 205 214 215 265 273 277 278 286 306 307 360 411 412 413 414 448 449 489 494 510 615 616 627 634 683 706 757 758 806 841 842 849 855 882 983
#module 2 size: 17 bs: 1
312 313 365 366 370 435 436 452 665 714 764 874 891 909 910 937 942
#module 3 size: 3 bs: 1
920 921 928
#module 4 size: 173 bs: 1
1 2 16 23 32 33 37 41 50 51 63 68 82 92 96 97 101 102 114 116 117 119 120 123 124 125 127 128 130 133 142 150 158 159 162 163 176 177 178 196 197 206 208 216 218 232 244 247 248 249 250 265 267 274 293 298 305 308 322 329 356 359 362 390 394 398 399 410 419 424 430 432 433 434 441 443 446 457 458 464 465 466 467 468 469 470 474 477 479 486 497 528 529 554 560 567 576 586 588 590 593 596 597 603 609 620 642 643 645 646 661 667 670 686 688 690 693 694 695 698 716 717 726 727 737 739 741 743 746 747 748 756 760 762 763 764 765 766 774 785 786 787 794 796 831 833 834 845 851 856 860 878 897 899 900 905 911 912 918 929 930 931 932 934 940 944 946 948 952 954 957 959 961
#module 5 size: 123 bs: 1
21 22 25 26 27 28 30 31 34 38 39 40 43 44 45 48 49 53 65 72 84 87 90 91 99 105 111 115 118 126 131 132 137 141 160 161 164 165 166 172 173 179 180 183 210 219 233 238 239 241 245 246 260 261 262 266 268 272 275 276 287 297 300 314 339 340 344 348 355 376 377 380 382 400 409 439 440 444 451 453 454 461 491 493 495 498 503 515 539 540 557 563 571 578 608 613 619 622 635 639 655 677 678 682 697 712 713 719 725 754 767 768 769 795 803 804 817 832 916 924 927 947 985
#module 6 size: 8 bs: 1
58 59 60 61 62 112 113 338
#module 7 size: 7 bs: 1
69 70 74 75 76 77 78
#module 8 size: 8 bs: 1
107 108 109 110 415 416 417 418
#module 9 size: 7 bs: 1
134 135 136 253 263 337 346
#module 10 size: 6 bs: 1
222 223 224 251 252 575
#module 11 size: 5 bs: 1
269 270 271 484 485
#module 12 size: 6 bs: 1
282 283 284 499 500 501
#module 13 size: 5 bs: 1
341 342 343 459 460
#module 14 size: 5 bs: 1
357 358 361 591 598
#module 15 size: 12 bs: 1
384 385 405 517 518 604 641 711 898 925 989 990
#module 16 size: 6 bs: 1
471 472 581 585 770 935
#module 17 size: 7 bs: 1
508 509 776 777 778 779 781
#module 18 size: 4 bs: 1
511 512 513 514
#module 19 size: 4 bs: 1
534 535 536 537
#module 20 size: 6 bs: 1
668 669 751 858 859 886
#module 21 size: 6 bs: 1
674 675 689 710 761 846
#module 22 size: 4 bs: 1
797 798 866 867
#module 23 size: 4 bs: 1
799 800 868 869
#module 24 size: 4 bs: 1
801 802 871 872
#module 25 size: 4 bs: 1
810 811 887 888
#module 26 size: 4 bs: 1
819 820 823 854
#module 27 size: 4 bs: 1
839 840 923 933
#module 28 size: 3 bs: 1
847 848 885
#module 29 size: 3 bs: 1
966 967 968
#module 30 size: 3 bs: 1
971 972 973
#module 31 size: 3 bs: 1
974 975 976
#module 32 size: 3 bs: 1
977 978 979
#module 33 size: 3 bs: 1
980 981 982
#module 34 size: 15 bs: 1
188 189 209 217 304 445 521 522 659 684 688 808 809 883 884
#module 35 size: 9 bs: 1
291 292 552 553 562 564 568 595 632
#module 36 size: 5 bs: 1
864 865 870 969 970
#module 37 size: 7 bs: 1
873 892 893 906 913 919 960
#module 38 size: 10 bs: 1
225 226 228 363 364 652 653 654 879 880
#module 39 size: 23 bs: 1
46 47 54 73 81 379 526 527 546 547 548 549 550 551 556 561 573 709 729 835 850 914 987
#module 40 size: 4 bs: 1
822 895 938 986
#module 41 size: 4 bs: 1
824 825 894 956
#module 42 size: 15 bs: 1
211 212 243 315 428 442 579 599 600 601 618 720 896 951 984
#module 43 size: 15 bs: 1
395 396 426 429 480 507 559 583 638 680 681 753 793 826 889
#module 44 size: 21 bs: 1
288 289 290 303 319 320 321 392 393 420 462 506 543 610 656 750 813 814 821 828 838
