0	1	6
0	2	14
0	3	7
0	4	3
0	5	8
0	6	5
0	7	3
0	8	11
0	9	12
0	10	7
0	11	5
0	12	6
0	13	2
0	14	4
0	15	3
0	16	9
0	17	2
0	18	13
0	19	5
0	20	6
0	21	6
0	22	14
0	23	4
0	24	10
0	25	3
0	26	6
0	27	11
0	28	5
0	29	13
0	30	4
0	31	7
0	32	9
0	33	7
0	34	7
0	35	4
0	36	3
0	37	6
0	38	3
0	39	5
0	40	5
0	41	5
1	2	13
1	3	5
1	4	4
1	5	1
1	6	3
1	7	5
1	8	8
1	9	11
1	10	13
1	11	6
1	12	8
1	13	4
1	14	6
1	15	4
1	16	5
1	17	5
1	18	8
1	19	7
1	20	4
1	21	7
1	22	5
1	23	4
1	24	9
1	25	4
1	26	5
1	27	5
1	28	3
1	29	11
1	30	7
1	31	1
1	32	4
1	33	2
1	34	5
1	35	8
1	36	1
1	37	2
1	38	8
1	39	1
1	40	5
1	41	4
2	3	8
2	4	1
2	5	5
2	6	7
2	7	8
2	8	7
2	9	9
2	10	6
2	11	3
2	12	9
2	13	2
2	14	4
2	15	12
2	16	3
2	17	4
2	18	3
2	19	9
2	20	9
2	21	2
2	22	13
2	23	5
2	24	12
2	25	2
2	26	4
2	27	5
2	28	3
2	29	9
2	30	8
2	31	4
2	32	4
2	33	11
2	34	3
2	35	5
2	36	4
2	37	7
2	38	3
2	39	8
2	40	5
2	41	6
3	4	2
3	5	2
3	6	2
3	7	5
3	8	8
3	9	10
3	10	2
3	11	2
3	12	3
3	13	4
3	14	8
3	15	2
3	16	1
3	17	8
3	18	8
3	19	2
3	20	7
3	21	6
3	22	6
3	23	4
3	24	3
3	25	4
3	26	5
3	27	5
3	28	3
3	29	5
3	30	10
3	31	2
3	32	3
3	33	3
3	34	6
3	35	2
3	36	4
3	37	3
3	38	3
3	39	3
3	40	8
3	41	7
4	5	7
4	6	3
4	7	6
4	8	4
4	9	3
4	10	3
4	11	1
4	12	9
4	13	2
4	14	8
4	15	1
4	16	1
4	17	10
4	18	6
4	19	4
4	20	9
4	21	8
4	22	2
4	23	4
4	24	6
4	25	1
4	26	4
4	27	5
4	28	7
4	29	3
4	30	3
4	32	5
4	33	2
4	34	2
4	35	3
4	36	9
4	37	6
4	38	1
4	39	1
4	40	5
4	41	3
5	6	4
5	7	5
5	8	10
5	9	7
5	10	6
5	11	5
5	12	4
5	13	12
5	14	7
5	15	8
5	16	7
5	17	2
5	18	3
5	19	3
5	20	6
5	21	12
5	22	2
5	23	5
5	24	7
5	25	4
5	26	7
5	27	5
5	28	6
5	29	10
5	30	3
5	31	5
5	32	3
5	33	14
5	34	5
5	35	3
5	36	5
5	37	2
5	38	3
5	39	4
5	40	4
5	41	6
6	7	2
6	8	9
6	9	10
6	10	3
6	11	6
6	12	9
6	13	2
6	14	3
6	15	6
6	16	2
6	17	7
6	18	7
6	19	8
6	20	6
6	21	6
6	22	12
6	23	6
6	24	7
6	25	4
6	26	6
6	27	13
6	28	2
6	29	6
6	31	2
6	32	13
6	33	4
6	34	4
6	35	2
6	36	1
6	37	2
6	38	3
6	39	1
6	40	7
6	41	4
7	8	8
7	9	4
7	10	6
7	11	7
7	12	7
7	13	3
7	14	5
7	15	2
7	16	4
7	17	2
7	18	5
7	19	13
7	20	9
7	21	3
7	22	6
7	23	8
7	24	12
7	25	10
7	26	4
7	27	6
7	28	5
7	29	10
7	30	7
7	31	5
7	32	3
7	33	4
7	34	3
7	35	4
7	36	5
7	37	6
7	38	4
7	39	7
7	40	4
7	41	9
8	9	11
8	10	10
8	11	8
8	12	7
8	13	1
8	14	10
8	15	13
8	16	8
8	17	6
8	18	10
8	19	5
8	20	8
8	21	12
8	22	7
8	23	7
8	24	13
8	25	3
8	26	13
8	27	5
8	28	6
8	29	14
8	30	12
8	31	9
8	32	9
8	33	4
8	34	10
8	35	5
8	36	5
8	37	7
8	38	7
8	39	4
8	40	9
8	41	10
9	10	8
9	11	13
9	12	9
9	13	5
9	14	9
9	15	10
9	16	4
9	17	8
9	18	7
9	19	3
9	20	9
9	21	4
9	22	5
9	23	5
9	24	4
9	25	1
9	26	7
9	27	15
9	28	8
9	29	10
9	30	11
9	31	3
9	32	4
9	33	8
9	34	8
9	35	5
9	36	10
9	37	7
9	38	2
9	39	4
9	40	6
9	41	4
10	11	12
10	12	7
10	13	3
10	14	9
10	15	8
10	16	8
10	17	13
10	18	6
10	19	6
10	20	12
10	21	8
10	22	7
10	23	9
10	24	6
10	25	3
10	26	12
10	27	9
10	28	5
10	29	10
10	30	10
10	31	5
10	32	5
10	33	9
10	34	6
10	35	4
10	36	8
10	37	10
10	38	5
10	39	5
10	40	5
10	41	11
11	12	13
11	13	2
11	14	2
11	15	5
11	16	8
11	17	9
11	18	13
11	19	10
11	20	13
11	21	10
11	22	8
11	23	6
11	24	8
11	25	1
11	26	9
11	27	8
11	28	7
11	29	14
11	30	8
11	31	5
11	32	4
11	33	6
11	34	8
11	35	2
11	36	4
11	37	17
11	38	6
11	39	4
11	40	7
11	41	5
12	13	6
12	14	3
12	15	3
12	16	8
12	17	3
12	18	3
12	19	3
12	20	6
12	21	3
12	22	3
12	23	7
12	24	7
12	25	1
12	26	2
12	27	5
12	28	1
12	29	12
12	30	12
12	31	5
12	32	5
12	33	6
12	34	4
12	35	7
12	36	2
12	37	10
12	38	4
12	39	5
12	40	6
12	41	5
13	14	3
13	15	4
13	17	6
13	18	5
13	19	1
13	20	2
13	21	3
13	22	4
13	23	2
13	24	4
13	25	6
13	26	5
13	27	9
13	28	5
13	29	3
13	30	3
13	31	3
13	32	4
13	33	4
13	34	2
13	35	2
13	36	3
13	37	1
13	38	1
13	39	1
13	40	2
13	41	1
14	15	6
14	16	5
14	17	4
14	18	5
14	19	8
14	20	9
14	21	8
14	22	9
14	23	3
14	24	13
14	25	2
14	26	6
14	27	8
14	28	7
14	29	9
14	30	7
14	31	2
14	32	3
14	33	4
14	34	5
14	35	3
14	36	6
14	37	6
14	38	1
14	39	2
14	40	9
14	41	5
15	16	6
15	17	14
15	18	6
15	19	10
15	20	5
15	21	6
15	22	6
15	23	4
15	24	8
15	25	9
15	26	6
15	27	3
15	28	3
15	29	10
15	30	8
15	31	3
15	32	3
15	33	6
15	34	4
15	35	7
15	36	7
15	37	3
15	38	3
15	39	2
15	40	6
15	41	4
16	18	2
16	19	3
16	20	7
16	21	6
16	22	4
16	23	7
16	24	7
16	25	4
16	26	1
16	27	2
16	28	2
16	29	12
16	30	3
16	31	4
16	32	4
16	33	1
16	34	6
16	35	3
16	36	1
16	37	3
16	38	3
16	39	1
16	40	5
16	41	9
17	18	5
17	19	1
17	20	16
17	21	6
17	22	7
17	23	5
17	24	3
17	25	5
17	26	5
17	27	5
17	28	8
17	29	8
17	30	9
17	31	9
17	32	9
17	33	3
17	34	5
17	35	2
17	36	5
17	37	8
17	38	6
17	39	4
17	40	3
17	41	5
18	19	5
18	20	14
18	21	10
18	22	5
18	23	5
18	24	9
18	25	6
18	26	9
18	27	7
18	28	6
18	29	17
18	30	6
18	31	3
18	32	9
18	33	8
18	34	10
18	35	3
18	36	4
18	37	5
18	38	1
18	39	2
18	40	14
18	41	3
19	20	6
19	21	12
19	22	7
19	23	6
19	24	6
19	25	3
19	26	5
19	27	4
19	28	10
19	29	10
19	30	7
19	31	2
19	32	4
19	33	6
19	34	5
19	35	7
19	37	4
19	38	5
19	39	6
19	40	9
19	41	2
20	21	10
20	22	10
20	23	12
20	24	8
20	25	6
20	26	14
20	27	10
20	28	4
20	29	21
20	30	6
20	31	2
20	32	11
20	33	3
20	34	3
20	35	2
20	36	12
20	37	8
20	38	3
20	39	7
20	40	5
20	41	9
21	22	6
21	23	8
21	24	8
21	25	4
21	26	7
21	27	6
21	28	6
21	29	17
21	30	1
21	31	8
21	32	7
21	33	7
21	34	9
21	35	4
21	36	6
21	37	5
21	38	8
21	39	9
21	40	8
21	41	8
22	23	3
22	24	8
22	25	2
22	26	9
22	27	21
22	28	6
22	29	14
22	30	8
22	31	4
22	32	6
22	33	9
22	34	10
22	35	3
22	36	3
22	37	7
22	38	12
22	39	2
22	40	10
22	41	11
23	24	8
23	25	7
23	26	3
23	27	4
23	28	6
23	29	6
23	30	3
23	31	12
23	32	4
23	33	4
23	34	3
23	35	1
23	36	3
23	37	7
23	38	6
23	39	2
23	40	6
23	41	6
24	25	5
24	26	7
24	27	11
24	28	6
24	29	14
24	30	12
24	31	6
24	32	5
24	33	12
24	34	5
24	35	4
24	36	4
24	37	5
24	38	2
24	39	6
24	40	7
24	41	4
25	26	3
25	28	6
25	29	4
25	30	1
25	31	4
25	32	4
25	33	6
25	34	4
25	35	4
25	36	2
25	37	5
25	38	8
25	39	5
25	40	2
25	41	7
26	27	12
26	28	7
26	29	10
26	30	7
26	31	3
26	32	6
26	33	5
26	34	8
26	35	4
26	36	2
26	37	11
26	38	6
26	39	10
26	40	6
26	41	6
27	28	18
27	29	10
27	30	6
27	31	5
27	32	6
27	33	6
27	34	4
27	35	4
27	36	2
27	37	6
27	38	7
27	39	7
27	40	13
27	41	6
28	29	13
28	30	6
28	31	2
28	32	7
28	33	8
28	34	7
28	35	4
28	36	3
28	37	7
28	38	3
28	39	3
28	40	7
28	41	6
29	30	6
29	31	6
29	32	15
29	33	5
29	34	6
29	35	4
29	36	7
29	37	10
29	38	6
29	39	2
29	40	11
29	41	7
30	31	1
30	32	7
30	33	6
30	34	8
30	35	4
30	36	4
30	37	5
30	38	3
30	39	7
30	40	15
30	41	3
31	32	2
31	33	2
31	34	4
31	35	2
31	36	6
31	37	6
31	38	1
31	39	7
31	40	3
31	41	6
32	33	8
32	34	9
32	35	4
32	36	4
32	37	8
32	38	6
32	39	4
32	40	5
32	41	4
33	34	4
33	35	1
33	36	2
33	37	5
33	38	8
33	39	3
33	40	8
33	41	4
34	35	9
34	36	3
34	37	9
34	38	3
34	39	2
34	40	11
34	41	7
35	36	3
35	37	5
35	38	1
35	39	3
35	40	3
35	41	5
36	37	5
36	38	4
36	39	3
36	40	2
36	41	5
37	38	4
37	39	4
37	40	5
37	41	6
38	39	2
38	40	5
38	41	6
39	40	9
39	41	3
40	41	7
