23 33 54 62 96 174 201 217 267 286 296 307 343 379 386 433 443 487 491 496 535 554 569 581 628 694 
41 48 52 58 75 83 84 92 112 115 116 117 168 176 190 211 236 251 258 273 276 279 307 333 341 375 380 403 409 417 431 439 450 486 499 502 515 527 533 558 559 575 597 629 632 651 657 662 690 695 
36 58 59 75 83 89 92 107 111 112 115 116 117 120 121 124 129 130 136 145 148 153 165 166 168 169 176 177 190 194 214 225 236 251 258 260 261 265 273 279 280 283 285 289 292 299 302 303 307 313 318 333 339 341 369 375 377 380 386 398 409 411 417 424 425 429 430 431 435 436 439 450 458 465 483 486 495 497 499 502 507 509 510 515 523 530 532 533 534 536 544 547 553 557 558 559 562 575 576 586 610 611 612 613 616 617 619 620 622 623 626 628 629 632 641 651 656 657 659 667 676 686 690 695 698 699 
13 17 24 29 44 46 48 50 53 61 66 67 80 98 104 105 128 130 131 141 147 155 156 169 170 171 180 182 207 215 228 231 250 257 260 276 282 285 300 301 305 316 320 323 329 334 335 347 359 361 363 365 370 371 376 377 383 398 401 406 410 413 416 425 440 442 447 451 455 464 468 471 475 476 480 488 500 509 518 524 527 530 540 542 558 569 582 586 594 606 608 619 622 626 627 631 640 642 643 645 650 667 669 673 675 683 
2 11 44 55 65 66 81 85 98 108 119 123 131 147 157 170 171 188 203 211 215 228 233 238 239 245 250 254 275 282 285 315 316 334 347 353 362 364 383 389 394 404 406 410 411 429 438 440 444 447 448 451 453 457 464 479 498 524 529 537 564 582 594 601 603 606 624 629 631 642 650 669 681 
16 22 47 51 54 64 81 86 87 88 103 108 130 136 153 175 182 187 191 206 212 214 220 222 233 238 253 256 260 284 293 298 312 319 321 326 336 345 356 358 381 385 389 403 406 409 414 417 419 422 426 428 437 448 453 459 467 468 477 479 481 483 486 493 507 510 511 513 517 520 531 535 555 570 580 584 586 593 603 604 610 611 612 617 618 621 630 637 641 649 655 659 687 
22 36 44 46 50 51 54 61 64 66 67 73 80 87 90 98 104 105 107 111 114 128 129 130 136 153 156 158 169 173 187 190 194 204 214 216 218 228 234 242 244 253 256 257 260 261 265 266 270 272 274 276 280 285 293 300 301 302 306 312 314 316 320 322 323 326 329 335 338 340 342 345 356 359 363 365 366 371 376 379 382 385 386 390 392 393 398 401 403 410 411 413 416 419 425 428 429 434 437 445 448 455 458 469 471 475 481 482 483 485 490 498 507 509 510 511 520 522 527 530 534 536 538 540 542 543 544 552 555 556 557 569 570 573 575 576 582 587 591 592 600 603 610 611 612 618 619 622 626 627 628 635 641 645 646 653 654 659 664 667 669 671 673 676 682 683 698 
11 40 44 49 56 65 76 82 94 98 102 110 125 126 130 133 134 137 138 139 141 160 161 169 172 180 186 200 201 219 221 228 229 230 240 243 246 249 260 263 264 268 280 281 288 298 328 332 348 357 363 370 374 400 408 410 441 449 454 458 463 470 474 478 482 486 489 496 511 521 526 531 536 546 557 564 566 568 572 575 578 585 586 589 596 605 615 619 627 629 636 638 639 644 648 652 658 660 664 668 688 692 700 
5 13 29 37 45 48 53 56 59 61 66 67 73 78 84 89 90 97 98 99 105 110 124 128 130 145 155 156 163 177 179 182 201 203 215 226 228 234 248 254 283 285 289 292 298 301 302 303 306 313 316 333 337 339 342 344 359 368 372 376 377 380 388 392 406 410 416 424 425 430 435 440 441 447 451 465 469 481 485 488 490 495 500 509 515 530 538 539 540 544 551 552 553 554 558 560 570 582 584 594 607 610 622 627 640 650 653 654 663 667 669 671 683 692 694 698 
3 13 42 68 71 72 77 93 99 118 119 120 129 146 148 151 165 166 175 184 191 224 225 229 233 235 240 262 269 305 318 354 356 362 367 369 383 384 391 402 405 409 418 426 433 442 467 470 486 497 501 519 523 528 537 541 542 545 547 548 558 559 562 579 586 590 599 613 616 620 623 635 640 649 653 656 661 666 671 675 678 680 683 686 689 693 699 
12 14 20 21 24 46 50 65 68 80 86 94 103 104 106 112 121 128 135 138 150 161 164 172 174 178 192 195 201 205 218 248 257 259 274 276 291 294 295 300 305 319 320 323 329 334 335 348 352 359 363 365 367 371 398 401 405 413 425 436 452 455 456 471 473 476 484 492 494 501 504 514 524 527 533 536 542 550 551 556 564 569 574 577 579 598 600 608 610 620 625 634 639 640 642 645 646 665 667 673 685 692 697 698 
31 34 35 37 38 40 43 60 68 75 76 78 79 91 94 96 113 114 122 124 125 126 132 134 138 139 148 149 152 161 162 163 172 173 181 189 201 202 204 216 219 220 221 226 230 232 241 242 247 252 254 255 263 264 271 272 276 277 281 290 308 311 312 314 322 324 330 332 336 337 346 350 351 355 359 360 370 372 373 381 382 388 389 397 400 410 412 419 423 427 428 432 444 445 446 454 460 473 475 476 479 481 494 505 506 512 516 518 519 521 528 549 558 563 565 566 568 570 571 572 578 583 587 588 591 593 600 601 602 604 606 609 611 615 617 624 625 629 633 638 640 644 648 649 650 659 663 664 668 670 674 681 684 685 688 691 693 694 697 698 700 
17 35 43 51 63 73 75 79 87 90 98 110 114 146 152 153 173 179 201 202 203 204 216 226 233 234 242 244 253 271 277 290 298 301 302 306 312 314 322 328 333 340 342 346 350 354 359 368 370 371 381 382 384 388 389 392 416 423 425 428 437 441 444 445 447 455 460 466 469 479 485 488 490 501 507 509 516 518 522 524 530 538 540 544 552 565 570 587 588 591 600 606 611 619 626 638 653 654 663 671 683 685 695 
4 7 15 16 18 22 26 30 34 39 40 44 54 57 62 64 69 71 79 85 86 88 93 103 107 109 110 118 119 123 129 130 135 136 146 147 151 153 157 158 159 170 171 175 180 182 184 185 187 188 191 194 198 199 203 207 211 220 222 224 231 233 235 239 240 245 254 256 260 262 269 281 282 293 305 309 315 319 323 324 326 327 331 336 338 342 345 346 347 349 353 354 356 361 362 366 373 374 378 383 384 385 386 387 390 391 393 394 395 402 403 404 414 419 422 426 427 433 437 438 441 442 446 448 453 457 459 464 466 467 468 470 477 480 481 483 486 493 498 503 508 510 511 513 516 519 520 521 525 528 529 531 537 541 543 545 546 548 551 553 554 555 558 559 562 569 572 575 579 580 583 586 587 590 593 596 599 603 604 610 612 617 618 621 623 624 628 630 631 635 637 640 642 647 649 652 653 654 655 661 662 666 669 671 673 674 675 676 678 679 680 681 682 685 689 699 
5 19 23 33 34 35 37 38 40 44 48 51 54 60 62 69 76 78 86 88 91 96 100 103 106 108 109 119 120 123 129 132 135 143 155 158 159 163 167 172 174 175 181 182 184 193 194 198 201 204 206 207 212 217 219 220 222 224 226 231 232 237 238 239 241 245 247 267 278 281 284 286 296 297 298 299 303 305 307 308 309 311 323 324 325 327 330 331 336 337 338 342 343 345 349 351 355 358 360 362 364 368 372 378 379 387 391 394 395 397 399 405 406 412 414 421 422 427 433 434 436 437 438 441 443 448 451 452 457 459 462 466 467 470 472 475 477 479 481 487 491 492 493 494 495 501 503 505 506 508 512 513 514 516 517 521 527 528 531 534 535 537 541 543 545 548 549 551 554 558 559 561 563 568 572 574 578 580 581 582 583 584 586 588 593 594 595 601 602 604 607 610 617 621 624 625 628 630 633 637 638 647 651 655 661 662 668 670 674 676 678 679 680 684 689 691 693 694 695 697 699 
6 25 37 41 45 58 65 76 82 84 92 94 109 112 115 116 117 125 126 129 132 133 134 139 143 148 149 159 161 172 175 181 201 206 208 217 219 221 226 230 231 236 249 251 258 263 264 272 273 279 281 294 304 309 311 313 331 332 333 341 348 349 351 357 360 375 380 391 395 397 400 404 411 417 418 421 429 431 441 443 450 451 452 454 459 466 472 474 475 476 478 482 486 487 494 499 502 503 505 508 512 515 516 521 533 534 543 546 551 557 558 559 561 563 564 566 575 578 583 595 596 602 605 615 617 624 629 632 636 638 639 644 648 651 655 657 662 664 670 672 674 679 684 688 690 691 692 695 697 698 699 700 
14 20 37 41 60 68 76 78 81 94 95 102 106 121 138 150 153 154 160 164 174 178 180 186 192 195 201 214 216 219 240 243 246 247 248 272 291 294 295 298 304 311 314 323 328 348 351 352 360 366 367 372 374 397 399 401 405 408 412 414 420 421 443 452 456 470 473 476 478 482 484 489 492 494 496 505 506 512 514 522 546 549 550 551 558 563 564 567 568 574 577 583 596 598 600 614 617 634 639 641 646 660 665 668 670 672 684 691 692 697 698 
9 16 21 24 28 46 47 50 65 70 74 80 100 101 104 110 128 140 142 149 167 193 196 197 205 209 212 213 218 229 231 232 249 257 259 266 274 276 278 287 297 299 300 306 317 319 320 321 323 329 334 335 340 363 365 370 371 396 398 401 407 408 413 434 438 444 449 455 461 462 468 471 486 501 504 517 522 524 527 532 536 541 542 556 561 567 569 572 573 585 589 592 597 608 611 635 643 645 652 656 658 659 663 667 673 682 685 687 695 697 
4 8 17 27 32 34 45 81 94 95 97 127 134 143 144 154 159 167 180 183 185 186 192 200 206 208 210 217 223 227 231 237 240 243 246 270 272 293 304 309 310 313 317 325 331 342 349 360 374 387 395 399 400 408 412 415 418 420 421 424 432 435 439 441 443 459 463 471 472 478 482 487 489 496 503 508 515 525 529 534 542 546 551 561 566 568 578 589 595 596 597 602 603 606 614 639 642 660 665 672 674 677 679 689 692 694 695 696 699 
7 10 15 18 26 35 37 38 39 40 43 48 50 52 56 57 59 60 70 74 75 76 78 79 87 89 91 100 106 107 113 118 120 121 129 132 135 136 140 143 145 146 152 153 158 159 162 167 174 176 177 180 181 185 188 191 193 194 199 202 204 209 212 213 219 221 226 232 233 237 241 249 252 254 255 259 260 266 269 277 278 281 283 289 292 294 297 299 303 308 311 313 317 319 330 331 334 337 338 339 344 345 349 350 351 352 355 360 361 364 366 368 372 377 380 381 384 385 386 387 388 389 390 391 392 393 395 396 397 402 407 412 418 419 423 424 426 427 430 432 434 435 436 441 444 445 446 448 449 452 457 459 460 461 462 465 475 479 480 486 487 490 491 493 494 495 498 499 501 504 505 506 508 512 513 515 516 517 518 519 522 525 528 532 536 539 541 543 546 549 551 552 553 554 556 560 561 565 568 569 571 572 576 579 583 588 589 590 592 593 595 597 599 601 602 603 606 607 610 612 617 622 624 625 628 633 635 647 649 651 654 658 667 670 673 674 675 676 679 684 685 687 689 691 696 697 699 
43 63 68 75 79 128 152 181 202 204 212 252 254 255 259 271 272 277 290 293 316 321 324 346 350 359 360 368 370 371 381 388 389 423 444 445 453 455 460 479 507 518 520 527 563 565 583 588 602 603 606 617 624 631 643 670 673 677 681 685 697 
11 13 19 29 36 48 51 53 61 66 67 69 78 87 91 96 105 108 111 114 123 124 129 135 141 149 155 156 157 162 163 169 173 176 179 182 189 190 194 198 215 216 228 239 241 242 244 245 260 261 265 285 301 308 312 314 316 322 325 327 337 350 355 359 362 364 368 372 373 376 377 378 382 388 394 399 405 406 410 411 412 416 419 423 425 428 429 432 437 438 440 445 447 451 457 458 460 483 499 500 506 507 540 544 557 558 570 571 572 576 582 587 588 591 594 600 601 609 611 619 622 625 626 627 633 640 641 647 650 659 663 667 669 685 693 694 698 
9 30 31 34 38 39 40 44 62 66 78 86 91 96 103 110 113 118 122 124 146 150 151 152 162 163 170 174 180 182 184 189 191 199 204 207 222 233 241 247 262 269 284 308 336 337 355 358 361 368 372 373 384 387 391 412 414 421 422 426 432 437 442 445 446 451 466 467 473 477 480 481 492 493 500 506 513 519 521 531 545 558 563 571 572 575 579 580 584 586 588 590 593 596 599 601 602 604 609 625 630 633 637 640 649 650 655 661 663 667 674 675 678 693 
15 23 34 59 60 71 84 89 93 97 109 128 129 135 142 143 145 159 175 177 193 206 217 224 231 235 251 254 262 283 289 292 294 301 303 309 311 313 323 324 331 339 344 349 354 359 368 377 387 391 395 419 424 426 427 429 430 432 435 441 450 455 459 461 462 465 466 472 487 495 503 508 515 516 521 527 528 530 532 534 539 551 553 557 559 560 561 578 585 587 589 595 607 616 622 653 662 666 673 674 679 686 689 692 695 699 
1 9 10 15 18 19 21 24 28 31 34 38 39 42 43 46 47 50 51 52 58 65 68 69 70 71 72 74 75 76 77 78 80 81 83 86 92 93 94 96 99 100 101 104 106 108 110 112 113 114 115 116 117 120 121 123 124 125 126 128 129 133 134 135 139 140 141 142 148 149 150 152 163 165 166 167 168 172 176 184 186 189 192 193 196 197 198 202 205 206 209 212 213 214 216 218 219 221 225 229 231 235 236 237 239 241 242 244 245 246 247 248 249 250 251 252 253 254 255 257 259 262 263 264 266 270 271 272 273 274 275 276 277 278 279 281 283 287 290 297 298 299 300 303 304 305 308 314 317 318 319 320 321 322 323 324 325 327 329 330 334 335 337 340 341 346 347 349 350 354 357 359 360 362 363 364 365 367 369 370 371 372 373 374 375 378 379 380 381 382 384 386 388 389 391 394 396 397 399 401 402 405 406 407 409 412 413 414 416 417 418 419 425 426 429 431 432 433 434 436 437 438 443 444 445 446 448 449 454 455 457 460 461 462 466 468 469 470 471 473 476 478 479 480 482 486 489 494 497 499 500 501 502 503 504 505 506 507 509 514 517 518 520 521 522 523 524 527 528 532 533 536 537 541 542 545 546 547 548 550 555 556 558 559 561 562 563 564 565 566 567 568 569 570 571 572 573 575 580 583 585 586 587 588 589 591 592 596 597 599 600 601 603 605 606 607 608 609 611 613 614 616 617 620 623 624 625 629 632 633 635 636 638 639 640 642 643 644 645 646 647 648 649 650 651 656 657 658 659 660 661 662 663 664 666 669 670 672 673 678 680 682 685 686 687 688 689 690 692 693 696 697 
