1 9 28 47 65 101 142 149 196 197 249 274 287 321 340 434 448 468 522 532 567 573 585 635 643 659 682 687 
2 55 63 65 85 119 131 147 157 170 171 188 203 211 250 254 275 282 315 347 353 383 404 444 453 464 498 529 629 631 642 669 681 
3 42 72 77 99 129 148 165 166 225 318 369 486 497 523 547 562 613 616 620 623 656 686 
4 16 30 34 44 71 93 119 135 184 201 224 235 262 305 324 354 391 402 419 433 437 466 470 528 537 541 545 548 559 586 661 662 666 669 678 680 
4 30 45 59 84 89 97 145 177 254 283 289 292 294 303 313 339 344 368 377 424 427 430 435 465 495 515 539 553 560 607 
4 39 40 45 110 118 130 146 151 180 185 191 199 207 233 269 361 384 426 442 480 519 537 558 579 590 596 599 603 635 640 649 675 
5 40 44 84 86 88 103 174 182 220 222 238 260 284 336 358 368 406 414 422 437 467 477 481 493 513 531 558 580 584 593 604 621 630 637 655 
6 25 65 82 84 125 126 133 134 139 161 172 201 221 230 249 263 264 332 333 357 400 450 454 474 521 564 566 605 615 629 636 638 644 648 664 688 698 700 
7 15 26 34 57 107 119 136 153 158 194 214 260 319 338 345 366 385 386 390 393 434 448 543 546 554 610 612 628 635 676 
8 17 27 32 45 63 97 127 144 183 208 210 223 227 270 293 310 325 387 415 418 420 421 439 450 463 525 529 677 694 696 
9 41 81 94 95 154 186 192 240 243 246 272 304 374 443 478 482 489 496 546 596 614 639 660 672 692 
9 30 31 34 38 78 91 96 113 122 124 162 163 189 204 241 247 308 337 355 372 373 412 432 446 506 571 572 588 601 609 625 633 640 663 693 
10 18 52 70 74 100 120 140 176 185 193 212 213 237 259 278 297 299 317 319 334 396 436 444 462 501 517 597 
11 40 49 56 102 110 137 141 160 200 229 268 288 298 328 408 526 589 596 652 668 
12 14 20 25 68 121 135 138 150 164 174 178 195 201 248 291 294 295 348 352 367 405 452 456 473 476 484 492 514 522 550 574 577 598 634 646 665 698 
13 29 44 48 53 61 66 67 98 105 141 155 156 215 228 285 301 316 359 376 406 410 416 425 440 447 451 466 500 530 582 594 627 640 650 667 669 694 
15 25 97 109 129 143 159 175 206 217 231 294 309 331 349 395 427 441 459 466 472 487 503 508 534 551 561 578 589 595 662 674 679 689 695 699 
15 106 141 167 209 249 266 274 319 407 449 461 486 504 536 556 589 592 603 658 
16 21 24 46 50 54 80 104 128 205 218 257 276 300 320 323 329 335 359 363 365 371 398 401 405 413 455 471 522 524 527 542 569 608 645 673 
16 22 54 64 130 187 214 256 326 356 403 419 448 483 486 510 511 520 555 603 618 
19 69 108 123 135 176 198 239 245 327 362 364 378 394 399 405 406 438 457 537 647 
23 33 54 62 174 267 286 296 307 343 379 491 535 581 694 
35 37 48 60 76 132 181 185 204 219 226 232 281 298 311 330 351 360 397 427 475 483 494 505 512 516 529 546 549 558 563 568 583 602 617 624 670 684 691 697 
36 41 111 129 130 169 190 260 261 265 280 411 425 429 458 483 544 557 576 619 622 626 641 659 698 
41 48 58 83 92 112 115 116 117 168 176 236 251 258 273 279 333 341 375 380 409 417 431 450 499 502 533 575 629 632 651 657 662 690 
43 63 75 79 152 202 252 254 255 271 277 290 346 350 368 370 381 388 389 423 444 445 460 479 518 565 606 685 
51 87 114 173 204 214 216 242 244 253 274 312 314 322 359 382 419 428 434 437 507 530 544 570 587 591 600 611 659 
73 90 110 179 234 298 302 306 333 342 392 425 469 485 488 490 509 530 538 540 544 552 653 654 671 683 
