37 58 61 83 141 186 244 245 255 265 285 305 321 362 406 411 415 436 470 478 485 492 511 528 537 538 542 558 592 594 606 620 673 686 694 700 
82 84 87 89 92 94 109 115 132 161 169 184 213 220 225 228 238 240 262 272 275 281 285 287 294 311 316 320 324 348 380 382 385 387 398 402 425 430 431 435 436 437 440 449 457 462 471 475 479 480 482 483 498 517 536 544 547 553 568 572 579 594 596 604 610 612 619 621 627 628 630 633 643 648 649 653 654 663 676 679 683 688 
21 27 70 89 93 101 122 129 138 161 168 181 184 202 221 225 262 294 358 385 387 398 430 437 462 471 479 480 495 509 531 547 552 553 561 578 589 596 610 612 633 653 656 679 688 693 
47 68 74 78 93 95 107 114 135 172 188 198 205 210 346 371 411 413 424 448 484 494 501 515 527 563 599 608 609 613 615 620 628 642 649 661 662 664 674 698 
14 15 31 59 65 84 95 99 104 110 124 186 206 211 212 226 227 237 239 257 259 283 292 318 336 363 365 384 388 389 397 409 412 414 417 432 457 459 483 516 518 527 533 534 547 558 559 561 564 574 575 579 587 620 621 622 626 636 638 660 665 678 683 690 691 698 
1 12 21 23 29 32 33 36 37 46 52 54 57 58 61 63 66 68 75 76 77 79 81 83 84 86 90 93 96 97 100 101 107 110 114 118 119 121 122 128 132 134 139 143 150 153 156 158 166 167 171 172 174 175 187 188 194 196 197 198 202 204 205 206 209 210 212 216 219 221 224 227 236 237 244 247 248 259 264 266 273 282 285 286 296 299 303 310 312 330 332 336 338 339 346 348 360 362 365 370 371 382 387 389 392 393 396 398 399 401 403 404 406 407 408 409 411 413 414 415 417 418 420 424 426 432 433 434 436 441 449 461 463 465 478 481 482 484 488 489 492 495 497 498 500 501 513 524 526 532 533 537 545 548 554 556 557 558 561 562 563 564 570 571 572 573 574 575 576 577 582 585 589 592 594 599 603 607 611 613 614 616 620 621 622 624 626 627 628 634 635 636 638 642 646 648 652 656 657 660 661 664 665 667 669 670 671 674 679 681 682 685 690 692 694 
115 118 140 148 163 180 189 200 201 214 292 300 301 302 304 306 314 319 320 322 332 342 352 358 360 383 391 400 429 439 452 460 473 488 499 504 507 523 535 544 546 562 600 619 620 653 675 696 
5 18 37 46 62 69 73 78 84 94 98 125 142 148 150 155 157 158 161 163 171 189 190 193 197 200 203 208 209 214 222 233 238 241 254 255 263 265 268 269 271 276 292 302 304 306 308 314 322 326 327 334 349 352 354 358 360 380 386 399 400 404 410 416 424 428 430 433 439 442 444 445 450 456 460 466 470 474 477 481 483 488 491 499 500 504 512 513 515 517 519 526 533 540 546 548 549 551 555 556 557 558 561 571 574 579 581 582 587 588 590 591 601 602 620 621 625 627 629 631 634 635 642 656 658 659 661 665 673 680 683 689 695 697 
28 30 36 41 63 68 78 93 108 110 114 129 135 139 143 146 151 153 172 175 188 198 199 210 220 227 236 243 245 247 248 269 271 282 328 330 341 346 348 350 358 360 371 378 395 397 398 401 405 409 413 414 420 421 424 433 439 463 474 492 500 501 503 508 513 527 540 548 563 565 569 570 571 585 599 613 614 618 621 628 642 646 649 652 658 663 667 670 674 678 681 691 692 698 
28 41 56 69 76 106 108 112 113 142 147 151 153 159 166 181 185 189 199 203 206 215 220 221 229 230 236 238 268 271 274 282 288 297 315 324 328 340 341 350 357 360 361 365 366 378 396 403 405 412 414 421 424 427 438 439 440 445 476 480 492 493 501 528 530 533 535 539 543 548 560 565 569 574 580 582 591 593 598 599 603 608 611 614 616 618 621 622 623 624 628 629 638 641 642 643 644 654 655 659 665 669 680 681 682 684 686 692 
18 37 48 49 57 62 74 75 79 80 82 86 88 98 102 109 113 120 122 125 126 131 132 136 139 140 141 151 155 158 161 162 175 176 177 189 190 197 206 208 217 219 227 228 233 238 239 241 242 245 250 258 263 264 267 269 276 279 281 284 297 299 311 318 326 329 340 344 345 349 354 356 359 362 373 374 380 386 391 392 397 398 401 403 418 419 423 428 431 436 440 450 451 452 458 459 461 464 465 466 470 476 477 478 483 487 500 516 519 520 521 524 527 533 534 536 537 546 548 549 550 555 557 558 560 567 571 572 578 581 582 587 593 601 602 608 609 610 617 620 626 628 632 634 635 637 639 643 645 647 649 653 658 664 685 687 692 694 698 
8 24 30 56 69 80 82 94 103 104 111 127 130 146 154 166 170 185 193 203 213 259 266 280 307 311 313 317 320 321 323 340 346 353 367 376 383 390 403 404 405 411 425 427 438 440 446 453 457 463 483 492 511 512 517 527 529 536 540 543 547 571 572 591 601 605 614 622 629 640 651 653 669 672 
24 34 45 68 74 78 79 107 114 116 118 135 136 139 147 164 171 172 179 180 188 198 209 210 217 224 229 243 245 256 267 273 279 284 300 301 319 339 341 342 347 348 353 359 365 371 379 380 391 411 413 415 419 420 423 424 427 429 434 439 445 453 456 463 464 470 473 476 501 504 507 508 512 521 523 524 535 544 546 548 550 554 560 563 564 589 598 600 609 613 619 620 628 656 658 663 674 675 687 696 
14 15 30 31 40 48 53 59 63 67 69 77 91 96 110 123 124 147 150 181 185 186 188 192 202 215 226 231 233 239 249 268 269 274 279 283 288 292 315 363 366 383 384 388 397 409 411 412 413 417 435 441 455 462 471 477 490 493 516 518 534 539 540 547 552 560 563 587 593 608 622 623 627 639 644 646 649 655 676 678 688 691 692 
11 20 21 29 33 38 53 63 70 80 84 90 91 92 95 99 101 104 111 127 141 168 174 176 191 220 229 231 237 239 249 259 269 280 301 304 309 318 336 338 346 370 381 382 389 393 395 408 411 412 415 417 432 433 435 445 449 465 471 481 482 483 487 494 498 502 503 504 508 510 522 525 526 528 534 535 538 540 545 547 551 564 566 568 574 575 579 594 595 607 608 627 629 636 640 660 664 665 671 676 688 691 692 
3 8 18 19 21 25 29 30 32 33 37 40 44 47 48 49 50 52 53 57 58 61 65 67 68 69 74 76 77 80 82 83 85 86 87 89 91 92 99 102 105 109 111 113 114 115 121 122 123 124 125 130 132 139 140 142 144 145 147 150 154 157 162 164 166 167 168 169 170 171 172 173 174 175 177 179 180 185 186 187 188 189 192 198 201 202 205 207 208 209 210 211 212 216 218 219 223 227 228 229 231 233 234 235 236 240 241 244 249 250 254 257 258 259 260 261 263 264 266 269 271 273 279 280 281 282 285 286 287 291 292 296 297 299 301 307 310 311 316 320 321 323 325 327 328 331 334 336 337 342 344 346 355 358 360 361 362 367 370 371 372 373 374 375 377 381 383 384 388 389 390 393 395 396 397 398 400 401 402 404 405 406 407 408 409 411 413 414 415 417 418 422 433 434 435 438 444 445 446 448 449 450 452 453 454 455 465 470 471 473 475 477 478 481 482 483 484 492 497 498 501 504 505 506 507 512 517 520 522 523 526 527 528 529 530 534 536 537 538 540 544 545 546 549 551 552 554 556 559 562 563 564 566 567 568 569 572 574 575 577 578 579 588 592 594 598 599 600 601 602 604 605 607 608 609 611 613 618 619 621 626 627 628 629 630 635 636 642 645 647 650 651 652 653 654 660 661 662 665 669 671 672 673 674 675 676 681 683 684 685 686 688 689 690 691 692 694 699 
13 55 71 108 120 126 131 135 151 162 199 220 224 226 247 253 270 310 324 328 341 345 350 351 354 356 368 378 381 386 391 414 421 441 447 448 451 452 456 472 487 492 502 507 509 511 531 541 544 548 551 556 560 565 566 574 593 598 607 617 619 628 639 648 680 693 698 
36 39 71 79 92 95 101 136 150 173 202 219 220 224 226 233 239 240 245 253 269 270 287 301 316 319 324 351 352 368 381 402 405 409 420 429 435 439 447 452 462 463 471 472 475 484 502 503 509 510 525 527 528 531 535 547 551 565 568 569 579 589 595 604 620 630 639 658 659 665 683 688 691 693 697 
4 37 58 61 83 84 94 108 111 115 126 131 135 139 147 151 158 170 176 186 192 199 202 205 209 214 220 226 232 242 244 245 246 250 258 285 310 321 328 329 331 335 339 341 343 345 350 354 356 362 364 378 382 386 387 388 391 397 421 436 439 448 451 452 456 458 459 474 475 478 479 492 495 502 503 510 511 513 517 520 522 524 525 528 535 537 538 541 550 551 560 565 575 576 578 592 595 597 617 618 620 622 624 637 639 640 645 664 680 686 687 698 
6 25 32 60 67 70 79 82 85 87 92 102 103 104 109 127 128 129 133 141 150 160 167 173 177 179 181 183 194 205 211 213 218 223 224 233 235 240 254 260 262 272 275 280 281 287 289 291 294 295 307 311 313 316 318 324 325 331 337 348 352 355 363 374 376 380 381 382 395 396 398 402 405 409 422 431 433 435 436 437 440 443 450 451 457 462 463 465 471 475 485 490 494 504 505 506 517 522 527 528 529 530 536 538 549 565 566 568 570 572 574 579 585 604 615 618 620 621 624 627 628 630 640 643 646 647 650 653 654 660 662 663 665 676 683 688 697 699 
9 40 41 43 46 51 52 55 70 77 81 82 87 94 105 107 109 111 120 123 124 126 128 129 131 137 152 160 164 168 181 187 192 197 202 220 226 228 235 238 246 261 263 275 280 281 286 289 292 293 295 297 298 310 311 313 345 348 354 356 363 381 384 386 388 391 393 403 407 431 433 434 437 440 441 443 451 455 459 487 492 494 502 509 511 517 518 527 536 541 542 546 547 548 551 552 556 563 566 572 577 593 595 606 617 621 628 632 639 640 643 648 652 653 654 660 668 672 673 676 690 691 698 
12 22 27 28 43 51 60 62 69 70 71 76 85 95 103 107 112 115 125 127 129 133 139 152 162 165 171 179 183 189 190 197 205 206 209 213 214 221 239 241 249 253 255 265 270 275 289 293 297 298 299 313 315 327 334 337 347 351 352 368 376 377 381 392 396 399 403 404 411 425 430 438 443 445 447 448 450 459 462 472 474 490 495 497 500 502 504 505 506 509 511 512 517 522 526 527 528 530 531 533 535 538 540 542 543 549 555 558 561 581 585 589 601 603 606 611 616 621 629 634 638 640 648 656 663 666 668 672 673 676 682 686 691 693 696 697 699 
12 21 25 29 32 33 35 43 50 51 63 66 90 107 121 141 150 152 165 168 169 174 178 204 214 249 255 280 293 298 310 347 370 372 399 403 408 449 462 463 481 482 498 500 509 512 528 531 542 545 546 547 558 566 573 582 594 606 615 621 632 646 652 656 664 668 670 671 686 691 693 694 
17 42 60 64 74 79 88 102 103 141 156 160 167 177 182 211 218 242 243 245 250 251 262 265 275 289 291 309 313 318 325 329 331 333 355 358 362 363 374 379 394 395 397 405 410 411 415 422 432 437 442 443 450 452 457 459 464 483 488 505 514 520 524 525 528 529 531 535 550 557 560 566 586 624 637 647 650 662 663 666 673 687 688 690 695 697 
14 26 36 58 60 61 62 73 74 110 150 190 199 207 209 220 234 244 265 278 285 290 308 309 321 325 327 336 339 346 358 362 366 383 395 400 405 406 409 410 416 420 428 429 439 456 467 478 484 485 491 496 511 513 517 528 534 537 551 555 585 590 596 602 624 626 631 641 670 674 677 681 686 689 695 
21 28 29 33 45 66 90 116 121 129 136 141 168 198 205 217 218 240 241 256 267 273 279 280 284 288 328 336 366 369 370 392 393 394 395 402 404 406 408 415 423 432 444 445 446 449 453 458 471 481 482 498 510 512 521 526 528 540 545 547 554 555 566 589 594 604 609 621 624 626 634 646 655 670 671 672 673 688 695 
21 29 45 77 90 121 137 164 168 174 187 188 220 246 261 271 315 346 347 357 361 370 393 407 408 414 415 433 434 439 440 441 449 459 478 481 482 487 494 501 523 528 539 545 554 566 577 578 594 606 614 629 634 644 648 656 659 660 671 672 673 676 681 686 697 
62 67 69 78 85 94 113 133 145 157 166 176 179 183 190 205 223 239 241 266 307 317 323 337 348 352 356 378 385 392 393 396 402 404 436 442 448 450 488 489 490 495 503 505 506 512 517 522 526 530 532 535 538 540 549 555 558 577 581 585 599 601 604 620 625 627 629 634 640 642 646 651 667 693 696 697 699 
15 56 67 71 72 85 95 104 117 133 139 145 147 149 150 157 158 166 179 183 189 190 193 195 203 205 208 215 219 222 223 230 253 254 268 270 272 274 277 278 285 288 297 305 315 316 317 318 323 330 333 337 351 357 361 362 364 365 366 368 371 392 396 400 412 425 433 436 438 447 448 450 453 468 469 472 474 478 484 490 493 495 506 509 516 521 522 530 531 535 538 539 545 555 583 584 585 586 593 596 597 614 623 624 625 629 634 641 644 651 655 659 680 684 689 693 697 699 700 
2 9 29 34 45 62 77 78 105 116 118 136 137 142 145 147 157 164 166 171 179 180 185 186 187 190 208 214 217 218 229 254 256 261 267 273 279 284 286 292 297 300 301 319 327 342 348 358 359 380 385 403 407 410 413 419 423 429 434 436 441 444 445 450 452 453 462 463 464 473 476 484 491 504 507 508 521 523 533 544 546 549 554 555 558 561 563 570 571 577 581 589 598 600 601 608 609 610 616 619 620 629 632 634 646 648 653 656 658 661 663 669 674 675 696 697 
56 72 74 79 102 125 149 157 167 195 205 207 211 218 222 224 242 245 250 277 291 292 300 305 318 325 329 331 352 355 374 392 396 402 405 412 422 442 444 450 458 469 482 505 520 522 524 529 535 549 550 560 567 584 586 588 604 615 623 624 625 627 634 637 645 646 647 650 662 673 684 687 694 700 
17 18 42 49 60 64 85 88 102 107 113 133 140 156 160 165 167 177 182 189 211 218 243 245 251 260 265 278 291 293 298 305 308 309 321 325 331 333 344 355 358 374 379 381 391 392 394 403 411 415 416 432 439 442 452 458 462 470 478 483 485 488 494 512 514 523 529 531 534 537 542 544 546 556 566 567 573 578 585 606 608 610 615 618 645 647 650 662 663 666 668 679 690 692 694 696 697 
10 16 25 26 35 46 47 66 68 70 73 80 81 96 97 98 101 103 106 127 128 129 138 155 159 160 161 172 173 175 178 188 194 198 207 213 235 243 263 265 266 269 273 275 276 280 289 290 295 303 309 313 326 341 342 343 346 347 349 365 369 371 376 377 399 400 406 410 413 424 428 437 438 439 443 445 451 456 457 463 465 466 467 477 485 492 496 508 511 519 527 529 534 557 561 563 566 580 582 590 598 599 602 613 621 624 626 631 632 636 639 640 642 648 652 656 674 676 677 678 686 691 692 695 698 
16 23 35 39 40 47 66 79 81 96 97 99 123 124 128 135 139 141 153 159 173 178 180 192 197 218 236 238 243 250 259 265 266 267 271 282 292 300 303 310 319 337 342 347 360 365 377 384 388 389 399 414 417 424 429 435 455 456 473 480 483 496 498 499 501 504 507 508 510 511 525 527 544 550 552 564 567 569 574 575 598 599 600 609 614 618 619 620 626 632 636 637 639 642 652 654 660 665 676 677 678 681 686 687 690 692 696 
7 13 27 47 54 78 84 89 93 104 114 121 135 177 184 188 200 216 222 225 251 252 255 261 262 280 294 306 308 312 335 358 364 366 385 387 397 415 430 439 459 470 471 479 480 486 494 505 513 515 516 524 542 547 549 552 553 555 566 578 581 596 597 604 606 607 608 610 612 615 624 627 633 644 648 649 661 663 664 670 673 679 686 698 
9 12 23 39 41 43 51 52 56 74 77 81 88 96 97 101 105 107 111 115 117 137 141 149 152 156 164 165 182 186 187 189 202 215 217 220 222 230 243 246 251 255 261 268 272 274 277 278 286 288 292 293 298 305 309 310 315 318 343 346 347 357 361 364 366 377 379 386 392 396 399 403 407 412 417 423 425 433 434 438 441 442 450 462 468 469 474 476 478 488 493 494 495 500 518 523 539 542 544 558 563 566 577 583 584 593 606 608 618 623 629 635 641 644 647 648 650 652 654 655 659 666 668 672 673 679 680 684 686 691 
14 26 46 60 62 73 78 85 88 110 132 142 164 186 190 199 207 209 210 229 234 251 258 265 271 290 308 325 328 358 383 404 405 406 410 416 436 439 456 467 473 484 485 491 496 498 502 514 534 542 566 569 585 590 596 599 602 607 619 631 641 649 661 663 674 675 677 690 695 696 698 
25 44 48 57 75 80 86 120 122 132 180 197 206 208 209 216 219 227 263 264 296 297 299 354 373 377 401 418 465 505 527 556 593 603 607 617 632 635 673 685 
22 28 30 36 41 44 46 48 57 63 67 72 75 76 80 85 86 95 112 116 117 120 132 133 139 143 145 149 153 174 175 179 183 195 205 206 210 216 219 221 222 223 224 227 233 236 242 245 250 254 264 271 272 277 278 282 288 296 297 299 300 315 317 318 329 333 337 346 348 358 360 363 371 377 388 392 395 396 401 405 409 414 418 419 420 424 425 432 438 439 445 448 463 465 468 469 470 474 476 478 484 490 500 501 506 508 520 522 524 530 533 538 546 550 551 556 561 569 570 571 583 584 585 586 598 599 603 607 608 611 614 616 618 624 627 628 632 635 637 638 641 642 646 655 658 660 663 670 681 682 684 685 687 691 697 698 699 700 
30 36 63 82 94 95 99 101 104 109 143 159 174 205 212 220 228 237 238 259 260 274 281 291 309 311 320 336 348 350 358 365 367 369 380 381 389 390 392 395 398 402 409 410 417 420 431 433 438 440 445 457 463 464 470 483 488 494 503 517 522 529 536 547 551 561 564 567 570 572 574 575 576 580 610 611 626 634 636 643 645 646 653 655 660 663 665 669 670 673 684 690 691 692 
2 24 30 46 56 69 73 80 88 98 131 137 141 143 146 151 155 157 161 166 168 175 185 193 194 203 208 219 225 226 228 229 233 241 242 250 254 263 272 276 283 312 315 316 323 326 327 329 340 346 347 348 349 353 390 393 394 400 403 405 425 427 428 433 434 436 440 444 458 459 461 463 466 475 477 480 483 491 498 500 519 520 522 524 543 550 551 557 558 560 561 570 571 577 582 586 589 591 602 608 614 622 624 625 637 643 646 648 658 659 663 665 666 669 672 676 680 687 689 
65 72 80 117 149 166 174 195 222 242 245 251 272 277 278 292 305 317 318 324 333 375 396 412 423 425 438 454 468 469 474 482 483 493 500 514 543 544 561 571 583 584 586 596 603 611 616 622 627 641 669 672 682 684 700 
