1 23 54 100 119 134 139 158 171 194 196 204 224 238 247 248 310 312 330 332 338 365 377 380 426 436 461 489 532 548 571 573 576 589 657 667 
2 45 78 79 116 136 147 173 217 235 256 267 279 284 348 359 419 423 445 453 462 464 476 484 508 521 554 558 566 589 598 608 609 626 656 658 
2 24 30 60 115 141 146 175 185 193 229 340 346 348 353 403 405 427 458 543 571 591 608 622 658 669 672 680 
2 22 28 32 41 76 93 112 139 166 206 209 221 233 377 381 396 403 424 445 528 533 548 561 585 603 611 616 618 621 638 682 686 
2 17 41 42 64 74 88 156 182 189 202 243 251 309 320 348 358 363 379 394 411 415 432 436 442 452 457 458 459 483 488 494 514 560 589 618 624 663 666 690 
2 5 22 46 47 84 104 142 150 157 197 203 208 229 238 254 269 318 320 327 352 358 380 392 400 403 424 433 444 458 491 546 551 558 561 588 625 632 680 689 
3 19 22 30 50 65 102 139 144 162 169 175 201 257 266 320 372 375 383 396 406 452 454 483 497 534 546 559 562 598 654 690 
4 94 147 158 170 176 202 209 214 232 245 258 339 343 364 439 474 495 513 578 597 
6 25 78 102 141 167 173 177 189 211 218 235 260 266 291 324 325 331 355 363 374 395 396 405 422 505 529 585 647 650 662 
7 13 47 78 84 104 135 252 280 335 397 415 486 494 505 515 608 615 649 661 664 
8 41 104 111 130 154 166 280 307 323 367 383 390 405 438 446 492 511 517 527 547 605 651 672 
9 22 41 52 77 93 105 111 137 164 186 187 220 224 239 246 258 261 286 292 297 310 324 346 407 434 441 459 566 577 632 648 654 672 673 676 686 
10 47 101 106 138 159 266 273 369 439 445 508 580 598 691 
11 20 38 101 111 176 191 229 304 381 382 503 508 510 525 535 547 551 595 676 
12 25 32 43 51 107 111 115 141 152 165 181 214 255 280 293 298 310 403 438 459 462 500 527 542 546 558 589 606 629 668 673 691 
14 15 31 59 69 87 110 147 181 186 226 239 269 283 292 363 383 397 411 462 516 518 560 587 678 
16 22 25 35 39 66 79 81 96 97 101 128 135 173 178 197 303 347 365 377 399 560 626 632 652 686 690 692 
18 47 49 102 113 140 141 176 245 258 344 452 470 534 567 578 626 645 692 694 
21 29 33 87 90 121 141 168 174 266 273 280 370 393 395 408 415 433 436 449 457 481 482 484 498 528 534 545 547 551 561 566 594 621 629 632 656 671 672 
25 32 39 47 60 70 103 127 129 160 173 181 213 224 235 275 280 289 295 313 376 377 380 437 443 457 494 505 511 517 566 621 624 627 640 697 
25 44 48 57 75 80 86 122 132 175 216 219 227 239 264 273 296 297 299 373 377 401 418 445 457 465 494 505 546 556 598 607 628 632 635 672 673 685 
26 46 60 73 110 150 186 207 209 220 234 258 265 290 308 383 392 397 405 406 410 416 439 456 459 467 484 485 496 511 534 585 590 631 673 677 686 695 
27 30 41 46 74 78 79 89 93 95 101 184 186 214 225 262 294 385 387 430 479 480 547 553 561 578 596 610 612 633 656 679 
30 36 46 60 63 110 143 220 269 346 348 358 395 405 409 420 463 474 500 570 571 585 621 624 628 646 658 670 691 692 
30 84 99 101 104 212 237 259 318 336 346 365 389 417 438 457 483 551 561 564 574 575 626 636 660 665 
32 67 85 95 102 104 133 139 145 147 150 166 179 183 205 223 229 233 239 318 337 363 365 380 392 397 448 474 484 490 506 522 530 535 538 578 585 618 697 699 
32 60 82 84 87 93 109 115 135 220 228 238 281 311 320 348 380 392 395 398 406 431 433 440 483 517 536 547 572 628 643 653 654 690 
34 110 115 118 166 171 180 214 273 300 301 319 342 358 365 392 415 424 429 439 452 473 504 507 508 523 544 546 600 619 656 658 675 680 696 697 
37 58 61 74 83 111 186 197 244 285 321 362 406 411 415 436 458 478 492 511 517 528 537 592 620 686 
39 79 87 92 95 150 240 287 316 324 352 381 402 462 475 527 568 579 604 620 627 630 683 
39 72 115 117 149 166 195 222 245 272 277 278 292 305 317 318 324 333 396 425 438 468 469 500 583 584 586 627 641 684 700 
39 62 69 78 171 176 190 233 241 297 352 396 403 436 445 450 474 505 535 549 555 558 571 581 601 620 627 629 634 697 
40 46 69 87 123 124 192 202 235 297 310 363 384 388 455 527 552 654 676 690 691 
53 91 231 233 249 395 435 471 528 534 608 627 676 688 691 692 
55 120 126 131 181 202 238 310 345 354 356 386 391 451 487 492 502 511 541 548 551 566 617 639 698 
56 69 95 150 176 189 215 230 235 258 268 274 288 297 315 357 361 366 381 406 412 433 438 474 493 539 578 593 608 623 624 626 629 644 654 655 659 680 697 
68 74 95 114 135 171 172 188 198 209 210 273 346 371 411 413 424 484 527 548 563 613 620 628 674 
69 98 155 161 175 189 197 214 233 263 269 276 326 349 428 466 477 483 494 500 519 548 557 558 571 582 602 656 676 
71 173 202 224 239 245 253 270 351 368 381 447 452 462 472 509 528 531 589 693 
74 79 102 158 224 242 245 250 318 329 397 458 459 520 524 535 550 560 624 637 687 
84 108 135 147 151 181 199 220 324 328 341 350 378 421 492 535 560 565 598 618 628 680 
93 139 153 158 175 229 236 238 266 271 282 292 360 414 424 433 439 492 501 508 569 599 614 618 642 658 681 692 
110 148 163 200 292 302 306 314 320 322 352 383 460 499 620 
125 158 171 189 197 209 269 334 352 358 404 411 500 512 517 526 540 621 629 673 
