0	1	74.1304	15	
0	2	26.6577	6	
0	3	153.576	35	
0	4	50.5647	11	
0	5	16.9335	4	
0	6	19.2344	5	
0	7	2.17939	1	
0	8	7.13906	1	
0	9	14.2564	3	
0	10	2.19186	1	
0	11	12.9352	3	
0	12	2.76797	1	
0	13	22.0758	5	
0	15	22.6722	5	
0	16	18.5227	5	
0	17	4.53353	1	
0	18	29.2253	7	
0	19	3.51535	1	
0	21	8.0699	2	
0	22	55.2487	11	
0	23	18.6049	4	
0	24	59.9501	11	
0	26	3.71167	1	
0	27	20.8361	5	
0	28	21.0893	5	
0	29	49.9491	10	
0	30	46.1372	10	
0	31	2.9784	1	
0	32	60.5412	13	
1	2	64.4824	13	
1	3	66.9022	16	
1	4	61.1863	12	
1	5	22.7537	5	
1	6	3.30459	1	
1	7	12.0933	3	
1	8	45.2637	11	
1	9	14.1882	3	
1	10	75.5496	17	
1	11	43.5139	10	
1	12	52.1082	11	
1	13	6.19832	1	
1	14	42.6709	10	
1	15	56.4269	13	
1	16	12.9799	4	
1	17	73.8868	17	
1	18	76.5602	16	
1	19	32.0418	7	
1	20	21.6606	5	
1	21	64.6964	15	
1	22	39.0361	9	
1	23	47.0527	10	
1	24	41.6612	9	
1	25	56.6581	13	
1	26	66.8382	15	
1	27	8.5029	2	
1	28	86.8332	19	
1	29	48.206	10	
1	30	16.0621	3	
1	31	24.9566	6	
1	32	68.4809	15	
2	3	340.508	74	
2	4	89.1306	18	
2	5	34.5391	7	
2	6	38.6596	8	
2	7	36.3236	9	
2	8	45.1235	11	
2	9	77.251	17	
2	10	127.435	29	
2	11	29.5083	7	
2	12	80.2268	16	
2	13	26.0577	6	
2	14	28.8243	6	
2	15	71.9262	17	
2	16	44.3815	10	
2	17	109.105	21	
2	18	116.692	24	
2	19	49.6563	10	
2	20	50.1118	11	
2	21	54.5446	13	
2	22	85.187	18	
2	23	63.8671	13	
2	24	103.674	22	
2	25	95.4015	22	
2	26	101.682	21	
2	27	31.5745	7	
2	28	73.4914	16	
2	29	108.356	23	
2	30	37.3607	7	
2	31	47.2544	11	
2	32	109.084	22	
3	4	177.007	37	
3	5	98.5828	20	
3	6	34.9024	9	
3	7	126.835	27	
3	8	87.0068	19	
3	9	136.545	28	
3	10	89.1312	20	
3	11	121.021	27	
3	12	116.034	25	
3	13	80.3127	18	
3	14	127.856	26	
3	15	143.261	29	
3	16	135.889	30	
3	17	91.2967	20	
3	18	76.1766	17	
3	19	37.2552	9	
3	20	125.423	27	
3	21	72.1685	17	
3	22	126.337	25	
3	23	52.2999	13	
3	24	76.6775	18	
3	25	79.6812	18	
3	26	184.035	39	
3	27	32.1021	6	
3	28	144.907	31	
3	29	69.396	15	
3	30	95.8416	20	
3	31	39.8004	9	
3	32	149.179	34	
4	5	27.6509	6	
4	6	14.1667	3	
4	7	14.0142	3	
4	8	14.4781	4	
4	9	48.8362	10	
4	10	20.1007	6	
4	11	65.7043	14	
4	12	31.6871	6	
4	13	7.82196	2	
4	14	25.617	5	
4	15	64.2602	13	
4	16	8.59286	2	
4	17	7.36748	2	
4	18	7.57024	2	
4	19	4.71188	1	
4	20	22.084	4	
4	21	39.8178	8	
4	22	23.227	5	
4	23	25.643	6	
4	24	54.6489	11	
4	25	52.7145	11	
4	26	26.8586	5	
4	27	23.9783	5	
4	28	27.9125	5	
4	29	78.9617	19	
4	30	30.0473	7	
4	31	38.514	9	
4	32	67.1231	14	
5	7	12.5642	3	
5	9	59.9871	13	
5	10	3.09795	1	
5	11	45.0682	9	
5	12	42.6693	9	
5	15	3.68775	1	
5	18	6.01292	2	
5	19	21.2085	5	
5	20	17.5648	4	
5	21	18.5185	4	
5	22	3.21786	1	
5	25	25.3554	5	
5	26	2.12568	1	
5	27	40.8338	9	
5	32	43.3026	9	
6	7	39.2072	8	
6	8	18.847	4	
6	9	7.56814	2	
6	10	42.4645	9	
6	11	14.0514	4	
6	12	28.4109	6	
6	13	54.2065	11	
6	15	45.5714	9	
6	16	29.4499	7	
6	17	27.6903	6	
6	18	7.69312	2	
6	19	12.9831	3	
6	20	22.7467	4	
6	21	20.3769	5	
6	22	16.5371	4	
6	23	22.5574	4	
6	24	25.9688	6	
6	25	52.018	11	
6	26	25.7765	7	
6	27	24.1003	5	
6	28	3.43189	1	
6	29	9.08007	2	
6	30	6.5204	1	
6	32	18.4544	4	
7	8	37.3208	9	
7	9	17.8345	4	
7	10	13.3423	3	
7	11	7.76463	2	
7	12	10.5218	2	
7	14	32.6413	7	
7	15	39.9212	8	
7	16	75.6051	14	
7	17	8.68569	2	
7	18	3.87278	1	
7	19	25.6661	6	
7	20	6.98297	2	
7	21	7.80358	2	
7	22	7.3153	2	
7	23	7.64247	2	
7	24	11.6534	3	
7	25	5.56544	1	
7	26	27.9279	6	
7	27	23.7626	6	
7	28	27.7117	5	
7	29	21.1248	5	
7	31	5.82513	1	
7	32	2.7968	1	
8	9	32.899	8	
8	11	19.0317	4	
8	13	24.5017	5	
8	14	21.4518	6	
8	15	23.0741	5	
8	17	19.9562	5	
8	18	2.98533	1	
8	20	1.75003	1	
8	21	35.8079	9	
8	22	34.6855	8	
8	23	18.8892	4	
8	24	5.37588	1	
8	26	20.9743	5	
8	27	3.13184	1	
8	28	29.0453	7	
8	29	28.0706	6	
8	30	11.151	2	
8	32	11.5304	2	
9	10	10.1585	2	
9	11	19.0876	4	
9	12	54.8657	13	
9	14	21.7928	5	
9	15	25.0235	5	
9	16	25.4401	6	
9	17	23.45	5	
9	18	23.316	5	
9	19	42.227	10	
9	20	11.4234	3	
9	21	45.1395	9	
9	22	7.3865	1	
9	23	4.57027	1	
9	24	9.00339	2	
9	25	27.182	6	
9	26	16.5158	3	
9	27	3.42289	1	
9	28	8.15954	2	
9	30	79.3665	17	
9	31	4.63817	1	
9	32	51.955	11	
10	11	29.4417	6	
10	12	42.4904	9	
10	13	2.53466	1	
10	14	21.2663	5	
10	15	64.1911	14	
10	16	43.4432	10	
10	17	39.8336	8	
10	18	24.8566	5	
10	19	10.5511	2	
10	20	30.8533	7	
10	21	8.34121	1	
10	22	27.2973	5	
10	23	22.4751	5	
10	24	19.3687	4	
10	25	7.33235	2	
10	26	32.4146	8	
10	27	21.3281	4	
10	28	7.61125	2	
10	29	29.1603	6	
10	30	71.7075	16	
10	31	19.846	4	
10	32	29.6732	7	
11	12	62.5691	13	
11	13	6.98811	2	
11	14	8.34647	2	
11	15	13.7463	3	
11	16	47.2252	11	
11	17	20.9691	5	
11	18	87.9256	20	
11	19	3.43682	1	
11	20	30.7514	7	
11	21	30.376	6	
11	22	8.87747	2	
11	23	12.4465	2	
11	24	4.98014	1	
11	25	36.7945	8	
11	26	38.1634	8	
11	27	46.968	9	
11	28	66.2036	14	
11	29	7.63867	2	
11	30	14.8087	4	
11	31	20.488	5	
11	32	55.0747	12	
12	13	2.60356	1	
12	14	35.9483	7	
12	15	39.7112	8	
12	16	34.9777	7	
12	17	22.2568	5	
12	18	43.0088	9	
12	19	20.9387	4	
12	20	24.0989	5	
12	21	58.8481	13	
12	22	29.0337	7	
12	23	41.5689	8	
12	24	21.2608	5	
12	25	12.6189	3	
12	26	13.7111	3	
12	27	35.4046	7	
12	28	19.2063	4	
12	29	32.8343	7	
12	30	18.5814	4	
12	31	25.5835	5	
12	32	70.826	14	
13	14	29.021	7	
13	15	38.4557	8	
13	17	21.5343	5	
13	18	46.004	11	
13	20	15.931	4	
13	21	30.1944	7	
13	22	54.753	13	
13	23	32.3562	6	
13	24	7.73003	2	
13	25	23.6698	5	
13	27	18.3514	4	
13	28	11.3097	3	
13	29	24.2715	5	
13	30	4.11724	1	
13	31	2.71909	1	
13	32	5.69931	1	
14	15	10.2919	2	
14	16	20.7231	4	
14	17	22.2502	4	
14	18	13.0684	3	
14	19	20.6769	4	
14	20	18.4857	5	
14	21	15.4298	3	
14	22	16.3273	4	
14	23	22.2119	5	
14	24	35.353	7	
14	25	7.35323	2	
14	26	62.7642	12	
14	27	2.80733	1	
14	28	28.0187	5	
14	30	26.2717	6	
14	32	25.5403	5	
15	16	18.8355	4	
15	17	60.4761	13	
15	18	42.8264	10	
15	20	18.8139	4	
15	21	4.75867	1	
15	22	6.38534	2	
15	23	25.6577	5	
15	24	29.7748	7	
15	25	46.1993	10	
15	26	8.09578	2	
15	27	4.79066	1	
15	28	61.7117	14	
15	29	5.44849	1	
15	30	20.7273	5	
15	31	8.24057	2	
15	32	15.7567	3	
16	18	43.7936	9	
16	19	4.28284	1	
16	20	26.1811	5	
16	21	34.8124	7	
16	22	22.1027	5	
16	23	6.42253	2	
16	25	34.1299	7	
16	26	50.9276	10	
16	27	43.4615	9	
16	28	13.2555	3	
16	29	10.8594	2	
16	30	25.6589	5	
16	31	17.6918	4	
16	32	2.96	1	
17	18	32.3319	7	
17	19	12.6217	3	
17	20	18.5207	4	
17	21	17.5423	4	
17	22	33.6593	7	
17	24	28.0564	6	
17	25	4.79384	1	
17	26	14.0416	3	
17	27	22.4081	4	
17	28	12.0833	2	
17	29	37.7189	8	
17	30	31.8662	8	
17	32	7.68755	2	
18	19	38.8935	9	
18	20	67.6264	16	
18	21	28.7316	6	
18	22	6.98287	2	
18	23	13.9618	3	
18	24	26.8424	5	
18	25	29.8939	7	
18	26	35.0191	8	
18	27	17.1475	4	
18	28	25.011	6	
18	29	4.28282	1	
18	30	48.0396	11	
18	31	14.8865	4	
18	32	33.2091	8	
19	20	5.71731	1	
19	21	33.8559	8	
19	22	22.8163	5	
19	23	22.5615	5	
19	24	6.56406	2	
19	25	27.4554	6	
19	28	44.1034	9	
19	29	18.3867	4	
19	30	13.9638	3	
19	31	10.5192	2	
19	32	33.6803	7	
20	21	36.4873	9	
20	22	2.77499	1	
20	23	13.5676	3	
20	24	42.1049	9	
20	25	4.79028	1	
20	26	9.7637	2	
20	27	22.5396	5	
20	28	5.56064	1	
20	29	2.71288	1	
20	30	19.8242	4	
20	32	14.1724	3	
21	22	49.1405	11	
21	23	7.62574	1	
21	24	8.12071	2	
21	25	5.13461	1	
21	26	36.8143	8	
21	27	43.4702	10	
21	28	11.4367	2	
21	29	14.4009	3	
21	30	12.4097	3	
21	31	27.6927	6	
21	32	75.5579	16	
22	23	20.4332	4	
22	24	5.45557	1	
22	25	12.8551	4	
22	26	11.0759	3	
22	27	22.5365	5	
22	28	35.0175	7	
22	29	24.4276	5	
22	30	2.84362	1	
22	31	16.7113	4	
22	32	44.3409	9	
23	24	18.1517	4	
23	25	4.47562	1	
23	26	12.6252	3	
23	28	36.9227	8	
23	29	20.1498	4	
23	30	21.7487	5	
23	31	16.0405	3	
23	32	18.0179	4	
24	25	32.5099	7	
24	26	44.8395	9	
24	28	16.9865	4	
24	29	12.3413	3	
24	30	14.2384	3	
24	31	6.14356	2	
24	32	8.03729	2	
25	26	52.7092	12	
25	27	29.5988	6	
25	28	11.0323	2	
25	29	5.06139	1	
25	30	13.5512	3	
25	32	14.3145	3	
26	27	36.7491	8	
26	28	51.6303	11	
26	29	15.7745	3	
26	30	37.3241	8	
26	32	45.0216	10	
27	28	17.3821	4	
27	32	19.0647	4	
28	29	8.18406	2	
28	30	60.7875	13	
28	31	5.43873	1	
28	32	23.0881	5	
29	30	39.0986	9	
29	32	6.78648	1	
30	31	5.69351	1	
30	32	50.0282	11	
31	32	27.9821	6	
