0	1	45.6113	10	
0	2	11.9135	2	
0	4	10.6477	2	
0	5	50.583	11	
0	6	15.3238	4	
0	7	6.63378	2	
0	9	4.35585	1	
0	10	7.93931	2	
0	11	19.4139	5	
0	12	9.51903	2	
0	13	2.86574	1	
0	14	34.1131	7	
0	16	12.6062	3	
0	17	36.9444	9	
0	18	10.9018	2	
0	19	21.3602	5	
0	20	18.5716	4	
0	21	40.4018	9	
0	22	2.32397	1	
0	23	3.36438	1	
0	24	4.09695	1	
0	25	15.8961	4	
0	26	13.0124	3	
0	27	4.33922	1	
0	28	9.27221	2	
0	29	5.48052	1	
0	30	4.38323	1	
0	32	6.7985	2	
0	33	22.5025	4	
0	34	6.0925	2	
0	35	25.55	5	
0	36	31.7471	7	
0	37	24.3073	5	
0	38	3.14542	1	
0	39	3.59098	1	
1	2	8.83602	2	
1	3	16.4132	4	
1	4	26.6796	7	
1	5	25.562	5	
1	7	33.971	7	
1	8	18.8767	5	
1	9	3.59525	1	
1	11	38.8497	9	
1	12	28.7868	5	
1	13	23.0289	5	
1	14	12.6971	3	
1	15	16.3194	4	
1	17	9.04096	2	
1	18	8.77107	1	
1	19	39.6608	9	
1	20	18.767	5	
1	21	27.8645	6	
1	22	2.43155	1	
1	23	12.2185	3	
1	24	22.4781	5	
1	25	5.2013	1	
1	26	24.5392	5	
1	27	15.4194	3	
1	28	6.9234	1	
1	29	15.192	3	
1	30	69.7397	14	
1	32	26.9727	6	
1	35	8.77678	2	
1	36	37.0508	9	
1	37	14.5858	4	
1	39	18.1745	4	
2	3	34.948	7	
2	4	7.64337	2	
2	5	5.60421	1	
2	6	8.41253	2	
2	7	39.0324	8	
2	8	15.5895	4	
2	9	45.5843	9	
2	10	22.2049	5	
2	11	19.2334	4	
2	12	17.7821	4	
2	13	5.7938	1	
2	14	2.9064	1	
2	15	6.92904	2	
2	16	22.0745	5	
2	18	55.7586	11	
2	19	22.7427	5	
2	20	19.8041	4	
2	21	77.05	17	
2	22	40.5763	9	
2	23	9.66428	2	
2	24	10.5672	2	
2	25	5.85488	1	
2	26	17.4501	4	
2	27	25.7948	5	
2	28	28.1823	6	
2	29	19.8158	3	
2	30	15.4164	4	
2	31	15.8621	4	
2	32	84.8862	18	
2	33	14.2372	3	
2	34	26.2323	6	
2	35	4.50653	1	
2	37	59.6701	13	
2	38	36.5859	7	
3	5	9.85953	2	
3	6	26.8735	6	
3	7	55.6765	12	
3	9	2.16597	1	
3	10	41.4761	9	
3	11	20.362	5	
3	13	12.7661	3	
3	16	10.7205	3	
3	18	4.26372	1	
3	19	38.1336	8	
3	20	38.8066	7	
3	21	27.4575	6	
3	22	13.5842	3	
3	23	60.9639	14	
3	24	8.22359	2	
3	25	29.3073	7	
3	26	5.20265	1	
3	27	3.24567	1	
3	28	11.4246	3	
3	29	4.1585	1	
3	30	9.71272	2	
3	31	9.34379	2	
3	32	5.36648	1	
3	33	16.4872	4	
3	34	2.6944	1	
3	35	29.1883	6	
3	36	45.8461	12	
3	38	21.5926	5	
3	39	8.11934	2	
4	6	13.8103	3	
4	7	51.43	12	
4	8	5.57972	1	
4	9	5.74876	1	
4	10	8.92996	2	
4	11	34.6863	7	
4	12	78.8928	16	
4	13	6.46797	1	
4	14	12.932	4	
4	17	2.63922	1	
4	18	3.59656	1	
4	19	23.9995	5	
4	20	28.7914	7	
4	21	4.1083	1	
4	22	26.1438	5	
4	24	34.5591	8	
4	25	4.56562	1	
4	26	8.76461	2	
4	27	35.6955	7	
4	28	6.15873	1	
4	29	47.2288	10	
4	30	34.9686	7	
4	31	44.1771	11	
4	32	27.6207	6	
4	33	64.976	14	
4	34	27.524	6	
4	35	6.03657	1	
4	36	31.6691	7	
4	37	28.1408	6	
4	38	47.5106	12	
4	39	33.0542	7	
5	6	7.40843	2	
5	7	41.6835	8	
5	8	3.48833	1	
5	9	5.45631	1	
5	10	5.81688	1	
5	11	3.32227	1	
5	12	16.2306	3	
5	13	3.70738	1	
5	14	28.5757	6	
5	15	24.2552	6	
5	16	11.0483	3	
5	17	5.09196	1	
5	18	7.04438	2	
5	19	33.9674	7	
5	21	12.6248	3	
5	22	29.9912	6	
5	23	5.2109	1	
5	24	35.118	7	
5	25	21.2058	4	
5	26	48.3295	10	
5	27	51.1213	12	
5	28	30.112	6	
5	29	22.6773	5	
5	30	30.9605	6	
5	31	14.9581	3	
5	32	32.4494	7	
5	33	24.1832	5	
5	34	50.9426	10	
5	35	11.8301	3	
5	36	32.8571	7	
5	38	8.6164	2	
5	39	21.3801	5	
6	7	15.1695	3	
6	8	15.0766	3	
6	9	13.0022	3	
6	10	27.2999	6	
6	11	51.2692	11	
6	12	17.1931	4	
6	13	13.5586	3	
6	15	15.5242	3	
6	16	2.3514	1	
6	17	5.60678	1	
6	18	11.2383	3	
6	19	34.165	8	
6	20	24.8183	5	
6	21	4.76965	1	
6	22	29.4905	6	
6	24	4.31194	1	
6	26	9.39609	2	
6	27	11.7664	3	
6	28	21.2753	4	
6	29	5.85728	1	
6	30	19.9121	5	
6	31	26.4297	6	
6	32	20.578	5	
6	34	45.1072	9	
6	35	15.8144	3	
6	38	29.916	7	
6	39	21.8006	5	
7	8	10.6366	3	
7	9	6.6968	2	
7	10	2.13911	1	
7	11	47.853	10	
7	12	48.347	10	
7	13	4.45854	1	
7	15	3.65696	1	
7	16	14.1637	3	
7	18	41.8145	9	
7	19	13.8813	4	
7	20	24.9427	5	
7	21	70.3418	15	
7	22	25.9647	5	
7	23	25.0077	5	
7	24	43.3278	10	
7	25	9.3769	2	
7	26	42.4486	8	
7	27	4.27348	1	
7	29	36.9725	7	
7	30	29.5996	7	
7	31	28.7968	6	
7	32	6.75146	1	
7	33	38.2359	9	
7	34	6.68579	1	
7	35	24.6233	6	
7	36	56.9514	11	
7	37	9.0889	2	
7	38	25.8302	5	
7	39	8.2072	2	
8	9	5.21247	1	
8	10	2.15993	1	
8	11	26.6768	5	
8	12	3.15319	1	
8	13	6.07961	1	
8	17	29.7282	6	
8	18	10.6946	2	
8	19	34.3053	7	
8	20	29.8137	6	
8	21	30.5758	6	
8	22	16.9825	4	
8	24	6.50367	1	
8	25	19.7993	4	
8	26	22.0515	5	
8	28	9.74583	2	
8	29	5.38901	1	
8	30	34.8382	8	
8	31	24.1468	6	
8	32	13.6759	3	
8	34	4.49918	1	
8	35	21.3371	5	
8	36	4.54579	1	
8	37	25.7977	6	
8	38	26.3948	5	
8	39	16.088	4	
9	10	2.21604	1	
9	12	16.1688	3	
9	13	15.0714	4	
9	14	14.1422	3	
9	15	17.8501	4	
9	16	3.28638	1	
9	17	46.7198	10	
9	18	2.3107	1	
9	19	15.8057	4	
9	20	7.36716	2	
9	21	5.45523	1	
9	22	25.1743	6	
9	23	28.8527	6	
9	24	33.5179	7	
9	25	16.4843	4	
9	26	57.0207	13	
9	27	16.2126	4	
9	28	2.78573	1	
9	29	24.5269	6	
9	30	48.4788	11	
9	31	17.1076	3	
9	32	52.3833	12	
9	34	47.7384	10	
9	35	4.90743	1	
9	36	9.83774	2	
9	38	16.9795	4	
9	39	3.25271	1	
10	11	2.11792	1	
10	12	23.8604	6	
10	13	4.80762	1	
10	14	18.6456	4	
10	15	4.24847	1	
10	16	22.9462	5	
10	18	2.88338	1	
10	19	10.5444	3	
10	21	24.0111	5	
10	22	63.1815	13	
10	23	37.3401	8	
10	24	30.1869	6	
10	26	4.33416	1	
10	27	23.1996	5	
10	28	21.2074	4	
10	31	31.2075	6	
10	32	28.8068	6	
10	33	5.78091	1	
10	35	2.52232	1	
10	36	29.3303	7	
10	38	9.29942	2	
10	39	8.04983	2	
11	12	15.1237	3	
11	13	9.8288	3	
11	14	30.7993	7	
11	16	24.4353	6	
11	17	14.107	4	
11	18	10.615	2	
11	19	6.60301	2	
11	20	11.1091	3	
11	21	45.2164	9	
11	22	56.1847	12	
11	23	46.3209	10	
11	24	7.71793	2	
11	26	16.3344	3	
11	27	29.7561	7	
11	28	23.7573	5	
11	29	45.8995	10	
11	30	19.5667	5	
11	31	26.2116	6	
11	32	9.78936	2	
11	33	9.79512	2	
11	34	20.177	4	
11	35	11.4601	3	
11	36	25.3093	6	
11	37	44.8651	10	
11	38	38.3672	8	
11	39	27.2484	6	
12	13	25.9088	5	
12	15	33.2908	7	
12	16	4.89114	1	
12	17	6.01842	1	
12	18	28.902	6	
12	19	35.4276	8	
12	20	7.90281	2	
12	21	14.6203	3	
12	22	69.4324	14	
12	23	23.0026	5	
12	24	6.29931	1	
12	25	4.71458	1	
12	26	17.6452	4	
12	27	27.9826	6	
12	28	5.66309	1	
12	29	8.58629	2	
12	30	74.0676	15	
12	31	22.228	4	
12	32	25.7236	6	
12	33	12.1443	3	
12	34	6.99566	1	
12	35	8.78709	2	
12	36	4.9741	1	
12	39	17.7211	4	
13	15	25.0072	6	
13	17	25.2591	5	
13	18	25.569	5	
13	19	4.86768	1	
13	20	30.5729	7	
13	21	32.649	7	
13	23	25.7764	5	
13	24	20.8988	5	
13	25	4.4039	1	
13	26	7.79351	2	
13	27	2.69984	1	
13	28	26.1424	6	
13	29	5.47904	1	
13	30	12.6522	3	
13	31	32.2512	7	
13	32	31.0241	7	
13	33	18.1393	4	
13	34	4.05272	1	
13	35	30.8993	7	
13	36	14.9291	4	
13	38	30.8771	6	
13	39	9.21735	2	
14	16	17.6659	5	
14	18	4.18445	1	
14	19	25.3976	6	
14	20	12.1077	3	
14	21	12.0331	2	
14	22	10.0196	2	
14	23	20.9162	4	
14	24	37.9861	8	
14	25	7.65412	2	
14	26	29.5115	7	
14	27	8.22032	2	
14	28	6.40118	1	
14	30	14.9674	3	
14	31	20.3198	4	
14	32	18.7479	4	
14	34	24.0969	5	
14	35	28.0964	6	
14	36	73.5689	17	
14	37	10.7254	3	
14	38	10.3311	2	
14	39	27.396	6	
15	17	29.7061	7	
15	18	3.04084	1	
15	19	4.60957	1	
15	20	2.67601	1	
15	21	2.35195	1	
15	22	16.417	3	
15	23	23.4024	5	
15	24	17.139	4	
15	25	3.86756	1	
15	26	4.60586	1	
15	27	4.24252	1	
15	29	23.4734	5	
15	30	4.79004	1	
15	31	2.51589	1	
15	32	43.6711	9	
15	33	37.1806	8	
15	34	32.6272	7	
15	35	13.1732	3	
15	37	11.0415	3	
15	39	8.73149	2	
16	18	3.73093	1	
16	19	10.8604	3	
16	21	13.6444	3	
16	22	5.12822	1	
16	23	37.4545	8	
16	24	60.7698	12	
16	25	17.8436	4	
16	26	3.65423	1	
16	27	14.3927	4	
16	30	49.6014	10	
16	32	23.1423	5	
16	34	7.31097	2	
16	35	30.3949	6	
16	36	1.80749	1	
16	37	26.4287	6	
16	38	23.6362	5	
16	39	22.2886	5	
17	18	2.61867	1	
17	19	21.4601	5	
17	20	26.7642	6	
17	21	4.6576	1	
17	22	2.65721	1	
17	23	2.59688	1	
17	24	4.93788	1	
17	26	3.38539	1	
17	27	24.3064	5	
17	28	15.3196	4	
17	29	20.1135	4	
17	30	42.4369	9	
17	31	32.8398	7	
17	32	19.143	4	
17	33	30.5806	7	
17	34	8.29619	3	
17	35	19.107	4	
17	36	5.59071	1	
17	37	4.52604	1	
17	38	2.37387	1	
17	39	8.7887	2	
18	19	15.7772	4	
18	20	24.656	5	
18	21	44.0042	9	
18	22	4.77766	1	
18	24	30.4234	7	
18	25	3.15277	1	
18	26	66.924	15	
18	27	41.9037	9	
18	28	23.8962	5	
18	29	28.131	5	
18	30	3.37788	1	
18	31	24.1717	5	
18	32	55.2221	12	
18	33	13.3703	3	
18	34	3.58217	1	
18	35	40.2049	8	
18	36	26.7592	6	
18	37	35.877	8	
18	38	61.1056	13	
18	39	98.0502	20	
19	21	29.7266	7	
19	22	70.8384	15	
19	23	34.3249	9	
19	24	51.2876	11	
19	25	18.4113	4	
19	26	32.9869	7	
19	27	22.2291	5	
19	28	3.08919	1	
19	29	38.5965	9	
19	30	76.9269	17	
19	31	33.688	7	
19	32	22.388	5	
19	33	23.0282	5	
19	34	24.5315	5	
19	35	64.6951	15	
19	36	4.6078	1	
19	37	51.2102	11	
19	38	48.7142	11	
19	39	26.4154	5	
20	21	6.46727	2	
20	22	16.8962	4	
20	24	7.15532	2	
20	25	18.1425	4	
20	26	3.06411	1	
20	27	6.16123	1	
20	28	27.263	5	
20	29	36.7883	8	
20	30	49.6787	10	
20	31	6.83809	2	
20	32	6.75455	1	
20	33	16.5191	4	
20	34	25.2606	6	
20	36	10.2091	2	
20	38	37.1269	7	
20	39	21.3146	5	
21	22	19.9455	4	
21	23	23.1256	4	
21	24	32.7051	7	
21	25	3.08468	1	
21	26	33.3265	7	
21	27	8.93505	2	
21	28	3.7727	1	
21	29	31.5589	6	
21	30	55.3897	12	
21	31	35.3189	8	
21	32	67.3296	15	
21	33	29.3765	7	
21	34	23.3962	5	
21	35	18.3446	4	
21	36	38.3179	9	
21	37	23.1609	4	
21	38	12.3195	3	
21	39	11.6664	2	
22	23	5.51572	1	
22	24	24.7498	5	
22	25	12.2979	3	
22	26	9.42071	2	
22	27	20.5689	5	
22	28	47.2166	11	
22	29	58.0598	13	
22	30	20.2643	5	
22	31	48.5263	10	
22	32	58.74	13	
22	33	6.13884	1	
22	34	4.037	1	
22	35	11.3592	3	
22	36	21.0294	4	
22	37	40.7049	9	
22	38	59.2669	13	
22	39	47.3629	11	
23	24	47.3231	10	
23	26	9.71969	2	
23	27	44.2478	10	
23	28	48.7651	10	
23	29	22.7808	5	
23	30	62.6104	14	
23	31	14.6534	3	
23	32	26.0348	5	
23	33	9.65212	2	
23	34	5.78398	1	
23	35	4.90247	1	
23	36	16.901	4	
23	37	2.77292	1	
23	38	29.0327	6	
23	39	9.74939	2	
24	25	42.9696	9	
24	26	29.1841	6	
24	27	23.7341	5	
24	28	6.83595	1	
24	29	32.7145	7	
24	30	48.8272	10	
24	31	39.6002	8	
24	32	41.748	9	
24	33	22.3827	5	
24	34	4.81413	1	
24	35	13.5176	3	
24	36	29.5005	6	
24	37	17.0723	5	
24	38	8.04956	2	
24	39	34.4314	7	
25	26	4.87188	1	
25	27	4.71232	1	
25	28	3.97136	1	
25	29	22.2043	5	
25	30	66.8363	14	
25	31	9.74964	3	
25	32	22.4037	5	
25	33	13.1699	3	
25	34	17.5978	3	
25	35	27.2676	6	
25	36	10.6949	2	
25	38	44.5965	9	
25	39	8.56793	2	
26	28	5.25044	1	
26	29	18.0233	4	
26	30	39.3249	9	
26	31	44.4108	9	
26	32	50.8774	11	
26	33	12.0525	3	
26	34	39.734	8	
26	35	55.7719	12	
26	36	39.2064	9	
26	37	12.2527	3	
26	38	50.9637	11	
26	39	28.6478	7	
27	28	16.6425	3	
27	29	46.3888	10	
27	30	55.427	12	
27	31	46.7527	10	
27	32	38.2992	8	
27	33	14.1201	4	
27	34	8.82126	2	
27	35	37.6465	8	
27	36	37.073	8	
27	37	6.73173	1	
27	38	27.7942	7	
27	39	34.2236	6	
28	29	61.5628	12	
28	30	54.4537	11	
28	31	7.58536	2	
28	32	5.79711	1	
28	33	28.3504	5	
28	34	24.0821	5	
28	35	5.46528	1	
28	36	32.9869	8	
28	37	34.9125	8	
28	38	42.8492	9	
28	39	52.6786	11	
29	30	79.303	16	
29	31	12.2365	3	
29	32	52.1688	11	
29	33	29.9287	6	
29	34	5.9765	1	
29	35	35.3564	7	
29	36	8.82161	2	
29	37	25.1824	5	
29	38	38.3517	8	
29	39	30.0139	6	
30	31	34.4975	9	
30	32	35.4475	8	
30	33	23.8354	5	
30	34	39.9328	9	
30	35	68.3349	15	
30	36	19.9843	5	
30	37	17.5086	4	
30	38	25.6441	5	
30	39	47.5172	10	
31	32	61.213	13	
31	33	21.4134	5	
31	35	23.4258	5	
31	36	27.5981	6	
31	37	2.10878	1	
31	38	24.6723	5	
31	39	16.3908	3	
32	33	10.1516	2	
32	34	14.9845	3	
32	35	9.99484	2	
32	36	23.202	6	
32	37	54.4634	11	
32	38	67.0202	14	
32	39	35.684	8	
33	34	9.9974	2	
33	35	68.2267	15	
33	36	11.7055	2	
33	37	47.3568	10	
33	38	39.4656	9	
33	39	50.9497	11	
34	35	32.5857	7	
34	36	4.34707	1	
34	37	24.4698	5	
34	38	10.3561	2	
34	39	24.325	5	
35	36	5.4318	1	
35	38	43.6354	9	
35	39	73.9466	16	
36	37	4.86365	1	
36	38	3.16018	1	
36	39	9.72497	2	
37	38	71.3184	14	
37	39	38.9191	8	
38	39	5.78129	2	
