480 1 66 577 740 358 615 490 956 1264 562 600 636 
32 33 134 135 1159 105 138 811 1097 45 49 57 831 
2 34 133 645 41 1162 108 141 46 111 177 18 88 
3 1169 530 793 420 678 167 551 1192 55 823 702 1113 477 866 871 1130 619 1265 1138 
1285 262 903 391 534 1176 929 1077 693 1098 719 721 1108 470 475 736 612 869 1008 115 1269 1143 120 249 
1026 514 393 1177 927 415 417 292 1064 556 564 1079 314 699 581 582 598 344 728 995 1125 238 1013 
99 4 933 71 618 15 980 85 920 56 91 28 30 
512 775 1044 161 548 1069 312 833 1090 585 337 593 597 858 1121 739 239 371 756 373 1274 
1030 647 654 526 23 538 1053 414 936 962 972 333 595 853 1120 487 1129 876 1141 379 1020 
5 652 653 681 298 169 306 438 570 445 580 714 203 602 474 110 751 380 125 
96 67 36 6 8 651 655 17 341 22 54 25 
225 1058 326 7 472 1003 1036 207 431 435 405 87 376 123 735 
1280 646 522 660 666 284 928 931 302 815 968 982 863 231 235 881 244 501 630 509 
1154 1037 271 1167 146 792 921 542 546 937 688 563 441 571 704 320 448 89 758 246 
259 263 1163 1168 1174 817 1074 947 305 829 197 584 587 1227 218 349 746 363 109 639 
258 9 137 656 529 1047 281 289 419 547 175 316 74 211 340 375 365 493 503 
68 10 362 396 13 14 47 625 1202 51 724 121 
1288 916 408 798 1183 554 939 560 569 1081 955 837 1223 840 590 720 867 103 1133 497 1268 
128 608 101 102 72 75 11 205 268 180 1205 150 983 63 
910 911 1180 157 1057 422 299 300 1197 1201 1075 1210 58 444 1211 1086 321 963 325 970 1229 1233 993 613 508 
1161 1035 12 783 531 406 664 153 282 545 1061 166 810 683 1209 954 458 854 856 1243 1116 868 1004 237 245 250 893 
1281 1033 1294 274 789 790 1050 1052 413 1194 429 824 313 318 1087 711 601 987 989 996 747 498 502 631 
764 1287 1040 1041 794 668 1189 808 301 565 185 1215 69 479 870 744 1014 761 892 
1031 657 155 1278 1191 40 1070 432 701 830 709 199 1096 839 974 213 95 1000 616 883 372 629 1147 638 
1091 70 1095 264 1257 650 715 1260 588 1084 847 1002 594 1242 604 
643 260 909 275 788 533 1048 409 796 677 1214 838 329 465 223 234 749 763 252 894 767 
675 1027 1092 573 324 904 713 684 16 722 220 1149 759 1080 124 925 382 
640 1249 802 256 770 1160 204 877 1005 748 752 849 690 940 1016 634 1148 1277 
801 611 644 1253 1254 1226 107 427 1134 1166 977 786 311 826 285 670 
1024 902 394 907 147 663 1065 1195 434 959 193 454 731 861 93 478 873 368 496 511 
19 662 674 1059 804 48 822 957 976 855 1115 732 482 356 1261 251 1137 1275 1023 
1284 1164 20 536 539 421 426 836 1100 1241 1117 865 1250 104 885 1142 1015 1270 378 
257 898 390 524 550 39 296 938 558 440 443 60 192 583 456 455 76 737 248 
483 38 905 843 463 1200 596 53 24 345 90 635 61 
98 387 37 136 397 112 336 21 310 535 216 122 381 191 
1088 236 975 304 243 1140 118 698 26 159 
525 1293 527 784 1296 402 1188 168 816 948 952 442 707 835 592 214 1251 1127 1128 632 
1156 392 140 27 164 424 809 942 818 1222 973 1105 466 84 1110 984 1240 354 1255 1259 240 1266 500 
768 1165 1049 926 1071 827 828 572 62 343 1114 603 733 355 486 875 1135 495 377 891 
771 389 523 151 290 941 944 697 1085 718 215 606 607 610 872 745 494 879 367 1144 
64 227 228 485 1060 967 293 82 52 599 59 29 287 
515 648 649 1292 1171 541 1181 170 813 686 1212 966 841 589 857 217 348 1122 633 1267 887 889 637 
930 1221 230 327 173 430 144 83 212 1173 182 247 1083 31 
291 388 200 425 328 1196 461 557 462 366 369 242 210 725 791 476 189 351 
1032 267 658 1298 276 1054 1190 1066 695 190 961 79 468 981 864 100 998 626 754 886 
224 672 35 520 42 43 1291 50 254 186 92 253 158 
1152 782 399 154 412 669 1193 44 689 179 181 1208 1213 1216 194 578 834 450 1232 97 481 488 241 
576 1025 1219 516 549 452 777 781 270 1039 1198 1295 1139 404 1109 888 317 446 
642 518 1290 148 277 1185 932 295 428 945 820 319 1218 708 717 845 86 727 734 1248 1124 1263 757 1273 1019 1022 
1286 912 1043 1175 895 1179 286 803 1067 559 178 1204 308 566 825 187 964 1224 726 859 353 361 624 1012 1021 127 
897 1038 924 935 552 943 687 700 449 457 1228 1104 1106 342 1112 986 988 94 874 620 1009 627 507 
769 772 265 922 1051 1182 671 1186 315 712 1099 77 978 852 350 991 992 1262 765 1279 
1283 1157 1034 779 906 528 665 411 544 1056 800 423 553 555 819 953 1082 1093 467 1235 851 994 1136 117 
1153 453 774 969 106 1001 266 844 1199 400 561 506 370 436 1073 407 890 575 
776 1170 532 795 163 691 832 1220 331 334 1231 209 1234 1236 352 484 1256 1011 374 
1172 661 1046 1062 806 934 1063 812 303 176 307 958 1089 1094 1103 469 729 1132 1007 760 
384 641 1155 395 915 1178 667 156 171 172 1203 1207 960 65 710 850 1107 471 1006 
513 900 517 273 403 1300 805 946 692 842 971 1102 1230 208 464 233 489 491 621 499 504 1018 
418 706 386 261 229 201 269 206 113 119 309 437 567 918 188 1151 
129 521 659 1299 919 279 416 297 1078 439 951 574 451 965 1246 738 741 997 743 360 492 882 116 1272 
609 1282 1126 807 999 537 174 272 433 1072 628 473 
385 226 165 73 330 332 78 145 401 339 913 152 1119 410 222 126 255 
896 899 132 778 1042 787 288 1068 685 949 694 703 1225 979 219 860 1244 1118 617 1010 
1217 162 131 195 196 294 364 623 80 114 149 183 1017 283 510 383 
773 1029 1289 139 398 785 914 917 1045 923 540 950 696 447 848 81 1237 1238 985 605 762 742 755 1146 1276 
130 1028 543 160 1184 676 1076 322 846 338 1245 990 1247 862 1123 1252 357 232 1258 884 
519 1297 278 673 682 821 1206 568 705 579 323 198 586 716 347 614 750 753 505 
1187 901 359 680 797 1131 780 460 1101 143 335 880 184 221 766 799 
1158 908 142 280 1055 679 814 202 459 591 723 1239 1111 346 730 878 622 1271 1145 1150 
