#module 0 size: 47 bs: 2.64703e-05
42 68 113 122 161 223 249 256 264 288 299 309 328 359 365 367 368 412 420 424 450 458 463 481 489 493 511 521 549 617 642 646 752 786 793 843 848 866 867 939 964 1004 1012 1031 1048 1056 1066 
#module 1 size: 66 bs: 0.000498422
15 98 108 142 163 180 192 200 273 283 287 289 313 321 322 334 341 357 381 402 421 424 460 502 539 540 542 571 599 608 625 627 628 629 664 665 686 691 700 728 748 769 772 800 829 855 862 864 884 891 897 935 950 971 978 986 993 998 1006 1017 1046 1047 1063 1076 1084 1100 
#module 2 size: 104 bs: 0.00045291
1 35 124 132 154 190 209 210 211 227 228 230 240 241 251 263 265 286 292 295 349 355 360 371 400 423 425 426 429 436 437 455 466 479 486 491 501 506 513 514 518 533 535 541 556 563 565 568 577 579 594 604 605 608 614 619 631 638 661 682 696 702 708 713 742 749 752 762 770 785 792 799 810 820 835 841 855 858 866 873 880 885 887 896 923 927 933 940 969 982 997 1014 1019 1023 1037 1042 1050 1052 1054 1068 1072 1073 1085 1091 
#module 3 size: 197 bs: 0.00141589
7 14 18 29 32 36 40 46 55 62 63 65 77 79 86 89 93 99 100 102 105 106 110 119 131 133 152 155 157 158 159 165 171 182 206 208 225 226 227 239 254 255 261 262 266 267 274 277 279 281 283 290 294 304 323 325 335 336 338 342 345 360 363 373 380 387 391 392 404 411 415 432 436 445 455 469 471 472 477 481 485 498 499 504 514 520 522 523 524 525 526 529 534 545 547 548 549 553 555 559 573 580 582 585 590 601 624 626 630 637 640 642 643 647 648 654 657 660 663 667 668 672 675 676 679 684 689 690 692 701 704 712 714 718 721 723 734 735 742 745 749 752 760 764 770 775 779 782 786 793 796 800 801 807 808 809 812 813 816 819 822 828 845 846 850 851 859 877 903 906 909 914 926 930 931 934 941 943 948 953 956 970 971 978 981 996 1002 1007 1021 1059 1062 1063 1075 1083 1087 1088 1094 
#module 4 size: 37 bs: 2.64702e-05
22 50 74 94 97 101 147 148 149 174 187 221 237 297 310 370 377 419 453 579 583 673 728 740 741 763 814 825 851 916 936 952 962 987 999 1077 1096 
#module 5 size: 208 bs: 2.07677e-05
1 13 21 24 48 56 88 103 114 118 121 122 124 126 134 138 141 148 167 170 173 178 181 190 192 193 196 198 199 204 209 211 212 220 229 231 238 240 243 258 261 268 271 277 280 291 295 303 307 312 313 320 327 329 330 348 350 353 355 360 364 366 373 375 382 386 396 397 398 402 405 408 409 410 421 423 432 433 436 437 439 440 441 444 447 448 454 455 457 467 483 490 491 513 522 524 527 535 537 546 562 566 567 568 574 575 583 590 592 634 636 637 641 658 659 668 677 682 683 685 694 708 711 712 713 716 721 724 725 726 728 731 746 747 761 766 770 773 777 778 781 795 797 798 802 805 810 811 820 822 831 834 841 843 847 850 855 856 862 866 870 871 874 879 894 902 907 911 912 917 920 922 951 958 961 963 969 973 977 992 994 995 1005 1006 1008 1015 1016 1020 1023 1028 1030 1033 1037 1038 1039 1049 1053 1056 1058 1067 1068 1071 1079 1080 1083 1091 1092 1098 
#module 6 size: 166 bs: 0.000150731
4 6 41 47 49 53 62 95 103 105 116 136 139 152 158 159 162 165 175 182 186 201 206 216 227 240 242 246 248 252 255 272 274 282 284 295 298 302 307 313 324 325 332 338 344 347 352 356 360 362 373 378 379 380 392 404 415 417 422 426 431 434 452 465 468 484 488 492 498 504 517 529 545 548 555 559 564 573 584 593 598 601 607 609 623 624 626 628 637 640 645 647 649 687 689 690 698 703 704 707 718 725 729 730 734 739 742 756 757 758 764 765 768 779 780 782 786 793 796 802 806 807 808 813 815 817 822 828 833 838 850 858 859 877 890 892 906 915 924 944 945 953 954 958 959 970 971 972 976 978 979 988 989 991 1002 1003 1007 1021 1027 1028 1032 1059 1060 1063 1069 1081 
#module 7 size: 14 bs: 1
2 17 39 57 60 69 80 87 128 207 357 558 837 893 
#module 8 size: 38 bs: 1
5 34 112 137 144 148 151 234 343 376 385 459 472 496 509 519 574 579 604 622 623 670 689 715 743 760 791 817 818 830 840 862 893 1033 1034 1051 1065 1078 
#module 9 size: 24 bs: 1
82 192 197 323 342 383 395 497 502 507 604 753 784 788 827 831 882 949 965 974 985 1034 1044 1070 
#module 10 size: 13 bs: 1
8 11 19 20 26 37 45 54 66 91 129 335 357 
#module 11 size: 32 bs: 1
9 227 244 272 283 361 403 406 443 472 473 482 486 525 531 596 597 652 678 751 760 774 804 822 836 893 894 908 957 994 1014 1081 
#module 12 size: 15 bs: 1
10 31 38 115 169 176 351 397 453 471 550 660 695 749 894 
#module 13 size: 23 bs: 1
43 70 185 188 272 354 426 428 459 471 516 536 574 578 712 803 849 883 899 905 962 980 1045 
#module 14 size: 32 bs: 1
41 139 168 175 218 225 236 252 275 402 449 453 522 589 603 619 657 671 697 762 826 867 899 956 986 987 1001 1013 1014 1018 1055 1066 
#module 15 size: 29 bs: 1
44 73 104 146 153 198 245 247 266 269 293 300 333 394 477 515 532 615 644 688 727 759 794 867 905 953 1036 1042 1061 
#module 16 size: 21 bs: 1
27 107 172 216 278 442 474 478 508 532 554 561 596 611 620 660 669 680 699 705 706 
#module 17 size: 33 bs: 1
71 75 96 117 222 233 308 316 407 459 538 543 550 572 576 595 618 653 701 735 741 789 841 875 889 904 919 947 975 1000 1029 1074 1086 
#module 18 size: 18 bs: 1
111 146 155 177 179 189 191 215 217 270 296 318 339 358 608 649 673 711 
#module 19 size: 14 bs: 1
3 25 28 33 51 83 90 123 143 230 649 798 812 870 
#module 20 size: 39 bs: 1
160 186 224 225 253 276 388 397 500 503 557 570 587 623 639 686 695 737 754 778 787 800 821 824 839 858 860 865 886 929 937 962 967 1011 1020 1057 1074 1093 1099 
#module 21 size: 33 bs: 1
30 145 271 331 386 387 389 438 451 480 532 544 550 557 613 650 651 655 690 691 722 748 763 809 833 869 881 898 910 921 993 1009 1035 
#module 22 size: 15 bs: 1
59 64 78 81 85 109 125 135 226 306 351 378 445 763 1081 
#module 23 size: 28 bs: 1
23 53 140 235 289 297 324 326 340 346 390 456 530 558 586 590 602 616 711 736 854 878 908 978 984 987 992 1040 
#module 24 size: 29 bs: 1
58 72 92 156 159 195 259 297 369 374 520 688 690 716 721 732 755 810 837 843 853 872 918 928 932 968 1048 1083 1089 
#module 25 size: 28 bs: 1
12 92 203 213 232 238 311 337 414 418 427 430 524 528 645 665 681 693 719 720 733 802 868 888 905 956 960 1097 
#module 26 size: 32 bs: 1
68 120 127 168 202 216 219 226 252 285 338 393 401 462 464 470 475 505 610 621 665 668 709 767 870 908 913 990 1042 1064 1074 1090 
#module 27 size: 35 bs: 1
43 76 84 95 151 232 306 315 317 324 325 413 437 461 487 514 552 560 600 656 686 688 695 735 750 832 895 900 901 938 955 960 983 1043 1048 
#module 28 size: 24 bs: 1
183 194 214 351 370 435 512 558 591 620 628 662 741 762 790 820 823 842 943 946 994 1010 1026 1082 
#module 29 size: 32 bs: 1
52 168 232 305 319 384 399 476 494 495 551 569 581 588 596 635 691 738 744 817 820 831 844 852 861 863 876 960 993 1006 1022 1025 
#module 30 size: 31 bs: 1
16 47 67 118 155 164 205 257 260 299 314 372 378 398 416 439 502 583 606 632 645 657 674 742 771 774 783 857 1034 1066 1095 
#module 31 size: 32 bs: 1
61 130 150 166 184 250 301 306 323 432 446 486 510 557 612 633 666 701 710 717 770 774 776 837 899 915 925 942 966 992 1024 1041 
