6 28 75 119 144 147 150 153 158 165 169 171 178 184 193 210 212 223 234 242 253 269 276 279 290 297 311 316 322 338 347 359 360 361 364 374 395 402 408 411 418 419 422 432 443 444 462 466 499 508 521 526 537 545 566 570 574 586 613 627 642 661 679 700 
25 28 48 56 58 65 89 101 129 138 151 162 166 173 190 194 214 231 250 256 292 312 327 334 336 357 372 374 386 397 403 414 424 443 450 451 453 455 458 464 483 484 485 492 509 518 543 544 547 554 559 564 565 602 604 606 611 612 616 622 627 644 646 660 668 671 673 675 682 686 687 691 
4 33 45 58 65 75 83 84 85 98 102 108 113 118 128 131 132 134 135 145 149 151 154 155 156 159 166 169 173 175 178 181 185 189 194 196 204 210 223 232 238 255 259 260 277 281 285 286 287 289 295 299 300 302 313 327 331 335 345 352 353 356 363 367 371 379 387 391 395 396 399 400 402 403 405 406 419 420 427 430 431 446 451 456 457 461 465 466 467 469 470 475 476 489 499 507 515 517 522 523 525 527 529 530 531 535 553 563 568 570 571 572 573 578 586 591 600 601 612 613 621 627 628 629 636 648 650 651 652 654 657 665 669 670 674 680 681 684 686 695 
76 84 130 131 154 174 177 201 210 236 267 278 284 298 362 376 382 390 417 425 433 438 446 448 451 456 460 461 481 486 488 500 531 535 539 540 558 584 596 597 613 635 663 680 692 
85 86 102 118 154 155 166 196 277 287 353 379 396 406 469 515 531 591 627 648 681 
37 95 104 132 144 169 174 220 244 257 271 283 286 301 302 307 352 404 446 462 475 476 525 533 539 552 553 563 576 578 588 591 610 615 617 655 673 
20 33 49 64 81 84 122 131 138 164 257 268 271 279 290 300 306 314 321 347 400 408 425 431 432 475 494 521 538 543 548 580 608 626 640 672 674 677 689 
14 20 28 33 45 47 51 60 64 65 75 81 83 84 86 91 98 101 105 113 118 119 122 127 131 135 138 140 144 145 154 161 164 169 174 189 201 205 218 223 227 238 253 257 264 268 270 271 278 279 282 285 286 289 290 299 300 301 305 306 316 322 327 329 331 347 354 356 358 363 364 366 367 368 371 376 380 384 390 399 400 403 405 406 408 417 418 421 425 431 432 433 435 442 446 456 459 461 465 466 470 472 473 475 488 494 495 498 505 507 508 515 517 521 522 529 535 543 548 561 568 572 573 581 582 584 591 593 597 600 604 605 612 613 615 620 625 626 629 636 640 642 643 651 652 654 657 662 664 666 670 674 677 684 686 688 689 691 
1 16 40 43 75 101 113 119 123 134 152 156 167 175 176 185 187 191 234 242 258 260 270 280 288 313 344 345 348 352 374 384 398 402 414 416 423 431 432 439 457 461 467 480 489 502 512 513 515 523 525 527 534 542 571 589 595 598 616 621 626 628 642 650 654 661 669 670 688 
48 106 115 151 168 173 175 210 228 263 266 291 321 341 342 343 354 379 398 410 412 414 447 456 463 484 488 503 515 549 565 592 599 603 620 624 632 635 636 645 658 661 670 678 680 
10 21 25 27 31 36 48 51 52 54 57 58 61 62 63 69 75 76 79 85 86 98 99 100 102 103 106 108 113 115 116 118 119 130 135 138 144 145 148 151 155 156 157 164 166 168 169 172 173 175 177 182 185 190 196 197 200 210 211 215 217 223 224 228 234 236 238 245 248 249 253 254 260 263 265 266 270 274 275 277 278 284 285 287 289 291 293 295 296 298 299 300 301 307 308 310 313 315 326 330 331 332 334 341 342 343 345 346 352 353 354 356 357 358 362 370 374 375 377 379 380 381 382 395 396 397 398 399 400 402 406 412 414 425 426 431 438 441 443 446 447 448 450 451 452 453 456 457 458 461 462 463 466 467 469 470 471 475 480 481 484 485 486 488 489 490 491 492 494 500 503 506 507 513 514 515 519 523 528 531 534 535 536 539 540 545 546 549 551 555 558 559 562 564 565 567 572 573 575 577 584 589 591 592 594 595 596 598 599 602 603 604 611 613 615 620 621 622 627 628 632 634 636 637 641 642 644 645 646 647 648 650 653 654 658 659 661 663 670 671 673 678 680 681 684 692 693 
19 28 48 68 78 89 97 101 118 137 144 162 163 173 176 187 194 202 214 233 240 256 316 317 344 372 383 392 412 414 425 436 440 444 449 452 455 458 483 485 509 518 525 527 531 544 556 567 604 616 633 656 660 663 668 669 674 675 680 694 
30 88 94 118 128 166 169 186 188 194 199 206 208 235 258 327 333 357 385 406 414 415 424 432 435 436 449 474 497 503 541 550 554 556 604 606 609 623 633 654 665 676 682 688 690 699 
2 3 9 17 24 41 42 43 51 52 58 60 62 71 75 79 80 85 90 91 92 93 94 96 100 101 102 105 107 108 109 110 111 113 114 117 118 119 123 124 127 129 135 138 139 145 147 149 150 155 156 157 158 165 167 171 172 175 176 178 181 183 185 187 194 196 197 200 205 210 211 212 217 218 224 226 227 228 231 234 238 245 246 248 250 252 253 254 256 258 260 262 269 274 277 279 282 285 286 287 288 289 292 294 295 298 299 300 301 305 307 308 310 311 312 313 315 320 326 330 331 334 336 341 343 344 345 348 350 353 354 356 357 358 359 360 366 371 374 377 378 379 382 384 386 389 395 396 397 398 399 400 402 406 411 412 413 414 416 419 422 424 425 431 432 435 438 439 441 443 446 447 448 451 452 457 458 459 464 466 467 468 469 470 473 477 481 488 489 490 491 494 495 498 499 502 503 505 506 507 508 510 511 515 519 523 525 526 528 531 534 535 537 539 542 543 547 551 552 554 555 559 562 566 568 569 570 571 572 573 574 575 577 581 582 584 589 591 593 594 595 601 606 607 613 614 615 616 618 620 621 626 627 628 634 636 637 642 643 645 648 650 653 654 656 659 662 664 667 669 670 673 679 681 682 684 685 687 688 691 693 
25 27 36 48 61 94 108 128 144 173 186 215 289 310 315 346 352 374 385 397 415 435 443 450 451 453 462 463 469 474 484 485 486 492 548 559 564 565 593 602 603 611 622 640 644 646 671 673 677 678 689 
24 41 42 46 58 67 90 109 110 125 128 143 149 166 170 179 181 198 229 272 290 303 314 319 338 360 371 389 394 401 411 444 464 476 493 500 532 543 545 567 568 569 570 583 648 673 700 
25 35 44 69 86 119 132 149 168 216 228 248 255 261 274 303 314 324 328 334 335 340 342 343 374 394 397 398 410 447 452 479 491 500 503 530 534 549 575 584 594 595 611 615 620 636 638 645 649 659 674 683 696 
14 33 47 84 86 99 118 131 138 140 144 161 174 223 253 254 255 257 271 285 316 324 325 326 329 330 335 340 341 358 368 384 397 398 410 421 425 456 486 491 497 500 508 530 538 548 584 585 586 587 591 593 596 611 640 663 677 683 689 692 694 696 697 700 
75 99 128 132 139 170 184 219 229 230 241 251 272 285 303 324 335 340 349 369 393 394 401 410 422 434 476 479 493 500 524 530 532 539 572 579 595 626 631 638 649 652 683 685 696 
13 18 22 25 28 31 34 55 68 72 73 77 78 89 90 94 97 98 99 101 107 111 112 126 128 132 133 137 139 142 149 151 156 162 166 170 171 182 184 194 195 203 207 209 213 214 215 219 221 225 226 229 230 232 234 237 241 251 253 257 260 267 270 275 276 279 296 313 316 318 322 323 325 328 332 338 345 347 349 356 360 369 370 372 375 378 381 389 393 395 400 401 402 411 412 414 422 425 429 431 434 437 440 444 445 452 455 457 458 460 461 466 467 468 470 475 479 483 489 491 493 494 497 508 509 510 516 518 523 524 525 527 531 532 538 543 544 545 567 569 570 571 572 579 585 586 587 589 593 595 604 607 608 609 611 613 615 616 618 619 621 623 624 626 627 628 630 631 635 638 647 648 649 650 660 667 668 669 670 675 676 679 680 681 685 688 690 691 693 697 698 699 
43 69 75 123 135 167 175 176 185 187 194 243 288 289 331 344 348 374 384 398 399 416 435 452 461 470 477 495 502 507 511 525 527 535 542 571 572 573 581 582 589 595 616 620 643 654 661 662 664 670 684 685 688 
11 32 53 66 70 77 99 112 133 271 333 369 393 406 422 434 469 493 524 532 541 579 586 638 685 
23 28 48 56 65 75 77 108 112 129 133 136 151 156 160 170 192 219 229 230 231 234 241 250 251 257 258 260 285 292 295 312 313 327 333 336 338 345 349 357 369 373 386 393 401 402 414 422 424 432 434 452 457 464 466 467 476 478 479 489 493 503 520 523 524 532 547 550 554 557 572 579 595 604 606 621 626 628 631 638 649 650 654 665 670 676 682 685 687 690 699 
5 50 82 92 93 94 96 98 99 119 124 128 147 150 158 165 171 174 175 178 184 190 209 210 212 239 242 243 246 247 267 269 273 293 301 307 311 316 320 327 328 333 337 355 359 361 365 374 377 380 389 395 407 409 412 419 425 428 435 437 451 454 458 460 462 466 469 475 477 482 484 496 499 501 506 508 511 519 526 535 537 539 541 545 552 555 560 561 566 574 590 605 611 614 630 635 639 654 661 665 669 679 685 
12 87 120 141 146 180 264 300 304 316 327 328 337 339 351 365 380 388 435 442 462 472 482 487 503 504 528 532 551 561 567 571 583 593 605 625 634 637 653 666 670 685 691 
91 127 135 175 181 205 227 279 288 301 344 348 366 371 416 435 458 495 498 502 542 571 581 582 595 615 620 636 642 643 662 664 685 691 
45 48 65 69 83 90 94 101 107 111 113 132 139 151 164 166 173 181 189 209 210 215 223 226 250 266 292 295 300 320 327 343 349 363 367 371 378 386 389 395 402 403 405 406 422 457 465 466 468 489 508 510 517 522 523 525 529 531 535 552 554 569 571 572 600 607 612 614 615 618 620 621 626 628 629 642 645 651 652 657 667 686 687 688 691 693 
10 21 25 28 31 33 35 37 44 45 54 57 58 63 69 71 76 80 84 86 95 98 103 104 108 114 116 117 119 130 131 132 144 148 149 151 154 156 166 168 169 171 175 177 181 182 183 201 209 216 220 228 236 242 244 247 248 249 252 255 256 258 260 261 262 263 265 266 270 271 274 275 278 283 284 286 288 294 295 296 300 301 302 312 313 324 328 332 334 335 340 342 345 350 354 356 362 370 374 375 376 379 380 381 384 390 395 397 398 401 402 404 410 413 417 423 425 426 431 433 446 447 451 452 453 454 456 457 461 463 467 471 476 486 488 489 491 500 503 514 523 527 530 531 533 534 535 536 539 540 544 545 546 549 553 558 560 563 567 568 575 576 578 584 586 588 589 590 592 594 595 596 597 599 603 604 610 611 613 615 617 620 621 622 628 632 636 639 641 644 645 648 650 652 654 655 658 659 661 663 665 670 671 673 674 678 680 683 691 692 696 
28 33 37 51 60 65 71 76 80 84 95 104 105 114 117 119 130 131 132 144 154 169 174 177 183 201 203 218 220 223 236 242 244 252 257 258 262 270 271 278 279 282 283 284 285 286 294 301 302 305 307 350 352 354 356 362 376 384 390 398 404 413 417 422 433 446 451 456 459 461 462 466 473 475 476 486 488 494 505 515 525 533 535 539 540 543 553 558 563 568 576 578 580 588 591 595 596 597 604 610 613 615 617 620 624 655 663 673 674 680 691 692 
41 51 60 84 94 101 105 119 131 139 212 218 223 226 282 286 305 311 378 384 389 395 398 419 422 431 459 473 494 505 510 531 537 569 574 591 593 607 615 618 667 673 688 
94 119 144 147 149 150 158 165 171 174 178 184 212 226 242 252 269 294 311 316 350 359 361 374 376 395 400 413 417 419 425 433 462 466 468 499 503 526 535 537 548 566 574 613 620 626 640 667 669 677 679 695 700 
25 28 48 56 58 65 129 135 138 145 151 166 181 190 194 231 238 248 250 253 256 257 272 289 292 294 295 299 303 312 314 319 331 334 336 350 357 386 394 397 399 400 413 424 443 464 470 476 484 507 522 534 543 547 554 571 573 575 591 600 606 611 612 620 627 629 651 659 682 684 687 691 700 
5 25 33 50 82 84 92 93 96 98 99 101 124 128 131 171 175 184 190 209 239 243 246 247 273 293 301 307 320 328 333 355 377 407 409 412 425 428 432 435 437 451 454 458 466 475 477 484 488 496 501 506 508 511 519 533 539 541 552 555 560 590 614 630 639 654 665 667 685 700 
7 45 69 78 113 118 119 138 144 147 150 158 163 164 165 171 173 178 186 189 202 212 233 235 240 242 256 269 303 311 316 317 359 361 363 367 382 383 384 385 392 398 403 405 415 419 425 436 438 448 449 458 465 466 474 476 481 499 503 509 515 517 522 526 529 531 535 537 539 556 566 574 600 612 626 629 633 642 651 652 656 657 661 665 669 677 679 686 688 694 700 
31 98 113 151 169 182 270 275 289 295 296 298 301 332 370 374 375 381 382 385 399 415 438 448 452 470 474 475 481 491 507 562 567 573 577 589 613 653 681 684 693 
62 105 138 172 217 218 223 224 258 270 282 305 308 380 441 443 459 473 490 503 505 528 541 551 562 572 577 589 595 613 634 636 637 653 670 673 681 693 
51 60 65 71 80 101 105 111 114 117 119 134 138 139 167 171 176 183 187 218 223 242 252 256 258 262 279 280 282 285 288 294 295 301 305 307 330 350 352 354 356 378 384 389 395 397 398 400 404 413 420 423 427 431 439 459 466 468 473 480 494 502 505 512 513 515 542 543 556 569 591 593 595 598 607 618 620 656 665 667 673 688 693 694 695 
15 26 30 39 45 59 88 94 118 121 128 146 159 164 169 175 184 186 188 199 203 206 208 222 235 257 259 264 271 281 290 300 306 309 327 328 337 339 347 363 365 380 385 387 406 408 415 427 435 442 462 472 474 482 487 492 504 521 541 561 564 568 571 580 583 586 593 601 604 605 625 626 646 666 669 670 671 688 691 693 695 
33 45 71 80 84 86 99 100 114 117 118 131 138 154 174 183 197 201 210 211 215 252 253 254 262 270 276 278 285 286 294 301 307 323 326 330 338 341 350 354 356 358 376 379 384 390 392 397 412 413 417 433 443 444 446 484 488 491 494 556 570 597 611 642 648 656 661 678 693 694 
13 18 22 51 62 73 99 105 113 128 151 172 174 207 213 215 217 223 224 225 253 258 270 279 297 305 307 308 318 321 322 325 356 364 398 418 422 426 429 441 443 445 458 459 471 473 475 490 491 494 497 503 514 516 527 528 531 536 538 541 545 546 551 562 568 572 577 585 586 587 589 593 608 609 613 619 623 624 627 634 635 637 640 641 647 648 653 661 670 677 681 689 693 697 698 
1 4 6 8 16 20 23 28 29 38 40 49 64 74 75 77 81 91 101 112 113 122 123 126 127 128 133 134 136 149 152 153 156 159 160 164 166 167 169 173 175 178 181 185 186 187 190 191 192 193 194 195 203 204 205 223 227 232 234 237 242 253 256 258 259 260 267 268 269 271 276 279 280 281 285 288 290 297 300 301 306 313 316 321 322 323 328 333 339 345 347 348 352 359 360 364 366 371 373 377 380 387 391 400 402 403 408 411 414 416 418 420 423 427 430 431 432 439 443 451 452 457 458 460 462 467 470 475 476 478 480 487 489 494 495 498 499 503 504 508 512 513 520 521 523 525 527 529 542 543 545 550 555 557 567 568 570 571 572 580 581 582 583 584 586 593 598 601 604 608 614 615 616 619 620 621 624 626 627 628 635 636 640 642 643 650 654 662 664 665 669 670 672 674 676 677 680 685 686 689 691 695 699 700 
