1 16 40 101 113 119 152 175 191 234 242 258 270 280 352 414 423 432 439 480 512 513 515 527 598 616 626 642 654 669 
2 3 9 17 24 41 42 58 109 110 185 371 379 568 673 
4 98 108 128 132 134 149 159 175 181 185 194 204 232 259 281 285 286 295 352 371 379 387 391 420 427 430 461 476 525 571 586 601 665 669 674 680 695 
5 50 82 94 98 128 171 184 209 239 247 273 316 327 333 355 380 407 409 412 428 437 451 454 469 484 496 501 508 541 545 560 590 630 639 665 
6 28 75 153 169 193 223 242 253 279 297 322 364 418 432 443 508 586 627 642 
7 45 69 118 138 144 163 171 173 202 233 240 256 317 383 384 392 398 436 449 476 515 531 556 633 656 661 665 688 694 
8 29 38 49 74 126 164 173 195 203 234 237 242 256 267 279 321 328 333 352 371 451 460 527 543 545 567 571 572 580 584 608 616 619 624 627 635 636 672 700 
10 28 58 63 69 86 103 119 181 248 249 265 274 295 328 334 397 431 456 500 534 575 594 595 604 611 648 654 659 
11 32 53 66 70 77 99 112 133 271 333 406 469 541 586 
12 87 120 141 180 300 304 316 328 339 351 380 388 462 487 504 567 571 583 593 685 691 
13 18 22 65 73 99 128 184 207 213 215 225 253 279 318 325 356 422 429 445 458 475 491 494 497 516 538 568 585 586 587 589 593 609 623 627 647 648 697 698 
14 47 86 118 138 140 144 161 174 223 257 271 316 329 368 421 425 508 548 593 640 677 689 700 
15 26 39 45 59 121 146 164 184 222 257 264 300 309 327 337 365 380 435 442 462 472 482 541 561 568 593 605 625 666 669 688 693 
19 28 48 68 78 89 97 101 137 162 194 214 256 316 372 412 414 425 440 452 455 458 483 509 518 525 527 544 567 604 616 660 668 669 674 675 680 
20 64 81 122 164 268 271 290 300 306 347 400 408 431 432 475 494 521 543 626 674 
21 54 57 108 113 116 148 164 380 395 426 431 471 491 500 503 514 531 536 545 546 584 589 611 641 661 
23 75 108 136 160 192 234 258 333 373 414 432 478 503 520 550 557 604 654 665 670 676 685 690 699 
25 35 44 69 86 132 149 216 255 261 324 335 340 374 397 398 410 452 491 500 530 584 595 611 615 674 683 696 
25 27 36 48 61 108 135 144 173 215 310 315 346 352 374 397 435 443 450 451 453 462 469 484 485 492 559 564 565 602 611 622 644 646 671 673 
25 92 93 96 98 99 101 124 175 190 243 246 293 301 307 320 328 333 377 412 425 432 435 458 466 475 477 506 511 519 539 552 555 614 654 665 685 700 
25 34 55 72 142 149 166 194 215 221 234 253 257 276 323 328 338 360 411 422 444 545 567 570 611 616 680 681 
25 28 48 56 58 65 129 135 138 151 166 194 231 250 256 257 292 295 312 327 336 357 386 397 400 414 424 443 464 484 543 547 554 606 620 627 682 687 691 
28 45 65 86 119 154 174 201 270 271 278 286 354 376 390 417 433 446 461 488 568 597 604 613 674 691 
30 88 94 118 128 169 186 188 199 206 208 235 327 385 406 415 435 474 541 604 688 
31 98 113 151 169 182 270 275 295 296 301 332 370 374 375 381 452 491 567 589 
33 84 131 169 174 270 286 301 354 356 384 446 456 488 494 591 
37 95 104 132 144 169 174 220 244 257 271 283 286 301 302 307 352 404 446 462 475 476 525 533 539 553 563 576 578 588 591 610 615 617 655 673 
43 69 75 123 135 167 175 176 185 187 194 258 288 344 348 374 384 398 416 452 461 502 525 527 542 571 589 595 616 661 688 
45 65 83 113 151 164 166 173 189 210 223 300 327 363 367 371 403 405 406 465 508 517 522 529 535 571 600 612 629 642 651 652 657 686 
45 58 156 166 185 234 260 285 300 313 345 395 400 402 431 446 451 452 457 461 466 467 489 523 527 568 586 613 615 621 628 650 670 
46 58 67 125 128 143 149 179 181 198 272 303 314 319 394 476 500 543 545 648 700 
48 106 115 151 168 173 175 210 228 263 266 291 342 343 354 379 398 412 414 447 456 463 484 488 503 515 549 592 599 603 620 632 636 645 658 661 670 678 680 
48 69 90 94 101 107 111 132 139 171 181 215 226 295 378 389 395 422 466 468 508 510 525 531 535 569 572 607 615 618 620 626 667 688 691 693 
51 60 65 94 101 105 119 138 218 223 279 282 285 286 305 307 384 398 400 422 431 459 466 473 494 505 515 543 591 593 595 673 
52 79 113 157 185 200 210 245 298 382 438 448 458 469 481 488 531 539 613 681 693 
62 151 172 217 223 224 258 270 307 308 356 380 441 443 490 503 528 541 551 562 572 577 589 613 634 636 637 653 670 673 681 693 
71 80 114 117 171 183 242 252 256 258 262 294 350 354 356 384 395 397 413 620 
75 98 108 135 145 238 253 289 299 331 356 399 406 456 470 475 494 507 535 572 573 584 591 636 654 670 681 684 
75 99 132 170 184 219 229 230 241 251 285 349 369 393 401 422 434 476 479 493 524 532 539 572 579 595 626 631 638 649 685 
76 130 177 236 284 362 425 446 451 456 461 486 488 500 535 539 540 558 584 596 663 680 692 
85 86 102 118 155 166 196 277 287 353 379 396 406 469 515 531 591 627 648 681 
91 127 135 181 205 227 279 301 366 371 435 458 495 498 581 582 615 620 636 642 643 662 664 685 691 
94 119 144 147 149 150 158 165 171 174 178 184 210 212 242 269 311 316 359 361 374 395 400 419 425 462 466 499 503 526 535 537 566 574 613 626 661 669 679 700 
99 100 118 138 197 210 211 215 253 254 285 307 326 330 341 354 358 379 412 443 484 491 642 648 693 
