480 1 280 512 513 352 258 423 40 234 16 598 439 152 191 
67 198 394 543 46 143 272 303 179 314 700 125 319 
673 2 3 9 41 42 568 109 110 17 371 24 185 58 
256 8 267 29 672 38 49 321 195 580 74 203 460 608 619 237 624 635 126 
259 4 387 134 391 525 281 159 420 427 430 181 695 571 194 204 601 476 232 
645 263 266 658 291 549 678 168 173 175 447 463 592 210 342 599 343 603 228 106 115 632 
64 674 290 164 521 268 300 431 400 81 306 271 20 626 475 408 122 347 
5 273 407 409 545 171 428 560 50 437 184 316 454 333 590 209 82 355 239 496 501 630 247 639 
289 135 299 108 331 494 399 238 145 654 684 591 470 253 507 572 573 670 
32 66 99 133 70 586 11 77 112 53 469 541 
193 322 418 6 297 169 75 364 432 242 627 153 443 508 223 
419 165 359 679 361 269 526 178 147 212 499 150 311 566 537 158 574 
449 163 7 392 233 202 556 240 656 436 694 633 317 383 
516 647 13 18 22 538 429 697 698 445 318 325 585 73 587 458 207 213 215 609 225 623 497 
103 648 265 10 295 575 334 604 274 594 659 534 248 249 28 63 
640 161 548 421 677 329 138 140 14 47 368 174 689 
388 487 504 583 12 141 462 304 339 180 87 120 351 
644 646 144 27 671 36 559 564 565 310 315 61 450 453 602 346 485 492 622 
320 96 293 614 519 552 555 124 665 243 93 246 377 506 92 477 190 511 
264 15 146 26 666 39 561 309 442 59 337 593 472 605 222 482 365 625 121 
384 131 262 413 286 33 294 301 183 446 71 456 80 84 350 354 356 488 114 117 252 
518 137 19 660 668 669 544 162 675 48 440 68 455 78 214 89 97 483 372 509 
98 452 296 491 332 370 275 182 567 151 375 381 31 
641 471 514 546 503 611 584 426 589 116 21 54 148 536 57 661 380 
224 577 551 490 441 172 653 528 562 308 217 634 637 62 
192 160 414 676 550 136 520 557 690 373 23 699 478 
353 515 196 102 166 155 396 85 406 277 118 379 287 
35 324 261 683 44 696 335 398 530 595 340 149 500 216 25 410 255 
129 386 56 292 357 547 231 424 682 554 397 687 336 464 312 250 606 
257 34 323 422 360 72 328 681 142 338 276 55 570 411 444 221 
417 65 613 390 201 45 270 433 597 86 119 376 278 154 
642 227 643 581 582 615 620 205 366 495 685 498 662 279 664 91 636 127 
128 385 199 327 235 206 208 474 688 435 88 94 186 188 30 415 
576 578 610 132 37 104 553 617 588 302 655 563 404 533 244 283 220 95 
100 197 326 358 484 330 211 341 412 254 
260 345 457 489 523 650 621 402 467 628 313 156 285 
612 517 522 363 652 651 686 367 529 465 83 403 629 405 657 600 189 
416 288 69 167 616 43 187 527 176 502 374 344 123 348 542 
101 105 218 459 505 305 466 51 307 473 282 60 
649 393 524 401 532 170 434 579 219 349 479 229 230 493 241 369 631 251 638 
226 90 389 618 107 139 395 111 691 468 569 378 667 510 607 
448 481 200 298 79 113 531 52 245 438 693 157 382 
130 451 535 486 680 425 362 76 236 558 461 177 596 692 663 539 284 540 
