0	1	65.9836	14	
0	2	12.9975	3	
0	3	24.1344	5	
0	4	13.2799	3	
0	5	14.0984	4	
0	6	28.7837	6	
0	7	50.0627	11	
0	8	11.2234	3	
0	9	3.27093	1	
0	10	16.1421	4	
0	11	29.4973	6	
0	12	5.04936	1	
0	13	10.5176	2	
0	14	15.6917	3	
0	15	55.7887	12	
0	16	49.0612	10	
0	17	57.767	12	
0	18	41.2809	9	
0	19	19.7266	4	
0	20	17.5842	5	
0	21	13.8429	3	
0	22	9.88214	2	
0	23	18.1857	4	
0	24	9.09667	2	
0	25	40.2457	9	
0	26	10.4005	2	
0	27	56.6223	12	
1	2	58.2565	12	
1	3	38.6404	9	
1	4	3.71778	1	
1	5	21.4478	5	
1	6	16.8746	3	
1	8	9.86389	2	
1	10	67.1459	13	
1	11	2.30997	1	
1	12	15.5129	3	
1	13	3.94548	1	
1	14	15.4858	4	
1	15	53.7478	11	
1	16	56.2364	12	
1	17	21.774	4	
1	18	79.9673	18	
1	19	18.9146	4	
1	20	14.727	3	
1	21	90.0041	19	
1	22	8.01259	2	
1	23	17.6015	4	
1	24	67.1336	16	
1	25	21.3428	5	
1	26	24.4664	6	
1	27	43.8142	10	
2	3	13.851	3	
2	4	13.8808	3	
2	5	16.365	4	
2	6	63.3571	13	
2	7	5.98149	1	
2	8	47.5479	10	
2	9	31.2872	8	
2	11	90.3151	20	
2	12	24.7821	5	
2	13	10.0619	2	
2	14	3.33507	1	
2	15	53.8436	11	
2	16	61.9145	13	
2	17	74.2998	17	
2	18	3.79992	1	
2	19	23.4832	5	
2	20	16.1586	3	
2	21	6.65078	2	
2	22	10.2021	2	
2	23	47.6905	10	
2	24	1.82797	1	
2	25	30.1839	8	
2	26	52.0083	11	
2	27	35.5697	8	
3	4	56.6341	12	
3	5	15.3835	3	
3	6	6.17678	2	
3	7	20.0208	4	
3	8	19.1443	5	
3	9	34.9636	9	
3	10	15.8619	4	
3	11	34.411	8	
3	12	13.2772	3	
3	13	2.23536	1	
3	14	9.40203	2	
3	15	47.2829	10	
3	16	32.8945	8	
3	17	28.7512	7	
3	19	21.4195	4	
3	20	6.4816	1	
3	21	106.597	22	
3	22	48.638	11	
3	23	32.2297	8	
3	24	2.08684	1	
3	25	5.73199	2	
3	26	7.50556	2	
3	27	4.5885	1	
4	5	11.7457	3	
4	6	5.06393	1	
4	8	6.13434	1	
4	9	7.29019	2	
4	10	6.18117	1	
4	11	9.35584	2	
4	13	9.42294	2	
4	15	43.3306	9	
4	16	32.5541	8	
4	17	2.79752	1	
4	18	10.2283	3	
4	19	8.5741	2	
4	20	62.4411	13	
4	21	2.08981	1	
4	22	4.0231	1	
4	23	7.93227	2	
4	24	4.96934	1	
4	25	57.858	13	
4	26	50.7698	12	
4	27	3.39037	1	
5	6	13.3573	3	
5	7	23.4562	5	
5	8	6.57062	2	
5	10	6.24314	2	
5	11	24.0349	5	
5	12	8.05319	2	
5	13	11.6371	3	
5	14	29.0027	7	
5	15	55.007	12	
5	16	5.05687	1	
5	17	43.3741	10	
5	18	41.8611	10	
5	19	40.021	9	
5	20	92.4658	19	
5	21	97.4679	21	
5	22	8.44289	2	
5	23	9.74747	2	
5	24	9.1503	2	
5	25	22.8573	5	
5	26	9.83069	3	
5	27	44.6968	10	
6	7	69.693	14	
6	8	7.0602	2	
6	10	14.8001	3	
6	11	88.4024	19	
6	12	5.08243	1	
6	13	11.8229	2	
6	14	55.4875	12	
6	15	9.32321	2	
6	16	55.8498	12	
6	17	14.0552	3	
6	18	11.0357	2	
6	19	5.04741	1	
6	20	55.4649	12	
6	21	8.79522	3	
6	22	4.12633	1	
6	23	46.2902	10	
6	24	34.2097	8	
6	25	57.0729	14	
6	26	53.0761	10	
6	27	68.1836	14	
7	8	20.6904	5	
7	10	42.2986	10	
7	11	13.263	3	
7	12	2.61749	1	
7	13	56.7002	13	
7	14	53.9423	12	
7	15	58.9513	12	
7	16	4.68629	1	
7	17	49.0028	10	
7	18	59.4758	13	
7	19	37.4861	9	
7	20	11.8105	3	
7	21	18.6947	4	
7	22	5.62535	1	
7	23	41.572	10	
7	24	6.87495	2	
7	25	76.2077	16	
7	26	5.76848	1	
7	27	6.68382	1	
8	9	9.17477	2	
8	10	7.59539	2	
8	11	45.5291	10	
8	12	9.5642	2	
8	14	11.2562	3	
8	15	2.27233	1	
8	16	59.9864	12	
8	17	41.7981	10	
8	18	3.96641	1	
8	19	39.971	9	
8	20	9.77229	2	
8	22	14.0661	3	
8	23	143.613	29	
8	24	46.3378	10	
8	25	54.5412	12	
8	26	2.60456	1	
8	27	3.69421	1	
9	10	3.68	1	
9	11	4.01659	1	
9	13	5.76024	2	
9	14	9.71244	2	
9	15	1.79811	1	
9	16	3.71737	1	
9	17	4.67079	1	
9	19	28.5959	7	
9	20	4.68286	1	
9	21	2.09664	1	
9	23	15.7679	3	
9	27	4.35807	1	
10	11	53.9477	11	
10	12	5.756	1	
10	13	10.6294	2	
10	14	13.1941	3	
10	15	8.01203	2	
10	17	34.4774	9	
10	18	21.3282	5	
10	19	110.589	22	
10	20	4.19489	1	
10	21	73.6376	17	
10	22	54.2234	11	
10	23	19.1218	5	
10	24	5.31237	1	
10	25	37.6929	9	
10	26	6.24027	1	
10	27	79.0112	17	
11	12	3.17398	1	
11	13	105.825	21	
11	14	1.57047	1	
11	15	13.2915	3	
11	16	3.52103	1	
11	18	8.36074	2	
11	19	21.206	4	
11	20	35.5854	9	
11	21	26.4077	6	
11	22	11.3009	3	
11	23	65.6513	14	
11	24	12.3957	3	
11	25	6.85094	1	
11	26	4.15208	1	
11	27	14.5742	3	
12	13	3.61748	1	
12	14	5.55413	1	
12	15	8.78164	2	
12	16	10.2494	2	
12	17	66.3363	14	
12	18	25.423	6	
12	19	12.0027	3	
12	20	9.76939	2	
12	21	62.2757	13	
12	23	14.8064	3	
12	24	4.58254	1	
12	25	52.7006	11	
12	26	3.70277	1	
12	27	11.181	3	
13	15	5.57212	1	
13	16	8.24824	3	
13	17	20.9798	6	
13	18	52.4417	11	
13	19	52.7738	12	
13	20	44.259	10	
13	21	18.5993	4	
13	22	5.4855	2	
13	23	14.0598	3	
13	24	54.3554	11	
13	25	28.3468	5	
13	26	29.9008	7	
13	27	6.34654	1	
14	15	38.2138	9	
14	16	1.86241	1	
14	17	57.187	12	
14	18	12.1717	3	
14	19	67.5879	14	
14	21	14.9717	4	
14	22	54.3006	11	
14	24	2.29175	1	
14	25	13.9968	3	
14	26	4.36657	1	
14	27	49.9365	10	
15	16	15.124	4	
15	17	18.9115	4	
15	18	45.788	10	
15	19	13.6355	3	
15	20	8.397	2	
15	21	19.974	4	
15	22	6.52935	2	
15	23	10.2518	2	
15	25	5.23447	1	
15	26	6.27	2	
15	27	70.0785	16	
16	17	59.2685	13	
16	18	64.8894	14	
16	19	2.56984	1	
16	20	2.83195	1	
16	21	2.31892	1	
16	22	2.31892	1	
16	23	7.75463	2	
16	24	1.80674	1	
16	25	15.355	3	
16	26	2.32209	1	
16	27	8.29829	2	
17	18	66.8425	14	
17	19	10.2274	2	
17	20	17.6515	4	
17	21	68.8866	13	
17	22	16.6096	4	
17	23	5.31386	2	
17	24	2.46155	1	
17	25	10.6511	2	
17	26	6.96094	2	
17	27	14.9112	3	
18	19	58.1114	12	
18	20	21.1276	5	
18	21	10.539	2	
18	22	14.4596	3	
18	23	2.33657	1	
18	24	63.9627	13	
18	25	33.4459	7	
18	27	5.27947	1	
19	20	6.4782	2	
19	21	41.7682	10	
19	22	5.64569	1	
19	23	82.1655	18	
19	24	6.57705	2	
19	25	5.34183	1	
19	27	31.3632	8	
20	21	15.6557	4	
20	22	9.5374	2	
20	23	6.9428	2	
20	24	5.21974	1	
20	25	12.5329	3	
20	26	3.35279	1	
20	27	6.52206	2	
21	22	118.596	26	
21	23	3.31605	1	
21	24	6.47582	2	
21	25	12.6417	3	
21	26	10.6631	2	
21	27	17.7055	4	
22	23	11.6578	3	
22	24	1.22967	1	
23	24	52.8477	11	
23	25	10.0041	2	
23	26	8.3986	2	
23	27	7.22934	2	
24	25	4.7668	1	
24	26	2.44997	1	
24	27	5.24185	1	
25	26	47.11	10	
25	27	72.902	17	
26	27	126.694	28	
