1	3 
2	14 38 39 
3	21 
4	31 
5	33 
6	23 
7	18 
8	3 26 29 
9	11 
10	12 16 18 
11	7 
12	22 33 40 
13	3 
14	41 
15	32 36 37 
16	25 
17	14 22 39 
18	17 18 25 
19	36 
20	26 
21	34 
22	1 
23	17 
24	9 
25	7 
26	15 
27	18 22 34 
28	38 
29	32 
30	33 
31	1 
32	12 29 35 
33	30 
34	41 
35	10 
36	22 
37	8 18 27 
38	17 
39	33 
40	18 30 36 
41	39 
42	23 
43	2 
44	39 
45	29 
46	24 
47	28 
48	25 
49	23 
50	39 
51	14 
52	13 
53	20 
54	35 
55	21 
56	11 
57	18 
58	15 
59	6 9 42 
60	10 
61	9 
62	1 4 39 
63	10 
64	1 
65	9 
66	23 
67	29 
68	32 
69	24 
70	20 
71	22 
72	1 38 40 
73	6 27 29 
74	31 
75	7 
76	4 
77	15 20 39 
78	42 
79	14 25 28 
80	3 14 22 
81	7 
82	42 
83	22 23 27 
84	16 
85	21 
86	27 
87	16 25 31 
88	36 
89	9 
90	36 
91	9 26 35 
92	7 15 39 
93	3 
94	27 
95	8 
96	18 
97	35 
98	21 
99	18 
100	4 19 36 
101	13 
102	10 
103	39 
104	28 
105	4 
106	3 
107	2 
108	29 
109	7 
110	32 
111	24 
112	32 
113	16 
114	41 
115	14 
116	29 
117	25 
118	41 
119	9 
120	21 
121	34 
122	13 
123	42 
124	22 
125	19 
126	18 
127	30 
128	3 27 32 
129	22 
130	4 
131	13 30 38 
132	37 
133	36 
134	33 
135	25 
136	42 
137	32 
138	32 
139	30 34 38 
140	17 
141	7 
142	26 
143	35 
144	1 
145	35 
146	36 
147	6 
148	38 
149	14 
150	30 35 37 
151	39 
152	11 
153	21 
154	30 
155	27 
156	7 17 40 
157	14 37 42 
158	37 
159	14 
160	36 
161	11 
162	4 24 33 
163	8 
164	20 
165	10 
166	10 14 30 
167	39 
168	32 36 40 
169	2 
170	16 
171	33 
172	5 36 37 
173	29 
174	15 
175	15 
176	11 
177	30 
178	32 
179	6 
180	27 
181	14 
182	2 12 14 
183	41 
184	29 
185	41 
186	22 
187	14 
188	17 
189	19 
190	16 
191	21 
192	2 17 41 
193	42 
194	29 
195	4 
196	9 
197	36 
198	18 21 23 
199	14 
200	30 
201	1 35 42 
202	6 
203	31 
204	6 11 37 
205	35 
206	17 
207	35 
208	26 
209	7 
210	30 
211	16 
212	40 
213	29 
214	3 5 33 
215	9 
216	9 
217	16 
218	4 
219	16 28 29 
220	35 
221	6 
222	32 37 41 
223	2 
224	4 
225	10 
226	15 
227	6 
228	8 
229	9 
230	7 
231	23 
232	3 34 41 
233	8 14 39 
234	41 
235	22 
236	11 15 31 
237	38 
238	16 
239	30 
240	27 
241	3 
242	9 
243	10 
244	4 
245	3 
246	1 27 32 
247	11 13 24 
248	17 
249	20 
250	26 
251	30 
252	29 
253	39 
254	10 24 32 
255	22 23 31 
256	9 14 27 
257	16 
258	25 
259	10 
260	40 
261	26 
262	40 
263	28 
264	37 39 40 
265	26 
266	34 
267	29 
268	12 
269	16 
270	24 32 36 
271	3 10 24 
272	28 
273	2 
274	37 
275	11 
276	4 
277	19 
278	9 
279	22 
280	11 18 21 
281	17 
282	22 26 40 
283	33 
284	6 
285	6 
286	2 21 24 
287	11 
288	39 
289	14 
290	27 
291	9 16 41 
292	25 
293	42 
294	1 
295	31 
296	35 
297	9 12 18 
298	12 
299	38 
300	17 
301	11 
302	4 20 25 
303	18 
304	19 
305	4 14 41 
306	27 
307	30 
308	38 
309	34 
310	41 
311	24 27 42 
312	27 
313	24 
314	23 
315	35 
316	33 
317	22 
318	42 
319	17 23 40 
320	24 34 42 
321	29 
322	11 23 33 
323	1 
324	35 
325	27 28 35 
326	6 
327	30 
328	8 
329	29 
330	16 
331	9 
332	17 
333	8 
334	6 8 23 
335	9 
336	24 
337	31 
338	8 22 42 
339	35 
340	11 21 38 
341	7 8 30 
342	23 
343	14 33 40 
344	8 
345	9 
346	1 18 41 
347	14 
348	2 
349	31 
350	4 
351	15 
352	29 
353	34 
354	30 
355	12 36 40 
356	40 
357	8 
358	17 22 33 
359	14 
360	21 34 41 
361	3 
362	5 
363	17 
364	2 
365	8 
366	11 
367	40 
368	19 
369	37 
370	7 
371	27 
372	33 
373	8 
374	21 
375	4 24 27 
376	29 
377	23 
378	29 
379	39 
380	32 
381	33 
382	18 
383	19 
384	15 17 37 
385	1 
386	40 
387	9 21 31 
388	13 
389	29 
390	36 
391	35 
392	8 
393	32 
394	39 
395	41 
396	4 5 25 
397	17 
398	11 
399	42 
400	31 
401	4 
402	33 
403	21 
404	17 36 39 
405	22 
406	2 24 27 
407	35 
408	19 
409	13 14 15 
410	20 
411	7 
412	32 
413	1 8 23 
414	17 
415	12 
416	13 
417	23 
418	24 
419	2 
420	17 24 35 
421	35 
422	30 
423	5 
424	37 
425	15 
426	5 
427	17 26 27 
428	5 
429	40 
430	22 
431	15 25 31 
432	3 
433	19 
434	38 41 42 
435	31 
436	30 
437	9 
438	3 
439	12 
440	3 24 35 
441	11 
442	24 
443	2 22 23 
444	27 
445	8 24 35 
446	33 
447	3 17 41 
448	19 
449	16 
450	20 
451	23 
452	8 
453	11 
454	1 
455	4 
456	9 
457	41 
458	3 23 34 
459	1 
460	9 17 24 
461	32 
462	32 
463	28 
464	39 
465	24 
466	2 
467	15 
468	32 
469	16 
470	23 
471	27 
472	7 
473	23 
474	1 
475	9 25 30 
476	12 
477	27 
478	17 
479	23 
480	2 6 31 
481	30 
482	18 
483	9 26 33 
484	22 
485	18 32 33 
486	7 16 34 
487	33 
488	23 
489	39 
490	13 14 22 
491	32 
492	22 
493	20 34 38 
494	42 
495	36 
496	42 
497	20 
498	39 
499	42 
500	3 
501	17 25 32 
502	3 19 40 
503	6 
504	1 17 23 
505	22 38 41 
506	5 
507	41 
508	4 
509	4 
510	37 
511	4 11 39 
512	30 
513	33 
514	35 
515	37 
516	42 
517	4 
518	9 36 42 
519	5 21 26 
520	36 
521	12 13 32 
522	35 
523	11 35 36 
524	8 
525	5 13 30 
526	22 
527	7 11 42 
528	15 
529	7 
530	2 
531	8 26 36 
532	2 27 37 
533	8 
534	24 
535	32 
536	11 
537	9 
538	6 
539	7 28 40 
540	37 
541	32 
542	8 13 22 
543	23 27 33 
544	7 
545	18 29 35 
546	2 
547	9 
548	19 
549	28 
550	6 
551	20 
552	19 
553	22 
554	17 
555	4 24 38 
556	40 
557	33 
558	10 
559	8 40 41 
560	2 
561	36 
562	3 28 29 
563	28 
564	33 
565	21 
566	26 
567	23 
568	3 10 27 
569	6 
570	10 11 34 
571	3 
572	5 
573	8 
574	30 
575	30 
576	24 
577	14 
578	19 
579	8 
580	6 10 25 
581	26 
582	19 
583	34 
584	1 
585	10 
586	3 
587	19 
588	7 
589	4 24 41 
590	38 
591	15 
592	4 21 23 
593	12 32 39 
594	21 25 26 
595	8 
596	22 
597	29 
598	20 
599	4 
600	22 
601	15 
602	15 
603	38 
604	34 
605	1 8 30 
606	8 
607	3 
608	42 
609	18 
610	21 
611	41 
612	21 
613	6 
614	4 
615	29 
616	10 23 27 
617	7 9 36 
618	3 
619	5 
620	26 
621	4 
622	18 
623	39 
624	11 
625	35 
626	5 
627	21 
628	7 
629	24 
630	32 
631	15 27 41 
632	17 
633	9 
634	10 16 27 
635	27 
636	39 
637	21 
638	40 
639	29 38 39 
640	1 19 20 
641	6 
642	29 
643	41 
644	6 8 39 
645	28 
646	27 
647	26 
648	37 
649	36 
650	41 
651	18 28 30 
652	38 
653	13 
654	26 
655	42 
656	4 
657	31 
658	17 
659	36 
660	17 
661	10 15 25 
662	19 33 37 
663	16 40 41 
664	11 
665	15 
666	12 22 41 
667	11 
668	16 
669	32 
670	40 
671	32 
672	41 
673	34 
674	12 
675	24 27 28 
676	25 
677	22 
678	27 
679	18 39 40 
680	21 
681	32 35 36 
682	19 
683	35 
684	7 30 35 
685	9 16 40 
686	42 
687	36 
688	3 
689	18 
690	16 26 29 
691	6 
692	6 16 35 
693	18 
694	4 
695	35 
696	32 
697	40 
698	6 
699	38 
700	14 25 41 
701	9 18 23 
702	42 
703	21 
704	1 18 29 
705	20 29 36 
706	4 18 41 
707	27 
708	41 
709	18 23 33 
710	40 
711	31 
712	20 
713	35 
714	2 
715	10 
716	33 
717	37 
718	41 
719	7 
720	20 
721	34 35 39 
722	27 
723	16 
724	9 
725	39 
726	30 
727	3 
728	39 
729	16 24 37 
730	22 
731	8 15 34 
732	41 
733	1 4 42 
734	35 
735	36 
736	28 
737	13 
738	12 
739	5 7 21 
740	27 
741	4 
742	18 
743	9 
744	18 
745	24 
746	9 28 33 
747	35 
748	28 
749	2 
750	10 18 22 
751	8 
752	2 
753	16 
754	18 
755	24 
756	36 
757	23 
758	23 
759	16 
760	18 
761	7 
762	36 
763	21 
764	11 
765	8 
766	23 32 33 
767	4 11 28 
768	42 
769	1 29 41 
770	12 
771	38 
772	4 
773	39 
774	14 
775	22 34 38 
776	11 
777	39 
778	19 
779	11 
780	10 
781	16 
782	26 
783	18 
784	15 
785	3 39 40 
786	15 
787	1 
788	18 
789	27 
790	19 
791	23 
792	11 
793	41 
794	7 
795	27 
796	26 
797	11 
798	22 
799	23 
800	26 32 33 
801	42 
802	9 
803	36 
804	19 
805	22 
806	7 25 33 
807	23 
808	2 
809	14 
810	17 
811	2 24 27 
812	1 17 30 
813	35 
814	8 
815	15 
816	35 
817	16 
818	2 13 29 
819	7 
820	12 
821	22 
822	39 
823	9 
824	8 
825	32 
826	36 
827	21 
828	39 
829	1 
830	18 29 31 
831	25 
832	24 
833	14 
834	25 
835	22 
836	16 
837	2 
838	42 
839	6 
840	9 
841	11 19 22 
842	22 24 40 
843	18 
844	7 23 31 
845	31 
846	8 
847	19 
848	29 
849	40 
850	18 
851	7 16 36 
852	8 
853	2 
854	20 
855	23 
856	2 
857	27 
858	3 
859	15 
860	25 
861	8 
862	4 
863	5 17 24 
864	9 
865	11 
866	11 
867	1 3 24 
868	32 40 42 
869	17 
870	16 
871	21 
872	16 
873	23 
874	29 
875	9 
876	13 25 34 
877	3 
878	28 
879	3 
880	11 
881	8 33 41 
882	25 
883	4 
884	11 
885	2 
886	28 
887	13 
888	31 
889	35 
890	3 
891	41 
892	1 
893	25 
894	37 
895	36 
896	3 15 39 
897	23 
898	6 20 40 
899	13 
900	7 
