39 129 150 178 188 207 309 389 426 458 460 554 567 571 589 614 631 660 
47 77 96 108 114 121 143 177 203 205 211 212 216 225 226 235 240 302 310 314 320 395 410 415 416 436 438 462 467 493 496 503 518 535 536 538 543 561 565 579 589 598 605 621 625 626 630 641 691 
10 36 43 45 48 50 63 78 87 94 102 109 116 122 131 134 150 151 157 174 179 184 192 193 196 198 204 217 236 244 248 253 256 261 264 276 283 295 318 319 326 333 337 350 365 369 380 396 401 421 438 441 452 455 458 472 474 486 487 494 497 500 505 509 511 516 534 542 543 559 565 567 569 577 585 589 590 597 600 601 605 608 614 619 623 624 625 630 632 639 644 652 657 661 670 672 675 677 693 695 698 
6 18 29 33 39 41 50 51 59 68 79 86 96 101 106 118 121 126 133 134 135 137 143 148 151 153 160 161 175 191 195 197 198 205 211 220 222 223 224 225 229 238 241 246 248 249 260 266 277 280 284 292 293 302 304 308 310 315 324 328 330 332 338 343 351 358 360 368 369 371 378 381 383 394 402 405 406 408 410 415 420 424 431 433 434 436 437 443 445 446 454 456 465 467 486 490 498 500 501 507 518 524 526 527 530 533 536 537 544 545 546 548 551 565 570 571 581 582 591 594 596 602 604 605 609 613 617 618 620 622 623 626 628 637 638 640 642 647 648 650 654 655 657 658 661 664 671 673 678 679 680 684 686 688 690 694 697 
17 23 30 53 54 58 61 64 97 136 142 144 145 147 153 158 178 179 194 206 215 228 234 244 246 254 260 261 265 276 279 283 285 300 309 310 318 322 326 328 350 352 372 380 383 390 399 409 412 414 418 459 464 491 493 504 509 539 550 554 562 579 580 593 600 639 653 657 675 679 680 682 683 689 692 
1 7 11 12 15 21 28 30 34 44 46 61 66 69 75 81 82 90 92 93 94 98 105 108 124 130 131 137 138 141 153 166 167 169 173 181 185 187 207 210 212 214 216 219 220 225 226 232 238 239 242 247 267 268 269 271 272 273 276 284 285 290 302 304 305 312 313 317 321 323 327 332 336 346 347 348 353 356 357 358 359 361 364 368 370 374 375 377 378 379 380 383 390 393 398 400 401 408 410 413 419 421 422 423 424 426 428 429 430 438 447 449 450 453 457 460 463 465 466 467 468 469 475 479 483 485 494 495 500 501 503 507 508 510 521 531 532 533 538 542 543 553 554 556 559 567 577 582 587 588 593 599 600 605 606 609 611 614 618 621 622 624 626 629 630 632 636 639 641 643 646 652 655 656 660 661 662 663 665 667 672 674 676 689 690 691 692 696 
14 34 44 68 79 88 131 160 161 204 205 210 220 231 256 266 281 287 291 323 339 341 346 348 351 357 358 361 370 377 392 396 401 419 422 429 434 450 456 463 477 481 488 521 531 544 547 559 577 606 609 610 617 620 622 626 628 632 637 655 660 684 686 695 
17 23 58 64 66 71 83 97 103 106 116 132 142 147 149 152 153 158 167 174 177 178 179 192 194 205 206 215 228 236 244 254 258 260 273 276 279 283 286 287 288 300 309 311 318 322 327 328 330 331 350 352 372 392 396 409 414 432 450 453 457 459 464 478 491 496 511 515 525 538 539 547 550 562 577 580 606 623 653 657 682 689 692 698 
52 65 67 80 82 88 92 98 119 120 134 141 145 148 160 186 231 235 245 249 251 253 258 259 263 269 277 285 299 309 318 332 337 352 376 377 380 386 387 389 391 395 402 421 428 434 460 462 463 467 468 469 470 474 478 481 485 489 490 498 499 500 502 506 510 514 515 516 517 527 555 557 561 566 582 589 592 593 594 604 614 620 624 628 630 635 637 641 649 660 661 666 672 679 680 681 683 685 697 
18 22 61 68 86 123 130 133 135 137 144 147 175 178 188 191 192 194 198 230 240 247 248 263 271 272 277 286 287 289 299 300 327 332 344 352 362 363 373 375 378 381 387 397 402 420 434 442 443 453 463 470 472 490 498 499 500 549 556 557 558 570 582 591 593 599 604 628 630 642 648 654 656 664 679 680 685 687 691 
34 35 44 56 70 96 164 188 199 210 218 227 231 234 235 248 256 274 295 339 346 348 351 352 357 361 366 370 419 433 436 450 473 480 482 488 495 499 503 521 524 527 529 531 541 559 577 585 595 600 606 609 623 628 632 637 649 659 683 
8 25 30 31 42 46 52 54 65 72 74 76 96 98 104 111 123 127 134 141 148 155 158 165 168 180 194 200 209 215 221 239 242 247 261 263 289 294 296 299 305 307 310 311 315 325 328 334 344 345 351 352 354 362 368 379 380 390 393 395 397 398 402 403 410 434 435 451 453 458 461 462 470 483 484 489 492 493 494 495 497 498 499 501 506 509 522 523 525 536 538 540 549 556 560 568 573 574 575 586 587 592 594 603 612 616 621 628 631 633 636 643 646 649 651 660 665 667 669 673 674 675 678 685 687 697 
7 25 30 31 54 65 69 74 84 91 98 119 147 148 166 167 169 200 207 213 214 222 224 237 255 286 287 300 305 309 311 313 326 327 345 351 353 354 357 358 374 379 380 383 384 391 393 401 402 404 419 435 447 450 456 457 460 461 463 468 469 478 481 503 509 510 512 515 522 523 526 532 536 544 547 551 555 568 571 573 577 586 606 612 620 622 626 627 631 633 634 636 637 655 665 667 675 686 690 
35 38 51 55 56 60 62 63 68 70 99 107 110 111 114 115 120 122 136 150 158 179 189 199 204 218 220 227 230 234 240 265 267 274 299 312 316 326 331 345 363 366 369 375 376 384 399 405 418 428 437 438 452 473 475 476 480 482 483 487 493 504 515 528 541 546 558 563 568 571 579 585 589 595 600 601 602 634 637 639 652 674 680 683 692 693 694 695 
49 57 65 68 110 121 123 143 148 188 200 211 213 216 225 229 230 240 246 247 286 293 294 305 306 343 345 346 351 354 371 373 377 393 396 397 403 410 415 435 442 443 461 462 467 481 494 501 503 507 509 518 523 524 527 536 539 561 565 573 576 586 587 588 629 630 631 633 636 641 667 687 688 690 691 
19 21 27 49 81 93 101 111 117 121 126 157 162 165 184 186 189 190 194 211 222 236 245 248 250 278 301 308 318 335 341 342 355 360 367 372 376 377 382 389 394 395 444 447 450 452 470 474 489 498 502 505 506 513 514 526 529 535 540 548 551 555 557 561 564 565 566 572 604 605 608 619 628 641 645 649 655 656 666 668 670 683 684 695 
2 3 12 14 28 47 48 52 73 82 85 92 94 98 103 104 105 124 127 129 138 141 148 158 159 163 168 173 185 188 191 194 202 221 224 225 233 235 242 252 253 261 263 264 268 275 279 280 281 285 289 290 294 295 298 305 310 312 316 320 334 335 337 348 349 352 359 376 380 392 396 400 402 403 409 411 412 413 417 418 425 428 431 451 455 460 466 469 477 480 483 484 486 499 500 508 510 512 516 520 522 529 532 533 537 553 556 559 560 571 572 577 581 583 584 586 588 594 597 598 607 611 614 616 618 620 631 640 650 652 660 665 669 673 676 680 681 682 685 692 696 700 
6 35 47 62 66 70 83 85 88 106 108 114 119 132 149 152 156 171 174 177 192 194 199 213 218 227 228 235 244 258 268 273 281 283 287 288 304 309 313 320 328 331 350 351 362 366 386 391 392 407 416 432 463 471 472 480 482 496 499 507 511 525 538 541 550 555 558 569 584 585 590 593 620 623 625 635 647 648 649 654 661 665 683 684 690 
39 44 84 96 114 121 126 143 151 160 205 211 222 225 226 229 238 246 248 250 256 284 291 292 311 325 328 351 357 360 366 372 395 410 415 419 436 467 495 501 503 518 524 526 527 535 536 538 539 541 548 561 565 572 577 587 589 591 626 628 639 649 655 659 683 686 688 
1 11 15 35 40 57 58 61 79 80 90 96 103 108 110 115 125 144 147 151 153 160 161 166 176 178 183 186 187 190 204 207 219 222 225 229 231 233 238 243 266 267 272 292 298 300 301 303 307 313 317 341 356 358 360 362 374 377 384 387 396 404 419 421 423 425 430 434 436 437 440 443 445 449 450 453 456 457 463 467 468 470 478 480 485 496 507 508 512 513 515 517 526 527 531 536 541 542 544 548 551 561 565 574 585 591 594 595 604 609 612 614 621 622 623 626 627 635 637 638 646 649 655 658 659 661 678 684 686 687 688 697 
11 15 57 68 90 113 130 135 153 160 161 171 183 187 198 214 216 266 268 273 277 280 296 303 314 323 324 344 356 358 362 363 368 376 377 378 381 396 423 434 437 440 442 445 449 453 456 463 485 490 498 510 544 547 575 583 604 609 615 621 622 624 626 629 634 635 639 642 647 649 659 661 664 668 678 680 685 686 691 
4 12 22 29 39 59 79 86 88 106 119 135 148 159 160 170 175 191 195 258 264 280 290 293 302 309 332 337 341 343 358 363 371 373 386 391 428 431 443 446 451 454 455 457 463 468 478 481 483 498 500 515 541 544 554 555 571 618 620 622 626 635 648 660 665 684 692 697 
35 51 56 62 70 73 114 120 122 144 163 167 184 199 207 211 218 227 234 261 267 272 274 276 290 314 317 366 372 381 395 412 426 433 438 457 467 473 480 482 487 495 524 538 541 558 561 585 587 590 595 597 600 612 623 677 683 689 
38 63 88 99 107 110 111 119 122 159 162 179 189 198 204 218 230 251 258 271 273 290 303 304 316 321 330 369 375 384 387 391 405 422 430 443 451 452 471 475 476 487 500 530 533 545 546 547 555 568 576 596 602 613 614 617 626 634 635 652 655 658 665 671 674 684 687 690 693 695 
22 26 40 52 67 73 82 100 115 125 126 159 163 164 168 176 190 201 202 203 225 243 254 259 265 267 269 287 290 292 298 301 322 336 338 364 373 387 397 411 426 427 436 448 451 468 478 488 510 513 517 524 528 542 558 574 586 587 592 594 597 615 616 623 627 638 700 
26 42 58 61 91 100 139 146 147 156 159 163 178 192 202 207 209 213 222 254 258 259 260 272 292 298 299 300 322 327 335 338 352 374 381 397 404 411 414 448 457 461 468 474 475 478 515 526 548 555 556 563 571 572 586 591 597 601 612 615 616 621 627 628 655 656 661 672 679 689 697 700 
27 41 49 73 81 100 101 126 159 162 163 202 211 222 248 278 298 301 322 335 341 342 382 411 474 478 498 502 524 535 548 552 563 564 565 574 586 587 597 608 615 616 627 645 656 684 700 
7 30 31 43 46 50 54 60 64 65 74 77 87 95 108 124 126 131 143 155 166 169 173 175 180 191 196 211 214 224 237 246 247 255 261 264 265 271 286 287 295 297 305 306 312 313 326 331 340 341 353 359 365 383 396 399 401 408 410 415 418 428 431 441 442 444 447 454 460 461 468 471 472 479 483 493 494 503 508 509 510 512 516 518 526 527 532 534 536 538 542 544 555 563 565 568 571 575 576 601 618 622 625 632 633 634 636 639 641 644 664 665 667 668 672 675 679 691 692 698 
19 21 27 55 57 59 60 64 87 101 116 117 121 126 127 131 146 151 157 184 191 193 197 205 211 225 226 230 236 238 250 251 255 260 261 264 276 278 284 285 289 292 296 310 312 316 323 328 337 340 342 360 367 372 375 382 392 412 415 418 424 441 448 455 459 462 468 472 477 484 486 495 497 498 501 502 503 504 505 518 526 529 534 535 543 548 552 564 565 569 572 577 581 589 591 599 605 607 608 609 610 611 613 625 626 630 645 647 664 670 673 674 675 681 684 686 688 697 
61 76 91 94 105 134 147 169 170 178 187 189 192 198 201 222 241 242 262 275 286 311 315 326 327 359 363 368 384 406 413 421 428 429 437 445 466 476 483 493 497 515 537 553 556 559 565 571 588 594 632 638 645 648 650 652 675 676 678 679 687 689 692 693 694 696 
19 49 84 88 119 121 127 130 157 177 184 188 194 205 209 211 213 216 225 226 229 230 231 235 236 240 247 250 251 255 258 276 287 289 299 312 339 350 351 352 362 372 386 391 396 397 411 412 415 429 448 463 488 499 503 505 507 518 520 529 535 538 543 552 555 556 564 565 577 593 605 606 607 608 610 615 620 628 630 637 641 648 655 670 673 684 688 691 700 
4 8 24 42 46 69 72 78 80 85 93 94 104 105 109 117 138 140 154 155 159 168 171 178 179 182 185 186 209 212 215 216 242 249 251 253 254 256 263 265 270 289 291 294 296 298 303 307 308 319 325 328 344 347 349 352 361 362 385 388 389 397 398 402 403 413 417 421 426 440 444 454 455 458 459 461 463 466 470 483 484 492 493 494 496 501 506 507 515 525 527 528 533 540 549 553 554 557 560 566 567 568 574 575 584 589 595 599 601 603 611 612 614 616 621 624 628 643 646 651 652 660 666 668 673 674 676 677 685 695 696 697 
15 26 34 44 47 51 52 74 82 84 92 98 100 103 114 115 120 139 141 145 148 153 159 163 168 171 199 202 210 213 219 227 231 234 235 259 261 267 276 281 285 292 298 304 309 314 316 317 322 338 339 341 346 348 349 351 357 361 370 380 381 385 386 391 397 401 409 411 416 419 429 438 445 448 450 459 463 468 469 474 481 482 485 487 488 500 503 510 521 523 524 525 527 528 529 531 549 555 577 579 586 587 590 593 594 595 597 598 600 606 609 615 616 620 624 628 635 637 646 655 659 661 665 668 672 680 684 685 695 697 700 
37 47 112 116 128 129 139 156 172 174 175 192 208 219 228 284 303 317 320 321 329 350 351 364 396 402 416 429 432 433 438 439 446 472 483 496 511 528 533 579 586 598 622 638 645 659 692 
3 6 20 24 26 41 48 57 69 79 85 89 93 109 116 117 118 140 146 154 165 171 174 182 186 216 217 228 235 238 242 245 249 253 264 265 268 270 273 281 290 291 295 297 307 308 321 329 333 337 339 346 347 348 349 352 361 363 367 371 372 373 376 385 388 389 392 394 411 416 417 422 428 430 436 440 442 444 449 451 454 455 458 468 471 479 483 486 488 489 494 495 496 499 506 511 514 516 519 528 529 541 551 552 556 557 559 562 564 566 569 576 581 584 586 587 599 603 608 609 611 617 624 626 647 649 654 658 659 666 668 671 677 681 692 695 699 
10 18 43 45 47 50 51 77 85 87 108 116 129 131 156 165 187 194 196 205 207 216 228 234 244 245 247 253 256 260 264 307 308 310 317 320 321 326 329 337 340 346 365 367 369 376 388 389 395 402 416 438 441 455 460 463 471 472 481 483 484 486 487 489 493 494 497 499 506 514 530 534 541 543 557 559 566 569 572 579 586 590 591 596 597 598 600 602 621 625 632 634 641 644 645 647 648 649 654 663 666 672 677 680 681 691 698 699 
18 33 35 86 130 133 135 137 176 180 186 193 195 198 218 219 231 248 253 263 264 274 277 280 290 312 321 331 332 338 340 347 368 378 381 388 402 406 412 420 434 443 463 465 470 471 484 486 490 498 516 520 541 551 559 570 581 582 583 604 605 607 610 620 623 628 629 631 636 640 642 647 654 664 677 679 680 
34 44 47 51 58 66 74 80 83 85 88 103 108 116 129 132 139 149 152 156 175 177 204 210 228 231 232 234 239 256 273 283 284 288 304 309 317 320 321 328 329 331 339 341 346 348 350 351 357 359 361 365 370 385 396 402 416 419 429 432 438 441 443 450 462 481 482 483 487 496 506 511 521 531 547 548 550 551 559 579 594 598 606 609 623 625 627 630 632 637 645 654 655 662 663 684 692 697 699 
1 5 14 24 27 28 34 36 38 40 46 48 58 59 61 63 75 78 79 81 88 89 93 94 95 99 101 102 103 104 105 107 109 115 123 125 138 140 151 161 162 165 170 176 178 181 185 187 190 193 194 197 204 212 217 222 230 233 236 238 242 243 245 249 251 252 253 258 261 266 268 270 271 275 278 281 284 287 292 294 295 300 301 307 308 310 312 318 319 323 326 327 328 333 334 335 337 340 342 346 347 348 349 352 354 358 360 361 367 369 375 376 377 379 382 384 387 388 389 392 393 394 395 399 403 405 409 413 417 421 422 423 424 425 426 428 430 433 434 437 442 444 445 447 448 449 451 454 455 458 459 460 465 466 470 473 476 477 484 485 486 488 489 494 495 496 499 500 502 506 507 510 513 514 516 517 519 520 522 526 528 530 533 534 535 540 541 544 545 546 547 548 549 552 553 554 557 559 560 562 565 566 567 572 576 581 583 584 586 588 589 591 594 596 599 601 602 604 607 611 613 614 619 620 621 623 624 626 627 629 631 634 639 640 641 645 647 648 649 654 655 658 660 662 666 669 670 671 673 674 676 677 679 681 684 687 688 690 696 697 
12 14 33 36 44 55 59 62 86 99 127 168 179 191 192 193 197 212 224 230 247 251 252 255 260 261 285 296 312 316 323 325 330 333 344 347 348 365 375 392 403 405 412 421 423 424 425 428 431 442 459 461 462 463 468 477 483 516 530 533 540 541 545 546 560 561 575 581 589 596 600 602 604 606 607 609 610 611 613 617 629 631 636 658 669 684 690 691 692 693 695 
9 33 51 61 67 86 91 112 128 133 137 144 146 147 153 164 167 172 175 178 187 192 207 208 213 215 219 230 240 247 265 272 277 286 290 300 304 326 327 332 336 354 362 364 368 374 375 378 381 383 386 391 397 402 404 420 429 434 439 443 457 463 465 475 478 488 490 491 498 499 500 515 523 554 570 582 591 592 612 620 630 640 642 648 655 664 687 689 691 
11 15 30 43 54 57 60 64 68 69 72 77 81 90 93 99 108 114 136 144 158 166 171 180 183 194 209 224 237 238 240 244 246 263 265 271 272 275 286 288 299 310 313 314 325 344 345 351 352 356 362 363 374 376 383 397 399 401 410 418 429 434 445 447 449 453 461 470 485 492 493 495 496 498 499 504 509 510 515 525 534 538 540 542 543 549 556 557 565 574 575 579 587 592 599 601 603 616 627 628 634 636 639 643 646 648 649 654 659 674 675 680 682 683 692 
32 42 58 62 66 71 81 89 104 113 118 127 156 180 181 198 200 206 208 220 223 229 233 241 252 257 259 262 265 272 279 282 289 294 295 297 307 315 324 325 331 334 355 403 404 406 407 414 427 429 433 436 453 464 476 484 521 522 523 525 526 537 540 551 559 560 563 568 573 574 578 579 580 583 607 627 634 638 640 647 650 657 669 681 694 696 698 699 
7 18 30 31 51 53 54 68 69 78 86 89 91 113 124 130 133 135 137 151 166 169 173 183 187 192 198 214 220 224 226 237 238 248 251 257 258 260 268 277 281 284 291 292 295 297 300 302 304 305 309 313 314 321 322 324 327 335 353 355 356 358 359 360 369 374 378 381 383 386 391 396 401 404 405 407 408 414 420 422 423 427 429 433 434 443 447 449 456 457 460 465 468 474 483 490 494 498 508 512 515 522 526 530 532 533 544 545 546 547 551 554 555 558 560 563 568 570 578 582 583 584 591 596 602 604 609 611 612 617 618 619 620 622 627 629 631 632 633 634 636 640 642 656 658 661 663 664 667 671 677 684 685 686 697 699 
27 53 81 85 162 177 217 222 278 282 287 297 320 329 335 341 342 365 382 394 408 427 462 472 474 498 502 516 532 535 565 598 619 630 645 656 679 
5 16 18 25 41 43 45 46 48 51 57 62 66 75 77 95 103 104 105 108 109 118 119 127 177 196 200 221 223 232 239 241 244 246 248 249 253 255 261 262 264 267 268 275 277 281 284 288 289 294 295 297 306 310 311 313 315 321 333 334 335 340 354 368 379 390 400 403 406 413 421 425 433 435 442 451 471 473 479 484 495 496 497 500 501 513 519 520 522 523 537 540 550 551 556 558 560 563 570 573 576 587 593 599 605 607 619 624 625 634 639 640 644 650 654 656 657 660 662 663 669 676 678 694 696 
15 16 24 25 28 32 38 40 41 45 48 55 57 59 62 65 66 71 75 76 79 81 89 93 94 95 96 104 105 107 109 113 118 122 123 125 126 134 138 144 146 148 150 157 168 170 176 179 180 181 185 190 191 193 197 198 200 201 208 213 217 220 221 223 228 229 230 232 233 239 241 243 246 249 252 253 255 256 257 261 262 263 264 267 272 282 284 286 292 293 294 295 296 297 301 303 305 306 307 310 311 312 315 316 318 323 324 331 333 337 343 345 346 354 355 367 368 371 379 384 387 390 392 393 395 398 400 406 407 412 413 421 423 424 425 427 428 433 435 436 442 451 455 459 462 466 469 470 471 472 473 476 477 479 484 486 492 497 499 501 513 516 517 519 523 527 529 530 537 538 542 550 551 552 553 554 556 559 560 563 568 572 573 574 576 578 581 582 583 587 588 589 594 596 599 602 605 607 609 610 611 614 619 623 627 631 634 638 639 647 650 652 655 657 658 660 662 663 664 670 676 678 681 687 690 693 694 695 696 697 698 699 
6 40 41 46 50 53 66 68 75 87 94 99 101 103 107 108 124 138 142 145 151 183 185 192 205 214 216 218 226 229 232 238 239 242 249 251 256 260 267 268 273 275 279 283 302 304 308 328 330 353 359 360 368 369 372 379 390 394 396 400 405 408 409 421 433 437 438 445 448 449 459 462 464 465 485 491 495 497 501 508 526 527 530 531 532 533 539 545 546 547 548 553 556 558 570 572 580 591 596 598 602 605 609 613 614 617 618 625 626 629 638 639 645 648 653 655 658 662 663 671 673 676 684 690 691 695 696 697 
9 26 37 40 49 52 67 107 112 115 128 143 153 160 161 164 172 175 179 187 191 192 198 199 203 208 219 222 238 240 265 266 267 269 272 290 296 300 303 327 336 344 362 364 366 368 374 377 384 402 404 426 427 429 430 433 436 437 439 443 446 456 457 461 466 467 468 475 478 488 515 518 524 527 528 541 551 553 554 561 575 585 592 595 604 605 611 612 614 615 622 638 652 656 673 676 683 686 688 691 
13 18 24 39 43 50 63 75 77 78 89 102 109 116 122 131 134 150 151 165 184 189 196 198 204 207 217 220 221 229 234 244 245 248 249 252 256 257 259 276 290 297 307 317 318 319 321 324 326 328 331 340 341 355 365 367 369 407 420 426 433 437 438 441 452 458 471 472 473 487 489 490 493 499 506 514 525 534 540 542 543 557 563 567 569 574 575 578 579 583 589 590 595 600 601 603 607 619 623 625 631 632 640 641 642 644 646 652 662 666 672 675 677 679 693 696 698 699 
