13 24 39 78 102 150 217 319 458 473 567 589 601 619 631 
46 66 75 108 221 232 239 267 284 368 379 390 400 501 556 624 639 662 663 
38 55 63 107 110 111 122 179 189 204 230 316 369 384 452 475 476 487 568 634 652 693 695 
59 191 193 197 312 316 323 333 412 423 424 425 431 459 477 581 610 611 613 
103 104 127 261 281 289 294 295 310 334 335 403 484 520 522 560 640 660 669 
11 15 90 99 171 183 314 356 362 376 423 445 449 453 485 599 638 639 648 659 661 
32 58 71 81 113 181 220 257 282 297 324 331 355 407 551 563 578 583 699 
93 94 105 138 185 242 275 398 413 421 466 507 553 554 556 559 599 611 614 660 674 676 696 
22 29 79 106 170 195 280 293 302 343 371 446 454 571 
62 118 134 198 223 241 246 262 315 406 497 537 588 650 657 678 694 
1 153 160 161 266 341 358 377 396 422 437 456 544 604 609 626 637 686 
34 42 44 74 84 210 231 339 346 348 357 361 370 419 450 463 488 521 531 547 559 577 606 609 632 637 655 
4 8 72 76 155 215 296 325 328 344 398 461 492 501 525 540 549 574 575 603 612 643 646 651 673 674 685 691 
83 132 149 152 177 273 288 350 432 511 550 654 
37 112 128 172 192 208 303 429 439 446 502 528 622 638 
5 16 25 45 57 95 275 306 333 433 442 471 473 479 519 576 587 599 607 
2 40 125 176 190 213 233 243 301 387 451 513 517 594 687 
14 30 31 54 65 74 166 224 237 286 309 313 383 401 447 460 461 503 509 522 542 568 590 627 633 634 636 665 667 
17 23 64 97 142 145 158 194 206 228 254 260 265 279 283 309 318 322 326 372 409 414 459 464 491 539 562 580 653 682 
47 108 116 129 156 317 320 321 329 402 416 438 481 483 496 579 598 645 663 
9 52 67 115 164 187 203 265 269 276 290 336 364 426 427 475 488 592 
33 61 91 144 146 147 167 178 188 207 219 222 272 286 300 327 374 382 404 457 461 478 515 554 612 627 656 679 689 
12 60 68 114 136 144 240 246 271 314 399 418 493 579 601 639 675 680 692 
123 148 200 247 345 354 393 435 462 523 573 586 587 631 690 
26 28 73 82 92 98 100 139 141 159 163 168 202 259 285 298 322 338 380 397 411 430 448 469 474 485 500 510 528 593 597 615 616 661 672 700 
27 96 110 121 126 143 201 205 211 225 226 229 246 310 311 342 351 372 395 410 415 436 467 495 503 507 518 524 527 535 536 538 561 565 
3 7 53 69 124 173 214 255 268 278 305 353 359 408 508 512 532 622 629 632 
18 51 80 86 101 130 133 135 137 162 175 180 209 212 219 248 263 277 299 332 352 368 375 378 381 420 434 443 465 470 490 498 570 582 618 628 640 642 664 
35 56 70 120 199 218 227 234 235 267 274 366 373 473 480 482 487 524 541 558 585 590 595 600 623 683 
41 48 49 89 252 253 264 295 337 363 367 392 428 455 486 499 516 559 647 681 
6 19 20 21 85 88 117 119 126 140 151 154 157 165 174 182 186 236 245 250 251 258 270 289 291 292 307 308 347 349 360 372 385 386 388 389 391 417 440 444 454 458 468 489 495 504 505 506 514 526 529 535 548 552 555 557 564 566 572 584 591 605 608 620 624 635 641 649 666 668 670 673 675 677 684 688 697 
10 36 43 50 77 87 109 131 184 196 216 244 256 287 305 340 365 369 438 441 471 472 487 494 504 534 543 569 621 625 630 644 672 698 
169 238 249 260 302 304 330 394 405 530 533 545 546 596 602 613 617 626 658 671 690 
