12 44 65 107 115 129 139 174 176 205 283 355 367 370 491 505 691 
35 53 59 64 70 77 81 86 89 96 122 137 150 159 186 208 223 231 238 258 259 264 284 287 299 304 308 310 322 376 381 398 416 424 434 453 457 484 486 516 517 527 530 532 545 547 562 563 569 589 594 606 618 637 653 
34 38 57 62 90 95 113 127 137 154 161 189 190 218 221 239 242 251 270 296 299 311 336 345 357 377 388 399 407 424 444 466 470 476 485 492 531 542 556 557 597 601 622 633 648 658 666 669 674 684 
43 45 79 112 124 151 153 157 169 175 217 225 260 277 278 314 381 407 420 423 428 444 446 473 475 532 548 555 571 585 593 613 617 626 676 683 700 
10 24 30 49 66 74 103 108 153 272 277 288 348 350 370 398 460 548 649 
11 18 23 41 46 47 58 60 71 81 83 86 93 96 100 105 117 119 123 124 136 138 143 144 152 154 158 161 163 197 199 201 204 206 208 214 218 233 235 244 258 268 274 277 283 287 296 298 299 311 325 335 339 341 346 354 381 391 400 413 414 422 430 441 442 443 448 449 450 462 466 470 473 495 515 522 523 524 528 537 539 546 548 549 550 558 563 569 575 579 588 589 598 600 606 610 623 624 637 638 642 643 657 665 674 680 681 687 688 692 
18 42 69 71 93 105 162 163 164 170 186 201 205 212 227 234 290 291 292 293 328 329 340 360 369 388 402 422 427 438 439 493 495 518 523 532 533 534 561 594 595 598 649 672 679 692 
10 33 92 114 120 178 200 255 257 281 290 294 313 326 346 348 405 452 454 458 507 509 525 539 573 622 659 685 
96 100 119 142 157 187 192 196 203 224 233 241 266 315 323 337 340 344 363 373 395 398 436 463 477 480 488 506 518 538 542 560 567 568 595 621 624 633 
56 65 83 110 140 141 156 181 183 188 189 199 204 211 236 263 265 267 295 305 318 323 337 346 349 367 373 375 401 418 444 447 451 459 461 477 483 489 493 506 511 526 529 535 543 551 552 577 609 615 619 620 633 636 639 644 645 665 676 686 687 689 
81 114 120 121 131 133 182 194 215 229 241 290 320 337 363 378 405 406 410 431 432 458 461 463 474 507 573 578 579 592 624 630 631 659 664 667 683 691 
13 46 54 79 83 85 98 110 111 125 132 141 156 169 177 183 188 189 202 222 236 265 273 278 282 301 323 331 357 367 374 375 377 380 411 415 447 459 460 465 481 484 489 493 508 526 534 535 544 553 559 570 577 580 584 596 601 603 620 626 639 644 648 665 673 676 686 687 688 689 694 
18 35 67 159 160 170 224 233 247 254 286 287 289 291 338 352 363 374 390 392 396 525 527 529 534 541 574 587 595 607 616 652 660 687 
15 18 20 24 28 30 47 49 58 63 66 69 74 77 89 108 149 160 163 164 166 167 186 196 200 209 212 234 239 241 263 266 274 291 292 293 297 315 328 340 350 360 369 372 374 388 395 402 416 423 424 425 434 436 438 439 449 466 470 475 504 516 518 534 547 548 553 560 563 575 595 602 628 638 641 642 649 650 690 691 697 
5 26 54 57 58 62 72 75 83 99 106 110 113 137 141 150 156 161 165 169 171 183 185 188 189 190 198 204 210 213 218 230 236 245 265 269 293 320 345 357 362 367 373 375 396 399 407 414 424 437 447 450 459 460 464 468 470 483 485 492 493 518 526 528 529 530 531 533 535 536 542 543 552 556 570 577 579 597 608 609 610 620 622 630 633 634 639 644 655 658 662 665 666 667 669 671 686 687 689 698 
4 11 13 21 43 45 51 64 79 82 85 99 101 109 112 124 151 153 157 169 175 178 211 215 216 217 222 227 250 252 254 260 272 276 277 278 282 300 314 327 339 348 370 371 381 382 403 407 415 420 422 423 426 428 433 444 446 455 460 463 469 473 496 497 502 503 505 508 512 514 520 521 531 532 542 548 553 555 572 584 585 591 593 603 612 622 624 626 628 630 631 634 644 654 661 665 670 679 680 681 683 686 696 700 
11 38 51 56 58 73 83 100 123 131 152 153 185 191 197 198 199 203 204 206 211 214 218 220 235 245 262 263 280 283 285 287 297 298 311 313 341 346 351 358 359 362 373 381 383 391 400 408 413 419 427 437 444 450 464 466 473 477 481 483 487 494 501 502 506 508 510 511 512 513 518 522 528 529 535 539 546 549 553 569 571 583 588 589 601 604 606 609 610 633 634 637 647 651 655 661 687 688 694 698 
19 25 34 38 41 51 53 56 59 70 77 81 83 86 89 90 95 96 114 121 126 137 138 142 145 150 153 154 159 183 186 187 220 221 223 228 231 238 239 242 251 258 259 263 264 269 285 287 296 298 299 304 310 311 336 351 357 359 376 377 383 388 393 398 405 406 408 411 414 416 419 424 434 444 448 457 458 466 473 476 481 486 507 512 513 515 516 517 522 525 527 530 545 547 557 561 562 569 573 575 579 588 589 598 606 610 618 624 633 634 637 640 647 648 651 653 659 661 664 672 674 676 684 694 
19 41 52 81 83 86 93 112 126 138 142 145 165 171 179 180 181 183 185 199 220 228 230 259 269 285 287 295 298 305 311 318 323 332 337 339 349 351 359 362 383 389 393 401 406 408 411 414 419 437 447 448 455 464 466 473 480 481 485 512 513 519 522 528 532 551 561 568 569 588 589 590 591 606 615 619 634 636 637 645 647 651 661 667 668 671 674 676 679 689 693 694 698 
36 57 79 125 126 140 144 145 150 156 170 171 198 199 202 204 207 211 230 232 237 248 249 256 261 262 263 264 283 317 318 323 337 358 364 366 373 404 409 410 421 429 444 451 477 479 483 503 506 508 511 518 529 539 543 574 577 580 601 609 625 626 633 675 
9 27 55 63 64 70 79 103 117 119 123 124 151 152 154 157 158 175 197 217 221 225 226 244 250 260 268 277 337 340 352 354 358 372 373 381 382 411 413 420 426 430 446 462 463 471 475 477 489 506 510 515 518 520 547 548 550 555 571 583 585 593 600 602 603 617 623 624 625 626 635 638 641 643 650 654 667 680 681 683 697 700 
29 32 41 43 45 55 64 70 76 79 80 87 88 101 102 104 106 116 118 119 120 123 124 133 140 142 143 144 157 159 171 175 178 182 192 194 195 196 204 217 218 219 221 225 226 229 239 246 250 258 260 262 270 279 288 302 304 307 310 314 325 333 335 339 340 342 352 363 366 367 378 384 393 410 412 420 426 432 439 440 446 463 467 474 477 480 482 488 489 504 505 506 509 510 520 524 537 538 540 543 548 554 555 558 560 567 568 571 576 578 582 585 592 593 600 603 611 613 617 621 624 631 638 641 654 664 667 678 681 683 691 
9 32 36 46 88 96 106 119 127 142 156 157 168 178 185 187 192 193 198 199 203 204 207 208 211 213 231 237 239 240 245 246 248 249 254 256 263 270 275 288 315 317 323 325 331 337 340 343 344 358 362 363 373 393 404 410 414 417 421 429 436 437 440 451 461 465 472 476 477 479 480 482 487 488 503 506 518 529 538 543 560 567 577 595 609 613 621 624 633 634 635 648 655 663 671 675 678 698 699 
4 9 11 13 17 21 25 31 46 51 79 82 96 99 100 109 127 140 142 178 187 192 193 196 203 208 211 215 216 222 224 227 231 233 237 240 241 249 250 252 254 256 266 267 270 275 276 277 282 288 290 300 308 315 321 327 330 334 336 343 344 348 352 363 370 371 382 386 395 398 403 404 415 426 429 433 435 436 451 455 460 461 465 469 470 472 477 479 480 482 483 487 496 497 502 503 505 512 514 521 531 542 553 560 565 568 572 581 584 591 595 609 612 616 622 623 624 630 631 634 635 640 644 648 654 661 663 665 670 675 679 686 688 695 696 699 
22 32 36 46 60 79 82 85 88 106 109 123 125 127 144 150 158 160 175 177 187 192 193 202 207 208 216 222 230 231 232 239 240 243 248 249 252 256 261 262 264 275 276 283 288 300 301 317 321 323 325 330 332 336 337 339 340 343 346 358 363 364 366 371 382 385 393 401 403 404 409 410 417 421 429 430 435 441 442 451 460 461 465 469 473 479 480 481 482 487 488 496 502 503 504 506 508 512 514 515 531 538 539 542 570 572 574 577 580 591 601 609 612 613 616 621 623 624 625 626 638 643 654 663 665 670 675 676 678 679 680 686 688 699 
17 38 52 56 69 70 71 84 93 100 105 111 123 136 138 140 149 156 159 170 171 179 180 181 192 201 205 226 230 233 261 266 288 295 305 315 318 322 323 329 330 332 335 337 339 340 344 349 373 382 389 393 395 398 401 406 422 427 434 436 438 447 453 454 455 477 480 482 483 484 485 488 495 503 510 519 520 523 532 538 542 551 560 561 565 568 571 579 584 590 591 594 598 615 619 621 636 645 649 657 661 668 670 672 674 678 679 681 692 693 
3 58 60 73 85 97 100 123 131 134 136 152 177 183 191 202 203 206 211 214 218 228 235 243 262 264 280 283 297 309 313 319 324 341 346 347 379 381 391 400 404 409 414 423 427 440 450 473 481 494 500 501 507 508 528 539 546 549 555 574 576 580 601 604 606 625 676 687 688 
3 16 40 45 54 61 68 78 80 99 101 102 119 124 136 140 143 144 148 165 169 171 173 185 195 196 198 199 213 221 230 239 243 245 246 250 258 271 279 296 304 306 307 310 312 325 334 335 339 342 356 362 365 366 387 400 414 431 437 439 446 447 450 456 464 467 483 487 509 512 524 532 535 537 543 548 550 555 556 558 564 565 567 582 589 593 605 609 611 614 623 629 633 638 646 655 656 657 664 666 667 671 677 678 689 698 
28 77 97 106 134 161 189 235 243 319 320 324 332 341 347 379 399 404 409 440 484 491 504 508 530 576 580 625 
2 22 28 37 47 48 51 58 63 77 94 103 105 128 135 144 145 149 152 155 166 167 168 209 228 253 261 266 269 288 314 318 321 331 332 343 350 368 372 385 388 394 397 406 417 425 431 434 435 449 451 470 471 472 475 482 483 486 487 489 490 498 499 511 534 563 573 575 583 586 590 591 599 602 613 615 623 625 628 636 638 641 642 644 645 650 654 663 666 682 685 686 690 691 693 697 699 700 
8 11 21 22 27 37 51 55 64 65 83 87 98 99 101 103 110 121 127 132 136 140 141 145 152 156 162 165 168 169 171 178 183 185 187 188 189 193 199 203 204 208 211 213 216 219 221 222 225 226 231 236 237 240 245 249 250 254 256 265 266 267 273 275 278 282 284 300 301 321 327 331 332 333 334 337 343 348 352 357 358 362 366 367 370 371 373 374 375 380 385 394 404 405 413 415 417 418 426 428 429 432 433 435 437 444 447 450 451 455 458 459 460 461 463 464 465 469 472 477 479 482 483 484 487 489 493 496 497 502 505 506 507 510 511 518 520 521 526 531 534 535 540 543 544 553 554 555 556 559 570 571 572 573 577 581 583 585 589 591 596 600 603 609 612 613 617 620 622 623 624 630 631 633 635 639 641 644 646 648 654 655 657 663 665 667 671 673 675 678 681 683 684 685 686 687 689 696 698 699 
1 25 84 87 118 122 180 182 186 198 208 219 259 302 322 333 367 381 384 397 410 412 434 453 484 500 505 509 516 532 540 548 554 563 567 576 594 606 620 631 657 678 684 695 
6 7 17 31 40 50 79 91 106 109 130 147 152 162 168 172 175 187 190 202 227 237 252 262 269 276 311 321 323 330 336 345 346 352 363 368 369 382 394 399 403 422 454 465 469 473 492 502 503 512 514 518 531 542 573 580 584 591 597 601 612 620 622 633 654 658 665 669 670 676 679 688 693 695 
11 17 39 43 45 46 54 60 67 69 79 85 112 124 125 136 140 151 153 157 169 172 175 177 184 187 202 214 217 231 235 246 258 260 262 264 267 272 274 278 283 284 290 292 308 314 325 332 334 338 339 346 355 368 386 391 406 407 418 420 423 428 444 446 467 470 473 475 477 483 488 508 518 527 528 532 538 546 548 549 555 558 560 563 565 566 570 573 580 581 584 593 609 611 613 616 621 626 640 665 672 676 681 683 687 688 690 695 700 
1 3 17 23 38 52 56 69 70 71 84 93 105 117 122 136 138 154 156 158 159 170 179 180 181 186 197 198 201 205 208 230 234 244 259 261 263 266 268 277 283 295 298 299 305 318 322 323 329 332 335 339 340 341 349 358 373 381 389 397 401 406 413 422 427 430 434 438 441 442 443 447 448 453 454 462 480 485 495 512 515 519 522 523 529 532 550 551 561 563 568 579 588 590 591 598 606 615 619 624 636 637 638 643 645 649 657 668 670 672 674 676 679 680 684 692 693 
3 8 16 34 40 54 61 68 76 78 95 99 101 102 104 112 116 119 127 148 165 167 169 171 173 185 193 198 199 203 208 213 221 230 237 240 242 243 245 249 250 251 256 266 271 275 288 296 306 310 312 321 331 332 356 362 365 380 385 387 394 400 407 414 417 429 431 435 437 447 450 451 456 461 464 467 468 472 476 479 482 483 487 489 506 509 512 528 534 535 537 553 555 556 557 558 564 582 589 605 609 614 623 629 633 635 641 646 648 655 656 657 663 666 667 671 675 677 678 689 698 699 
4 5 9 11 21 25 26 28 31 32 34 35 38 42 43 46 51 56 57 58 60 61 62 65 67 68 69 71 72 73 75 77 78 80 81 82 83 85 87 88 90 95 97 99 100 101 102 106 107 109 110 113 114 115 118 119 120 121 123 126 127 129 131 133 134 136 137 139 141 142 143 145 146 150 152 154 160 161 171 174 176 178 180 182 183 184 186 187 189 190 191 192 193 194 195 199 203 205 206 210 211 212 214 215 216 218 219 220 221 222 224 227 228 229 231 234 235 236 237 239 240 241 242 243 246 247 249 251 252 254 256 258 262 264 267 269 270 272 275 276 277 278 279 280 282 284 285 286 288 289 290 291 293 295 296 297 299 300 302 303 304 307 308 309 310 311 312 313 316 319 320 324 325 327 330 332 333 334 336 337 338 339 340 341 342 343 345 346 347 348 351 352 353 355 356 357 359 360 361 363 365 366 367 369 370 371 375 376 377 378 379 381 382 383 384 385 386 387 388 390 391 392 393 396 399 402 403 404 405 406 407 408 409 410 412 413 414 415 418 419 422 423 424 427 428 429 431 432 433 439 440 444 445 447 450 451 455 456 458 459 460 461 465 467 468 469 470 474 476 478 479 481 482 483 484 485 488 489 491 492 493 494 496 497 500 501 502 503 504 505 506 507 508 509 511 512 513 514 521 523 524 525 526 527 528 529 530 531 533 534 536 537 538 540 541 542 543 546 549 552 554 555 556 557 558 560 561 563 564 565 566 567 570 572 573 574 576 577 578 579 581 582 584 587 592 594 595 597 598 601 604 605 606 607 608 609 610 611 612 613 614 616 621 622 625 627 629 630 631 632 633 634 638 639 640 644 646 647 648 651 652 654 656 658 659 660 661 662 664 665 666 667 669 670 672 674 675 677 678 679 683 684 685 686 687 688 689 690 691 694 695 696 
18 22 31 35 37 51 58 67 100 103 109 152 157 159 160 168 170 187 203 206 214 215 218 224 227 233 235 247 252 254 266 270 276 286 287 289 313 315 321 325 330 331 336 338 341 343 344 352 363 374 381 382 385 390 391 392 394 395 396 400 403 415 417 424 435 436 450 451 472 482 483 487 488 489 502 503 511 512 514 525 527 528 529 534 538 539 541 546 549 573 574 583 584 587 591 595 606 607 612 613 623 634 641 652 654 660 661 663 670 679 687 688 699 
14 15 22 57 94 101 105 128 135 154 155 196 253 261 269 336 340 342 390 409 431 434 461 475 486 490 498 499 500 575 583 586 599 635 666 682 686 700 
8 29 41 43 53 59 61 68 70 76 78 80 83 88 89 96 101 102 104 106 111 114 116 121 123 124 126 137 140 143 148 150 159 171 173 192 195 196 204 205 209 215 218 221 223 231 238 239 243 246 250 258 271 279 287 288 290 296 304 306 307 310 312 323 325 335 339 342 346 355 356 365 366 368 372 376 387 393 398 400 405 406 407 410 412 416 424 425 431 434 439 440 450 456 457 458 467 471 480 486 488 499 504 507 511 516 517 524 525 530 537 538 543 545 547 548 556 558 560 562 564 567 568 573 579 582 589 602 605 611 613 614 618 621 623 625 628 629 630 638 646 648 650 653 656 659 664 677 678 684 685 697 700 
4 14 15 22 34 57 60 67 79 85 90 94 95 105 120 125 128 135 146 154 155 175 177 180 182 192 196 202 242 243 251 253 261 262 278 303 314 316 323 325 332 336 342 346 353 357 361 377 390 396 404 409 413 420 428 431 445 446 455 461 473 475 476 478 490 491 498 499 500 504 508 528 529 539 557 566 570 574 580 583 586 593 599 601 610 613 626 627 632 635 666 676 682 684 686 700 
