49 63 73 90 187 210 255 277 326 337 339 341 342 397 409 414 465 486 512 543 575 580 587 593 
15 17 31 32 38 49 55 59 62 66 75 102 103 105 108 123 158 162 177 204 214 233 249 251 257 265 267 286 294 308 311 320 380 411 416 418 419 425 434 452 460 462 466 475 537 538 541 546 555 559 566 571 589 601 602 603 609 631 636 638 643 653 654 666 682 684 687 693 
11 34 59 96 99 101 115 137 141 143 174 188 190 191 198 209 264 272 279 296 299 312 314 318 329 351 377 393 396 400 404 429 431 438 442 469 501 503 525 547 561 568 573 593 598 613 622 626 627 658 685 
8 41 64 70 95 100 120 124 153 156 170 173 179 189 245 247 259 263 270 289 290 295 306 319 379 381 382 384 390 398 406 432 436 437 438 440 443 462 463 474 478 479 499 509 563 564 569 576 606 608 616 635 641 686 691 
8 41 95 100 120 124 153 170 173 179 189 209 245 247 259 263 270 289 290 398 418 436 437 438 440 443 457 462 474 478 509 515 528 576 606 608 616 635 656 691 
14 47 57 64 65 70 75 81 89 94 98 100 106 131 137 144 147 151 156 160 166 208 213 219 220 225 237 264 266 268 282 287 295 305 310 314 324 330 332 336 337 338 344 353 357 362 367 370 372 374 379 382 384 387 389 390 404 414 421 427 428 435 447 463 465 468 476 479 486 489 494 496 499 503 513 514 522 524 538 546 562 563 566 574 577 581 593 597 598 601 611 624 628 630 634 643 647 657 664 665 666 671 672 680 681 700 
5 7 18 33 57 63 64 68 70 73 89 90 95 98 100 108 128 132 156 166 175 186 187 208 210 213 217 219 225 255 258 266 268 277 287 295 301 310 326 332 339 341 344 353 357 362 367 370 372 374 379 382 384 385 387 389 390 397 401 404 409 414 421 427 446 447 458 463 465 468 476 477 479 486 489 494 500 512 514 524 537 538 543 563 574 575 580 582 587 617 620 629 630 643 644 650 657 665 671 672 680 699 700 
9 47 57 70 75 76 88 89 94 98 112 120 128 131 140 155 166 176 182 213 219 225 230 253 254 256 261 268 287 291 295 305 344 356 357 367 370 372 384 387 404 419 421 436 441 465 476 479 489 494 503 509 511 524 530 538 544 547 562 564 569 574 583 586 587 595 611 615 630 633 634 635 636 641 643 655 661 666 668 672 700 
11 34 59 76 87 92 94 99 101 103 115 139 143 164 174 188 190 191 198 199 209 218 238 252 272 279 296 299 309 312 313 318 322 323 329 340 351 375 377 388 393 396 400 404 415 429 431 442 454 469 487 498 499 501 503 518 523 525 527 531 534 547 559 561 568 570 573 580 598 601 616 618 622 623 627 631 639 640 652 658 677 685 
24 54 69 77 78 93 126 157 163 168 172 181 192 195 197 229 241 242 258 274 278 281 292 296 297 298 300 306 322 327 333 346 350 359 366 368 369 417 429 432 439 446 450 473 506 516 519 526 528 532 533 539 601 663 667 673 678 
27 37 39 47 54 61 69 74 75 77 89 102 109 119 134 138 140 154 155 159 163 168 172 176 181 182 195 196 197 198 205 211 221 225 228 230 241 251 253 256 278 281 291 298 300 311 325 333 346 348 349 358 359 361 365 368 369 370 371 380 383 387 392 411 418 419 423 429 436 439 449 453 458 466 470 472 475 495 498 500 508 511 519 521 526 528 532 533 544 545 547 555 557 560 562 569 572 578 579 586 590 595 604 609 610 611 613 620 627 641 648 653 654 657 663 667 668 673 675 678 683 687 688 698 
16 20 21 23 24 40 53 78 84 93 102 104 122 126 136 144 157 183 192 193 206 218 234 242 250 258 264 273 274 275 292 297 306 307 327 334 343 345 352 358 366 373 375 376 378 389 406 408 413 414 418 423 433 444 446 450 451 456 461 466 468 471 476 482 487 490 491 504 506 513 516 524 526 528 539 542 548 549 550 551 578 588 591 597 603 617 624 628 642 645 649 654 695 696 
2 6 19 25 26 28 34 40 42 44 46 53 59 60 67 81 94 96 99 101 106 115 116 127 133 135 137 139 140 141 143 144 147 148 151 157 164 174 178 180 188 190 193 198 209 218 220 223 235 236 237 238 240 248 250 251 260 264 269 272 273 277 279 293 296 299 303 307 309 311 312 314 318 319 321 322 324 334 337 340 341 345 350 351 352 355 369 377 378 379 380 388 393 396 400 406 408 413 431 432 433 435 442 451 454 461 463 469 478 480 486 487 491 499 501 503 504 513 518 525 527 529 534 547 549 551 554 558 559 564 568 573 575 577 580 593 596 598 600 606 608 610 613 616 617 622 628 639 640 642 647 652 658 664 665 669 672 677 680 681 682 685 689 697 
30 36 72 76 79 83 85 110 113 117 121 123 149 165 184 213 231 237 261 270 288 303 317 346 347 354 376 383 388 389 403 420 427 452 453 467 476 488 523 535 550 584 590 599 605 614 619 623 625 633 655 660 661 684 686 692 
22 56 57 67 70 74 76 87 89 92 94 98 102 103 113 119 131 133 134 139 150 151 152 164 166 178 196 199 205 211 218 221 225 238 241 248 251 252 264 266 268 287 293 295 305 309 311 313 314 318 322 323 324 325 329 337 340 343 344 348 350 357 361 367 369 370 372 375 379 380 384 388 403 408 414 415 418 421 435 436 449 451 454 458 465 472 476 478 479 489 494 495 498 499 503 508 513 518 523 524 527 534 538 546 557 558 559 570 574 577 579 580 581 613 618 620 623 628 630 636 639 640 643 652 657 665 666 672 677 681 689 695 700 
29 35 36 45 50 54 61 69 97 107 119 125 129 132 136 137 142 154 165 168 172 173 181 185 191 195 197 205 206 209 212 226 227 229 230 232 241 246 278 281 285 291 298 300 301 304 321 331 333 345 346 347 348 358 359 361 364 369 376 385 390 391 392 395 399 401 407 410 418 422 426 427 429 437 439 444 445 454 455 456 459 461 479 482 483 497 500 505 506 519 520 521 526 528 530 532 533 542 545 552 556 561 578 585 588 591 597 601 607 609 610 615 619 621 625 632 633 642 645 646 648 649 651 659 660 663 667 668 673 678 688 694 695 699 700 
10 30 31 32 34 35 36 39 45 46 47 49 50 54 55 61 62 66 67 69 71 72 74 77 79 83 85 96 97 102 108 109 110 113 117 118 119 121 122 123 127 129 132 133 134 136 137 141 142 143 147 149 154 159 162 165 171 172 173 176 177 181 184 185 191 195 196 197 204 205 206 211 212 213 214 220 221 223 226 227 228 231 232 236 237 240 241 248 249 251 264 265 267 270 272 275 281 285 286 288 293 298 300 303 304 308 311 314 317 318 319 324 325 328 329 333 334 337 339 346 347 348 350 354 358 359 361 364 365 368 369 376 378 380 383 388 389 390 391 395 399 401 403 407 408 410 416 418 420 422 426 427 429 430 434 435 439 440 442 444 445 449 452 453 454 455 458 459 460 461 462 463 466 467 472 475 476 479 482 483 485 488 495 497 498 499 500 505 508 519 520 521 523 526 528 532 533 537 538 541 542 545 546 548 550 555 556 557 558 561 571 572 575 577 578 579 584 588 589 590 594 599 602 604 605 609 613 614 618 619 620 621 623 625 629 631 632 636 638 642 643 645 646 647 648 649 651 653 655 657 659 660 661 663 664 665 667 670 673 675 678 681 682 683 684 686 687 688 689 692 693 694 695 696 699 
40 53 127 135 144 165 167 191 193 218 223 250 304 307 334 345 352 378 406 407 410 413 433 455 461 470 491 499 513 520 524 526 548 549 551 572 589 597 619 628 638 642 648 
9 20 21 23 45 53 65 80 84 97 104 112 114 125 127 129 130 132 135 144 152 154 160 167 183 193 201 203 222 227 229 231 234 262 273 282 283 302 307 310 311 328 330 335 336 338 343 349 352 358 362 363 364 371 373 374 376 381 386 387 392 395 401 406 407 411 421 423 428 433 441 444 447 448 456 459 461 466 468 471 472 476 481 482 483 484 487 490 496 504 505 513 514 522 532 535 536 540 542 545 548 549 551 553 556 558 561 562 565 566 567 578 581 588 591 596 597 601 603 610 617 624 626 628 634 639 642 643 645 651 653 654 662 684 688 695 696 
4 28 38 48 51 56 58 72 74 76 87 92 94 95 103 107 111 114 120 124 125 126 130 139 145 150 153 164 165 167 173 178 185 189 191 199 200 201 202 206 209 212 216 217 226 229 230 232 238 241 243 245 246 247 252 259 263 265 270 280 283 284 285 289 290 291 303 304 307 309 313 315 322 323 328 340 342 347 349 357 360 362 363 371 375 379 381 385 391 394 398 399 406 410 411 412 417 418 424 425 426 428 432 436 437 440 443 444 448 451 454 455 457 461 462 464 472 474 478 484 489 497 498 499 500 507 509 510 511 518 520 521 523 527 530 531 534 540 543 553 556 559 565 567 570 572 576 580 581 585 596 597 599 606 607 608 609 610 611 616 618 619 621 625 626 632 634 635 637 639 640 642 646 652 656 659 662 677 691 693 694 699 
9 30 31 34 35 36 45 46 49 50 79 82 97 105 109 118 122 123 129 136 146 152 154 158 161 162 171 176 177 194 204 206 207 214 222 223 227 233 249 265 267 270 271 275 283 286 294 320 321 328 358 364 376 378 392 395 401 407 411 416 419 422 427 434 444 445 456 459 460 461 475 481 482 483 485 492 505 515 526 537 541 542 545 546 548 551 556 559 561 571 578 588 594 599 602 604 605 625 629 636 638 645 648 649 651 660 670 684 687 688 693 695 698 
1 9 13 43 71 82 86 109 118 143 146 155 161 176 177 184 189 194 207 223 230 233 239 270 271 289 294 301 319 337 365 384 419 422 425 430 434 457 460 475 481 485 492 515 521 537 551 579 582 594 599 604 629 641 667 670 687 698 
23 24 53 77 84 104 160 171 183 195 220 222 228 234 238 239 266 273 284 302 310 331 343 362 373 402 405 417 423 432 447 468 470 471 473 487 490 493 495 502 504 516 517 535 540 552 560 582 583 591 592 603 612 617 624 643 654 676 690 696 
54 61 69 77 78 93 126 157 163 168 172 181 192 195 197 198 241 242 274 278 281 296 297 298 300 322 327 329 333 346 359 366 368 369 383 429 432 439 446 450 453 506 516 519 526 528 532 533 539 655 663 667 673 678 687 698 
3 12 14 15 24 32 33 36 39 43 45 47 48 49 51 52 56 57 62 70 75 76 81 87 89 91 92 96 97 98 102 103 106 108 109 119 122 123 129 132 133 134 136 137 138 141 145 150 151 152 154 164 166 169 171 174 175 177 178 180 183 199 200 204 205 206 211 213 215 219 220 221 222 224 225 227 233 238 239 241 243 244 249 252 257 258 264 266 271 275 276 279 283 284 286 287 302 305 308 309 313 314 316 318 320 322 323 325 329 331 336 340 342 344 348 350 357 358 360 361 364 365 367 370 371 372 375 376 379 380 384 392 394 401 402 404 405 412 415 417 418 421 425 432 444 449 451 454 456 457 458 459 461 463 465 466 467 470 472 473 476 479 482 483 489 493 494 495 498 502 505 507 508 510 513 514 516 517 518 523 524 526 527 531 534 535 537 538 541 542 543 545 546 548 549 552 555 556 557 559 560 562 567 570 571 572 574 577 578 580 582 583 588 589 592 602 609 611 612 613 618 620 627 629 630 631 636 637 638 639 640 643 648 649 651 652 656 657 664 665 666 671 672 674 675 676 677 679 688 689 690 693 696 
