1 13 43 71 82 86 109 118 146 161 176 194 207 223 271 294 319 422 430 434 457 460 475 481 485 492 515 582 594 599 629 670 698 
2 6 19 26 42 60 116 148 235 236 248 269 321 341 350 355 469 480 529 554 564 596 600 669 682 697 
40 127 135 144 193 218 250 307 334 345 352 378 406 413 433 491 513 549 551 628 642 
16 21 23 53 84 104 183 234 273 343 373 423 456 468 471 487 490 504 591 603 617 654 696 
3 12 15 48 52 91 145 169 200 215 224 243 244 276 316 342 360 394 412 417 425 507 510 531 611 637 656 674 679 
10 30 79 83 85 110 113 117 121 149 184 231 288 303 317 354 383 389 403 420 452 453 467 488 550 584 590 605 614 623 655 660 661 684 686 692 
171 222 239 284 302 331 402 405 432 470 473 493 502 517 535 552 560 592 612 676 690 
20 65 80 112 132 160 201 203 262 282 310 330 335 336 338 374 386 428 441 496 522 536 566 581 597 601 624 634 
14 57 70 89 98 131 166 213 219 225 266 268 287 295 305 344 367 370 372 379 384 404 414 421 465 476 479 489 494 524 538 574 630 643 657 666 672 700 
29 107 142 165 173 185 191 209 212 226 230 232 246 285 304 347 391 399 410 426 455 497 500 520 521 530 585 607 619 621 625 632 646 659 694 699 
22 76 87 92 94 103 139 150 164 178 199 238 252 309 313 322 323 329 340 357 375 415 451 454 478 498 499 518 523 527 534 559 570 580 618 639 640 652 677 
35 36 45 50 97 122 129 136 152 154 206 227 275 358 364 376 392 395 401 407 444 445 459 461 482 483 505 542 545 548 556 561 578 588 645 648 649 651 688 695 
17 31 32 49 55 62 66 105 108 123 158 162 177 204 214 233 249 257 265 267 286 308 320 416 537 541 546 571 589 602 631 636 638 653 687 693 
4 28 38 51 56 58 72 111 114 125 130 167 202 216 229 280 283 315 328 349 362 363 371 381 411 424 448 464 484 540 553 565 567 610 626 662 
24 78 93 126 157 192 242 258 274 292 297 306 327 366 446 450 506 516 539 
9 88 128 140 155 182 253 254 256 261 291 356 387 419 511 544 562 569 583 586 595 615 633 641 668 
5 7 18 33 64 68 100 156 175 186 208 217 301 332 353 382 385 390 427 447 477 514 563 575 644 650 671 680 
11 34 59 99 101 115 143 174 188 190 198 272 279 296 299 312 351 377 393 396 400 431 442 501 503 525 547 568 573 598 622 627 658 685 
25 44 46 67 81 96 106 133 137 141 147 151 180 220 237 240 251 260 264 293 311 314 318 324 337 388 408 435 463 558 577 593 647 664 665 681 689 
8 41 95 120 124 153 170 179 189 245 247 259 263 270 289 290 398 436 437 438 440 443 462 474 509 576 606 608 616 635 691 
27 37 39 47 74 75 102 119 134 138 159 196 205 211 221 228 325 348 361 365 380 418 449 458 466 472 495 508 555 557 572 579 604 609 613 620 675 683 
54 61 69 77 163 168 172 181 195 197 241 278 281 298 300 333 346 359 368 369 429 439 519 526 528 532 533 663 667 673 678 
63 73 90 187 210 255 277 326 339 397 409 486 512 543 587 
