54 55 108 143 179 231 252 293 491 523 541 564 580 608 652 664 806 1241 1293 1335 1420 
64 82 87 96 212 292 387 432 456 461 464 466 561 574 606 665 897 1093 1182 1383 
30 53 76 106 183 195 216 218 219 224 312 553 729 836 903 1081 
156 195 237 238 262 346 351 361 375 441 474 573 621 646 652 691 742 754 821 840 854 918 984 993 1054 1074 1094 1111 1230 1235 1240 1259 1271 1311 1391 1396 1409 1421 1430 
2 23 44 75 144 156 178 193 195 237 238 262 264 324 346 351 359 361 375 420 434 441 467 474 572 573 621 646 652 691 742 754 768 821 840 854 855 898 918 984 993 1054 1074 1094 1111 1230 1235 1240 1259 1271 1311 1391 1396 1409 1421 1430 
31 53 126 135 147 235 268 275 329 400 480 543 544 711 888 963 1389 1419 1467 
20 93 98 123 191 221 277 282 375 553 656 702 764 775 789 800 825 833 907 931 955 963 1067 1081 1121 1123 1138 1170 1208 1251 1260 1268 1319 1415 1419 1436 1483 
14 35 104 115 131 232 245 246 258 304 477 819 924 1177 1423 1495 
66 198 205 211 332 333 352 464 489 540 651 660 703 751 764 767 878 927 1223 1426 
109 142 167 234 252 280 311 341 390 395 425 452 497 567 579 588 624 667 677 734 759 804 832 836 892 906 1023 1048 1167 1233 1236 1289 1389 1402 1434 1439 1442 1463 1495 1496 
40 71 86 88 94 97 116 136 181 222 233 240 250 254 287 295 297 298 305 309 315 325 342 345 348 359 362 393 395 399 423 424 459 473 476 495 517 557 572 580 585 621 640 648 670 704 707 712 714 726 791 808 810 817 822 860 916 922 923 926 939 941 945 956 990 991 1008 1010 1011 1014 1020 1022 1046 1050 1066 1068 1075 1076 1112 1122 1131 1133 1143 1174 1178 1181 1185 1187 1208 1209 1210 1216 1223 1225 1240 1253 1263 1267 1271 1292 1324 1366 1372 1395 1399 1423 1430 1447 1449 1454 1455 1471 1473 
19 120 127 142 176 214 380 437 538 604 622 702 741 749 772 789 827 837 907 955 1138 1170 1260 1268 1276 1338 1381 1392 1436 1454 
12 79 101 278 285 320 338 357 367 397 479 514 563 569 571 586 632 694 733 795 801 868 917 953 1013 1065 1090 1148 1156 1186 1195 1278 1309 1334 1360 1373 1390 1410 1486 
28 47 184 354 382 426 470 477 518 550 619 898 989 1007 1017 1035 1044 1196 1210 1226 1227 1366 
162 172 282 303 310 334 361 406 451 512 545 562 596 618 632 681 689 779 787 804 816 843 849 858 877 912 914 919 920 950 954 1027 1033 1075 1080 1083 1135 1173 1197 1238 1291 1303 1329 1335 1420 1429 1439 1440 1447 1448 1477 
41 49 128 198 344 377 406 407 488 507 560 576 599 610 705 706 723 740 763 771 773 836 889 934 961 1001 1003 1088 1122 1131 1163 1172 1204 1245 1330 1362 1371 1386 1429 1431 1438 1475 
51 59 61 84 100 319 366 394 406 467 665 678 718 720 721 732 764 777 792 807 828 830 845 935 936 1057 1073 1133 1153 1188 1223 1263 1274 1319 1320 1331 1448 1456 1479 1493 
48 90 144 169 240 299 350 353 411 512 516 603 632 668 723 726 882 901 946 1001 1009 1015 1117 1200 1339 1347 1405 1428 
157 250 271 282 305 306 336 370 417 455 517 534 548 580 623 640 679 716 722 810 817 822 883 884 926 945 1097 1143 1144 1193 1196 1201 1253 1272 1283 1292 1333 1423 1474 
4 80 102 200 327 370 383 386 448 453 485 514 553 666 678 682 781 820 852 930 950 1003 1043 1110 1281 1303 1306 1367 1377 
92 172 303 361 383 386 451 453 545 562 618 632 682 689 711 733 779 781 787 804 816 820 843 877 912 919 920 950 1033 1043 1075 1118 1135 1143 1201 1293 1303 1335 1420 1429 1440 1447 1477 
40 88 222 287 309 342 348 399 423 459 663 670 704 707 714 726 791 808 860 941 990 1008 1010 1050 1066 1072 1122 1181 1209 1263 1292 1366 1447 1454 1471 
30 73 146 257 273 284 294 358 610 636 659 689 875 893 896 929 933 944 1255 1268 1329 
9 156 158 261 340 422 462 471 472 478 521 535 601 612 621 622 623 644 700 772 818 826 842 848 861 897 933 1001 1111 1163 1202 1220 1273 1308 1311 1330 1346 1381 1438 1444 
21 41 52 65 81 113 185 199 217 270 272 298 323 363 365 371 375 376 378 444 470 478 483 540 554 555 565 630 631 655 721 736 766 768 821 833 835 849 866 869 913 943 944 964 1062 1130 1144 1204 1249 1283 1296 1300 1336 1352 1353 1357 1369 1378 1398 1405 1476 1483 1484 1488 
5 13 47 56 67 110 132 152 229 232 241 260 265 288 316 335 409 428 452 469 500 594 641 671 680 699 809 824 872 930 981 1057 1061 1093 1096 1125 1263 1284 1292 1308 1317 1329 1338 1359 1364 1376 1383 1390 1418 1461 1493 
111 114 253 323 331 343 376 470 483 565 570 631 768 835 856 864 865 873 886 913 923 925 1022 1062 1103 1126 1139 1215 1249 1300 1302 1322 1378 1389 1398 1432 1433 1476 1485 1488 
32 36 69 145 155 190 192 208 242 269 279 289 314 318 337 368 448 457 475 485 509 520 597 638 678 687 693 723 811 815 828 852 890 937 995 996 998 1005 1016 1043 1045 1110 1145 1219 1224 1241 1255 1256 1281 1306 1342 1343 1346 1439 1488 1490 
105 137 151 177 227 228 248 292 347 381 450 548 725 730 755 768 831 883 900 1070 1117 1150 1246 1311 1354 1377 1420 1433 1465 
49 61 77 112 122 128 198 251 344 351 377 406 407 486 488 507 525 560 576 581 599 610 642 649 672 705 706 718 723 740 763 771 773 836 847 889 934 950 960 961 968 986 1001 1003 1004 1075 1088 1122 1127 1131 1139 1157 1163 1171 1172 1175 1204 1242 1245 1280 1362 1371 1386 1429 1438 1446 1475 
1 4 59 117 141 153 165 170 232 245 327 556 590 713 776 797 811 888 935 959 1009 1047 1063 1066 1111 1149 1177 1184 1285 1295 1383 1446 1451 1457 
25 45 116 117 121 130 136 166 206 276 294 295 300 372 403 412 456 458 499 530 535 561 582 587 605 615 665 687 750 774 778 803 821 822 837 855 867 876 891 914 923 957 999 1006 1056 1071 1085 1119 1129 1154 1165 1179 1187 1192 1206 1224 1237 1238 1272 1276 1323 1325 1385 1391 1405 1413 1419 1426 1435 1453 1454 1467 1468 
21 65 81 86 105 116 137 151 177 181 185 199 217 227 228 248 270 272 292 295 298 323 345 347 363 365 371 375 376 378 381 444 450 470 473 476 478 483 540 548 554 555 565 572 580 585 630 631 648 655 721 725 730 736 755 766 768 808 831 833 835 866 869 883 900 913 922 923 926 944 964 991 1011 1020 1046 1062 1070 1076 1117 1130 1133 1143 1144 1150 1178 1204 1210 1216 1225 1246 1249 1267 1296 1300 1302 1311 1336 1352 1353 1354 1357 1369 1372 1377 1378 1398 1420 1430 1433 1437 1449 1455 1465 1476 1484 1488 
90 139 163 243 254 373 470 535 608 628 719 766 814 833 841 903 905 913 914 1012 1102 1182 1264 1304 1314 1322 1340 1344 1379 1400 1416 1435 1452 1458 1472 
4 18 57 72 107 140 194 223 236 254 274 318 359 392 395 396 399 430 435 460 496 566 593 620 629 653 674 681 697 714 715 719 741 758 760 782 855 874 886 894 915 918 956 976 978 1011 1025 1028 1031 1057 1095 1145 1190 1205 1207 1210 1270 1286 1290 1322 1351 1358 1359 1371 1432 1443 1491 1493 
85 107 140 188 247 307 318 351 422 457 503 531 566 593 614 629 669 715 719 756 758 782 783 870 874 908 915 932 933 941 946 947 969 976 1011 1021 1055 1077 1089 1140 1165 1190 1222 1272 1277 1315 1331 1349 1351 1412 1432 1470 1493 
94 97 233 240 254 297 298 315 325 359 362 393 424 495 557 609 621 648 712 916 956 1014 1022 1068 1075 1112 1131 1174 1185 1187 1208 1223 1255 1271 1324 1395 1399 1473 
138 355 456 524 597 602 626 684 686 691 722 785 798 924 941 942 952 958 971 994 1060 1069 1078 1079 1133 1159 1183 1221 1278 1326 1356 1417 1445 1460 1499 
11 117 160 252 327 370 388 446 547 597 600 609 703 765 808 839 885 980 1038 1058 1166 1189 1218 1338 1394 1485 
71 86 116 136 181 223 254 295 297 298 315 325 345 359 393 395 424 473 476 572 573 580 585 593 609 621 648 712 782 808 916 922 923 926 939 956 991 1011 1014 1020 1022 1046 1068 1076 1112 1133 1143 1174 1178 1181 1185 1208 1210 1216 1225 1240 1255 1267 1324 1372 1395 1399 1430 1449 1455 1473 
46 49 103 129 133 134 142 151 172 189 207 214 306 336 367 427 455 467 490 501 548 556 563 571 609 701 710 733 743 745 762 795 827 863 887 894 917 927 939 951 953 978 996 1013 1019 1065 1090 1141 1148 1156 1161 1163 1186 1195 1203 1248 1281 1293 1297 1308 1309 1334 1342 1360 1370 1373 1384 1390 1392 1404 1407 1410 1415 1431 1469 1481 1486 
26 55 242 389 598 626 662 666 693 717 741 746 785 805 819 830 890 998 1005 1077 1081 1082 1104 1122 1149 1153 1155 1160 1198 1343 1345 1358 1365 1374 1459 1478 1488 1490 1492 
169 173 201 204 255 256 318 418 439 468 519 564 583 654 664 689 806 924 1093 1312 1349 
11 24 60 118 144 147 151 170 172 199 286 304 356 364 404 407 447 452 457 503 505 508 512 536 568 595 614 753 783 794 870 894 946 1011 1021 1041 1055 1106 1109 1114 1140 1165 1206 1222 1257 1269 1272 1277 1315 1318 1349 1397 1404 1408 1412 1466 1470 
161 187 220 263 302 374 493 510 522 635 708 728 823 862 988 1157 1256 1278 1296 1301 1349 1380 1396 1441 1462 1467 1491 
55 136 194 236 254 359 392 430 435 496 620 653 674 681 697 741 978 1025 1028 1031 1057 1095 1190 1207 1270 1286 1443 1491 
78 159 180 321 349 399 442 526 599 623 625 645 664 691 698 700 790 878 904 927 969 974 976 977 1016 1025 1052 1064 1070 1076 1086 1110 1144 1145 1194 1211 1232 1247 1271 1284 1305 1307 1393 1396 1455 1458 1464 1489 
29 47 53 62 128 133 151 189 201 207 214 239 240 259 304 344 377 427 436 440 449 458 463 488 490 501 505 507 548 560 576 609 616 633 640 678 701 705 706 710 719 721 723 740 743 745 762 763 771 773 792 796 800 807 836 863 878 887 889 909 917 926 934 951 953 961 972 978 979 983 1000 1001 1003 1019 1030 1057 1065 1088 1098 1106 1116 1122 1123 1131 1136 1138 1141 1152 1163 1172 1191 1195 1204 1205 1245 1281 1284 1290 1293 1297 1308 1310 1318 1320 1334 1342 1352 1355 1358 1362 1370 1371 1384 1386 1391 1392 1404 1407 1410 1415 1423 1429 1431 1438 1469 1475 1479 
30 95 213 222 287 309 328 342 348 389 423 459 498 514 526 533 552 670 704 707 714 726 727 791 793 804 808 813 822 851 860 880 892 930 935 941 944 990 1010 1024 1030 1049 1050 1066 1100 1107 1124 1158 1176 1181 1209 1258 1276 1288 1313 1332 1366 1367 1447 1454 1471 1482 
147 196 317 429 482 559 701 738 744 757 785 786 802 842 851 904 973 1030 1089 1205 1244 1254 1348 1350 1406 
5 47 132 241 260 395 452 594 608 641 671 680 699 758 809 824 872 981 1057 1061 1093 1096 1125 1263 1284 1292 1308 1317 1329 1338 1359 1364 1376 1383 1390 1418 1461 1493 
15 50 61 78 79 149 159 180 262 291 321 349 355 399 405 434 441 442 474 526 573 599 623 625 645 646 664 691 698 700 742 754 784 790 821 840 854 878 904 918 927 969 974 976 977 978 984 1016 1025 1052 1064 1070 1074 1076 1086 1094 1108 1144 1194 1211 1232 1235 1247 1271 1284 1305 1307 1391 1393 1396 1409 1421 1430 1455 1458 1464 1489 
25 121 130 136 166 206 276 294 295 300 364 372 403 412 456 458 499 508 530 535 561 568 582 587 605 615 665 687 750 774 778 803 821 855 867 876 891 914 923 957 999 1006 1056 1071 1085 1106 1114 1119 1129 1154 1165 1179 1187 1192 1206 1224 1237 1238 1250 1272 1312 1318 1323 1325 1385 1391 1405 1408 1413 1419 1426 1435 1453 1454 1467 1468 
38 281 296 322 438 478 526 542 634 739 888 895 904 911 947 1040 1139 1214 1315 1343 1371 1422 1468 
92 182 201 225 244 249 361 369 421 529 657 673 1047 1077 1089 1118 1238 1241 1368 1370 1425 1468 
30 95 213 328 389 498 514 526 533 552 726 727 793 804 813 822 851 880 892 930 935 944 1024 1030 1049 1100 1107 1124 1134 1158 1176 1258 1276 1288 1313 1332 1366 1367 1447 1482 
92 172 303 361 451 529 545 562 618 632 689 711 733 779 787 804 816 843 877 912 919 920 950 1033 1075 1118 1135 1143 1201 1291 1293 1303 1335 1420 1429 1440 1447 1477 
69 110 145 148 155 190 192 208 242 269 279 289 314 318 337 354 368 448 475 485 509 520 537 638 678 687 723 815 852 937 995 996 998 1005 1045 1077 1110 1145 1219 1224 1241 1255 1256 1281 1306 1342 1343 1346 1439 1488 1490 
1 6 16 17 37 70 124 141 153 165 167 191 203 214 224 260 261 313 332 360 373 374 398 414 445 465 493 502 510 533 546 558 578 590 591 592 611 613 615 617 635 658 681 685 700 703 713 737 761 776 780 797 811 819 828 830 844 850 883 888 892 899 923 935 938 949 959 962 963 966 970 976 979 985 997 1009 1022 1029 1034 1047 1051 1063 1066 1082 1092 1105 1107 1111 1135 1147 1157 1177 1184 1196 1198 1208 1229 1240 1252 1265 1275 1278 1279 1285 1295 1341 1361 1387 1414 1418 1441 1446 1451 1457 1472 1483 1500 
7 110 150 156 157 167 250 271 282 290 292 301 305 306 328 336 354 370 385 417 443 455 492 511 517 527 533 534 537 548 551 559 575 580 584 623 640 676 679 688 692 716 722 752 770 810 812 813 817 822 842 880 883 884 926 945 946 975 1008 1025 1049 1084 1097 1134 1143 1144 1146 1156 1168 1193 1196 1201 1205 1253 1254 1258 1272 1283 1292 1333 1367 1411 1423 1425 1474 1476 1494 
454 477 493 577 589 650 675 834 859 1037 1101 1113 1132 1137 1150 1217 1231 1256 1261 1262 1328 1385 1401 1424 1440 1487 
8 41 79 125 186 339 384 422 433 487 540 556 598 627 661 690 701 727 729 769 811 879 881 887 902 928 940 970 990 1066 1072 1128 1131 1162 1234 1346 1497 
46 49 63 103 129 133 134 142 172 278 338 357 367 401 415 467 479 556 563 569 571 586 632 652 694 733 795 801 868 894 917 927 939 953 996 1002 1013 1065 1090 1142 1148 1156 1161 1164 1186 1195 1203 1228 1239 1248 1297 1309 1334 1335 1342 1360 1373 1377 1390 1392 1410 1481 1486 
1 10 16 26 55 63 124 134 179 214 224 231 261 291 293 389 401 414 415 465 491 494 510 523 533 598 615 617 626 652 658 662 666 693 700 717 733 737 741 746 785 805 806 819 830 890 898 917 939 943 949 962 963 970 996 997 998 1002 1029 1034 1077 1081 1082 1092 1104 1105 1122 1142 1153 1155 1157 1160 1164 1186 1198 1203 1228 1229 1239 1252 1275 1278 1334 1335 1341 1342 1345 1358 1365 1374 1377 1387 1414 1415 1418 1438 1441 1459 1472 1478 1481 1488 1492 
59 89 195 373 402 410 414 431 484 506 528 539 640 683 747 799 853 871 965 982 1076 1087 1180 1266 1282 1299 1316 1321 1333 1337 1363 1382 1435 1480 
11 99 117 119 160 226 252 267 327 370 388 419 446 481 513 547 549 597 600 609 613 639 642 647 703 727 765 808 839 885 980 1038 1058 1138 1166 1189 1218 1280 1306 1315 1338 1394 1430 1446 1485 
1 5 6 17 18 20 37 47 70 72 93 98 123 132 167 191 221 241 260 261 277 282 332 360 375 398 452 502 553 558 566 578 591 594 608 613 641 656 671 680 681 685 699 702 719 758 764 775 809 824 825 828 833 844 872 899 907 915 923 931 938 955 963 966 979 981 985 1022 1051 1057 1061 1067 1081 1082 1093 1096 1121 1123 1125 1135 1138 1147 1170 1196 1208 1240 1251 1260 1263 1265 1268 1279 1284 1292 1308 1317 1329 1338 1359 1361 1364 1376 1383 1390 1418 1436 1461 1483 1493 
51 59 61 84 100 319 366 394 395 406 452 467 594 649 665 678 680 718 720 721 732 764 777 792 807 828 830 845 935 936 1027 1057 1073 1096 1133 1153 1188 1223 1263 1274 1319 1320 1331 1376 1448 1456 1479 1493 
83 148 156 290 301 330 385 408 416 443 448 492 511 527 533 537 551 559 575 584 676 688 692 752 770 812 842 943 946 975 1008 1025 1084 1118 1134 1146 1156 1168 1205 1224 1333 1360 1375 1386 1411 1425 1494 
43 74 171 197 209 210 389 413 494 504 561 607 643 969 1149 1275 1319 1352 1494 
3 34 58 148 164 266 283 308 379 407 458 613 615 666 673 687 688 748 849 857 992 1009 1036 1071 1212 1250 1294 1312 1368 1375 1419 1425 1494 
109 142 167 234 252 280 311 341 390 395 425 452 497 567 579 588 624 667 677 734 759 804 832 836 892 906 1023 1048 1153 1167 1233 1236 1289 1389 1402 1434 1439 1442 1463 1495 1496 
42 174 202 230 626 637 663 695 829 838 897 910 1042 1064 1082 1091 1117 1120 1187 1204 1213 1296 1385 1433 1437 1455 1498 
27 39 68 91 168 435 524 532 602 684 686 696 714 722 798 921 942 952 956 958 970 971 974 994 1026 1060 1069 1078 1079 1107 1150 1159 1183 1199 1221 1326 1356 1417 1445 1460 1495 1499 
33 90 169 215 242 291 295 494 515 709 735 766 846 851 947 1039 1099 1169 1198 1287 1418 1427 1500 
22 116 154 170 175 326 391 414 435 711 724 729 731 772 788 903 948 967 987 1018 1032 1053 1059 1061 1086 1115 1151 1162 1182 1243 1298 1327 1370 1388 1403 1450 1497 1500 
203 313 332 373 445 493 546 592 611 703 761 780 830 850 883 892 976 1107 1135 1472 1500 
