13 57 130 135 166 167 184 235 268 280 315 320 346 384 450 464 468 565 588 591 665 678 699 715 736 797 811 863 879 884 890 899 913 944 945 968 1098 
14 127 129 149 151 181 247 256 271 286 400 435 473 567 585 599 611 613 633 635 692 713 730 768 788 790 848 862 864 866 893 900 907 916 921 985 996 1006 1019 1023 1026 1040 1044 
47 57 80 143 153 180 201 221 284 328 331 333 339 363 386 395 439 463 465 562 610 632 648 667 668 707 724 748 751 793 804 809 815 841 851 856 880 888 890 897 955 1017 1027 1077 1081 
45 57 65 87 148 157 189 193 265 331 348 466 498 499 539 614 666 803 814 823 849 918 938 948 971 980 1024 1032 1036 1062 
2 23 52 62 65 99 106 118 119 126 130 135 166 167 171 175 184 186 214 235 266 268 280 291 301 302 303 315 368 384 401 408 415 423 426 467 468 487 489 500 533 546 556 583 584 595 600 604 620 637 643 655 668 695 697 698 699 726 736 742 755 761 766 792 794 797 810 813 841 863 865 870 879 884 890 899 913 922 926 928 944 948 968 982 1005 1032 1051 1062 1071 1075 1098 
15 19 27 38 44 54 89 101 159 222 375 474 590 627 636 773 1039 1054 1082 
21 65 88 112 114 126 146 202 209 231 251 257 351 443 464 503 514 529 538 588 599 604 614 641 646 661 668 675 685 708 723 767 799 811 826 894 903 904 906 916 922 938 1005 1020 1065 1072 1073 1098 
36 60 68 80 102 140 162 169 180 183 187 200 201 244 275 276 289 297 306 319 321 328 331 334 338 339 376 406 419 442 443 455 456 470 526 546 550 551 553 562 568 569 580 602 617 622 638 645 662 693 701 703 707 713 718 748 753 761 791 793 804 807 809 812 818 827 830 834 855 856 864 873 885 886 890 896 897 905 917 921 957 966 978 1004 1022 1027 1047 1077 
17 27 30 66 108 219 232 294 317 367 370 387 388 393 473 474 507 524 590 593 609 717 732 850 858 862 877 889 907 929 941 961 978 981 985 992 995 1039 1084 1086 1093 
35 41 79 129 157 172 179 211 226 304 305 332 371 396 410 471 481 508 511 512 520 530 540 546 583 588 591 607 655 669 670 671 689 691 721 731 733 738 779 781 794 820 823 824 825 861 868 873 882 904 925 941 970 982 985 989 1003 1028 1029 1034 1036 1053 1055 1060 1063 1068 1073 1086 1088 1094 1098 
27 30 108 219 232 292 294 317 367 370 387 388 393 474 507 524 590 609 661 717 732 765 850 877 929 941 961 978 981 985 992 995 1013 1084 1086 1093 
41 63 79 110 134 157 172 211 226 242 305 329 410 412 446 471 481 487 509 512 531 540 546 583 607 636 669 689 733 779 781 820 830 854 868 882 950 960 973 1003 1009 1036 1053 1055 1063 1068 1085 1086 1088 
26 72 86 97 116 158 160 163 177 191 205 272 282 284 308 345 360 362 373 374 389 400 414 433 460 483 485 518 519 522 531 564 566 581 587 599 674 715 762 786 798 812 836 859 934 937 944 965 970 972 984 996 999 1025 1028 1042 1051 1060 1092 
28 37 55 73 76 112 114 116 142 158 197 202 204 231 269 272 308 347 360 362 369 373 374 414 433 443 448 484 503 509 526 527 529 531 539 555 558 565 578 587 588 599 610 618 620 641 661 708 715 758 766 767 773 786 799 811 903 904 934 944 956 968 970 993 997 1018 1051 1060 1073 
20 32 57 59 120 130 135 142 166 167 184 196 197 218 227 233 235 268 272 274 293 315 320 342 346 361 384 447 450 466 468 501 509 558 565 591 601 614 621 664 665 678 736 737 762 772 781 784 797 808 837 858 863 879 883 884 890 893 899 913 934 937 944 950 968 971 987 997 1017 1024 1095 1098 
16 105 109 126 151 198 227 248 253 257 259 306 308 321 348 357 373 398 404 414 422 453 466 473 479 518 614 621 622 651 669 687 692 700 784 788 790 791 798 818 862 866 880 887 893 894 916 934 938 968 971 987 999 1006 1008 1024 1043 1058 1089 1095 
21 24 39 40 50 51 71 104 119 122 137 144 145 152 154 164 168 170 182 192 195 199 206 208 209 216 217 224 225 237 238 243 244 246 247 256 270 274 276 289 337 372 386 394 399 415 417 421 472 485 487 497 505 506 516 544 545 567 568 570 586 595 605 612 616 624 627 638 644 652 665 668 692 703 704 710 711 716 726 735 746 752 758 772 774 795 833 843 845 854 860 862 868 871 883 889 891 893 905 912 919 923 935 940 950 952 966 977 988 991 994 995 1000 1017 1022 1030 1044 1054 1069 1071 1075 
28 37 56 158 222 249 269 308 359 362 373 374 375 414 433 448 503 526 527 531 539 555 558 578 587 610 618 620 685 723 758 773 786 812 852 895 898 908 922 956 970 973 974 984 993 1018 1051 1082 1090 
26 35 72 86 97 116 158 160 163 171 177 179 185 186 191 205 211 227 233 282 284 304 313 325 332 360 371 375 380 389 400 444 460 471 475 478 483 485 501 509 512 519 522 530 539 564 581 590 595 601 621 628 634 670 678 690 715 729 737 738 745 747 761 762 779 794 820 824 826 836 837 858 868 872 873 925 937 944 965 968 970 972 984 996 1003 1019 1028 1029 1034 1042 1049 1050 1060 1064 1073 1079 1088 1094 1098 
60 64 65 74 107 112 114 170 193 218 231 233 249 257 270 294 318 386 478 498 509 514 529 538 588 599 604 614 634 641 661 664 674 675 692 693 708 767 783 799 811 826 864 898 903 904 905 920 982 997 1005 1020 1072 1095 1098 
18 49 58 69 84 90 98 190 230 237 259 288 296 310 316 330 358 363 379 400 420 430 450 470 512 514 532 549 569 572 581 591 631 643 671 680 683 691 697 725 766 782 783 789 816 825 835 846 865 878 888 906 908 930 939 958 962 998 1007 1019 1046 1057 1061 1075 
23 32 49 68 88 120 152 155 281 335 429 454 520 528 550 557 582 612 624 644 676 702 703 705 716 721 753 764 765 780 795 823 849 861 917 956 983 987 990 1013 1034 1043 1047 1050 1052 1055 1059 1066 1067 1082 
6 35 41 48 58 90 93 122 129 172 179 190 198 205 206 210 211 212 214 223 226 248 258 259 266 288 300 303 304 305 310 312 314 315 321 330 332 343 348 357 358 363 371 375 379 384 391 398 402 404 410 417 420 427 430 444 453 466 471 479 487 492 503 508 512 514 517 530 534 540 546 549 570 588 590 591 607 622 630 631 642 651 652 655 670 675 678 680 683 684 689 691 692 700 725 727 731 738 759 779 782 790 794 798 814 824 825 826 830 836 846 859 868 876 878 880 882 887 894 904 907 923 925 938 939 958 962 967 970 982 983 989 995 998 999 1007 1008 1012 1019 1027 1028 1029 1036 1041 1043 1053 1058 1060 1063 1068 1073 1079 1088 1089 1092 1094 1095 1098 
34 40 72 88 92 104 131 132 137 146 154 164 171 186 195 208 209 215 217 245 264 271 281 287 293 307 311 333 346 353 365 373 397 411 413 414 433 440 452 457 465 505 522 532 558 561 576 595 598 612 616 624 632 640 644 647 648 667 678 702 703 705 712 731 734 746 749 751 764 774 780 785 795 805 814 829 831 860 861 868 881 883 902 934 935 956 963 970 973 1012 1013 1015 1016 1034 1035 1043 1055 1059 1063 1066 1071 1075 1081 1086 
31 39 48 56 64 65 74 93 98 107 123 130 170 175 183 190 210 212 218 222 223 229 234 249 251 266 275 297 312 314 334 343 345 359 367 368 375 389 391 402 426 427 431 435 467 478 491 492 498 503 514 517 534 546 561 564 566 584 593 599 604 614 630 631 642 652 664 666 674 675 685 695 697 719 723 726 754 761 765 771 773 776 777 783 787 802 826 834 852 870 876 891 895 898 907 908 911 922 925 939 956 967 978 984 993 997 1005 1014 1020 1027 1049 1067 1082 1085 
12 58 65 84 90 118 141 156 178 229 241 288 310 330 363 398 400 420 424 428 430 453 469 512 525 532 572 581 591 625 682 683 684 686 691 706 725 730 782 810 825 846 859 865 878 889 912 928 931 940 954 962 992 998 1007 1025 1038 1041 1062 
97 136 157 245 252 263 273 336 415 444 520 541 557 583 639 721 730 785 808 823 843 911 920 1001 1005 1015 1055 1070 
22 63 94 123 133 146 161 190 194 222 223 239 283 312 314 378 391 408 442 451 458 480 490 503 536 542 547 556 591 631 652 666 727 788 821 853 898 907 918 933 951 967 1015 1033 1051 
21 56 112 114 202 231 234 257 351 443 464 492 493 503 514 529 538 588 614 632 641 646 652 661 675 687 708 723 767 773 799 811 876 895 898 903 904 906 922 938 970 973 993 1005 1072 1073 1082 1098 
85 109 198 240 248 255 259 308 309 326 348 353 357 394 398 404 445 466 515 528 529 589 614 622 648 651 669 675 677 700 718 772 793 798 814 823 880 887 894 895 920 938 974 999 1008 1024 1089 
43 96 131 133 148 215 245 287 304 307 308 351 365 374 378 382 396 414 440 452 458 465 480 484 508 526 531 532 536 547 555 558 565 575 576 578 587 589 612 618 632 658 675 678 712 718 734 748 764 773 786 805 814 825 831 860 881 895 1012 1015 1058 1066 1081 1095 
60 83 117 128 147 237 264 293 296 299 323 359 399 456 481 488 501 508 596 643 671 687 709 720 723 770 789 800 816 835 865 867 888 915 986 1002 1038 1057 1060 1061 1079 1085 
2 5 25 49 69 100 117 125 133 147 230 237 244 264 296 299 308 335 356 359 377 379 399 416 418 425 429 450 454 457 481 493 494 502 504 529 531 533 537 550 559 582 596 597 603 629 636 643 656 671 676 709 739 765 770 775 789 816 819 823 835 865 888 901 917 930 955 957 969 972 983 990 1002 1038 1046 1047 1048 1050 1052 1055 1057 1059 1060 1061 1079 1080 1085 1097 
55 73 76 105 148 155 204 265 304 347 369 371 373 499 509 575 666 766 803 860 918 956 980 1073 1079 
12 65 66 78 97 118 128 139 141 156 165 170 178 241 261 262 263 271 288 311 333 341 364 371 372 381 403 424 428 432 434 436 445 448 453 469 491 495 511 522 525 534 540 541 544 561 572 592 620 625 634 639 642 650 675 682 684 706 710 719 721 730 749 785 787 794 834 843 844 855 859 892 909 926 928 954 964 975 979 989 992 994 1001 1012 1014 1015 1021 1025 1041 1062 1070 1073 1076 1079 1094 1097 1099 
47 57 69 80 123 134 143 148 153 173 180 201 212 221 237 251 253 282 285 296 299 321 328 331 336 339 350 392 395 437 453 463 491 510 516 529 558 560 562 610 615 620 632 648 666 667 696 707 724 740 748 751 756 758 793 804 809 815 854 856 862 874 879 888 890 897 907 925 926 939 994 1002 1004 1006 1017 1018 1027 1046 1049 1057 1060 1066 1077 1081 1090 1096 1100 
17 23 26 27 58 103 112 113 114 121 199 202 213 231 234 254 257 278 313 320 363 368 380 383 409 413 426 435 439 442 456 462 464 465 474 475 477 478 493 508 518 529 535 538 539 548 573 577 579 588 601 610 628 641 667 668 673 675 687 722 729 745 747 757 760 767 799 802 810 811 838 841 852 857 872 880 903 904 906 911 927 942 955 990 995 1000 1016 1019 1039 1049 1059 1064 1072 
9 76 82 92 100 103 137 141 150 171 181 185 195 197 208 213 220 254 255 264 271 272 278 286 311 322 324 342 344 346 354 356 383 385 390 394 397 408 409 425 439 441 448 462 493 505 508 511 523 548 561 563 565 569 579 598 601 603 608 612 624 640 644 649 654 657 673 674 681 683 686 694 702 703 705 722 727 729 731 744 749 760 763 764 765 769 771 774 780 796 822 829 839 840 842 861 868 879 902 908 909 919 927 931 942 946 949 956 970 971 974 976 995 1000 1009 1010 1013 1016 1034 1039 1045 1054 1055 1056 1060 1083 1086 1087 1097 1098 
19 53 62 91 114 163 202 257 258 277 301 302 424 426 443 450 496 500 510 517 529 533 538 588 604 637 641 646 661 668 687 708 723 731 767 792 799 894 904 916 970 1005 1072 
68 93 102 123 140 162 190 198 200 210 212 223 234 258 275 297 306 312 314 321 334 343 348 357 391 402 404 406 427 442 453 455 478 479 492 534 550 551 553 568 622 631 651 652 662 666 669 687 701 713 727 761 790 791 798 812 818 862 873 876 885 886 887 891 894 907 921 939 957 967 978 991 1004 1008 1058 1089 
5 9 60 61 65 83 90 92 95 110 118 125 128 134 138 147 156 170 178 203 225 228 236 241 244 284 292 323 324 327 329 340 352 354 363 364 366 373 377 398 399 412 418 420 421 424 428 430 453 456 457 469 484 486 488 494 502 504 508 511 512 514 525 532 537 551 559 566 572 581 594 606 620 625 626 629 630 636 647 649 653 656 657 658 659 679 680 682 683 684 686 687 691 694 706 713 720 723 725 727 741 765 771 775 777 782 784 800 817 819 824 842 849 850 855 859 867 878 889 901 902 910 915 928 931 934 940 954 955 958 960 966 969 972 973 976 978 979 998 1007 1010 1019 1025 1041 1045 1048 1062 1067 1079 1080 1095 
10 66 67 78 80 128 143 153 170 182 192 213 216 224 238 243 261 264 267 274 293 297 298 333 341 364 373 381 382 395 407 415 432 434 436 445 466 472 487 495 497 516 540 549 554 567 574 592 605 610 616 635 647 650 659 671 672 675 692 704 710 728 731 733 738 768 770 772 775 816 819 824 830 832 834 844 845 854 871 892 893 911 917 924 926 932 937 950 952 964 971 975 986 989 990 994 1002 1024 1038 1044 1075 1076 1097 1099 
23 24 29 39 50 51 71 104 122 144 145 154 164 168 206 237 246 247 276 296 318 340 399 416 417 421 425 506 516 570 595 616 643 665 711 716 739 746 752 758 770 819 824 833 836 860 868 883 893 923 925 931 935 943 955 989 991 993 995 1017 1022 1046 1048 1057 1060 1069 1071 1075 1092 
70 72 81 97 103 109 117 142 160 174 176 183 199 205 260 345 353 389 390 422 443 446 484 513 543 549 552 558 564 565 566 571 586 594 604 625 628 669 674 719 735 745 776 787 821 851 855 856 869 871 875 891 897 919 953 958 960 963 965 966 984 1022 1024 1030 1037 1065 1088 
9 61 76 82 100 103 119 133 141 170 203 220 225 236 254 255 270 281 289 316 322 324 327 337 340 352 366 385 386 394 408 418 422 438 441 448 457 466 484 485 486 493 504 523 537 538 544 559 563 566 568 570 586 601 603 608 627 630 654 656 657 658 673 674 681 683 707 713 726 735 741 743 744 759 763 769 775 796 801 806 817 819 822 824 829 840 847 848 849 851 889 901 905 910 912 919 926 928 931 936 943 946 955 958 959 969 971 972 988 989 997 1000 1011 1024 1025 1027 1048 1054 1080 1082 1083 1087 
20 32 59 100 120 125 141 150 165 181 185 196 197 227 233 267 272 286 293 294 298 324 334 342 344 346 356 361 373 382 394 403 407 416 425 444 447 493 501 574 577 601 603 621 640 659 722 733 737 768 781 783 784 787 819 824 832 837 839 858 868 893 908 909 911 924 932 934 949 963 965 968 971 974 986 987 991 994 1009 1017 1018 1019 1024 1038 1044 1054 1056 1060 1064 1097 
50 66 82 99 110 111 113 118 122 134 142 156 178 184 213 241 246 247 278 279 284 290 318 329 386 409 412 417 421 428 449 459 462 469 482 512 525 548 570 572 590 623 625 636 641 642 646 665 667 682 684 688 711 716 722 729 743 752 757 759 760 761 806 809 828 833 838 846 851 859 872 881 902 906 923 926 927 928 931 936 942 943 954 959 973 975 989 990 1011 1022 1025 1027 1041 1053 1069 1074 1091 1092 
1 4 7 25 41 49 61 69 79 117 124 137 171 172 175 183 195 207 208 226 230 264 271 276 296 299 305 308 311 379 390 399 410 435 450 470 481 485 491 496 509 510 531 533 546 561 566 580 583 584 593 596 597 598 607 612 624 640 643 644 671 689 693 695 698 702 703 705 709 711 719 731 733 735 739 749 754 762 764 770 774 776 777 779 780 787 789 795 796 805 816 820 834 835 855 856 861 865 873 875 882 888 896 902 906 908 919 930 940 956 957 963 973 984 986 1007 1009 1013 1014 1016 1031 1036 1039 1043 1046 1053 1057 1059 1061 1063 1068 1081 1085 1086 1097 
33 46 99 106 126 171 186 266 267 291 303 320 368 401 423 467 489 516 584 655 695 698 726 742 748 755 758 761 766 794 810 813 865 870 880 899 926 948 1032 1051 1062 
20 32 59 105 120 139 155 196 227 233 267 272 275 334 342 361 407 416 447 466 501 509 601 621 647 737 762 768 770 781 784 832 837 858 893 934 937 949 963 968 971 974 987 991 1017 1024 1038 
31 39 56 130 136 183 222 229 242 251 252 273 275 301 316 345 359 367 375 416 426 431 444 467 491 496 501 517 520 547 557 566 583 593 601 604 685 697 719 730 754 773 776 777 787 802 806 808 834 852 855 875 882 895 898 902 908 911 920 922 940 963 971 974 984 1005 1014 1054 1055 1074 1082 1092 
8 70 81 85 103 121 142 152 160 174 176 182 192 216 224 238 240 243 274 296 309 326 353 372 390 394 445 446 461 472 487 497 513 515 516 528 529 543 549 552 554 564 567 571 589 596 604 605 635 648 650 672 677 692 704 710 728 733 745 772 821 823 830 845 854 856 862 869 871 888 891 895 908 917 919 920 930 937 945 950 952 965 974 984 991 994 1000 1002 1022 1030 1035 1037 1044 1065 1078 
11 17 40 58 75 99 103 111 113 156 163 164 181 209 217 223 229 234 241 247 259 279 284 295 313 314 325 343 380 386 391 405 413 424 427 442 449 459 460 469 475 477 478 482 492 503 518 525 551 561 572 573 577 590 623 625 628 631 642 665 667 673 688 690 706 729 745 747 757 759 761 783 801 806 828 838 851 859 872 881 888 906 907 911 926 928 936 940 954 959 967 1006 1019 1025 1031 1032 1038 1041 1043 1049 1054 1064 1074 1077 1081 1091 1092 
21 23 49 68 77 88 115 152 155 193 212 246 249 281 335 348 370 371 429 443 454 476 521 528 550 582 585 611 613 619 633 660 664 676 714 716 730 750 777 778 823 826 849 864 868 886 917 925 947 983 1023 1026 1047 1050 1052 1055 1060 1082 1088 1094 
3 6 14 25 69 77 115 117 118 127 129 138 147 149 151 193 203 211 230 242 247 256 260 263 271 281 296 300 308 327 349 352 366 379 400 422 435 438 443 450 466 473 476 484 486 498 521 530 565 585 594 596 597 599 606 611 613 619 630 633 636 656 658 660 664 670 671 692 709 713 714 724 730 739 741 750 758 778 788 789 790 801 803 815 816 817 818 824 835 836 847 848 849 851 860 864 866 868 888 893 900 908 910 916 918 925 930 931 946 947 953 957 958 960 966 969 980 989 996 1002 1006 1019 1023 1026 1029 1040 1046 1057 1060 1061 1087 1088 1094 1095 1098 1100 
75 103 113 163 186 197 199 218 254 313 325 359 380 413 442 459 475 477 478 518 539 551 573 577 628 663 665 690 692 729 730 747 773 783 801 838 852 857 872 911 914 945 967 977 997 1019 1035 1049 1054 1064 1082 
41 58 66 75 79 110 111 113 134 172 199 226 229 241 259 279 290 295 305 313 316 325 329 386 405 410 412 413 449 459 477 512 540 591 607 620 623 636 646 669 673 688 689 729 743 747 757 759 779 783 801 806 809 820 830 851 872 873 881 882 906 926 936 943 959 973 989 1003 1011 1027 1031 1036 1049 1053 1055 1063 1064 1068 1073 1074 1086 1091 1092 
132 152 188 245 250 355 361 365 380 411 452 456 461 496 539 545 551 573 582 622 648 652 663 690 712 713 801 823 838 844 857 886 914 945 977 994 1012 1015 1035 1070 1078 1079 
95 121 125 228 292 324 354 359 364 511 537 626 649 653 657 674 679 686 694 765 771 817 842 892 902 976 978 1010 1045 1067 1100 
40 72 88 132 146 152 164 188 208 209 217 250 289 355 361 411 413 456 461 496 545 551 582 595 622 647 663 667 713 801 823 838 844 857 881 886 914 945 963 977 1035 1052 1070 1072 1078 
20 32 59 65 86 97 100 116 125 128 139 141 150 155 158 160 165 177 181 185 191 196 205 233 245 262 263 267 271 272 282 286 294 342 344 356 360 361 389 403 416 425 447 448 460 483 493 501 519 522 541 595 599 601 603 620 621 634 639 674 715 721 737 762 781 783 784 785 787 820 836 837 839 843 858 908 909 928 934 937 944 949 963 965 970 971 974 979 984 987 1001 1009 1015 1018 1021 1042 1056 1057 1060 
5 11 41 61 63 72 125 157 170 183 205 220 226 236 242 244 254 261 305 316 322 333 340 343 345 377 381 385 389 402 408 418 432 435 436 441 457 485 486 490 491 494 495 496 502 504 523 537 551 559 563 566 569 583 592 593 607 608 629 630 636 647 650 654 656 680 681 689 719 744 754 763 769 775 776 777 779 784 787 796 819 822 823 824 829 833 834 836 840 855 856 873 875 876 882 896 901 902 908 926 931 940 955 956 963 964 969 972 973 974 975 984 995 1000 1003 1014 1028 1031 1036 1048 1053 1068 1076 1079 1080 1083 1085 1086 1087 1099 
63 131 148 215 245 287 307 316 365 440 452 465 472 522 532 576 612 632 678 697 712 734 783 805 814 831 881 902 1012 1015 1058 1066 1073 1079 1081 
11 61 78 88 119 141 146 170 183 209 222 225 242 261 270 333 337 341 345 364 381 386 394 432 434 436 474 485 490 491 495 496 544 563 566 568 586 592 593 627 685 707 719 726 735 738 754 776 777 787 802 834 844 855 856 875 889 892 902 905 908 912 919 926 928 940 963 964 974 975 984 988 989 997 1014 1025 1039 1054 1072 1076 1084 1085 1088 1093 1097 1099 
13 27 30 66 79 108 134 219 232 242 292 294 317 367 370 387 388 393 412 474 507 524 540 546 590 591 593 607 609 661 669 671 689 717 732 779 820 830 833 850 873 877 882 889 929 941 961 978 981 985 992 995 1003 1036 1039 1053 1055 1068 1084 1086 1093 
