1 4 7 124 207 276 510 762 873 957 
2 25 49 69 117 230 237 264 296 299 359 379 399 450 481 596 597 636 643 671 709 739 770 789 816 835 865 888 908 930 957 1002 1046 1057 1060 1061 1085 1097 
2 67 128 264 267 293 297 298 373 382 407 574 647 659 768 824 832 893 911 924 932 986 990 994 1024 1038 1044 
2 10 52 98 99 118 126 175 214 266 301 303 368 408 467 546 584 595 600 655 695 698 726 742 755 761 766 794 810 813 865 870 948 1032 1051 1062 
3 42 118 138 147 203 242 258 260 263 327 349 352 361 366 422 438 484 486 498 565 594 606 630 658 724 741 801 817 847 848 849 910 946 953 958 960 966 1095 
5 61 125 133 236 244 281 340 377 418 457 494 502 504 537 559 629 630 636 647 656 775 819 824 901 931 955 969 972 973 1048 1079 1080 
6 35 179 193 211 212 251 300 304 332 371 375 444 471 508 512 530 575 590 670 678 738 794 824 868 925 970 982 989 1028 1029 1044 1060 1073 1079 1088 1094 1095 1098 
8 121 182 192 216 224 238 243 274 372 472 487 497 516 554 567 605 635 650 672 692 704 710 728 733 772 830 845 854 862 871 917 937 950 952 991 994 1002 1044 
9 82 103 220 254 255 316 322 385 408 441 448 523 563 608 654 674 681 744 763 769 796 822 829 840 919 931 1000 1083 1087 
10 66 78 139 170 261 333 341 364 381 432 434 436 495 592 675 834 844 892 926 964 975 989 1076 1097 1099 
10 68 134 148 173 212 251 253 285 321 336 350 392 437 453 510 560 615 620 666 696 724 740 756 758 815 862 874 926 994 1002 1004 1018 1066 1090 1096 1100 
11 17 58 111 229 247 284 295 316 405 424 459 482 590 623 642 667 673 688 759 801 806 828 838 851 881 906 926 940 1031 1074 1092 
12 65 99 105 118 156 178 229 241 284 288 424 428 453 469 525 532 572 581 625 642 682 684 706 859 928 931 940 954 1025 1041 1062 
13 17 27 30 66 108 219 232 288 317 367 370 387 388 393 474 507 524 590 609 717 732 850 877 929 941 961 978 981 985 992 995 1039 1084 1086 1093 
13 42 57 130 135 166 167 184 235 268 280 315 320 346 384 450 468 565 591 665 678 699 736 797 863 879 884 890 899 913 944 968 1098 
13 66 110 111 134 142 279 290 329 412 449 512 646 729 743 757 761 906 936 943 959 989 1011 1027 1091 
14 49 127 129 149 151 181 247 256 271 400 435 473 585 599 611 613 633 692 713 730 788 862 864 866 893 900 916 996 1006 1019 1023 1026 1040 
15 19 38 44 54 89 101 159 1039 1054 
16 109 111 198 248 258 259 348 357 398 404 453 466 479 614 622 651 669 675 687 700 790 798 880 887 894 938 999 1008 1024 1058 1089 1095 
17 88 119 128 170 225 256 270 289 337 386 394 485 544 568 586 627 726 735 889 905 912 919 988 1054 
18 58 84 90 263 288 310 330 358 363 400 420 430 512 514 549 581 591 680 683 691 725 766 782 825 846 865 878 962 998 1007 1019 
20 32 59 105 120 139 155 196 227 233 267 272 275 334 342 361 375 416 444 447 466 501 509 601 621 733 737 762 781 784 837 858 893 934 937 971 974 987 991 1024 
21 77 115 246 443 476 521 619 660 714 750 778 864 886 947 
21 99 112 114 186 202 231 234 257 443 464 503 514 529 538 588 604 614 641 646 661 668 675 687 708 723 767 799 811 903 904 906 1005 1072 1098 
21 24 71 104 154 168 199 237 244 256 276 415 506 516 595 616 638 668 726 746 758 860 868 883 935 1017 1022 1071 1075 
22 63 94 133 146 161 194 222 239 283 408 442 451 490 542 556 727 853 933 951 1033 
23 29 39 50 51 122 144 145 206 246 247 318 399 417 421 570 665 711 716 752 833 923 991 995 1017 1022 1069 
23 49 68 88 155 281 335 429 454 550 582 676 823 849 917 983 990 1047 1050 1052 1055 
23 26 58 121 181 213 278 320 383 409 435 439 456 462 465 508 535 548 579 610 722 729 760 841 880 902 927 942 990 995 1039 1059 
28 37 237 269 308 362 367 373 374 414 433 448 481 503 509 526 527 531 539 555 558 565 578 587 610 618 758 786 812 944 956 970 993 1051 1085 
31 56 57 61 222 229 251 275 301 316 359 367 375 426 431 517 532 604 685 697 723 773 783 802 852 895 898 911 922 984 1005 1054 1082 
33 46 106 267 291 320 401 423 489 516 794 880 1051 
34 92 132 137 171 186 195 208 264 271 281 311 346 397 505 561 598 612 624 640 644 702 703 705 731 749 764 774 780 795 861 956 973 1013 1016 1034 1043 1066 1081 1086 
36 48 169 187 276 297 319 338 376 456 569 602 617 645 718 753 827 917 
40 72 88 132 164 209 217 595 647 667 881 
41 63 65 79 157 172 226 242 305 410 481 540 546 583 591 607 620 636 646 669 689 733 779 820 830 873 882 973 1003 1036 1053 1055 1063 1068 1073 1086 
42 70 72 81 103 142 174 176 353 390 446 513 543 552 564 571 604 669 745 821 856 869 891 919 1022 1030 1037 1065 
43 96 133 351 378 396 458 480 536 547 575 895 1015 
45 87 148 157 189 193 265 466 498 499 666 803 849 918 980 1062 
47 48 57 80 143 153 180 201 221 328 331 339 395 463 465 562 610 667 707 724 748 751 793 804 809 856 890 897 1017 1027 1077 1081 
48 93 98 123 190 210 212 223 234 294 297 312 314 334 343 391 402 427 492 503 534 539 583 630 631 642 652 666 876 898 907 939 967 978 1027 
53 62 91 277 301 302 424 450 496 500 510 533 637 668 792 
55 63 73 76 105 155 204 347 369 373 509 575 766 956 1073 
60 83 128 323 399 456 488 508 687 720 723 800 867 915 1079 
61 97 170 183 222 242 345 435 485 491 496 566 593 719 754 776 777 787 834 855 856 875 902 908 940 963 974 984 1014 1085 
64 65 74 107 142 193 197 218 249 294 478 498 514 599 614 634 664 674 692 783 826 898 920 997 1020 
68 102 140 162 163 200 246 275 306 334 406 442 455 478 551 553 622 662 701 713 761 791 812 818 873 885 886 921 957 978 
72 86 97 116 158 160 163 177 191 199 205 258 282 284 360 389 400 460 483 485 519 522 581 599 634 674 715 762 836 937 944 965 970 984 1042 
75 103 113 163 186 197 199 234 313 325 380 413 442 475 477 478 518 539 551 573 577 628 665 690 729 747 783 838 872 1019 1049 1064 
85 240 309 326 394 445 515 528 589 648 677 823 895 920 
95 121 125 134 228 292 324 354 359 511 626 649 653 657 679 686 694 765 771 842 902 976 1010 1045 1067 
97 139 165 262 263 271 403 448 522 541 620 634 639 721 730 785 843 979 1001 1015 1021 
98 131 148 215 245 287 307 365 440 452 465 522 532 576 632 678 712 734 805 814 831 881 1012 1015 1066 1081 
100 125 141 150 181 185 197 286 294 344 346 356 394 425 493 603 839 868 908 909 949 974 1009 1056 1060 1097 
132 152 188 250 289 355 361 411 461 496 545 551 622 663 713 801 823 838 857 886 914 945 977 1035 1070 1078 
136 157 252 273 444 520 557 583 730 808 911 920 1005 1055 
244 289 419 443 470 546 580 693 807 812 830 834 864 890 896 
