1	51 
2	59 
3	11 
4	38 
5	40 
6	60 
7	61 
8	60 
9	17 
10	28 
11	22 
12	7 
13	28 
14	28 
15	38 
16	43 
17	60 
18	59 
19	20 
20	57 
21	66 
22	60 
23	58 
24	4 
25	60 
26	44 
27	54 
28	38 
29	53 
30	38 
31	56 
32	47 
33	47 
34	59 
35	50 
36	60 
37	66 
38	4 
39	3 45 64 
40	7 14 32 
41	59 
42	50 
43	50 
44	24 34 57 
45	47 
46	59 
47	28 
48	8 20 26 
49	47 
50	50 
51	28 
52	53 
53	4 
54	60 
55	11 
56	38 
57	47 
58	13 
59	53 
60	3 
61	4 
62	21 
63	22 
64	53 
65	12 31 41 
66	51 
67	60 
68	28 
69	15 45 61 
70	26 
71	38 
72	22 
73	18 
74	17 
75	22 
76	3 
77	34 
78	18 
79	30 
80	55 
81	10 23 45 
82	53 
83	56 
84	54 
85	38 
86	29 
87	61 
88	59 
89	54 67 68 
90	4 
91	38 
92	50 
93	8 
94	16 
95	14 46 63 
96	60 
97	24 
98	1 8 66 
99	38 
100	30 50 51 
101	22 
102	22 
103	30 41 42 
104	57 
105	47 
106	9 39 52 
107	23 
108	59 
109	31 
110	40 
111	59 
112	66 
113	46 
114	55 
115	36 
116	37 
117	5 26 54 
118	44 
119	46 
120	36 
121	13 28 37 
122	66 
123	61 
124	43 
125	40 
126	18 
127	32 
128	22 
129	37 
130	67 
131	55 
132	63 
133	59 
134	47 
135	47 
136	66 
137	17 
138	47 
139	10 
140	54 
141	59 
142	27 
143	52 
144	56 
145	18 
146	68 
147	8 35 48 
148	29 
149	55 
150	10 22 45 
151	34 39 66 
152	18 
153	7 
154	24 
155	14 26 44 
156	12 32 62 
157	13 
158	50 
159	44 
160	67 
161	19 
162	55 
163	65 
164	54 
165	18 
166	5 7 29 
167	11 26 30 
168	25 
169	40 
170	48 
171	12 
172	12 
173	56 
174	26 
175	17 
176	6 11 20 
177	59 
178	32 
179	1 24 32 
180	22 
181	24 
182	56 
183	55 
184	52 
185	15 
186	50 
187	32 
188	31 33 46 
189	2 21 57 
190	30 
191	66 
192	3 
193	8 29 63 
194	24 
195	55 
196	55 
197	31 
198	35 
199	14 
200	2 
201	46 
202	27 
203	40 
204	43 62 67 
205	22 43 49 
206	46 
207	61 
208	41 
209	65 
210	2 
211	17 
212	56 
213	14 
214	25 
215	39 
216	66 
217	48 
218	31 
219	63 
220	43 
221	52 
222	18 
223	1 
224	50 
225	5 37 61 
226	18 
227	53 
228	53 
229	33 46 62 
230	27 39 56 
231	33 36 42 
232	67 
233	41 
234	1 
235	33 
236	44 
237	7 
238	45 
239	19 
240	54 
241	24 
242	2 
243	44 
244	7 33 57 
245	7 
246	68 
247	30 56 59 
248	3 
249	25 36 57 
250	7 
251	20 
252	1 
253	50 
254	50 
255	18 
256	62 
257	3 
258	17 
259	31 
260	1 
261	46 
262	34 36 41 
263	31 
264	26 
265	34 
266	9 23 63 
267	30 
268	22 23 43 
269	46 
270	64 
271	68 
272	26 
273	41 
274	49 
275	1 
276	30 
277	1 29 65 
278	35 
279	37 
280	27 
281	17 30 42 
282	7 
283	55 
284	33 
285	23 
286	32 
287	53 
288	63 
289	17 
290	39 
291	2 
292	45 
293	1 24 53 
294	55 
295	8 29 30 
296	3 
297	37 
298	40 
299	13 
300	13 
301	12 15 49 
302	6 7 33 
303	6 32 65 
304	44 
305	31 
306	40 
307	6 
308	32 
309	46 
310	66 
311	23 
312	19 
313	49 52 54 
314	45 
315	34 
316	17 
317	64 
318	49 
319	29 
320	68 
321	13 
322	67 
323	1 32 35 
324	43 
325	13 
326	61 
327	56 
328	2 
329	1 
330	18 
331	65 
332	18 
333	10 26 58 
334	65 
335	52 
336	66 
337	19 
338	67 
339	18 
340	17 
341	41 60 62 
342	16 
343	21 
344	45 
345	4 15 58 
346	27 
347	35 
348	48 
349	31 
350	34 
351	2 
352	65 
353	32 
354	54 
355	21 29 57 
356	20 
357	67 
358	51 
359	52 
360	37 
361	32 
362	25 28 37 
363	31 
364	55 
365	17 
366	2 
367	29 39 41 
368	8 
369	2 49 51 
370	9 
371	19 35 38 
372	14 51 66 
373	19 
374	65 
375	17 
376	61 
377	21 
378	57 
379	58 
380	40 
381	66 
382	43 
383	55 
384	12 21 62 
385	18 
386	46 
387	66 
388	2 
389	13 35 39 
390	3 30 43 
391	34 36 63 
392	54 
393	45 
394	8 
395	12 
396	16 28 61 
397	10 48 66 
398	10 
399	24 
400	9 54 64 
401	18 
402	25 
403	41 
404	24 35 64 
405	61 
406	7 
407	9 57 58 
408	42 
409	1 
410	18 
411	5 
412	24 
413	49 
414	58 
415	45 
416	27 37 64 
417	45 
418	46 
419	17 
420	11 43 62 
421	57 
422	13 
423	5 
424	54 
425	2 
426	57 
427	23 
428	29 
429	49 
430	13 56 67 
431	44 60 61 
432	14 43 67 
433	26 
434	8 30 43 
435	5 29 61 
436	9 
437	24 46 67 
438	40 
439	7 37 49 
440	3 
441	68 
442	25 
443	3 
444	13 
445	40 
446	21 43 64 
447	10 
448	68 
449	16 
450	24 
451	37 
452	35 58 64 
453	9 
454	1 8 42 
455	3 6 35 
456	3 7 58 
457	16 
458	7 
459	27 
460	52 
461	2 
462	2 
463	4 10 44 
464	41 
465	1 
466	54 
467	1 5 8 
468	29 30 65 
469	6 
470	36 
471	12 
472	57 61 67 
473	26 
474	40 
475	36 
476	2 
477	11 
478	8 
479	8 15 45 
480	51 
481	24 49 52 
482	20 
483	4 57 67 
484	65 
485	12 53 67 
486	21 
487	58 
488	24 
489	41 
490	51 
491	41 
492	37 
493	17 21 34 
494	39 
495	21 
496	8 
497	42 
498	49 
499	41 
500	39 52 54 
501	33 
502	49 
503	17 
504	41 
505	26 35 52 
506	9 
507	16 
508	13 
509	33 
510	26 42 55 
511	8 
512	11 19 58 
513	41 
514	45 
515	21 48 67 
516	35 39 64 
517	41 
518	29 
519	35 
520	31 33 50 
521	37 
522	33 
523	39 
524	3 
525	25 
526	58 
527	25 27 34 
528	5 
529	17 
530	11 
531	7 
532	13 65 67 
533	1 
534	36 
535	24 32 66 
536	57 
537	26 
538	58 
539	57 
540	10 
541	48 
542	9 54 68 
543	67 
544	5 
545	7 
546	68 
547	17 
548	11 15 19 
549	64 
550	3 
551	11 
552	16 
553	5 
554	42 
555	5 
556	45 
557	2 24 43 
558	3 
559	32 
560	42 
561	9 57 62 
562	51 
563	25 30 68 
564	45 
565	7 15 45 
566	32 
567	46 
568	16 35 57 
569	42 
570	40 
571	68 
572	21 
573	43 
574	37 
575	9 
576	64 
577	51 
578	24 
579	35 
580	40 
581	45 
582	45 
583	3 
584	31 
585	19 
586	35 
587	31 32 52 
588	26 
589	48 
590	42 
591	27 
592	25 
593	19 35 68 
594	26 
595	58 
596	4 39 47 
597	19 
598	45 
599	37 48 53 
600	51 
601	49 
602	40 
603	21 
604	26 
605	10 
606	39 
607	39 
608	22 31 65 
609	26 
610	39 
611	23 34 37 
612	36 
613	13 
614	35 
615	51 
616	14 20 58 
617	21 34 63 
618	11 38 39 
619	11 
620	16 31 58 
621	41 
622	27 
623	30 49 55 
624	32 
625	5 28 51 
626	30 
627	16 31 34 
628	26 
629	21 23 44 
630	33 53 55 
631	49 
632	25 
633	48 
634	62 
635	4 10 51 
636	51 
637	48 
638	14 
639	31 
640	62 
641	12 
642	29 39 57 
643	1 
644	23 24 53 
645	6 48 59 
646	33 43 63 
647	58 
648	48 
649	48 
650	26 
651	32 39 60 
652	40 
653	40 
654	58 
655	33 36 60 
656	17 20 57 
657	14 
658	30 
659	37 
660	33 45 56 
661	6 
662	20 23 34 
663	8 
664	7 
665	5 
666	33 
667	12 
668	15 
669	24 
670	23 
671	34 
672	29 36 50 
673	35 
674	13 20 27 
675	43 
676	67 
677	1 
678	11 
679	27 
680	52 
681	40 
682	35 
683	7 
684	43 
685	63 
686	48 
687	16 
688	68 
689	24 
690	62 
691	65 
692	41 
693	36 
694	63 
695	30 
696	10 
697	39 
698	44 52 54 
699	45 
700	16 
701	14 
702	11 
703	63 
704	30 49 68 
705	35 
706	46 
707	25 26 43 
708	29 
709	14 
710	12 39 42 
711	49 
712	34 
713	43 
714	40 
715	26 
716	35 
717	29 
718	39 
719	36 
720	42 
721	36 
722	43 
723	27 
724	5 13 28 
725	2 12 56 
726	32 
727	29 
728	45 
729	6 16 37 
730	27 
731	8 
732	10 20 26 
733	21 
734	29 
735	53 61 62 
736	36 
737	3 
738	37 
739	19 
740	51 
741	37 
742	10 
743	37 
744	15 42 63 
745	39 
746	31 
747	49 
748	62 
749	1 
750	35 
751	13 24 40 
752	62 
753	35 
754	30 
755	10 
756	19 
757	29 
758	68 
759	43 
760	6 
761	15 
762	10 
763	1 
764	15 45 58 
765	34 
766	27 49 52 
767	1 
768	16 21 63 
769	34 
770	52 62 67 
771	39 
772	34 
773	10 
774	9 
775	19 
776	65 
777	64 
778	63 
779	5 
780	52 
781	64 
782	24 
783	7 
784	25 
785	10 
786	23 
787	63 
788	1 
789	49 
790	49 
791	2 12 54 
792	68 
793	11 
794	15 
795	65 
796	1 16 62 
797	52 
798	42 
799	52 
800	5 34 49 
801	10 23 54 
802	62 
803	32 
804	20 
805	41 
806	6 
807	26 
808	15 24 48 
809	54 
810	7 
811	36 41 47 
812	6 
813	30 48 54 
814	27 
815	33 49 67 
816	25 
817	31 
818	54 
819	5 
820	29 43 45 
821	25 35 63 
822	20 
823	11 
824	49 
825	32 
826	23 
827	21 
828	21 
829	31 
830	14 
831	13 47 65 
832	65 
833	19 52 54 
834	24 
835	25 
836	57 
837	42 
838	1 
839	14 16 67 
840	42 
841	48 
842	41 
843	4 40 51 
844	9 30 64 
845	29 
846	27 32 67 
847	26 
848	10 
849	62 
850	12 
851	5 
852	34 
853	58 
854	7 
855	3 20 62 
856	7 
857	48 
858	19 21 42 
859	32 
860	49 58 63 
861	8 
862	67 
863	21 33 42 
864	26 30 41 
865	10 30 57 
866	11 
867	42 
868	7 
869	27 36 37 
870	15 
871	11 
872	39 
873	8 
874	16 
875	21 
876	58 
877	62 
878	27 
879	39 
880	52 
881	33 
882	37 
883	1 14 65 
884	67 
885	57 
886	30 
887	48 
888	6 64 68 
889	48 
890	9 41 65 
891	21 
892	15 
893	7 
894	1 
895	32 
896	63 
897	16 
898	3 16 24 
899	63 
900	41 
901	52 
902	8 
903	36 
904	43 
905	4 12 29 
906	5 
907	8 
908	27 
909	1 
910	13 
911	13 
912	32 
913	18 34 36 
914	10 
915	12 
916	42 
917	10 
918	30 46 65 
919	37 
920	10 38 51 
921	54 67 68 
922	34 
923	10 
924	16 
925	43 
926	21 
927	45 
928	33 
929	35 36 39 
930	5 56 68 
931	1 33 42 
932	29 
933	29 38 45 
934	6 34 35 
935	16 
936	58 
937	12 52 68 
938	3 
939	42 
940	27 42 62 
941	39 
942	54 
943	16 
944	39 
945	29 
946	41 
947	31 
948	25 
949	63 
950	10 
951	37 
952	25 
953	5 
954	7 
955	42 
956	7 23 51 
957	6 20 50 
958	6 
959	8 
960	12 
961	30 
962	58 
963	13 
964	32 
965	37 
966	48 65 67 
967	34 52 53 
968	33 
969	9 30 31 
970	13 
971	41 
972	58 
973	45 54 65 
974	8 14 25 
975	44 48 63 
976	8 20 32 
977	23 
978	34 
979	63 
980	26 38 66 
981	30 
982	33 
983	22 57 63 
984	54 
985	10 
986	16 
987	49 
988	16 
989	49 
990	67 
991	34 
992	34 
993	13 
994	5 
995	45 
996	5 7 49 
997	37 
998	30 
999	26 
1000	14 
1001	1 9 39 
1002	26 
1003	9 49 61 
1004	7 
1005	62 
1006	12 
1007	6 
1008	36 
1009	5 16 52 
1010	63 
1011	65 
1012	32 
1013	45 
1014	15 
1015	57 
1016	7 43 62 
1017	54 55 67 
1018	41 
1019	29 
1020	58 
1021	32 
1022	29 
1023	13 20 52 
1024	8 
1025	64 
1026	45 
1027	43 
1028	67 
1029	10 
1030	58 
1031	14 23 44 
1032	30 
1033	49 
1034	5 
1035	7 
1036	34 61 68 
1037	68 
1038	16 
1039	64 
1040	15 
1041	15 
1042	63 
1043	32 
1044	19 24 51 
1045	10 
1046	6 
1047	7 17 27 
1048	1 
1049	21 
1050	49 
1051	34 
1052	49 
1053	58 
1054	5 30 42 
1055	27 
1056	5 
1057	13 
1058	1 3 61 
1059	20 
1060	10 13 53 
1061	7 
1062	6 
1063	6 
1064	45 
1065	8 43 52 
1066	30 
1067	32 
1068	32 52 63 
1069	7 19 24 
1070	14 
1071	21 54 57 
1072	26 
1073	9 12 34 
1074	31 
1075	13 
1076	67 
1077	36 
1078	37 
1079	45 
1080	43 
1081	42 
1082	5 
1083	11 23 56 
1084	26 
1085	39 
1086	13 
1087	49 
1088	44 46 58 
1089	6 39 58 
1090	19 28 43 
1091	26 
1092	43 
1093	5 
1094	6 
1095	26 
1096	14 
1097	8 47 52 
1098	36 
1099	34 
1100	57 
1101	52 
1102	41 
1103	6 
1104	16 
1105	21 54 57 
1106	16 
1107	12 
1108	36 
1109	15 58 64 
1110	54 
1111	27 
1112	16 
1113	11 
1114	21 
1115	20 
1116	7 
1117	57 
1118	63 
1119	8 9 18 
1120	58 
1121	5 19 33 
1122	48 
1123	67 
1124	29 
1125	45 
1126	26 
1127	25 44 46 
1128	25 
1129	58 
1130	11 
1131	52 
1132	6 
1133	42 
1134	7 23 49 
1135	21 
1136	5 45 52 
1137	20 
1138	11 
1139	36 52 64 
1140	25 44 65 
1141	58 
1142	57 
1143	36 
1144	39 
1145	27 
1146	10 
1147	14 
1148	62 
1149	43 
1150	26 27 37 
1151	6 34 46 
1152	24 
1153	9 10 46 
1154	68 
1155	12 
1156	54 
1157	5 
1158	27 
1159	24 47 63 
1160	62 
1161	7 
1162	26 59 65 
1163	31 
1164	57 
1165	21 
1166	16 23 32 
1167	49 57 68 
1168	31 
1169	11 
1170	65 
1171	48 
1172	6 21 45 
1173	27 29 56 
1174	31 
1175	32 
1176	10 35 36 
1177	45 
1178	12 
1179	32 
1180	13 
1181	48 
1182	34 
1183	42 
1184	67 
1185	29 
1186	34 
1187	52 
1188	25 
1189	15 
1190	30 
1191	14 
1192	11 48 68 
1193	24 
1194	49 
1195	8 
1196	2 15 42 
1197	13 
1198	64 
1199	9 27 52 
1200	4 42 57 
1201	13 
1202	1 28 35 
1203	12 
1204	32 
1205	22 39 63 
1206	35 
1207	12 
1208	24 
1209	7 
1210	13 
1211	13 
1212	48 
1213	24 
1214	1 
1215	15 
1216	24 
1217	21 55 65 
1218	29 
1219	64 
1220	65 
1221	29 56 57 
1222	54 
1223	42 
1224	32 
1225	63 
1226	23 
1227	31 
1228	16 
1229	13 
1230	41 
1231	65 
1232	24 
1233	13 
1234	65 
1235	5 
1236	65 
1237	10 
1238	10 
1239	27 
1240	54 
1241	57 
1242	26 
1243	7 
1244	63 
1245	67 
1246	37 
1247	67 
1248	29 
1249	62 
1250	57 
1251	25 
1252	67 
1253	23 
1254	23 
1255	54 
1256	21 30 65 
1257	26 
1258	67 
1259	54 
1260	26 
1261	20 
1262	34 
1263	29 
1264	34 51 57 
1265	11 
1266	54 
1267	48 
1268	42 
1269	5 36 62 
1270	57 
1271	27 
1272	37 
1273	29 37 45 
1274	6 19 64 
1275	20 
1276	10 
1277	62 
1278	14 20 32 
1279	34 
1280	33 
1281	49 
1282	26 
1283	5 30 67 
1284	57 
1285	29 30 36 
1286	32 
1287	15 30 32 
1288	42 
1289	10 
1290	29 
1291	50 52 54 
1292	48 
1293	25 
1294	49 
1295	27 43 64 
1296	25 
1297	35 
1298	30 
1299	37 
1300	41 
