1 516 392 524 558 571 572 192 451 460 589 339 211 340 355 364 623 374 503 633 507 124 639 
259 391 265 27 539 544 416 418 675 291 37 424 298 559 563 440 186 187 698 191 449 333 358 108 625 119 122 638 
2 647 650 652 525 660 671 288 672 676 549 425 436 567 315 203 352 609 371 631 123 254 
6 136 526 145 152 541 30 165 551 46 432 688 179 564 437 438 695 570 575 458 204 335 463 81 88 478 608 234 498 114 117 630 632 637 126 
129 3 394 139 13 656 529 659 157 36 427 57 442 700 317 450 581 206 334 592 91 223 611 613 614 621 494 111 496 
256 8 149 279 667 669 287 290 426 170 181 54 185 202 600 605 227 231 109 116 502 121 634 636 511 
513 258 385 9 18 530 414 557 430 50 53 443 194 452 585 461 207 591 465 96 98 360 617 110 
4 645 132 668 677 43 555 45 175 561 49 691 52 565 446 586 76 469 343 602 476 607 354 357 618 628 248 381 
35 420 612 250 429 622 240 17 593 83 601 373 246 345 506 60 29 670 
384 395 12 542 289 421 42 174 58 316 579 198 331 208 480 481 505 501 249 
640 266 271 536 167 296 435 313 577 338 595 471 604 349 220 351 228 105 363 369 245 252 
5 389 261 520 137 651 267 657 276 665 292 169 301 48 693 566 697 587 470 347 486 490 236 368 497 243 244 115 
518 521 547 297 173 302 304 177 180 312 188 324 453 199 472 219 348 221 103 238 376 
515 264 527 274 661 23 156 158 41 300 182 68 588 337 598 215 473 483 487 237 629 380 
388 7 268 405 22 419 295 685 47 433 311 444 319 63 216 229 104 619 112 379 
260 649 142 404 21 278 534 538 162 674 422 678 679 560 439 193 336 466 594 597 344 218 482 616 107 500 120 
407 97 67 197 102 293 326 73 428 474 306 406 86 310 410 509 94 
10 269 148 150 24 283 28 34 299 171 307 308 583 72 201 332 89 488 239 383 
64 32 65 353 553 74 11 77 14 16 80 113 87 222 95 
448 226 164 133 680 75 493 654 144 401 658 403 596 464 118 377 699 159 
512 262 263 141 409 543 160 161 39 562 51 692 189 196 327 71 467 213 350 230 359 362 370 242 504 635 
646 531 20 662 282 546 38 44 303 689 434 568 574 582 70 329 330 459 78 603 477 356 233 241 
514 643 393 399 15 272 528 408 25 666 412 545 548 682 172 686 431 56 190 195 599 615 366 
642 131 517 519 273 19 154 285 168 681 694 55 569 321 456 205 209 346 93 367 499 251 255 
128 648 522 523 400 663 151 540 415 554 684 322 580 325 200 210 468 485 361 235 247 
641 398 532 664 155 413 31 417 552 690 314 573 455 328 584 214 475 606 101 232 106 620 626 627 372 378 510 
135 396 143 146 147 277 26 178 183 445 69 462 79 212 217 479 492 365 508 
386 387 270 281 411 163 176 696 441 59 62 318 576 82 84 85 342 92 225 100 484 491 495 624 375 382 
257 138 140 397 275 280 286 33 294 40 687 447 320 66 454 341 90 224 99 489 125 
130 644 134 390 653 655 402 533 535 153 537 284 673 550 166 423 683 556 305 309 184 61 578 323 457 590 610 253 127 
