#module 0 size: 180 bs: 0.000957911
1 6 7 8 10 13 14 16 18 20 30 33 37 39 41 45 50 59 68 75 83 87 90 92 94 95 105 108 111 116 118 120 135 136 146 149 154 155 158 168 172 176 183 185 188 192 193 202 203 206 207 212 216 218 225 231 238 240 244 251 272 292 293 294 296 297 298 301 306 308 311 319 321 323 326 328 333 335 336 338 339 340 342 346 350 361 364 365 366 375 376 379 380 381 382 390 391 395 397 399 402 406 407 408 410 411 412 415 425 429 433 434 440 441 448 454 466 476 479 483 487 491 493 506 510 511 513 514 521 524 529 530 533 534 538 540 543 549 553 555 556 563 566 567 568 570 571 578 584 585 591 592 599 601 602 605 616 626 630 639 643 648 649 650 654 660 663 664 668 670 671 672 675 676 679 680 686 687 688 694 
#module 1 size: 160 bs: 1
23 26 28 31 44 48 58 61 64 65 67 76 86 87 93 97 99 116 122 131 141 146 152 160 178 189 191 200 204 205 213 227 230 237 239 241 252 257 260 263 265 266 269 272 273 274 284 285 288 291 292 293 312 313 315 316 317 321 322 324 328 332 343 348 354 355 361 362 381 386 387 388 389 393 396 397 399 400 403 418 419 426 431 432 437 441 444 447 452 456 459 461 465 467 471 475 477 483 488 492 494 495 496 497 499 501 503 512 513 516 518 520 522 525 526 528 531 536 539 544 547 548 552 554 558 562 564 565 576 585 586 587 594 596 597 609 623 625 626 629 633 639 641 644 645 648 656 657 661 662 670 672 676 678 680 682 684 685 689 700 
#module 2 size: 23 bs: 1
4 12 25 52 74 80 81 171 180 221 237 241 255 276 282 302 394 438 463 480 493 599 640 
#module 3 size: 24 bs: 1
5 24 54 55 82 112 116 118 142 221 234 243 314 328 378 394 424 542 559 631 649 667 692 699 
#module 4 size: 30 bs: 1
44 91 142 147 154 163 174 233 254 264 289 301 310 311 357 370 383 401 408 414 435 462 482 492 572 582 593 619 621 622 
#module 5 size: 23 bs: 1
96 175 177 179 184 240 246 309 317 369 424 427 428 453 463 493 574 598 600 632 654 659 681 
#module 6 size: 14 bs: 1
71 138 153 156 268 337 351 446 449 473 590 620 658 660 
#module 7 size: 19 bs: 1
34 100 107 123 144 165 194 211 222 234 267 283 341 445 498 558 594 629 651 
#module 8 size: 22 bs: 1
19 53 88 89 121 145 150 159 189 258 260 294 306 318 353 386 390 395 405 496 499 579 
#module 9 size: 32 bs: 1
9 25 43 47 73 75 79 125 143 181 188 208 210 262 288 291 320 345 370 409 426 508 515 533 558 569 591 634 649 650 658 676 
#module 10 size: 16 bs: 1
27 130 281 468 500 542 572 593 595 636 652 663 674 688 690 698 
#module 11 size: 18 bs: 1
84 113 151 164 187 197 199 217 294 305 325 327 420 535 542 545 547 626 
#module 12 size: 15 bs: 1
2 21 38 54 60 78 85 110 275 305 306 513 546 581 636 
#module 13 size: 19 bs: 1
15 73 81 162 173 196 232 250 275 307 318 331 398 404 486 496 504 535 651 
#module 14 size: 35 bs: 1
6 36 46 55 69 97 98 104 105 137 139 158 166 190 214 221 228 235 244 312 359 398 425 436 445 509 536 553 574 583 603 622 642 646 695 
#module 15 size: 23 bs: 1
163 223 255 259 273 280 286 299 300 420 423 450 489 519 527 578 587 614 618 651 655 660 665 
#module 16 size: 29 bs: 1
72 98 109 114 132 193 220 273 304 309 313 329 349 358 409 451 478 509 511 515 522 523 561 586 592 594 608 637 663 
#module 17 size: 15 bs: 1
56 70 83 159 195 242 255 278 399 603 605 629 639 681 696 
#module 18 size: 30 bs: 1
40 42 57 119 124 235 256 271 330 372 377 379 385 403 405 424 428 444 457 459 471 498 503 505 579 606 616 630 635 648 
#module 19 size: 28 bs: 1
18 62 167 177 184 193 198 200 209 229 236 245 248 345 352 390 458 460 502 504 516 550 613 619 678 680 688 695 
#module 20 size: 24 bs: 1
106 117 219 287 313 329 363 464 469 473 474 490 526 532 533 551 580 598 609 615 638 655 673 683 
#module 21 size: 34 bs: 1
3 35 66 89 253 275 277 309 347 371 384 401 406 422 426 430 464 470 485 515 560 578 583 589 604 605 607 609 612 623 627 628 669 678 
#module 22 size: 40 bs: 1
17 32 47 49 101 104 115 133 145 148 166 260 285 314 360 378 395 398 406 417 429 464 481 498 504 518 557 560 572 573 575 610 624 655 677 681 690 695 696 697 
#module 23 size: 28 bs: 1
11 103 131 140 165 170 182 224 270 279 290 301 361 368 403 409 439 443 454 516 535 541 577 622 630 637 653 672 
#module 24 size: 25 bs: 1
77 129 131 134 174 226 250 259 261 293 311 374 381 463 472 492 507 517 546 560 588 646 683 691 693 
#module 25 size: 19 bs: 1
29 169 186 223 288 316 353 367 373 383 413 455 579 581 598 603 610 654 689 
#module 26 size: 29 bs: 1
22 51 63 104 120 140 201 215 226 247 250 285 295 334 344 352 377 392 418 471 484 545 553 556 599 617 623 646 696 
#module 27 size: 33 bs: 1
72 102 119 126 127 128 157 161 234 249 259 265 303 304 356 416 418 421 442 473 481 537 556 583 596 611 619 647 650 666 670 683 689 
