13 19 20 46 53 54 67 68 92 94 98 101 102 109 122 139 140 161 173 174 177 187 190 210 222 273 276 295 296 297 301 330 334 341 356 369 383 386 408 435 461 465 516 542 543 550 555 563 569 572 573 574 575 578 583 587 599 622 641 643 666 670 684 685 687 689 690 692 
11 16 20 41 42 55 90 94 95 143 167 193 206 208 220 221 246 248 254 258 263 265 271 273 278 303 328 329 335 340 349 353 359 367 381 396 400 414 448 454 462 470 475 476 501 506 522 548 564 566 577 585 586 589 590 625 636 638 640 643 661 670 674 691 694 697 
43 44 48 73 86 87 105 117 121 122 128 139 145 171 172 192 193 197 203 217 243 244 254 264 268 275 281 284 302 305 307 343 351 352 374 393 402 406 409 420 422 443 449 452 460 462 470 478 493 496 513 523 527 529 537 554 559 560 571 578 589 593 609 610 616 622 630 632 645 648 653 658 660 662 676 698 
10 43 44 48 51 79 86 94 95 96 111 141 143 163 169 182 191 192 197 198 204 220 240 243 246 254 264 265 283 284 286 288 294 299 302 322 327 328 330 335 339 340 342 346 347 351 362 367 374 381 388 390 403 406 417 418 421 422 425 434 438 446 448 454 462 474 480 501 521 522 523 526 529 537 548 564 576 586 588 590 591 593 609 613 616 617 620 625 627 629 632 636 640 643 653 661 665 676 684 691 694 698 699 
10 17 24 33 34 48 60 61 63 70 82 83 90 110 112 114 123 153 159 160 181 186 213 222 229 234 237 238 241 260 269 279 289 292 301 308 310 311 313 315 327 332 337 342 344 347 348 354 365 370 375 376 383 404 416 417 422 426 427 431 434 436 437 444 449 451 466 468 469 472 473 474 475 477 480 486 492 509 511 518 526 528 532 533 536 541 558 582 592 597 604 607 611 627 628 638 642 643 646 649 653 655 656 657 658 664 667 669 671 682 688 691 693 695 696 
17 21 25 51 52 70 95 96 98 100 105 108 112 119 124 147 149 150 154 157 159 179 202 205 212 218 220 230 235 244 246 247 258 265 269 277 287 289 294 304 320 321 325 333 335 339 340 346 367 372 378 399 405 415 421 427 437 448 450 457 470 472 475 482 488 498 501 502 505 509 512 518 522 531 538 541 557 558 564 566 586 588 590 602 606 616 617 618 628 630 636 643 647 651 654 659 661 668 677 684 691 693 695 
6 19 37 46 54 58 68 83 101 109 113 114 130 132 155 170 174 180 184 187 193 195 196 201 210 222 230 231 239 251 260 273 277 285 290 297 301 306 308 310 314 315 334 342 356 360 379 383 389 390 392 402 432 435 437 461 466 468 490 492 499 511 516 520 532 542 550 563 567 573 575 576 578 583 584 592 593 597 599 603 604 610 614 621 642 659 666 680 681 684 685 690 697 700 
5 19 31 44 47 68 72 80 86 94 105 117 120 122 128 131 139 140 162 169 172 178 192 193 197 198 219 225 234 254 264 268 278 282 284 295 298 302 307 330 340 342 343 346 350 351 374 381 385 386 388 390 392 395 401 417 420 422 443 446 452 454 461 462 470 492 495 496 506 521 523 527 529 537 544 554 555 560 563 567 591 593 610 612 616 617 618 622 623 632 640 645 648 653 654 658 660 661 667 676 690 698 
1 9 14 26 27 31 34 35 39 48 51 62 63 70 71 74 75 77 79 82 90 94 95 96 98 100 106 117 121 126 127 128 129 140 141 143 145 147 148 151 153 154 166 170 171 177 182 188 191 194 195 196 202 204 207 214 217 220 224 225 227 228 229 230 239 240 245 246 248 252 253 260 261 265 267 268 269 273 277 279 281 282 283 284 287 288 294 295 298 300 301 303 307 309 312 313 314 316 317 319 320 321 322 323 327 328 330 331 333 335 336 337 340 342 343 344 346 347 349 351 352 353 354 357 362 367 368 370 372 373 375 377 381 382 383 393 394 397 403 404 407 413 415 416 420 421 425 426 427 430 431 434 436 437 438 440 441 443 447 448 452 454 458 459 461 462 468 471 475 476 479 483 485 487 488 489 492 496 497 501 504 506 510 513 514 517 519 522 524 526 527 534 535 544 547 551 554 560 561 563 564 567 570 573 577 579 581 584 586 588 590 593 596 597 600 602 605 609 610 613 615 619 620 621 622 623 627 629 630 631 636 642 643 647 648 650 652 653 654 658 659 660 661 669 670 674 676 677 678 682 691 693 695 697 
24 28 29 46 47 52 72 76 80 81 93 112 115 118 119 120 131 150 155 159 162 164 172 174 179 181 182 200 205 206 218 232 234 235 239 245 251 258 261 265 270 271 289 290 293 304 305 306 311 314 318 324 330 348 350 351 361 363 365 371 374 378 379 380 384 385 386 387 392 395 398 399 401 408 417 419 422 424 426 433 440 441 446 456 459 472 482 486 490 495 496 499 502 506 508 509 517 528 531 538 553 554 555 557 558 561 565 566 591 594 600 601 606 614 618 622 625 626 629 637 643 644 645 651 654 657 662 663 666 667 668 672 683 684 685 686 690 693 695 700 
14 46 68 71 77 99 129 152 153 162 165 166 189 195 209 219 227 237 245 249 250 269 300 313 322 331 337 341 344 347 358 370 376 377 395 397 408 411 416 417 430 438 449 453 459 464 485 503 504 510 512 514 517 524 526 528 539 544 550 553 556 561 572 581 597 610 611 614 617 618 620 622 629 635 637 645 652 653 658 674 676 677 682 690 693 
4 8 11 12 20 28 36 38 41 54 57 59 66 78 79 85 93 107 109 113 116 122 130 132 135 136 141 150 152 155 158 159 162 165 168 170 182 184 191 193 198 202 208 209 210 215 228 240 244 249 250 251 272 280 283 293 299 304 306 315 324 327 336 342 345 348 351 355 358 359 360 362 364 365 377 387 389 392 397 398 408 411 414 419 421 424 425 434 435 438 450 453 454 455 456 464 482 484 486 491 503 508 512 514 515 520 538 539 542 554 556 566 568 583 595 598 599 601 603 611 612 613 614 621 624 625 626 627 629 635 637 642 646 653 664 674 681 686 689 691 695 697 700 
26 56 59 62 69 77 82 92 95 97 117 126 158 170 175 176 180 181 183 203 207 216 217 231 257 259 266 281 284 285 295 309 315 316 319 320 353 355 357 358 364 368 382 391 393 396 397 404 407 410 418 421 424 428 439 444 455 465 479 483 484 488 491 497 500 505 513 527 530 532 534 540 542 543 551 552 553 557 573 577 580 584 593 598 619 623 624 627 631 633 634 636 650 661 669 675 676 
67 69 99 122 136 140 152 153 161 165 171 173 189 190 196 209 219 237 242 249 250 262 268 269 270 281 313 337 341 344 345 347 358 365 369 370 375 386 397 411 416 426 434 449 453 455 464 468 470 503 512 514 527 531 539 548 555 556 560 569 571 574 576 583 589 611 616 635 637 641 642 643 653 658 660 666 677 687 692 693 
14 47 71 81 99 105 115 117 120 122 128 129 139 153 166 177 195 196 200 227 245 254 261 268 269 271 282 288 295 300 307 322 326 331 337 341 343 347 350 361 363 370 375 377 379 380 394 402 408 416 420 430 440 441 452 459 485 490 492 493 496 503 504 510 514 517 524 526 531 544 554 560 561 581 589 591 594 597 600 602 610 620 622 626 629 644 645 648 652 653 657 658 660 661 662 663 666 674 676 677 682 686 690 693 
21 23 26 27 64 67 82 100 134 143 144 146 147 154 173 180 190 194 198 206 208 222 230 231 242 247 251 252 255 267 278 299 303 314 317 325 329 330 336 341 343 357 369 373 380 381 386 387 394 406 408 411 412 413 414 415 416 418 421 426 432 447 467 473 482 484 488 489 508 516 541 547 549 552 566 569 572 574 587 605 620 621 628 630 631 638 641 643 647 651 654 659 660 665 672 678 687 692 694 
13 16 19 46 53 68 83 92 94 95 102 140 210 234 255 273 276 295 296 297 330 349 356 383 404 410 461 468 498 501 508 522 530 543 550 563 593 597 679 690 
16 20 42 53 55 56 73 83 90 92 94 102 140 154 167 176 202 215 216 219 234 248 254 263 266 273 275 276 285 288 296 297 302 305 309 315 346 349 352 356 357 380 390 400 404 431 446 461 462 465 468 505 506 523 525 529 530 537 540 543 551 563 566 573 583 593 602 609 612 616 617 625 627 650 670 674 679 689 690 695 698 
1 11 12 23 24 36 41 44 47 51 54 57 64 72 80 86 88 95 96 98 103 107 109 113 115 118 120 126 130 131 132 134 135 144 146 147 154 156 162 163 169 170 184 192 193 194 197 198 202 206 207 208 211 219 220 221 226 230 231 240 242 244 246 247 251 252 254 257 264 265 267 268 270 277 278 280 282 286 287 294 297 298 299 302 314 315 319 321 322 326 328 329 330 335 337 339 340 342 346 350 351 353 359 360 367 368 369 373 374 378 381 385 389 390 392 395 401 408 412 413 414 415 417 422 425 432 437 440 446 448 454 462 467 481 483 484 488 489 495 501 506 507 516 520 521 522 523 526 527 528 529 531 537 542 543 546 547 548 551 553 555 564 577 583 586 588 589 590 591 593 594 599 600 602 603 605 612 613 614 616 617 618 619 626 630 631 632 636 640 643 644 645 647 654 657 659 661 663 665 667 672 673 677 680 681 684 689 690 691 694 695 697 698 699 
7 10 21 22 25 28 29 35 38 39 46 52 56 70 73 75 77 90 105 112 114 116 119 121 133 137 138 145 146 149 150 154 155 159 164 170 171 176 178 179 180 182 185 188 196 202 204 205 210 212 215 216 217 218 224 225 228 232 233 235 239 245 251 253 255 256 258 266 267 274 277 282 284 285 288 291 293 303 304 306 309 311 317 318 323 324 325 331 333 336 341 348 357 360 361 365 370 372 378 380 384 387 388 393 394 398 399 403 404 405 407 410 412 419 422 424 427 431 432 433 442 443 445 447 448 450 456 458 463 471 472 475 482 486 487 490 494 498 499 502 505 506 508 509 515 518 519 525 530 532 535 538 539 540 541 543 545 553 555 557 558 565 566 568 570 573 575 577 579 585 593 596 601 602 606 613 614 615 616 617 618 621 625 626 627 630 634 635 637 645 651 655 657 661 667 668 673 676 678 679 680 683 689 690 691 693 694 695 697 700 
25 76 81 118 119 164 182 189 200 253 261 277 311 320 326 330 361 363 380 417 419 432 439 440 441 457 499 531 572 582 587 591 594 600 622 626 644 657 663 671 678 683 696 
31 49 50 66 74 78 85 90 98 104 113 128 147 151 159 168 202 214 223 225 236 298 312 318 323 329 332 366 381 406 413 431 439 443 458 478 488 491 499 515 519 524 548 566 572 579 587 595 596 623 624 625 633 643 644 646 649 650 657 669 686 691 
21 23 29 38 39 56 64 77 92 100 128 134 137 144 146 147 164 176 178 183 185 194 199 207 210 215 216 222 230 231 232 247 251 252 253 256 266 284 285 303 309 314 318 356 357 360 361 373 380 382 384 404 410 413 415 419 432 437 444 463 467 473 483 486 488 489 495 499 505 516 525 530 534 540 543 549 551 557 565 568 573 585 587 593 605 608 614 616 626 627 633 634 641 647 654 655 657 659 672 679 683 693 700 
6 18 24 27 37 41 45 49 50 58 65 66 68 69 70 75 78 85 88 98 101 103 104 106 110 111 113 125 127 129 136 140 143 146 148 150 153 156 163 166 168 171 174 183 187 188 195 198 199 201 211 217 221 222 223 226 228 232 236 257 260 262 269 271 272 282 284 285 286 288 290 297 299 300 301 308 310 311 318 322 323 329 333 334 335 337 338 344 347 352 356 366 368 370 371 375 376 379 380 383 390 405 406 407 408 412 413 414 417 422 430 431 433 435 436 437 439 444 451 454 458 459 465 468 474 476 481 483 485 490 491 494 497 499 504 507 510 511 514 515 516 517 519 524 526 538 539 544 546 547 548 550 556 561 562 566 567 570 571 573 575 576 578 579 581 584 587 589 592 595 597 604 607 608 613 617 620 621 622 624 625 629 631 633 637 639 640 642 646 649 650 652 653 654 658 665 666 673 676 677 680 682 684 685 686 688 690 693 695 697 699 700 
2 3 18 22 26 27 45 59 62 65 69 71 77 84 88 89 91 97 103 106 125 126 133 142 146 148 149 156 157 158 166 170 173 175 180 181 182 195 196 199 202 207 211 224 226 227 233 239 242 251 257 259 272 274 278 284 286 291 294 300 304 306 315 316 319 338 341 353 364 367 368 371 377 380 382 383 388 391 396 399 403 405 412 416 423 425 427 428 429 430 433 435 439 442 445 455 457 459 465 467 473 474 475 479 481 483 484 485 487 494 497 498 500 502 504 507 510 513 518 520 524 534 535 544 545 546 547 552 553 557 558 559 562 567 580 581 583 584 590 598 608 610 617 619 627 629 631 633 639 647 652 673 675 677 680 682 694 695 
2 3 10 21 27 28 33 35 38 39 61 69 70 76 79 80 105 110 112 114 116 121 123 127 133 136 141 142 150 153 157 159 160 165 181 182 191 195 196 201 202 204 206 209 221 224 228 233 237 241 249 250 255 267 269 274 279 280 283 286 291 293 302 303 304 308 310 313 317 322 327 331 333 334 336 337 342 344 345 347 348 350 362 365 370 372 375 376 385 388 394 395 397 398 403 404 405 416 417 419 422 423 424 425 426 434 436 437 438 442 444 445 447 449 451 453 456 457 464 466 468 471 474 475 477 480 486 487 495 498 499 508 511 512 514 518 526 528 532 535 538 539 545 553 556 558 571 575 576 577 589 592 597 600 601 604 607 613 614 615 617 618 620 625 626 630 635 637 642 653 658 661 667 677 678 680 682 683 684 688 690 693 695 696 697 
6 20 24 39 42 47 52 59 72 77 80 83 93 108 116 119 120 124 137 138 162 167 178 181 185 187 206 210 215 218 235 245 248 254 256 258 263 270 272 284 297 305 316 318 325 341 349 350 356 359 361 364 378 384 385 391 395 396 398 400 401 410 418 419 421 424 428 455 459 463 472 482 490 495 500 502 506 509 525 528 544 552 553 555 557 558 565 566 568 585 593 598 602 606 618 626 628 634 645 651 655 667 668 670 674 679 684 690 693 700 
62 70 75 90 116 143 171 188 202 203 217 248 253 258 281 282 284 341 349 382 393 400 407 431 437 458 479 483 497 506 509 513 518 519 534 551 559 560 566 570 579 584 619 631 650 655 669 670 674 676 678 697 
6 24 37 46 53 58 68 73 87 98 101 117 140 147 170 174 183 187 201 203 207 217 222 243 247 271 275 281 290 296 305 318 319 334 335 342 343 353 356 361 366 371 379 393 402 405 408 435 439 451 460 465 468 470 478 479 483 490 493 494 497 499 508 511 513 539 550 551 559 571 572 573 575 576 578 580 584 604 610 616 619 631 633 644 662 666 669 678 680 684 685 690 698 
32 34 48 63 83 122 146 158 193 208 214 229 231 238 251 260 272 279 281 292 299 301 312 313 332 354 359 391 396 406 421 436 443 454 465 467 471 476 477 484 492 571 592 596 598 599 613 623 628 647 653 655 657 665 669 675 694 699 
43 69 73 76 87 92 99 111 115 118 136 140 152 164 165 172 182 192 196 197 200 203 209 217 219 234 237 243 247 249 250 255 261 264 270 275 281 288 302 303 305 310 311 313 320 326 331 333 336 345 352 358 361 363 371 372 374 387 390 393 397 402 405 409 426 434 439 440 441 446 447 449 460 462 464 468 470 478 493 494 499 503 512 514 529 531 535 537 539 548 554 556 559 561 569 571 572 576 578 589 591 593 594 600 602 609 611 612 614 615 616 632 635 637 642 650 657 662 663 667 676 678 683 694 698 
8 10 25 30 32 35 45 60 64 65 75 84 91 100 106 121 125 132 135 144 145 148 154 162 183 184 186 194 199 204 213 231 232 234 238 247 252 255 262 267 277 280 288 289 292 303 311 314 317 331 333 336 338 352 359 366 368 371 372 373 379 380 387 392 394 401 408 412 415 422 424 427 429 432 433 441 447 459 460 465 467 469 475 477 480 488 489 494 516 524 527 533 535 536 541 542 549 561 562 573 577 582 583 587 597 603 605 608 612 615 630 633 639 642 647 654 656 664 669 671 672 678 680 681 682 683 689 696 697 
8 35 41 43 67 73 87 121 122 143 145 154 161 171 172 173 177 189 190 193 203 206 234 242 244 247 255 267 275 276 281 288 297 299 301 303 305 310 317 325 328 329 331 336 343 352 369 378 381 386 387 393 402 406 409 411 414 418 419 426 439 447 454 460 461 465 468 470 476 478 493 498 505 508 509 527 530 535 542 548 559 563 569 571 572 573 574 583 587 593 606 609 613 614 616 621 628 630 640 641 643 651 654 660 662 665 666 676 678 680 683 687 689 692 698 699 
41 42 89 101 143 157 163 192 193 198 206 208 221 228 232 243 263 278 299 302 306 328 329 349 359 380 381 406 411 414 417 424 454 465 474 476 505 525 546 548 566 589 600 601 606 613 616 621 625 633 640 641 643 653 665 670 674 687 694 695 697 699 700 
4 11 12 13 22 23 27 30 32 34 45 48 59 63 65 69 81 83 84 88 89 91 97 103 106 115 118 122 125 127 140 147 148 153 156 158 164 171 175 180 181 183 189 192 199 200 206 211 221 226 229 231 232 244 247 253 254 257 259 260 261 262 269 272 274 278 279 286 288 289 301 313 316 320 322 326 332 337 338 344 347 354 355 360 361 363 364 366 370 371 375 380 384 391 393 396 412 416 418 421 424 427 428 429 433 436 439 440 441 453 455 464 467 469 471 474 481 484 487 492 494 497 500 505 507 514 516 524 525 526 531 546 547 552 553 559 560 562 571 572 576 577 580 585 591 593 597 598 599 600 602 603 605 608 609 611 614 619 620 626 628 631 633 639 644 653 657 658 663 667 668 673 675 677 678 679 680 682 693 697 698 
