1 29 51 95 96 157 220 244 246 265 282 287 294 321 330 335 339 340 351 367 448 501 522 564 586 588 590 602 617 636 661 684 691 
2 3 105 133 142 177 196 202 212 224 233 274 291 388 403 405 413 423 442 445 457 487 498 518 545 680 
4 8 11 12 20 36 54 57 107 109 130 132 135 184 202 212 219 240 244 251 280 295 315 342 355 359 360 389 392 516 520 542 554 583 599 603 612 614 681 689 
4 22 27 59 69 70 89 97 122 158 175 180 181 239 259 272 274 316 320 355 364 391 396 418 421 424 427 428 439 455 474 484 500 552 580 598 675 682 
4 5 6 37 46 58 98 101 111 140 174 187 201 222 271 290 334 379 383 408 435 490 499 550 567 573 575 576 578 610 642 666 684 685 
5 21 25 76 108 119 124 149 150 157 179 205 212 218 235 258 277 320 325 378 399 472 482 502 509 557 558 566 572 602 606 628 643 651 661 668 
5 39 77 83 137 138 178 185 210 215 256 284 318 341 361 384 410 418 419 424 463 525 565 568 585 634 655 679 700 
7 28 38 39 105 112 116 150 155 159 196 228 239 245 293 304 306 318 324 348 365 398 424 450 456 471 486 499 508 538 601 614 621 625 626 695 
9 31 74 90 151 214 225 228 277 281 298 312 323 421 443 524 567 596 623 650 691 
10 15 19 21 35 121 145 154 204 206 255 267 270 288 303 311 317 331 333 336 357 372 387 393 394 427 447 475 527 535 573 577 615 630 642 661 669 678 697 
11 21 40 44 86 94 111 169 192 197 219 254 264 272 278 284 302 342 346 351 374 390 417 422 446 462 521 523 527 529 537 593 617 632 676 698 
11 16 20 42 55 90 94 167 248 254 263 271 349 359 400 506 566 625 670 674 
13 19 20 46 53 68 92 94 102 140 210 234 273 276 295 296 297 330 356 383 461 468 563 593 690 
13 30 32 45 65 84 89 91 92 106 125 148 183 199 232 240 262 288 338 361 371 380 426 429 433 465 471 494 516 524 562 572 608 633 639 680 
13 69 83 99 136 140 152 165 171 189 209 219 237 249 250 270 281 313 345 355 358 397 426 434 449 453 464 503 512 514 539 556 571 576 589 611 614 635 637 642 
14 15 71 77 129 166 181 195 196 227 239 245 300 341 377 408 430 459 485 504 510 517 524 544 561 581 589 610 622 629 652 682 690 
15 41 143 163 193 198 208 221 228 244 278 299 328 329 343 359 381 406 414 417 418 454 465 474 476 548 566 589 613 621 625 640 643 665 694 697 699 
17 40 60 82 186 213 222 234 238 289 292 311 315 332 427 434 469 473 477 480 533 536 541 582 628 638 656 664 669 671 696 
18 27 88 103 156 211 226 257 272 278 286 383 412 433 474 481 507 546 547 567 673 695 
19 43 73 87 99 172 203 217 243 275 305 343 352 393 402 409 439 460 468 470 478 493 559 571 609 616 662 676 
23 39 64 98 100 134 144 146 147 183 194 222 230 231 247 251 252 253 314 357 373 380 413 415 432 437 467 488 489 516 549 571 587 605 647 654 659 672 695 
24 29 46 47 52 72 76 80 93 120 131 162 206 210 245 251 270 274 350 378 385 395 401 408 422 433 495 506 528 553 554 555 617 618 621 626 645 667 684 690 
26 62 77 126 170 183 207 217 281 284 295 315 319 353 368 382 393 465 479 483 497 513 527 534 551 584 619 627 631 650 669 
27 70 127 153 177 182 269 288 322 337 342 344 347 370 375 416 436 468 526 597 620 653 658 677 682 693 
29 67 89 122 161 171 173 177 189 190 206 242 341 369 378 386 411 426 569 572 574 587 616 641 643 680 687 692 
33 40 61 110 114 123 150 160 181 241 308 310 376 417 422 436 437 444 451 466 511 532 576 592 604 607 658 688 
34 48 63 83 229 260 279 301 354 436 471 492 628 653 
49 50 66 78 85 98 104 111 113 168 223 236 318 366 413 439 491 515 595 624 646 649 686 
56 92 176 216 266 285 309 357 404 505 530 540 543 573 593 616 627 
69 76 81 115 118 157 164 182 189 200 234 253 254 261 271 277 311 320 326 330 361 363 380 440 441 499 531 587 591 594 600 602 622 626 644 657 663 683 
70 75 90 171 188 202 217 253 282 407 431 437 458 506 519 570 579 650 676 697 
79 141 182 191 240 283 327 351 362 421 425 434 438 627 691 
99 105 117 122 128 139 268 282 307 343 420 452 496 554 560 610 622 648 653 658 660 
