7 14 27 33 42 46 66 79 102 112 118 121 136 137 229 235 272 
11 19 40 60 72 73 110 117 119 128 163 178 185 198 199 209 215 295 368 370 380 414 426 428 437 443 461 470 478 479 480 499 514 560 578 581 608 611 614 633 
29 51 58 116 119 139 162 177 178 185 199 208 214 215 227 246 250 300 344 345 370 387 413 426 461 469 520 533 611 
5 26 34 67 69 87 99 125 151 164 196 197 234 247 249 256 259 263 282 284 311 339 367 386 390 412 451 462 474 506 507 515 530 532 542 546 551 566 588 630 631 640 662 686 695 
16 20 45 71 78 88 96 128 132 138 147 191 276 278 289 311 394 401 419 443 447 450 453 463 491 520 534 539 541 547 554 600 606 611 632 659 670 682 684 690 691 
23 105 130 135 143 197 224 244 272 287 337 389 400 405 410 415 417 423 453 468 493 533 546 571 591 599 642 695 
4 37 60 77 80 84 91 92 104 126 131 136 137 163 166 169 181 229 252 260 268 281 285 293 294 299 304 312 323 327 328 335 336 361 366 369 371 393 402 428 430 435 454 472 488 498 504 510 522 523 549 560 562 565 589 609 617 625 628 640 643 655 668 672 687 693 
17 27 30 53 65 67 91 106 108 155 217 224 228 230 232 283 310 332 392 405 408 424 464 467 468 473 484 496 512 544 563 573 601 621 624 675 684 699 
28 44 76 115 124 131 189 192 241 260 285 293 299 304 307 327 335 375 381 403 416 425 439 504 541 556 585 617 628 643 687 693 
22 38 60 70 77 80 89 91 96 115 131 145 153 158 166 169 170 181 240 252 260 261 268 274 281 285 286 292 293 294 299 304 335 336 402 414 428 430 435 444 454 465 472 492 498 504 510 523 532 548 552 558 560 597 617 619 625 628 643 650 655 669 670 672 678 687 693 697 700 
94 107 113 123 183 216 237 243 255 258 302 316 329 330 358 369 388 446 488 503 565 610 646 
10 25 62 101 103 114 182 213 237 251 259 297 311 323 325 349 357 374 390 406 440 441 450 457 465 477 480 490 507 557 590 644 654 664 
100 150 179 186 190 195 206 213 222 270 314 322 367 395 397 436 511 556 570 572 582 583 584 621 645 647 678 
21 24 32 52 55 56 64 95 120 135 143 203 210 238 244 272 287 318 337 353 354 378 379 389 405 410 415 417 423 431 453 493 494 529 533 538 546 571 576 593 594 599 603 612 616 629 642 646 651 661 
11 19 40 60 72 73 110 116 117 119 128 163 178 185 198 199 209 215 246 250 295 300 344 368 370 380 413 414 426 437 443 461 469 470 478 479 480 499 514 560 578 579 581 611 614 632 633 
41 50 57 68 85 161 190 227 233 265 290 314 326 338 339 347 354 372 374 377 383 384 485 486 524 531 540 551 564 567 568 595 613 614 634 641 645 671 685 686 698 
18 22 65 70 74 108 155 164 204 217 224 230 231 232 251 266 332 341 351 363 376 391 392 393 399 402 434 445 448 449 458 473 483 496 508 512 539 544 555 563 573 575 585 624 633 675 684 699 
47 63 81 82 140 154 168 217 220 254 262 298 345 382 407 409 420 429 442 475 495 502 535 536 551 592 607 620 622 635 648 656 
53 59 104 125 127 152 180 219 248 249 269 282 290 298 305 313 319 350 383 387 487 535 537 553 569 577 595 596 607 622 627 656 676 699 
1 12 43 101 105 106 142 144 146 148 161 172 178 236 251 257 288 291 315 320 329 331 334 343 349 351 360 363 385 397 418 456 458 503 531 568 574 602 605 660 664 671 674 683 698 
2 8 39 61 64 86 122 141 149 157 165 173 184 201 208 212 223 235 236 239 240 262 264 267 269 280 303 309 312 317 346 356 364 372 399 400 411 420 429 431 465 466 482 485 487 489 509 516 545 559 561 564 608 614 623 636 642 649 653 656 667 672 673 683 
13 48 160 271 273 296 301 333 398 404 432 433 476 481 498 500 513 517 528 548 580 638 639 665 681 
15 23 38 70 89 96 126 145 153 158 170 200 218 240 254 261 274 286 292 331 336 401 403 444 447 452 465 492 532 548 552 558 597 598 600 619 650 655 669 670 678 697 700 
27 37 49 54 183 184 221 223 225 245 277 286 348 355 373 374 422 452 455 479 497 518 559 567 598 632 648 651 685 
21 32 35 36 38 45 52 55 56 62 83 95 120 156 175 194 195 203 207 210 211 226 252 281 283 291 306 318 321 340 342 354 378 379 431 438 457 459 463 471 472 494 529 543 576 587 593 594 603 612 615 616 629 637 646 651 657 658 661 664 666 678 679 692 696 
1 2 50 68 93 98 133 159 167 205 242 266 279 308 320 352 360 396 421 442 449 475 495 500 506 521 525 526 542 574 586 604 610 618 626 631 633 660 663 680 686 690 694 
6 90 109 111 129 134 171 174 187 188 193 202 205 253 275 276 284 288 324 357 359 362 365 427 453 460 470 477 478 497 501 505 519 527 547 550 579 619 644 652 677 688 689 
3 9 12 31 40 43 75 97 101 105 106 142 144 146 148 172 178 236 251 257 288 291 315 316 320 329 331 334 343 349 351 360 364 385 396 397 418 456 458 503 531 568 574 602 605 613 660 671 674 683 698 
2 41 61 122 149 157 161 165 173 176 184 190 200 223 233 235 236 240 264 265 267 269 314 326 338 339 347 356 364 372 377 383 384 411 420 429 431 465 466 485 486 489 509 524 540 559 564 567 568 581 595 608 613 614 623 634 636 641 651 683 698 
