1 257 142 144 146 671 288 418 674 291 178 315 574 320 456 331 602 349 605 360 106 251 
133 521 266 525 526 660 663 279 542 159 421 167 680 308 694 449 68 586 604 93 352 98 618 495 626 242 
129 6 519 134 652 527 275 284 547 677 550 171 427 174 688 689 187 188 193 579 324 202 460 205 470 90 477 359 362 365 109 111 501 505 253 
128 514 11 19 414 295 426 560 437 443 578 581 198 199 72 73 461 209 215 478 611 110 368 370 499 117 380 
2 264 267 149 411 157 420 165 41 173 176 61 200 466 223 608 356 614 489 364 236 623 122 636 509 
640 4 393 522 668 163 549 562 435 565 312 328 589 84 92 609 229 488 361 366 371 628 126 
258 388 646 302 183 316 446 330 216 94 610 358 107 237 113 369 243 123 255 
385 3 9 396 12 531 148 31 40 43 172 683 568 329 75 334 343 97 503 
657 658 281 666 156 543 35 36 38 679 175 306 692 438 696 62 576 321 194 587 459 207 211 340 83 342 471 472 226 615 252 637 
384 641 265 524 540 161 686 50 564 567 57 698 190 326 338 595 339 85 347 613 485 486 233 377 634 
256 386 515 5 390 263 530 662 151 26 282 412 34 551 566 695 67 196 451 69 588 462 87 474 99 631 234 630 247 506 125 
262 648 140 656 535 536 409 407 154 168 298 429 47 442 63 592 81 82 217 475 220 607 620 502 254 635 382 
645 647 395 397 270 150 678 179 436 186 570 572 314 322 195 582 583 584 206 213 222 100 621 367 511 
33 66 102 7 136 137 42 235 46 14 79 112 118 121 27 
391 399 18 402 22 539 164 555 434 445 573 575 448 70 74 458 332 204 341 473 351 483 231 363 376 633 508 
516 8 649 141 653 280 667 672 545 673 39 303 561 309 184 317 201 208 212 86 346 482 239 372 
513 517 13 398 271 528 273 404 665 160 548 296 681 301 48 433 432 580 333 476 481 498 500 638 639 
642 130 389 135 143 400 272 405 23 410 415 287 417 546 423 571 197 591 337 468 599 105 493 244 
259 644 10 654 406 664 25 297 557 182 440 441 450 323 325 457 590 465 480 357 101 103 490 114 507 
518 277 37 422 685 559 49 54 452 455 598 348 221 479 225 355 497 245 373 374 632 
261 650 15 145 274 532 153 669 670 158 286 292 552 170 558 697 444 700 447 597 89 218 96 619 492 240 
132 394 138 16 401 659 276 20 147 534 278 541 289 419 554 682 45 690 691 311 191 453 71 78 463 600 88 606 491 
387 520 139 533 29 413 162 300 177 51 185 58 469 214 344 345 227 116 246 119 250 
512 392 17 408 155 283 30 544 675 424 684 563 310 65 464 467 601 91 224 228 484 230 232 108 496 624 
651 529 21 661 24 538 32 431 52 55 56 318 64 203 593 594 210 603 95 353 354 612 616 494 238 629 120 378 379 
643 260 131 523 268 655 294 166 169 299 428 430 687 693 181 60 454 77 335 336 80 617 625 504 510 
403 28 285 416 293 425 44 556 304 307 439 189 192 327 585 76 241 115 375 124 381 
269 152 537 290 676 553 305 180 53 313 569 59 699 319 577 596 219 350 487 104 622 627 248 249 127 383 
