22 39 59 78 86 129 150 156 172 175 185 188 191 217 219 222 287 309 319 320 329 363 373 374 389 416 421 426 428 431 439 455 457 458 460 483 500 515 533 554 558 567 571 589 598 618 631 645 660 692 696 
43 63 107 110 111 122 150 165 169 179 189 194 198 204 222 245 275 303 307 316 326 359 363 367 369 376 384 389 396 428 429 445 452 475 476 483 487 489 499 506 514 515 557 568 571 585 600 632 634 641 648 652 666 693 694 695 698 
25 30 31 54 58 60 64 65 74 119 136 156 166 175 213 224 237 251 258 265 271 281 283 286 287 296 304 309 325 326 328 344 345 352 362 383 386 391 399 401 418 444 447 460 461 463 468 493 495 503 509 522 526 540 542 555 557 565 568 574 575 579 592 593 601 603 620 627 633 634 635 636 648 649 661 665 667 668 675 680 683 684 691 697 
17 23 30 43 54 58 60 64 68 77 91 97 99 116 124 136 142 144 145 156 158 179 192 194 205 206 215 228 240 244 254 258 260 265 276 279 283 285 287 309 314 318 322 326 327 330 340 345 372 374 380 383 396 399 404 409 414 418 459 464 491 493 504 509 538 539 562 579 580 591 593 627 653 656 657 671 675 680 682 683 689 692 
15 34 44 47 74 84 85 103 129 131 153 156 173 180 210 220 231 248 320 321 338 339 346 348 351 357 359 361 363 370 384 396 401 402 416 419 428 429 438 450 459 463 481 483 486 488 503 508 509 521 529 531 551 554 559 561 577 579 594 598 605 606 609 611 628 632 637 645 655 659 663 665 667 683 694 
47 49 77 96 114 121 126 129 139 143 144 158 177 188 203 205 211 212 216 225 226 235 240 247 302 310 314 321 358 397 399 410 415 416 418 436 438 462 467 493 503 518 524 535 536 561 565 579 596 598 601 602 605 617 625 626 630 641 648 671 688 691 692 
44 65 84 104 121 123 126 127 143 148 180 200 205 211 213 216 221 225 226 229 240 242 246 247 256 261 286 289 291 294 305 310 334 345 346 351 354 357 377 393 397 403 410 415 435 443 451 459 462 467 469 481 484 494 501 503 507 518 522 523 524 527 536 538 539 541 560 565 573 576 580 586 587 588 630 631 633 636 657 660 667 669 682 686 687 690 691 694 
1 5 11 15 24 27 28 36 38 40 48 57 60 65 72 75 77 78 79 81 82 89 90 92 93 94 96 98 101 102 103 114 115 116 122 123 138 141 146 148 151 153 155 157 160 161 162 165 168 171 178 181 183 184 185 189 194 200 204 212 217 220 222 230 238 242 245 246 248 249 253 256 259 264 265 266 268 271 275 276 278 284 285 290 292 295 296 305 307 308 311 312 314 316 317 318 319 320 325 328 333 335 337 342 344 345 352 354 355 356 357 358 360 361 362 363 365 367 369 375 376 377 379 380 382 384 389 392 393 394 395 398 399 401 409 413 416 418 421 422 426 428 430 435 437 444 445 447 452 453 455 456 458 459 460 465 466 469 473 474 485 486 489 492 493 494 495 499 502 503 506 507 514 516 523 526 529 535 538 540 541 542 544 548 549 551 552 553 557 559 562 565 566 567 568 572 573 574 575 586 589 591 593 598 600 601 603 604 611 614 619 624 631 634 636 639 641 643 645 646 647 649 651 652 655 659 661 662 665 666 667 669 672 673 674 675 676 681 685 686 688 690 692 693 695 696 697 
15 16 24 25 28 35 36 40 41 45 46 48 50 55 57 59 62 66 75 76 78 79 87 89 94 95 102 105 109 118 123 125 126 134 138 144 150 168 176 180 185 186 190 191 193 196 198 200 213 217 221 223 226 228 232 233 239 241 242 243 246 249 252 253 255 262 264 275 282 284 286 287 292 295 297 301 305 306 310 311 312 315 319 321 323 333 337 340 345 346 354 355 363 365 367 368 373 379 384 387 390 392 393 400 403 406 410 412 413 421 423 424 425 427 428 433 435 441 442 451 452 455 459 462 466 467 471 472 473 477 479 480 486 495 497 499 501 510 513 516 517 519 523 530 533 537 538 542 551 553 556 559 562 566 567 573 576 581 585 587 588 594 599 601 603 605 607 609 610 611 614 619 623 624 625 627 631 632 634 638 644 647 650 652 655 657 660 662 663 666 670 672 676 678 679 681 687 690 694 696 698 
4 22 29 39 61 79 106 119 135 147 148 153 160 167 170 178 192 195 215 219 280 286 293 300 302 309 311 315 327 341 343 368 371 374 386 391 431 443 446 454 457 463 478 498 515 554 555 571 591 593 635 656 665 678 679 689 
2 3 12 14 35 40 52 58 65 73 79 80 82 84 85 92 98 106 115 125 134 141 144 148 153 159 163 168 176 190 191 201 202 224 231 233 235 243 252 253 254 259 263 264 267 280 281 285 287 290 292 293 298 299 301 302 307 316 322 335 337 338 339 341 343 346 348 352 361 370 371 373 376 380 387 388 397 404 411 419 425 428 431 434 450 451 454 469 470 474 480 486 488 498 499 500 502 503 513 516 517 520 521 527 528 533 541 547 563 571 577 585 586 587 588 594 595 597 606 614 615 616 618 623 628 631 637 646 649 655 661 665 672 681 685 687 692 697 700 
26 42 51 70 88 115 119 134 147 160 164 186 194 203 209 213 234 245 249 251 255 258 261 263 267 272 274 287 289 299 309 314 317 336 346 352 361 366 374 377 386 389 391 397 401 404 411 427 433 436 447 456 462 468 470 478 480 481 482 487 488 489 495 497 499 515 520 525 526 555 556 557 566 579 585 590 592 593 595 600 612 620 621 626 628 630 635 637 649 660 661 665 668 675 680 697 
10 18 26 38 43 45 50 52 77 87 98 100 107 108 109 116 122 124 131 139 148 151 160 161 165 169 178 179 184 196 198 202 207 226 230 238 244 266 287 298 303 307 316 322 340 346 358 365 369 380 384 397 401 408 411 422 430 434 437 438 441 448 456 469 471 472 474 476 481 484 487 489 497 499 500 506 528 533 534 543 544 569 587 590 597 615 616 620 622 624 625 626 628 629 630 632 634 637 639 644 652 660 672 679 686 695 698 700 
9 33 40 52 57 59 61 67 112 115 144 146 147 164 167 172 178 187 191 192 199 203 207 222 224 233 265 267 269 272 286 290 296 300 306 311 326 327 336 344 362 364 374 381 402 404 426 427 429 431 442 450 456 457 461 463 466 468 475 478 488 499 515 526 551 553 554 558 575 576 592 611 612 614 638 651 655 673 676 679 685 689 691 694 
7 14 30 31 33 54 65 68 74 79 86 108 111 119 153 160 161 166 169 173 180 198 205 213 224 237 251 252 255 261 266 271 286 297 313 326 341 353 354 358 363 377 381 383 384 389 396 401 408 422 428 431 434 435 437 447 456 461 490 503 508 509 510 512 514 515 522 523 532 541 544 557 566 568 570 571 573 575 582 604 609 617 618 620 622 626 627 633 634 635 636 637 664 665 667 675 686 687 692 
11 32 42 57 62 68 71 76 81 89 94 99 103 104 107 113 118 134 162 180 183 187 188 198 201 214 216 220 223 229 230 233 240 241 242 243 246 247 249 257 259 262 275 278 282 294 295 297 307 311 314 315 324 329 331 355 356 362 368 373 376 379 382 385 396 406 407 423 429 436 445 449 453 457 463 484 485 494 497 506 513 517 522 526 527 537 551 553 560 561 563 565 568 578 580 583 588 594 599 605 611 621 629 630 634 638 645 647 650 654 657 659 676 678 687 691 694 699 
19 21 27 41 49 81 85 101 117 121 126 146 157 162 163 184 190 194 211 236 250 253 264 276 278 301 335 337 341 342 351 367 372 375 382 389 392 394 410 455 462 471 474 486 495 498 502 505 513 514 526 529 535 538 541 548 552 564 565 572 587 590 591 600 605 608 609 610 619 645 647 655 656 664 666 670 675 681 684 686 697 
17 23 34 53 60 64 91 97 103 116 123 142 147 158 179 192 194 206 215 228 234 254 260 261 263 265 271 276 279 283 287 300 309 318 322 326 327 346 352 372 404 409 412 414 418 459 464 474 491 499 504 538 539 549 550 557 562 580 591 600 653 657 682 692 
34 44 47 51 58 76 80 83 85 103 108 116 129 139 149 151 152 156 175 177 188 210 222 228 231 232 234 239 256 262 283 284 287 291 292 303 317 320 321 328 329 339 341 346 348 350 351 357 360 361 370 396 402 416 419 432 438 450 462 463 481 482 483 495 496 521 526 531 547 548 550 559 572 577 579 591 594 598 606 609 627 628 630 637 645 650 655 659 662 663 688 692 695 697 
27 39 49 57 68 96 101 110 114 121 126 143 153 160 161 162 199 205 211 222 225 226 227 229 238 246 250 266 278 303 311 325 342 351 358 366 372 377 382 395 396 410 415 436 437 456 467 495 501 502 503 507 518 524 527 529 535 536 538 547 552 561 564 565 589 595 599 608 626 628 629 645 678 683 686 
35 51 56 62 70 73 114 120 122 163 184 199 218 227 234 248 261 264 267 272 274 290 314 317 337 366 381 412 433 438 467 473 480 482 487 524 541 558 561 585 590 595 597 600 623 628 677 683 689 
1 7 8 12 21 30 31 40 46 54 59 66 72 75 81 83 86 91 93 94 104 105 108 124 125 126 132 138 141 149 152 155 164 166 168 169 170 173 175 176 177 181 185 190 191 197 203 210 212 214 219 221 222 224 226 228 232 233 237 238 239 242 243 251 255 256 267 268 269 271 272 273 275 276 284 286 288 290 292 294 296 298 300 301 304 307 309 312 313 317 318 323 325 326 327 328 331 336 344 350 351 353 358 359 364 368 374 375 377 379 383 387 390 393 398 400 401 403 404 408 410 413 421 422 423 424 425 426 428 429 430 431 432 434 443 447 454 457 459 460 461 465 466 467 468 470 475 477 478 482 483 484 492 493 494 495 500 501 507 508 509 510 511 512 513 515 517 522 525 527 532 533 534 535 536 538 540 542 549 550 553 554 556 559 560 561 567 571 574 575 576 581 583 589 594 599 600 603 606 607 611 612 614 622 623 626 627 629 632 633 634 636 637 639 641 643 645 646 651 652 654 656 660 662 663 667 674 675 676 679 685 690 692 696 
38 63 107 110 111 122 134 159 179 189 198 204 220 230 290 303 369 375 384 387 437 443 451 452 471 475 476 487 500 528 568 576 634 652 687 693 695 
26 42 51 61 67 68 73 82 86 88 91 92 98 100 119 120 130 133 135 137 139 141 146 153 156 159 163 167 168 175 202 207 209 219 222 225 254 258 259 260 269 272 273 276 277 285 290 298 300 322 327 332 335 338 341 368 374 378 380 381 383 386 391 397 402 404 411 414 420 434 443 448 451 457 461 463 465 468 469 474 475 478 485 490 510 515 524 563 570 582 586 587 592 597 601 612 615 616 620 621 623 627 628 635 640 642 648 655 656 661 664 672 679 680 684 685 689 697 700 
26 40 42 52 67 73 82 96 100 139 159 163 164 168 201 202 203 225 259 265 267 269 276 290 292 298 301 322 336 338 364 373 381 397 411 421 426 427 436 448 468 474 478 510 524 527 528 574 586 587 592 595 597 614 615 616 627 628 646 672 700 
15 21 82 90 92 98 103 130 141 145 148 171 211 226 231 235 246 259 268 273 285 351 357 362 368 378 380 410 415 437 445 449 467 469 474 480 485 495 500 510 518 527 536 538 565 587 593 594 618 624 635 641 647 659 661 665 672 680 685 690 
19 21 49 57 106 117 126 146 152 157 174 177 184 205 212 216 230 236 240 247 248 250 251 261 276 289 296 302 318 337 350 360 372 392 462 481 497 504 505 511 525 529 535 542 543 552 561 564 565 572 577 599 600 605 607 608 609 610 620 621 623 626 641 657 660 670 675 688 691 
6 18 39 41 46 50 51 71 81 86 88 93 99 110 113 116 119 130 133 135 137 151 154 162 165 175 181 182 204 205 225 229 238 242 245 248 249 252 257 258 260 273 277 278 282 289 297 302 304 307 308 309 318 329 330 331 332 342 355 358 360 368 369 371 378 381 382 383 385 386 389 391 394 395 402 405 407 408 420 421 433 434 436 443 453 458 463 465 467 489 490 495 498 499 501 502 506 507 514 527 530 533 536 545 546 547 548 555 557 565 566 568 569 570 578 582 583 584 591 596 602 609 613 614 617 620 623 626 628 635 640 641 642 648 649 655 658 661 664 665 666 671 679 680 684 687 690 697 698 699 
10 43 45 48 50 61 63 77 87 99 109 115 122 131 151 162 178 179 184 186 192 193 196 198 204 217 234 238 244 251 253 256 260 264 287 291 297 300 317 321 326 327 330 331 340 341 365 369 388 396 401 405 430 438 441 468 471 472 476 486 487 493 494 497 516 525 530 533 534 541 543 545 546 547 549 559 563 565 569 584 590 595 596 600 602 617 619 625 632 634 637 644 654 658 672 675 677 679 684 690 695 698 
10 43 45 50 77 87 103 104 116 127 131 144 177 188 193 196 207 216 230 235 240 244 247 255 256 279 289 294 295 310 326 334 340 344 362 365 369 373 395 397 403 418 438 441 442 453 462 472 484 493 494 497 534 543 560 565 569 579 583 590 593 599 607 621 625 630 632 640 644 648 660 669 672 685 691 698 
12 14 24 55 59 62 86 104 123 127 148 168 191 193 197 222 224 255 261 268 281 285 294 295 305 307 312 316 323 333 334 339 345 346 348 354 361 363 375 388 392 393 403 412 423 424 425 428 431 435 451 459 462 477 483 484 488 499 515 522 523 530 531 533 539 540 556 559 560 571 573 574 577 580 581 583 586 589 600 603 606 607 609 610 611 613 620 629 631 640 643 646 660 669 681 682 687 692 
4 8 24 25 30 31 42 46 52 54 65 69 72 74 75 76 78 80 93 94 105 109 111 132 134 138 148 155 157 166 168 180 185 186 189 204 209 215 221 228 232 236 237 239 242 245 246 247 249 251 253 256 261 263 267 273 283 289 296 298 299 301 307 313 318 319 325 326 328 344 345 347 350 352 354 362 368 379 383 389 390 393 397 398 400 401 402 411 413 421 426 435 437 442 444 452 453 454 455 458 461 466 470 483 492 493 497 499 501 505 506 508 509 510 523 525 529 540 549 550 552 554 556 564 565 566 567 568 574 575 582 597 601 603 605 608 611 612 614 615 616 621 627 628 633 636 637 639 643 646 649 651 652 660 662 663 666 667 670 673 674 675 676 685 691 693 696 697 
6 35 40 41 46 50 83 87 95 101 108 131 142 151 152 174 178 192 204 205 207 218 222 228 229 231 238 244 249 251 255 260 273 274 283 284 292 302 304 306 308 328 330 340 348 350 351 357 360 369 370 394 405 408 419 429 437 441 442 445 448 450 471 472 479 484 495 496 511 521 526 530 531 533 534 545 546 547 548 551 554 559 569 572 576 591 596 602 606 609 613 614 617 623 625 626 629 634 638 648 655 658 671 673 684 688 690 695 697 
3 6 16 20 47 69 85 95 117 140 146 154 171 174 182 186 192 216 233 235 245 249 252 265 270 291 297 302 308 318 321 329 340 347 349 352 361 376 377 385 388 389 394 395 417 440 444 449 451 454 459 468 472 488 489 494 495 496 506 511 513 514 543 549 557 560 566 572 584 586 588 598 604 621 623 624 641 648 649 654 659 666 668 677 695 
6 32 47 66 70 71 83 85 93 94 105 108 113 116 132 138 149 152 156 165 170 174 175 177 178 181 185 192 208 219 220 228 229 242 245 253 256 257 259 273 282 283 288 295 297 307 308 309 312 313 320 321 324 328 331 338 350 351 355 388 389 392 395 398 406 407 413 416 421 429 432 436 439 453 460 466 472 476 482 486 489 496 499 506 507 511 514 521 525 526 527 541 550 551 553 554 556 557 559 563 566 568 574 577 578 583 585 591 595 599 605 607 611 614 623 634 640 641 649 654 660 666 676 677 680 690 696 698 699 
5 16 18 25 36 41 45 46 48 53 66 75 89 94 95 103 104 105 108 109 124 127 130 177 187 196 205 209 214 217 221 225 226 232 239 242 244 246 248 257 259 261 264 267 268 275 281 284 288 289 294 295 297 304 306 307 310 312 313 321 323 324 331 333 334 335 337 340 353 355 359 365 368 379 389 390 400 403 407 408 413 421 423 425 429 432 433 442 444 448 449 466 471 473 479 484 490 495 496 497 500 501 507 508 511 514 516 518 519 520 522 532 533 540 550 553 554 556 558 560 563 573 576 578 579 582 583 587 596 599 607 614 618 619 620 623 624 625 628 629 634 639 640 644 654 656 660 662 663 666 669 672 673 676 696 699 
35 38 55 56 59 62 63 70 88 101 107 110 111 120 122 127 150 179 193 197 199 204 218 227 230 234 235 236 261 267 274 312 316 323 333 347 366 369 384 392 412 421 423 424 425 438 448 452 459 473 475 476 477 480 482 487 495 528 541 548 552 558 563 572 581 585 589 591 595 600 607 609 610 611 613 623 629 634 652 655 670 673 674 684 688 693 695 697 
19 47 49 88 96 99 119 120 140 156 175 176 179 188 193 194 204 205 211 213 219 228 230 236 240 247 251 255 258 270 287 304 311 312 320 323 347 349 362 372 373 386 391 395 396 397 402 405 412 416 417 424 428 429 438 444 448 454 463 467 468 477 478 496 499 515 516 520 524 529 538 541 546 555 561 579 581 583 584 586 593 596 598 602 607 610 611 620 630 635 641 648 658 677 684 688 691 693 695 697 
11 15 30 53 57 69 82 90 92 98 108 113 124 141 144 145 148 166 171 173 183 187 198 214 225 226 230 235 240 247 268 275 285 305 313 314 353 356 359 362 363 376 380 383 401 408 420 421 423 428 429 437 445 449 453 457 460 463 468 469 474 483 485 495 500 508 510 512 532 538 544 575 587 589 593 594 599 604 618 621 624 632 639 648 649 656 659 660 661 664 672 
18 22 32 33 42 66 68 71 81 86 89 113 130 131 133 135 137 180 181 188 194 195 198 209 213 220 231 233 240 247 257 258 259 263 272 277 280 282 287 289 295 297 299 307 324 331 332 352 355 373 378 381 391 396 397 407 420 427 429 434 436 443 449 456 463 470 476 490 492 498 499 521 522 531 551 555 556 558 563 568 570 574 578 579 580 582 583 593 618 619 628 629 630 634 638 640 642 648 654 661 664 679 682 685 686 699 
7 26 28 53 62 69 76 79 81 96 108 118 124 134 143 173 180 198 200 201 212 214 223 237 238 241 246 255 262 268 269 271 304 305 310 313 315 320 353 358 359 406 408 422 423 433 436 460 468 496 497 508 512 523 527 532 533 534 537 544 545 551 570 573 594 598 605 618 622 632 646 647 650 656 657 663 674 678 694 
11 15 57 60 64 68 76 77 90 99 107 114 130 133 136 137 144 158 175 183 186 219 240 246 260 265 296 299 310 312 314 322 332 335 344 356 381 390 399 402 404 418 420 440 445 449 453 474 485 492 493 504 539 562 565 579 580 582 601 616 639 642 643 649 651 653 659 661 674 675 680 682 683 692 
13 24 39 51 75 78 80 86 89 102 112 128 130 133 135 150 172 175 184 208 217 219 221 234 249 276 277 280 282 290 297 317 319 321 331 332 335 365 375 378 381 382 394 402 420 426 427 429 434 439 443 458 465 473 481 487 490 498 500 542 558 567 570 579 582 589 590 600 601 604 619 623 631 637 640 642 662 664 666 680 685 687 
1 7 27 34 40 44 47 49 59 79 80 81 88 100 101 103 104 108 115 116 124 125 129 151 159 160 161 162 176 188 190 191 193 197 198 210 211 216 221 222 228 233 243 245 248 253 255 256 263 266 268 271 278 281 284 289 292 294 295 301 302 303 308 316 317 320 321 323 326 329 333 334 335 341 342 346 348 351 352 353 356 357 358 360 361 377 382 384 387 392 394 395 402 403 412 416 418 419 422 423 424 425 430 434 437 438 443 445 448 450 456 459 460 462 463 468 470 474 477 481 483 484 485 489 495 498 502 512 513 517 520 521 522 526 527 531 535 542 544 547 548 551 553 557 560 561 565 566 571 572 579 581 586 589 591 594 598 604 605 606 608 609 610 611 613 615 620 622 623 626 634 637 638 640 645 654 655 656 658 659 660 669 673 674 675 684 686 688 691 695 698 
9 18 33 44 51 61 86 91 124 130 133 134 135 137 144 147 153 164 167 175 178 180 191 194 198 207 209 215 216 219 248 263 272 275 277 286 287 299 300 302 304 306 327 331 332 333 340 348 352 363 368 374 378 381 386 397 402 404 414 420 425 433 434 436 443 457 463 465 470 474 475 478 479 484 488 490 491 492 494 497 498 499 515 519 527 549 554 556 558 570 576 582 591 595 604 606 607 612 614 619 620 621 623 627 628 631 640 642 656 661 664 679 680 689 697 
6 33 36 41 48 68 69 79 85 89 99 103 109 112 117 118 128 140 146 153 157 160 161 171 172 182 186 192 198 216 217 218 223 236 238 249 250 251 253 260 264 265 266 268 270 273 289 290 291 295 302 303 304 308 321 324 329 330 337 338 341 346 347 349 358 360 367 369 371 385 388 392 394 396 405 406 409 416 417 428 433 437 439 440 442 444 445 454 455 456 459 465 467 470 471 472 483 486 495 499 505 516 526 528 530 533 535 541 544 545 546 547 548 549 551 559 560 570 572 584 586 596 602 604 605 608 609 610 613 614 615 617 622 624 626 636 637 638 647 650 654 658 664 668 670 671 677 678 681 682 684 686 687 690 692 695 699 
34 35 44 51 56 70 84 114 120 126 143 188 199 210 211 218 227 231 235 248 256 274 295 297 331 339 346 351 357 361 366 370 419 433 450 473 480 482 488 503 521 524 529 531 536 541 558 563 577 585 590 595 606 623 628 632 637 659 683 
37 67 96 106 112 128 132 143 149 152 153 160 161 164 172 174 175 177 192 203 208 219 229 252 266 273 288 303 304 350 351 364 395 429 432 433 437 439 446 467 472 488 499 507 511 518 524 528 538 550 556 584 605 606 622 623 638 654 686 690 699 
