22 38 81 83 102 109 136 187 212 216 222 266 281 289 332 345 378 425 444 460 472 487 498 514 538 539 556 590 614 649 661 671 
2 21 27 30 33 41 47 54 58 93 133 137 138 177 189 196 199 223 232 238 240 243 247 300 308 321 323 331 339 348 362 365 390 397 414 417 422 430 432 452 459 465 481 499 529 536 564 572 591 592 594 599 603 631 636 639 640 642 643 645 666 680 696 699 
13 21 25 32 35 41 62 68 82 86 103 124 145 154 155 170 179 180 183 184 186 217 220 253 256 274 279 280 284 294 299 303 306 315 341 345 347 355 356 365 368 369 370 382 386 391 401 406 412 416 419 424 428 446 453 464 486 488 514 517 527 536 555 561 577 589 595 598 615 634 641 657 665 667 673 677 678 685 
30 33 49 52 93 96 106 108 127 132 134 137 166 167 177 182 188 189 204 219 240 247 253 271 277 291 300 314 323 331 336 337 344 364 365 371 374 390 395 397 400 401 414 415 421 422 430 432 436 444 452 465 466 474 478 481 499 510 520 525 530 549 557 570 591 607 621 635 642 656 666 672 674 680 685 696 697 699 
9 29 33 34 49 83 110 129 140 149 151 160 200 201 224 233 235 247 257 258 262 270 273 275 286 293 300 301 316 320 324 346 353 354 356 359 361 363 368 390 391 398 400 402 406 412 414 418 421 423 430 431 433 445 463 464 477 479 481 484 496 497 516 519 527 555 559 560 569 571 573 579 582 603 607 640 642 649 650 656 659 666 667 672 673 680 682 684 691 696 699 700 
7 20 32 50 63 68 75 84 86 88 95 105 109 121 135 154 161 162 167 168 172 178 179 183 184 186 190 199 203 204 215 220 221 238 259 269 273 281 284 298 317 328 338 347 356 360 369 372 375 391 392 393 401 404 410 411 414 415 416 419 422 454 468 472 483 488 489 502 503 507 510 514 535 536 539 542 547 550 551 558 559 566 568 572 575 577 578 583 585 595 596 597 601 602 604 614 616 619 622 623 629 630 633 641 646 647 648 655 667 668 674 681 690 691 
39 41 47 79 114 119 124 125 138 142 151 180 195 202 226 229 230 232 235 243 255 256 290 301 308 312 325 336 338 339 344 348 353 354 355 359 361 363 365 378 394 398 411 417 422 426 431 444 450 463 469 470 479 509 513 517 523 529 536 543 548 550 552 555 560 566 569 573 580 589 594 595 612 615 639 640 643 645 652 657 659 663 667 668 677 678 680 681 688 690 693 
26 29 49 53 69 77 79 89 112 115 119 120 122 124 126 131 133 140 142 147 157 160 163 174 176 177 180 201 202 206 211 217 224 226 228 238 243 255 257 258 259 264 275 278 293 294 299 309 319 324 325 344 348 353 355 357 358 362 376 377 378 387 388 394 400 402 406 407 411 418 421 430 433 435 440 445 453 458 470 473 477 499 509 513 516 521 533 543 559 560 564 566 571 576 581 582 584 587 588 593 599 611 613 618 620 631 637 641 643 650 652 657 659 663 672 673 682 684 690 691 700 
1 3 5 12 18 27 30 36 37 38 41 42 45 46 56 65 66 67 71 72 76 81 83 84 88 91 92 95 105 109 110 115 121 123 130 136 139 140 149 152 159 165 167 171 173 174 180 189 192 195 199 200 204 212 216 222 223 226 229 230 231 241 243 245 246 249 251 256 257 260 263 265 266 269 271 272 275 278 286 289 290 295 298 299 300 312 318 319 320 323 327 333 335 337 339 340 343 346 348 351 353 356 364 365 375 377 380 381 383 384 390 392 397 399 400 401 402 405 406 407 409 410 414 416 417 420 421 422 425 426 429 430 432 434 438 440 441 443 445 447 448 449 450 452 460 467 470 471 472 477 481 483 493 497 498 499 503 505 506 509 510 512 513 514 516 517 518 521 523 526 527 531 538 541 542 543 544 551 552 556 561 562 563 565 566 568 569 571 572 573 575 580 582 586 590 602 604 610 612 615 617 625 626 630 632 637 639 640 642 643 646 649 650 651 652 654 657 658 659 660 661 665 666 667 670 671 672 674 675 676 677 679 680 682 683 684 687 688 689 690 692 693 694 696 697 698 699 700 
3 39 40 42 51 60 70 99 100 102 104 109 113 115 120 123 130 145 147 148 150 153 158 160 175 176 185 192 195 196 202 213 214 218 223 230 236 244 263 267 276 287 288 292 330 332 333 339 340 343 353 373 376 383 384 399 414 424 425 427 457 459 466 468 484 491 500 501 509 512 521 524 525 537 540 546 553 554 555 556 581 584 590 594 595 596 599 602 610 612 638 639 642 644 645 650 653 660 662 663 670 675 689 690 
35 40 46 54 60 64 71 73 88 89 104 118 128 131 144 146 152 153 164 165 171 174 196 201 202 206 208 224 227 237 243 257 258 264 270 275 293 303 310 323 324 332 339 341 345 368 373 385 392 397 406 408 414 415 421 424 427 428 435 453 455 459 462 467 477 483 484 490 492 517 521 528 531 532 533 537 542 545 546 548 550 554 573 582 588 593 595 603 604 607 610 612 619 624 632 634 644 645 646 657 664 665 670 673 675 678 680 682 684 686 691 695 700 
23 25 32 44 68 70 74 86 91 96 107 111 121 139 143 148 149 150 154 158 161 162 167 170 178 180 181 184 185 186 204 213 218 220 230 234 236 239 244 253 261 284 285 292 304 350 351 353 367 369 370 386 399 401 419 439 442 459 466 486 491 501 510 516 522 524 526 530 534 535 540 553 570 572 574 581 601 611 616 618 638 639 641 650 653 655 662 663 672 676 687 691 
9 34 61 73 118 126 129 146 151 164 197 230 233 235 237 262 273 276 302 303 315 341 354 356 359 361 363 376 391 398 412 413 423 428 431 433 435 462 463 479 497 511 519 529 532 540 560 569 573 579 619 628 649 665 667 678 679 691 695 696 
3 5 12 18 19 27 30 33 37 39 45 46 63 65 66 67 87 88 89 92 93 95 102 105 106 115 116 121 123 131 140 152 159 167 174 177 179 189 193 196 199 206 214 219 224 227 231 241 246 247 249 257 260 264 265 269 271 285 287 290 295 297 298 300 302 318 320 321 324 331 346 348 351 359 360 364 371 375 377 379 389 390 392 397 400 405 414 415 422 426 430 438 440 441 443 452 469 472 481 482 483 486 492 499 503 505 510 516 518 521 524 525 529 531 533 539 542 544 551 552 558 561 566 569 571 572 573 575 583 588 593 600 601 604 615 616 621 622 625 630 632 633 639 642 646 648 651 652 654 656 657 666 667 671 673 674 675 676 680 685 688 689 690 691 693 696 699 
32 70 80 90 97 99 103 108 137 139 141 145 150 162 195 198 205 227 253 279 285 297 304 308 334 344 345 355 367 396 401 404 425 437 439 444 478 485 486 505 511 528 530 533 545 549 550 555 570 593 595 606 607 617 620 656 657 664 683 685 697 
15 16 49 61 70 79 155 159 161 191 209 230 238 249 253 288 291 298 301 339 378 384 440 449 468 479 497 537 546 598 605 611 652 656 676 679 
27 48 72 76 91 94 106 110 115 122 136 176 193 195 197 202 208 212 246 254 282 294 298 314 334 348 349 355 361 366 376 380 381 388 405 409 415 420 432 438 441 455 469 475 476 484 490 493 494 496 506 526 527 541 543 549 552 555 562 565 571 600 607 609 642 653 654 660 675 686 693 694 
9 11 13 63 69 80 112 119 126 139 141 157 193 195 198 205 241 265 272 273 290 294 297 299 302 305 307 308 325 334 344 345 357 367 386 388 391 394 396 407 413 435 437 445 454 458 470 476 480 484 494 495 505 509 512 513 515 543 545 550 570 573 576 578 596 597 607 616 619 620 628 637 649 652 654 665 675 678 686 690 
2 15 16 23 36 44 53 61 74 81 83 96 101 111 142 149 162 163 170 173 174 187 200 204 210 216 228 230 234 239 243 245 249 261 279 285 286 291 295 296 300 304 316 322 342 352 360 367 378 386 401 404 412 422 429 448 449 450 452 456 471 473 480 482 486 497 501 517 521 531 533 538 548 554 570 576 580 587 592 597 605 611 612 616 617 618 629 631 639 640 649 650 653 663 676 677 680 683 687 688 689 691 694 697 
19 42 43 44 54 74 80 87 93 96 111 115 116 139 149 167 193 197 204 209 214 219 234 240 253 261 263 271 285 287 302 304 311 340 364 367 379 386 389 397 415 432 439 442 471 486 507 524 525 527 546 547 550 570 572 596 612 616 621 622 623 633 638 648 685 691 
8 42 55 62 77 78 84 91 98 115 123 142 143 161 162 168 169 181 182 190 192 203 207 213 215 217 221 223 225 238 240 251 253 255 263 265 268 270 272 278 281 283 288 295 309 317 319 321 323 328 333 340 343 358 383 384 401 416 418 439 442 444 446 447 461 468 472 475 489 490 495 502 506 507 509 512 513 514 520 521 522 525 526 530 531 534 543 547 566 567 572 574 576 585 590 598 601 602 603 610 612 614 618 629 638 639 647 660 668 669 670 681 690 692 694 698 
4 35 44 54 57 63 64 78 79 90 96 97 101 103 107 108 110 111 127 128 130 135 139 141 142 143 149 161 162 165 166 167 180 181 188 202 205 208 209 221 230 231 234 240 241 251 253 268 272 283 285 291 298 299 304 308 313 314 315 318 319 321 329 332 333 334 335 337 344 350 353 367 374 385 386 388 390 396 408 411 417 429 434 439 442 443 444 451 455 458 459 463 465 466 470 472 478 486 492 495 509 513 514 527 528 530 531 532 534 543 545 550 552 557 558 563 568 570 572 576 586 593 601 603 606 612 614 616 618 620 626 628 630 637 638 652 653 656 657 658 661 664 673 674 685 691 692 697 698 
6 35 52 64 90 99 103 128 132 135 137 145 166 171 182 188 197 202 208 250 267 272 277 297 307 311 313 314 315 321 323 329 343 349 371 385 389 395 408 415 424 425 436 444 455 459 466 468 471 472 475 478 490 494 502 512 520 528 545 549 557 582 591 592 603 610 623 635 644 653 658 664 681 683 685 689 694 
15 40 60 64 82 90 103 104 110 112 128 137 140 148 153 160 165 185 196 201 202 208 224 230 244 257 258 270 272 275 278 282 288 292 293 301 315 323 332 339 353 356 372 373 385 400 402 406 408 414 417 418 421 424 427 445 455 459 473 477 480 484 497 501 509 517 524 526 528 537 540 545 546 554 571 577 581 582 589 592 603 632 644 645 650 659 662 664 668 672 675 682 684 685 690 691 699 700 
24 26 31 50 71 72 73 76 91 94 101 106 110 115 143 156 164 171 197 202 208 212 237 242 251 254 260 280 282 294 305 310 318 332 334 335 337 341 348 355 361 366 367 380 381 405 409 417 420 428 429 432 438 441 443 451 452 460 462 464 465 470 475 476 493 496 506 509 526 527 541 543 555 562 563 565 570 586 587 600 607 609 610 624 626 632 634 635 637 658 660 661 686 692 693 697 
6 15 27 37 46 49 61 63 69 73 79 80 97 112 115 121 122 139 141 144 146 157 161 164 191 192 193 198 201 208 209 230 238 246 249 252 253 260 272 291 292 294 297 298 299 301 303 308 315 332 334 341 344 345 357 364 365 372 384 388 396 400 407 413 420 426 428 429 435 437 449 451 458 459 462 468 479 497 505 515 524 532 537 540 544 546 550 552 561 570 573 579 597 600 605 606 619 624 632 634 641 650 652 654 656 657 658 665 670 679 682 690 693 695 699 
2 42 51 55 84 89 100 102 109 113 116 123 130 131 143 145 165 168 170 171 174 175 181 182 192 198 203 206 210 223 226 227 228 233 238 239 240 250 263 264 267 268 272 275 276 278 281 283 305 317 322 324 328 330 333 336 338 340 342 343 350 352 369 383 384 404 411 417 418 436 442 444 455 456 457 468 472 475 482 484 485 492 495 498 500 502 504 507 511 512 513 514 519 521 528 529 530 531 532 533 534 548 554 566 583 585 588 590 592 593 595 601 602 605 610 611 612 614 618 619 629 630 638 643 647 653 657 659 664 668 670 673 674 681 682 688 690 691 694 697 698 
14 19 28 43 57 75 81 83 85 87 93 95 102 116 161 162 171 173 179 185 187 190 194 197 200 214 215 219 221 245 248 252 259 270 271 272 273 274 276 286 287 293 295 296 298 302 306 311 326 332 338 347 356 360 364 372 379 389 393 401 403 410 411 430 432 438 443 448 454 471 472 473 480 485 488 489 507 508 510 520 525 538 539 544 547 551 558 559 567 578 583 590 596 610 617 621 622 623 633 639 648 652 671 674 683 685 687 700 
14 28 31 62 85 95 121 141 149 193 194 209 231 241 248 249 252 272 296 311 326 335 338 344 351 356 360 372 396 403 411 413 417 434 448 451 464 485 495 508 510 516 518 539 544 551 559 575 583 586 606 610 616 637 651 
9 11 15 17 22 39 49 52 59 73 82 86 91 107 108 114 117 122 126 127 132 134 142 144 146 154 163 166 170 178 182 186 188 193 198 208 220 226 229 237 239 241 256 258 265 266 277 278 284 290 291 294 298 301 302 303 305 314 325 327 330 336 341 342 344 345 350 355 357 365 368 371 372 374 385 391 395 407 413 424 427 428 435 436 444 450 456 462 466 469 470 474 478 484 487 490 497 504 505 511 513 515 517 520 522 523 529 531 532 535 537 543 548 549 554 557 566 572 574 577 580 582 590 591 596 597 605 607 608 610 616 619 620 624 625 627 628 629 632 634 635 641 643 652 655 656 658 665 666 667 677 678 686 688 695 
32 46 52 71 73 82 118 127 132 134 144 146 164 167 171 182 183 188 193 208 231 237 241 243 263 269 274 277 279 290 294 301 303 306 310 314 315 341 345 368 371 374 375 382 385 391 392 395 401 410 415 416 428 435 436 444 451 453 462 464 466 467 468 472 474 478 483 498 503 514 520 524 526 527 532 542 549 551 554 557 562 566 572 573 577 582 589 591 593 595 606 607 610 619 624 630 632 634 635 646 656 661 665 678 685 686 695 
4 6 15 16 57 61 62 70 79 98 101 108 132 134 135 163 166 168 180 182 188 191 207 209 215 217 228 231 238 251 253 256 258 259 263 269 270 277 278 288 291 313 314 318 335 337 358 362 371 374 387 390 395 399 415 417 429 434 436 443 444 446 447 449 451 465 466 468 472 473 474 478 487 490 495 497 511 520 522 532 537 545 549 552 557 559 563 564 567 572 574 576 580 586 591 597 598 603 608 611 612 613 614 626 627 635 637 658 661 663 666 674 679 683 692 695 697 698 
31 54 56 68 72 75 86 91 107 125 133 136 144 147 154 161 170 172 177 178 179 180 184 186 212 220 221 228 239 247 260 273 279 280 284 298 342 347 350 355 360 369 376 380 381 386 387 393 407 409 410 435 445 452 468 470 473 486 488 499 506 507 510 535 537 539 541 549 554 558 560 562 564 565 568 571 576 580 582 584 595 597 600 603 611 613 619 624 631 632 641 651 655 660 663 
25 32 39 41 42 63 70 78 79 99 114 120 123 129 142 143 148 150 151 158 181 192 195 197 213 223 226 229 233 235 236 239 240 243 256 262 263 268 279 283 292 295 301 306 312 319 323 333 339 340 343 353 354 357 359 361 363 374 382 383 384 398 399 412 413 416 431 433 439 442 450 463 469 474 479 491 492 495 501 506 512 513 517 519 523 524 526 530 534 536 546 553 555 560 566 569 573 579 580 581 590 591 596 601 602 610 612 614 615 618 638 639 640 642 643 653 657 660 662 667 670 677 678 680 688 689 
32 36 48 57 81 83 144 159 164 171 173 187 200 230 236 238 245 279 286 295 296 306 320 346 351 367 377 378 386 401 412 440 448 463 471 473 480 484 538 544 559 564 571 584 592 617 625 638 639 649 651 653 671 676 683 687 694 695 698 
18 29 33 36 65 66 67 79 81 83 93 140 159 160 173 180 185 187 189 193 200 201 213 218 224 230 236 247 256 257 258 274 275 279 286 292 293 295 296 300 323 332 339 345 348 351 353 357 365 370 378 379 397 399 400 401 402 406 412 414 415 417 418 421 422 424 427 430 440 445 447 448 452 457 459 460 464 465 471 473 477 480 484 491 499 516 518 519 540 544 546 549 553 556 571 577 581 582 594 607 636 642 643 644 645 649 650 651 653 659 662 666 671 672 682 683 684 687 690 691 696 699 700 
3 8 12 62 71 77 95 98 105 135 167 168 169 207 210 215 217 223 225 239 243 250 255 265 267 278 288 304 307 309 313 315 321 322 329 342 349 352 358 360 362 375 404 415 446 447 453 456 461 482 485 488 489 490 494 521 522 523 539 542 545 548 558 559 567 574 576 578 583 590 592 597 598 603 605 612 616 643 656 669 694 698 
11 13 38 49 69 84 105 112 136 157 162 163 182 191 198 205 210 212 216 222 231 249 253 266 280 289 294 299 305 316 322 325 332 342 345 352 357 360 362 378 388 391 394 404 407 413 425 437 444 451 456 458 460 464 472 482 484 493 496 498 505 514 515 537 546 548 556 561 576 578 587 592 597 604 605 616 628 630 637 649 650 653 665 675 679 697 
51 63 100 109 113 130 145 175 198 267 276 330 404 457 484 500 505 531 532 550 596 690 
6 11 12 26 50 53 69 77 78 81 83 88 94 102 105 106 110 121 122 123 126 133 137 142 143 147 152 156 163 164 167 171 176 177 180 181 189 193 198 199 210 211 217 223 225 231 239 240 241 245 247 259 265 268 269 280 282 283 285 286 290 292 295 296 305 308 309 310 322 325 336 341 342 345 352 355 356 362 366 375 376 387 392 397 401 404 405 407 413 416 422 425 426 430 438 439 442 456 459 461 467 470 472 473 476 480 482 483 486 488 495 496 503 513 515 516 521 526 527 530 534 537 542 548 550 551 552 555 564 572 573 574 575 584 587 590 595 597 599 601 604 605 606 608 609 612 613 614 616 618 619 620 627 628 629 630 631 632 637 638 645 646 649 652 653 663 667 671 680 683 686 687 689 693 
16 17 22 30 38 39 48 59 94 105 117 129 144 156 209 226 229 235 236 254 266 273 278 280 290 305 310 312 327 335 336 353 354 366 391 398 400 423 425 431 433 441 449 450 468 469 476 479 484 487 496 504 510 511 517 518 519 523 527 531 537 540 544 550 560 580 587 600 606 608 611 613 615 620 625 627 639 640 651 657 667 677 687 688 694 
