30 42 129 131 132 148 165 197 210 223 245 252 262 273 274 293 297 301 302 303 305 331 338 351 362 389 398 423 431 457 461 482 505 506 517 544 555 559 572 573 583 584 589 612 620 629 662 665 693 696 
18 32 38 44 66 67 72 81 85 88 94 113 118 126 128 130 140 147 162 168 177 192 194 215 218 230 232 233 236 243 250 258 268 280 284 301 310 324 335 347 348 349 366 370 371 374 381 397 402 403 404 407 418 426 429 438 442 447 456 474 477 478 484 489 497 499 506 511 521 531 532 539 544 545 549 561 566 567 577 579 581 586 591 606 608 612 613 618 635 645 649 658 668 670 676 679 695 698 
42 60 77 79 99 131 153 174 193 204 234 239 246 254 283 292 296 321 325 334 360 377 379 430 436 439 459 507 514 525 536 546 553 558 561 600 603 620 627 630 637 640 645 663 664 675 682 689 
16 17 36 38 44 58 59 61 66 72 82 85 94 98 126 130 140 142 147 152 163 164 168 169 184 191 194 195 214 216 221 230 236 238 250 257 258 262 268 271 280 288 294 300 301 308 314 322 338 347 348 355 369 370 371 373 389 391 397 403 418 428 433 436 445 447 449 450 456 470 476 482 484 488 490 497 506 510 532 542 544 547 548 552 566 567 573 574 576 579 586 591 607 608 612 619 626 637 651 656 658 676 681 686 693 694 695 
16 37 54 63 73 92 110 115 120 136 138 158 182 185 217 223 231 234 242 249 252 278 282 289 292 318 342 348 354 355 363 365 381 388 393 406 410 413 416 427 429 439 491 513 516 519 528 536 538 553 554 563 565 573 583 595 598 620 625 628 633 638 640 660 663 664 669 673 678 700 
7 22 32 33 34 38 40 51 67 69 71 81 101 103 105 109 112 118 121 128 145 152 155 162 163 164 169 171 191 192 212 215 225 227 229 232 235 243 264 267 272 277 283 288 294 309 311 314 316 349 350 351 353 355 356 359 362 380 384 392 403 405 407 411 412 426 442 447 455 458 474 478 479 484 486 487 496 508 519 521 528 532 533 536 539 543 549 552 553 557 561 566 569 570 571 588 595 601 606 607 613 619 632 642 646 649 662 668 670 672 680 698 699 
9 11 33 34 39 40 47 51 61 75 83 86 88 91 95 97 103 112 117 121 152 154 156 163 164 181 184 189 191 208 211 213 216 219 225 264 267 268 277 283 285 287 297 304 307 309 311 312 314 315 316 323 326 353 359 377 382 385 387 408 414 425 428 430 435 437 439 443 448 453 457 458 463 464 471 479 483 485 486 487 490 498 501 520 533 557 560 564 588 592 595 597 602 607 609 614 616 618 619 624 635 636 639 642 657 660 670 671 680 688 691 
1 10 22 31 32 35 37 38 41 48 50 78 80 85 90 100 105 108 109 111 123 131 134 145 150 155 161 169 171 173 180 182 192 194 198 201 208 210 215 227 229 233 235 240 247 255 272 273 288 299 302 309 324 345 346 351 356 367 376 380 381 383 385 390 392 399 400 404 405 409 411 412 413 419 424 426 432 437 447 452 455 461 468 473 475 478 479 484 496 499 514 524 527 531 533 534 535 537 541 543 561 563 569 570 575 579 590 597 601 603 607 610 616 621 623 624 626 632 639 653 657 659 662 666 669 670 671 675 680 690 695 696 698 699 700 
8 23 34 39 43 47 52 57 58 65 68 74 78 95 137 147 152 158 166 181 189 203 208 211 213 223 226 235 249 254 255 263 265 287 288 289 294 296 304 317 318 323 326 338 341 344 353 382 387 425 430 435 445 451 452 453 457 466 471 473 475 492 494 501 507 513 515 520 530 532 540 546 551 555 556 563 580 587 599 602 609 618 620 624 627 628 631 635 636 637 639 647 657 660 676 689 
50 63 69 71 81 90 102 118 128 131 156 162 182 212 214 215 232 238 242 243 245 246 248 260 261 270 284 294 302 310 312 324 330 337 349 351 354 356 357 374 380 392 402 403 407 411 424 429 442 448 455 474 478 508 511 521 535 539 549 571 581 586 602 606 607 611 613 617 636 649 663 668 670 686 691 697 699 
24 28 36 43 45 56 58 59 68 69 70 71 78 81 82 95 96 118 127 128 137 147 149 156 160 162 165 166 167 172 195 197 207 212 214 219 226 232 234 238 243 245 246 249 263 265 284 286 296 310 317 327 333 337 340 341 344 349 354 356 357 374 378 396 402 403 407 415 424 439 444 445 466 470 471 473 474 492 507 508 521 522 530 535 539 540 549 554 555 560 562 571 574 580 581 587 589 598 599 606 609 613 615 627 631 632 635 636 637 647 648 649 660 668 672 676 689 693 694 
2 4 6 13 28 29 36 40 42 46 48 49 52 53 63 65 75 76 79 83 84 89 90 99 100 101 102 105 107 111 112 113 114 122 123 125 131 135 138 139 143 146 150 155 157 158 169 170 171 172 174 177 185 188 190 194 196 198 199 200 204 208 209 214 219 221 224 227 231 234 235 237 238 239 240 244 247 253 254 255 259 261 266 269 270 271 288 289 290 294 295 298 299 300 302 309 313 314 318 319 321 323 331 332 334 336 337 339 340 343 345 346 349 350 353 354 355 357 358 360 361 362 363 364 366 367 368 376 379 380 381 383 389 390 392 393 394 395 400 401 406 411 412 413 414 416 418 419 420 421 424 426 432 438 439 440 441 442 443 446 451 452 454 458 462 463 468 469 475 476 480 486 487 489 491 492 494 496 499 500 503 504 506 509 510 512 513 514 515 516 518 525 526 527 528 529 534 536 537 541 543 545 546 550 551 554 556 557 559 569 570 574 578 583 584 588 591 596 598 600 604 605 610 611 614 617 621 622 623 627 628 630 632 634 641 642 643 645 646 650 652 653 655 656 661 662 663 664 667 669 670 671 673 675 677 678 680 682 687 689 691 694 697 
21 37 54 55 60 73 82 92 98 110 114 115 148 151 158 159 163 184 185 190 191 194 203 217 221 223 234 257 278 286 289 291 314 318 322 325 326 338 351 355 363 373 385 389 393 410 416 421 427 428 429 436 450 458 482 497 513 516 518 532 544 547 548 552 553 554 560 563 578 583 595 607 620 633 638 646 651 660 664 665 683 697 
5 6 20 29 31 49 62 67 72 84 86 88 91 94 102 114 125 126 131 154 176 177 188 190 191 200 201 216 218 220 224 227 240 242 248 254 269 271 276 277 290 294 295 300 303 306 307 313 320 331 335 336 338 340 345 362 366 368 369 372 375 383 385 394 401 406 408 414 424 434 438 440 441 443 446 448 453 456 462 463 464 467 469 483 489 494 497 498 509 518 519 521 531 536 544 559 561 564 566 577 578 583 584 591 592 596 612 614 616 626 634 637 643 646 655 656 658 661 663 675 677 679 683 689 695 696 700 
29 70 75 84 114 117 125 177 188 190 200 201 220 224 247 264 269 270 271 290 294 300 331 338 345 358 366 369 394 404 406 409 412 424 437 462 465 469 489 524 570 575 578 582 584 590 592 601 603 620 626 634 637 643 655 659 661 669 671 675 684 692 
25 27 39 43 47 56 58 61 68 70 74 78 93 95 96 97 104 106 110 111 113 116 122 127 135 147 149 158 160 166 167 172 176 180 184 186 189 195 213 214 216 219 223 226 237 238 244 246 249 254 259 263 265 271 279 285 290 296 306 307 313 317 326 327 333 341 344 353 354 362 378 387 396 401 405 408 412 414 415 416 443 444 445 448 451 453 463 464 466 470 471 473 475 483 487 492 498 503 507 510 511 515 520 522 526 529 530 537 540 545 550 555 560 562 564 574 580 587 589 592 596 599 602 603 609 615 616 619 624 627 631 636 637 643 646 647 650 660 661 672 676 679 682 687 688 689 693 
12 16 24 28 31 37 43 58 60 63 68 70 74 78 86 87 95 96 108 110 117 127 133 144 147 149 150 156 166 167 173 182 187 195 197 219 220 227 246 248 249 254 256 258 263 265 268 296 310 315 317 319 320 326 327 332 343 344 351 352 354 372 374 378 384 389 396 399 404 407 408 409 417 431 433 434 437 445 451 457 459 461 465 466 470 471 473 494 496 500 501 503 504 507 511 524 540 548 551 555 560 562 575 580 582 585 586 587 597 598 599 603 609 615 626 627 629 631 633 635 641 643 644 647 649 657 659 660 669 672 674 676 680 682 683 684 687 690 698 700 
9 14 16 17 21 44 45 49 55 56 59 62 68 82 98 108 111 115 124 127 133 137 142 148 150 151 152 154 156 159 163 164 165 170 178 179 181 184 191 194 197 203 205 207 216 221 226 227 228 234 246 251 257 269 271 277 278 286 289 291 295 300 308 313 314 316 318 319 322 328 329 336 341 347 350 352 355 362 373 375 378 389 391 393 396 397 399 409 415 416 420 421 422 428 429 436 437 441 444 447 449 450 458 461 464 465 470 476 481 485 488 490 491 492 497 509 513 516 522 524 529 532 533 536 542 547 548 552 555 559 566 573 574 576 580 586 593 595 599 603 605 615 619 631 634 646 648 651 654 655 656 681 685 686 692 693 697 
8 34 39 47 50 57 111 127 135 148 152 165 167 170 181 197 208 211 213 221 237 269 287 297 304 313 314 323 326 333 343 350 364 375 378 382 387 389 420 425 430 435 453 457 461 463 475 476 485 490 501 515 520 529 542 551 555 569 576 602 615 618 619 624 628 635 636 639 650 656 660 671 682 685 
55 62 82 87 102 124 154 172 178 179 205 228 251 257 295 328 329 397 404 417 422 427 434 440 481 506 583 586 593 605 651 654 655 661 672 674 683 685 692 
5 6 15 20 23 24 31 42 45 47 49 56 57 65 72 74 86 94 107 108 116 117 124 127 133 136 137 138 139 148 150 159 160 163 167 170 172 173 184 185 186 197 207 208 211 213 220 221 225 226 227 231 240 242 252 254 256 257 258 260 264 267 268 270 271 276 279 280 282 287 290 295 303 304 306 313 315 320 327 329 333 336 339 340 341 342 343 344 346 350 352 355 362 365 368 372 373 375 378 382 387 388 389 395 396 399 400 401 404 408 409 415 417 419 421 430 431 432 433 437 438 439 440 441 444 446 452 453 457 461 463 465 467 470 475 485 486 487 492 493 494 499 500 501 506 509 518 519 520 522 524 525 528 536 537 538 540 544 546 547 550 551 552 555 556 559 560 562 565 566 575 582 586 593 596 598 599 602 603 604 614 615 618 621 622 625 629 634 636 639 640 642 643 646 648 651 655 656 657 660 661 668 669 672 673 674 677 678 679 683 684 687 689 692 693 696 699 700 
4 46 52 65 76 89 107 111 113 122 135 139 141 143 146 158 170 181 198 199 208 209 213 221 223 237 259 269 272 273 287 295 319 320 323 333 340 343 348 349 350 358 361 364 371 375 376 395 412 416 418 420 424 425 430 435 438 457 461 476 484 485 501 503 504 506 509 515 520 529 551 556 567 585 598 602 604 605 618 622 624 627 628 635 636 639 650 656 657 667 682 687 
2 20 25 27 31 37 42 45 49 52 54 60 63 73 88 89 91 92 93 97 102 104 106 107 110 114 115 116 120 136 138 139 143 146 154 174 180 182 185 186 189 198 199 201 203 209 216 217 223 231 234 240 242 244 254 260 271 273 276 279 282 285 289 290 296 298 303 306 309 313 317 318 323 326 327 328 332 336 339 340 342 354 360 361 362 363 365 368 372 383 384 385 388 393 395 401 405 408 410 413 414 421 427 439 440 441 443 446 448 459 467 483 487 491 498 504 506 509 510 512 513 516 517 518 519 522 525 526 528 530 536 537 538 544 545 546 550 551 553 556 559 563 564 565 583 592 595 596 597 598 604 614 616 620 622 625 630 633 638 640 641 643 645 658 659 661 663 664 669 672 673 677 678 679 687 688 689 700 
19 39 64 79 99 109 120 138 141 148 153 159 174 183 184 193 194 196 204 221 231 239 240 241 242 248 249 252 254 257 258 260 281 282 283 291 292 298 301 309 317 321 325 330 331 334 342 360 365 373 379 388 402 405 411 429 430 439 450 459 472 477 502 512 514 519 522 523 525 528 536 538 546 547 550 552 558 559 565 594 600 607 608 625 630 637 640 641 645 651 654 663 665 669 673 678 680 686 700 
21 24 26 28 36 39 45 48 51 57 63 69 77 79 100 101 111 122 127 137 141 149 157 160 167 172 175 183 185 202 206 207 212 214 222 223 226 238 241 253 259 260 261 264 266 275 277 307 311 312 327 341 350 353 354 356 357 358 359 364 375 378 379 380 381 386 387 393 396 410 415 416 424 444 451 454 458 460 461 464 469 470 480 491 492 493 495 500 501 503 504 510 522 533 554 555 557 562 565 568 574 580 586 594 599 602 611 615 617 619 621 628 632 633 637 642 648 649 652 664 667 672 676 689 693 694 697 
16 37 40 53 54 60 63 73 79 83 92 100 101 110 115 151 157 158 163 170 185 203 214 217 223 234 253 261 270 278 289 302 318 325 331 337 348 355 357 363 380 381 393 406 410 416 424 427 429 454 468 469 480 491 500 504 510 513 516 541 553 554 557 563 570 573 574 583 584 585 595 617 620 628 633 638 650 652 664 691 694 
25 27 39 42 71 81 84 93 102 104 106 114 116 120 128 136 138 163 176 177 180 186 188 190 191 194 204 214 217 221 224 231 242 243 244 248 252 260 282 288 292 294 298 309 312 313 314 328 330 339 342 352 365 369 374 388 389 394 402 403 405 421 429 439 442 443 446 462 463 477 483 489 491 508 510 511 512 519 521 526 528 530 537 538 539 545 546 549 550 552 565 571 581 596 598 606 607 613 625 626 637 640 641 643 648 655 658 663 669 672 673 677 678 679 684 694 699 700 
12 15 23 24 50 53 60 62 65 67 72 75 85 86 87 89 97 107 108 117 124 126 133 139 140 143 144 146 147 150 156 173 177 178 179 184 187 189 192 196 198 199 205 208 216 218 220 221 224 228 236 237 239 241 248 251 256 284 285 291 295 301 302 310 315 320 323 326 328 329 333 335 336 340 349 351 352 361 362 364 372 384 395 396 397 399 404 408 409 413 414 417 422 431 432 433 434 437 438 442 443 448 452 456 461 465 472 477 481 483 494 498 500 502 504 506 509 518 523 524 531 534 551 556 560 561 563 564 575 577 582 583 585 591 592 593 597 598 603 604 605 608 610 612 614 622 629 634 641 643 644 653 654 655 657 658 661 667 669 671 674 675 679 680 683 684 685 687 688 690 691 692 696 700 
13 25 27 28 36 46 52 63 65 76 79 93 100 101 104 106 111 113 116 119 122 135 157 170 174 176 180 186 196 198 208 209 211 213 237 238 244 253 257 259 261 270 272 275 279 281 285 313 318 319 320 333 337 339 340 343 350 357 358 364 372 375 380 381 393 397 405 410 412 416 418 420 421 424 441 453 454 463 469 476 480 483 485 491 500 503 510 515 517 526 528 529 530 537 545 550 551 554 556 557 559 574 585 597 602 604 611 617 621 628 650 652 655 656 667 678 679 682 687 694 697 
30 42 48 129 131 132 162 197 198 210 215 235 245 248 252 255 262 266 273 274 288 293 297 299 301 302 305 338 346 351 383 390 398 400 407 413 419 423 431 432 442 452 457 468 475 482 496 499 505 517 521 527 534 539 541 544 560 567 572 583 589 600 610 620 621 623 653 662 665 666 675 683 693 696 
3 6 20 31 40 44 45 49 62 66 67 69 71 72 81 88 94 102 111 113 118 124 126 128 130 135 140 145 147 154 156 160 162 167 168 172 178 179 184 192 205 212 214 215 218 219 228 230 232 236 240 243 250 251 258 259 272 276 280 281 284 290 294 295 301 303 306 310 313 319 327 328 329 333 335 336 339 340 343 348 349 354 356 358 362 364 370 371 374 397 401 403 404 407 418 422 425 429 432 436 440 441 442 446 447 453 456 463 464 467 472 474 477 478 481 484 485 487 489 493 494 499 506 508 509 511 518 521 529 531 532 536 539 544 549 552 554 555 559 561 566 567 579 581 583 586 591 593 596 605 606 607 608 609 612 613 614 628 634 637 646 649 650 651 654 656 658 668 670 672 676 677 679 683 684 685 689 692 693 695 699 
25 31 44 47 49 57 61 70 75 78 88 91 95 96 97 148 149 154 156 159 177 184 189 201 207 216 227 246 254 263 269 271 285 290 295 296 307 317 331 336 338 339 355 366 369 373 385 387 389 396 401 406 408 414 428 441 442 443 445 448 453 466 471 473 483 498 536 540 542 544 546 547 559 560 564 574 587 592 614 616 618 624 631 635 638 639 646 647 651 653 655 659 679 688 689 691 
31 35 48 53 66 78 86 89 102 113 124 134 144 150 156 160 168 173 184 187 197 198 201 220 229 233 235 240 247 255 266 273 288 299 302 310 315 320 324 332 346 348 351 364 372 376 383 384 390 397 400 408 413 417 419 432 433 434 452 468 475 494 496 499 503 514 527 534 537 541 547 552 560 562 567 582 585 590 591 597 600 601 608 610 616 621 623 626 628 641 643 644 653 666 673 674 675 683 684 690 696 700 
7 9 11 22 28 32 33 34 36 40 51 61 69 71 72 75 79 81 83 88 95 97 98 100 101 103 105 109 112 118 121 128 142 145 155 157 164 169 171 176 191 192 194 208 212 214 215 216 219 227 229 232 235 238 243 246 253 256 257 261 264 265 267 268 270 271 275 276 277 284 285 288 294 300 307 308 310 311 314 316 322 336 337 347 350 351 353 354 356 359 362 367 368 374 375 377 380 381 391 392 403 405 407 408 410 411 414 424 426 428 429 440 441 442 443 445 447 448 449 451 454 455 458 464 467 469 473 474 478 479 480 483 486 487 488 490 491 493 494 496 497 498 500 501 508 510 511 519 521 533 540 542 543 545 548 549 553 554 557 564 566 569 570 571 573 574 576 581 584 586 588 592 596 601 602 606 607 611 613 614 616 617 619 632 642 647 648 649 652 668 670 677 680 681 683 686 688 691 694 697 698 699 
12 15 23 30 42 83 86 100 101 108 117 129 131 132 133 144 150 160 165 173 184 187 189 210 224 236 238 239 245 252 256 261 262 270 274 293 297 301 305 313 333 334 337 352 357 358 360 380 381 384 389 397 398 399 404 409 423 424 431 433 434 437 454 457 461 465 467 468 480 482 500 505 517 524 525 529 554 572 575 584 589 597 603 608 611 614 617 618 629 634 652 653 656 657 661 662 663 665 669 674 684 687 688 690 691 700 
