51 63 100 109 113 120 130 145 147 175 267 276 325 330 457 484 500 505 532 550 584 596 659 663 690 
22 38 78 84 101 102 109 127 136 142 143 162 166 181 182 212 216 222 239 240 241 266 268 277 281 283 289 298 319 323 329 351 371 374 401 425 436 439 442 443 444 451 460 472 474 487 492 495 498 514 520 526 530 534 556 557 601 614 618 630 635 638 649 651 661 671 697 
23 44 68 74 80 86 96 107 111 121 139 141 149 154 162 167 170 178 184 186 187 191 198 204 216 220 231 234 238 253 261 279 284 285 291 298 304 345 350 351 367 369 384 386 392 401 407 429 437 443 483 486 501 503 516 535 542 550 551 554 570 572 573 595 604 605 616 617 626 639 641 655 663 672 676 679 691 
13 38 69 84 112 129 136 149 157 160 162 163 182 201 212 216 222 226 233 258 266 270 275 289 293 294 299 316 325 345 357 360 362 368 377 378 388 391 400 404 406 412 418 421 426 433 444 445 451 458 460 464 472 477 498 514 516 519 520 521 556 571 576 578 587 597 605 607 611 630 643 650 654 659 663 665 672 675 682 684 688 690 691 693 697 699 
9 29 33 34 49 111 129 140 149 151 160 162 197 201 204 215 224 225 230 233 234 235 244 247 257 258 262 273 275 278 293 300 301 304 316 320 351 353 354 359 361 363 368 390 391 398 400 402 406 412 414 418 421 423 430 431 433 445 456 463 464 477 479 481 509 516 518 519 559 560 569 571 572 573 579 581 603 607 642 649 650 656 659 666 667 672 680 682 684 691 696 699 700 
19 40 43 44 52 60 70 71 73 74 82 87 88 93 96 101 104 105 108 116 118 121 127 132 134 144 146 153 155 164 166 167 182 188 196 204 209 213 214 219 236 237 253 261 263 269 270 271 277 285 287 294 301 302 304 311 314 315 339 341 343 344 350 357 367 368 371 373 374 375 379 382 386 389 392 395 399 424 427 428 432 435 436 444 451 453 459 462 466 467 468 471 472 474 478 480 491 498 501 503 512 517 520 524 529 532 537 542 546 547 549 551 553 554 557 570 572 573 575 581 591 592 601 610 616 619 621 622 623 624 632 633 634 635 641 644 645 646 648 653 662 665 667 675 678 686 691 695 697 
26 53 57 69 115 120 122 126 133 137 147 163 176 177 180 207 211 223 228 238 247 259 288 305 319 342 362 376 387 407 430 438 453 470 473 521 559 564 571 576 584 599 613 620 628 631 637 645 663 683 695 
7 20 28 54 63 68 75 84 86 95 107 109 125 135 154 161 162 168 170 172 178 179 184 186 190 203 209 215 220 221 238 239 248 252 259 273 281 284 293 298 311 317 326 328 335 338 344 347 350 356 360 369 372 393 401 403 404 410 411 414 415 443 445 448 454 464 468 471 472 485 488 489 502 507 508 510 514 518 535 536 539 547 550 551 558 559 568 578 580 583 585 596 597 602 604 610 611 614 619 622 623 629 630 641 646 647 655 668 674 681 691 
40 50 60 89 93 104 131 140 153 171 174 193 196 199 201 202 206 224 227 257 264 269 293 303 323 324 332 339 373 397 414 415 417 418 422 424 427 459 483 484 486 492 517 521 531 533 546 554 559 572 582 588 593 604 607 612 615 630 644 645 657 667 670 672 673 675 677 678 680 682 684 691 700 
14 19 33 43 49 70 74 87 93 116 122 137 140 142 148 150 158 176 185 189 197 209 213 214 218 219 236 244 247 257 271 275 276 285 287 292 300 302 323 331 348 353 356 364 365 376 379 389 397 399 401 402 406 416 421 430 432 438 445 447 452 459 465 477 491 495 499 501 510 524 525 526 537 540 546 553 570 581 582 616 618 621 622 623 633 642 648 650 652 659 662 666 672 682 684 685 690 696 699 700 
3 39 42 51 70 99 100 102 109 113 115 120 123 130 145 148 150 158 160 165 175 185 192 195 197 213 218 219 223 230 236 244 263 267 276 278 287 288 292 302 330 333 340 343 353 356 383 384 399 425 457 468 472 484 491 500 501 510 512 525 526 539 540 553 555 556 581 590 594 595 602 610 612 621 638 642 650 653 660 662 670 689 690 698 
24 26 31 50 70 71 72 73 76 91 94 99 106 110 115 118 146 148 150 156 158 164 171 176 208 213 218 236 242 244 254 260 279 280 282 288 292 294 303 305 310 334 340 341 344 345 355 366 368 380 381 399 405 409 413 415 420 425 428 432 435 438 441 452 453 460 462 464 466 467 469 475 476 477 484 490 491 493 496 501 506 524 526 527 532 540 541 543 546 553 555 562 565 566 573 581 587 595 600 607 609 610 619 624 632 634 635 642 654 662 665 678 682 693 695 
4 20 28 35 44 52 54 55 57 62 63 64 77 79 80 84 85 90 96 97 98 99 101 108 110 111 127 130 132 134 137 139 141 143 149 162 163 165 166 167 168 169 172 182 188 190 193 194 197 198 201 203 205 208 209 213 215 217 224 225 231 234 238 248 250 251 252 253 255 257 258 259 263 265 270 272 273 275 277 278 281 285 288 291 293 297 298 299 304 307 308 309 311 313 314 315 317 318 321 326 328 329 332 333 334 335 336 337 338 344 347 349 356 358 367 372 384 385 386 388 389 393 395 396 399 403 406 408 410 411 415 417 421 429 434 436 437 439 443 444 446 447 451 454 455 458 459 461 465 466 472 474 477 478 485 488 489 490 494 502 507 508 510 514 520 521 522 528 531 532 534 539 545 547 549 550 551 557 558 563 566 567 568 570 572 574 576 578 582 583 585 586 590 591 592 596 598 602 603 606 607 610 614 616 620 626 628 629 632 637 647 656 658 661 664 668 669 681 682 684 689 690 691 692 694 697 698 700 
18 29 36 45 61 65 66 67 69 79 81 83 92 105 112 140 148 150 157 158 159 160 164 173 180 185 187 193 201 218 223 224 230 236 245 256 257 258 263 274 275 286 292 293 295 296 299 305 320 323 343 346 351 353 357 373 377 378 379 388 391 400 402 406 412 418 421 422 424 440 445 447 458 459 466 471 473 477 480 484 497 515 516 518 519 524 540 544 553 556 571 580 581 582 594 597 607 611 625 628 636 649 650 651 659 662 671 672 675 676 679 682 683 684 687 689 691 699 700 
9 30 33 34 129 151 177 189 233 235 240 247 262 273 278 300 321 323 331 336 348 354 359 361 363 390 391 397 398 413 414 415 423 430 431 433 441 452 463 469 479 481 484 497 499 504 511 519 529 560 569 573 579 583 591 639 640 642 649 666 667 674 680 688 691 696 699 
15 16 49 61 75 79 102 121 123 152 161 191 196 199 209 221 231 249 253 269 272 285 291 297 298 301 318 332 339 375 378 384 405 414 422 429 449 468 472 479 482 483 497 503 537 539 542 546 551 566 567 572 575 578 590 597 604 611 630 646 652 656 661 679 688 
25 44 48 56 68 72 73 74 80 86 91 96 107 111 125 138 139 144 146 149 154 161 162 164 170 178 184 186 204 205 212 220 232 234 237 239 253 261 284 285 290 297 304 310 334 339 345 350 367 369 370 376 380 381 386 396 407 413 428 435 437 462 467 468 484 486 506 510 529 532 535 536 537 540 541 549 550 554 562 565 570 571 573 580 582 584 594 600 603 611 619 620 624 632 634 636 641 646 655 660 665 676 684 686 691 694 695 
6 15 16 27 37 46 49 61 69 70 79 88 112 115 122 155 157 161 162 163 191 201 209 230 238 246 253 260 271 288 291 292 294 298 299 301 325 332 340 341 342 357 364 365 372 378 388 390 400 426 435 449 451 458 459 468 479 493 497 514 525 537 552 576 578 586 597 598 600 611 638 650 652 653 654 656 658 674 675 676 679 682 690 693 699 
24 26 31 50 94 106 110 156 171 177 189 197 208 240 242 247 254 260 269 270 280 282 294 295 305 310 323 331 355 366 380 390 397 405 414 415 422 430 441 451 452 464 472 476 481 496 499 507 520 526 527 540 547 551 555 562 587 591 596 607 609 610 634 642 680 686 693 
9 11 13 119 123 126 157 192 198 241 265 272 290 294 299 302 305 307 325 344 357 362 384 391 394 407 413 435 445 451 458 470 476 480 484 494 495 505 509 512 513 515 531 543 545 550 561 573 578 597 616 620 628 637 649 652 653 665 670 673 678 686 690 
16 17 22 30 38 39 59 71 80 89 97 99 114 117 129 131 139 141 174 198 205 206 209 223 226 227 229 236 250 253 254 256 264 266 278 297 308 312 324 327 334 335 336 344 353 357 360 396 404 425 437 449 450 468 469 484 487 490 492 494 504 510 511 517 518 521 523 531 533 537 540 549 550 566 570 580 588 590 593 606 608 611 612 613 615 620 625 627 640 643 651 656 657 667 670 673 675 677 680 687 688 
39 41 42 71 78 89 105 114 115 120 123 131 142 143 147 171 174 181 192 195 206 213 223 226 227 229 239 240 241 243 251 256 263 264 268 272 278 283 292 295 301 312 323 324 331 333 340 343 353 354 374 383 384 416 434 439 442 450 469 474 492 495 506 512 513 517 523 525 526 527 530 531 533 534 554 580 584 588 590 591 593 595 601 602 610 612 614 615 618 629 638 639 640 642 643 657 660 663 667 670 673 677 678 680 688 689 698 
39 41 42 49 55 79 84 89 102 114 119 123 124 131 142 148 150 168 169 174 181 192 195 202 203 206 223 226 229 230 235 243 256 263 264 281 288 290 301 309 312 316 317 324 328 333 338 339 340 343 348 353 354 355 357 358 361 365 367 378 383 384 386 394 395 411 424 427 450 463 470 482 502 509 512 513 517 523 525 531 533 543 548 550 553 555 566 580 585 588 589 590 592 593 596 602 605 612 614 615 618 629 639 640 642 643 647 652 657 660 666 667 668 670 673 676 677 678 680 681 688 690 691 
2 23 36 44 53 74 81 83 89 96 99 105 111 131 147 149 163 170 173 174 187 204 206 209 210 216 227 228 234 239 243 245 249 250 261 264 285 286 295 296 304 307 313 316 322 324 329 342 349 352 360 378 386 387 404 412 448 456 471 473 475 480 482 490 492 494 497 521 531 533 538 548 550 554 560 564 570 576 584 587 588 592 593 595 605 607 612 613 616 617 618 629 631 650 663 673 675 676 683 687 689 691 694 
2 21 27 37 41 46 47 54 58 63 93 105 138 173 202 232 238 243 246 260 295 308 321 339 397 400 417 422 424 426 437 459 465 505 526 529 536 544 550 552 561 582 592 594 600 603 636 640 643 644 645 651 654 693 
35 54 64 86 90 103 107 128 135 145 161 170 171 178 193 202 208 221 272 284 314 315 321 350 369 385 397 408 415 442 455 486 528 535 545 549 571 603 641 653 658 664 683 685 
2 55 105 109 116 119 124 142 167 168 180 192 202 203 226 230 238 243 246 255 281 298 317 328 337 338 343 344 348 353 355 375 378 394 411 417 418 426 433 443 445 465 466 470 475 502 509 513 529 531 542 543 552 566 585 614 619 620 621 629 639 641 647 652 654 668 674 681 690 691 693 694 697 
9 11 17 22 26 30 39 42 46 49 51 52 59 73 80 85 97 100 102 108 109 113 117 118 121 126 127 130 132 134 139 141 145 146 161 164 166 170 175 180 182 188 192 193 194 198 205 208 220 228 237 239 241 252 259 263 265 266 267 272 276 277 278 279 284 290 301 302 305 308 310 311 314 323 326 327 330 336 338 340 342 343 344 345 350 355 365 367 371 372 374 384 385 395 396 403 404 407 413 418 428 436 444 451 457 462 466 468 469 470 472 474 478 484 485 487 498 500 504 505 508 511 512 513 515 520 530 531 532 533 539 543 548 549 550 554 557 564 566 572 573 582 583 584 585 590 591 595 597 605 606 607 608 613 616 619 620 624 625 627 628 632 634 635 637 652 653 655 656 666 667 670 677 678 686 695 
15 40 60 64 81 90 103 104 128 137 140 153 173 187 196 199 202 208 228 272 282 295 297 301 315 323 332 342 362 373 385 389 408 414 417 422 424 427 455 459 497 524 528 537 545 546 554 564 571 572 576 582 592 596 603 636 644 645 653 664 671 675 685 
14 28 31 62 75 85 95 101 121 161 179 193 194 197 215 221 248 252 271 272 273 276 287 293 296 302 311 326 332 338 344 347 349 356 360 364 372 379 393 401 403 411 417 430 432 448 451 464 471 472 480 485 488 490 494 495 507 508 510 525 539 544 547 558 559 563 567 578 583 590 596 610 617 621 622 623 633 637 639 648 649 651 652 671 674 685 
14 19 36 42 43 57 81 83 87 93 109 115 116 123 165 171 173 185 187 192 195 197 200 203 214 219 223 238 245 263 271 272 274 281 286 287 295 302 317 323 328 333 335 340 343 364 379 383 384 389 434 448 468 471 473 475 480 502 510 512 520 525 531 538 559 566 585 586 590 592 602 610 614 616 617 621 622 623 629 633 639 642 647 648 649 660 668 670 671 681 683 685 687 690 694 695 700 
69 72 76 91 110 112 115 135 136 157 163 193 195 197 212 215 253 254 258 291 294 299 342 348 355 357 361 366 372 380 381 388 397 407 409 415 420 432 438 451 458 460 469 475 476 493 497 506 522 527 537 541 543 549 562 565 571 572 574 600 603 605 635 653 658 660 675 
32 46 71 73 82 88 118 123 126 144 146 152 164 167 171 183 208 231 237 243 269 279 280 290 294 303 306 315 341 368 375 382 392 401 410 413 416 419 428 435 453 462 464 467 483 496 503 514 524 526 531 532 536 540 542 551 554 562 566 572 573 577 587 589 593 595 604 610 619 624 628 632 634 635 646 661 665 678 685 686 695 
3 8 12 13 21 25 27 32 35 37 41 46 62 64 77 82 83 90 91 95 98 115 124 128 135 137 140 155 168 169 180 183 193 200 202 207 208 215 217 224 225 246 253 255 256 257 260 265 270 274 278 279 281 286 288 297 304 306 307 309 321 324 339 345 353 356 358 362 365 368 370 382 385 386 391 395 397 401 404 408 415 416 418 419 421 422 426 446 447 453 461 477 485 486 489 490 498 505 514 521 522 523 528 536 539 545 552 558 559 567 572 574 576 577 578 580 582 583 589 595 598 603 610 612 615 643 654 656 657 658 664 669 673 677 678 684 685 688 692 693 698 700 
3 5 12 18 25 31 32 37 39 45 46 50 59 65 66 67 83 88 92 94 96 102 105 106 110 117 119 121 123 124 129 140 142 152 159 165 167 171 179 194 199 200 204 221 226 230 231 235 243 246 249 254 257 260 265 269 270 273 275 278 280 285 290 293 297 298 306 310 319 320 327 336 344 346 348 351 353 354 355 356 360 366 371 375 377 378 382 391 392 393 394 398 400 401 402 403 405 406 410 414 416 419 421 423 425 426 431 433 440 452 467 469 470 472 476 477 479 483 484 485 487 496 497 503 504 505 507 508 509 510 511 513 516 518 519 526 527 534 536 538 539 542 543 544 551 552 555 558 560 561 566 568 570 571 572 573 575 587 590 595 601 604 608 609 615 618 620 621 625 627 630 632 633 640 646 651 652 654 657 667 671 672 674 675 676 682 684 689 690 693 700 
13 25 32 35 41 62 68 82 86 90 103 124 142 145 154 155 161 178 179 180 181 183 184 186 217 220 229 239 240 250 253 256 268 274 279 280 283 284 297 303 306 307 313 315 329 345 349 355 356 365 368 369 370 382 391 401 416 419 439 442 446 453 468 486 488 490 492 494 495 509 513 514 527 528 530 534 535 536 543 545 555 566 577 589 595 598 601 617 618 638 641 646 657 664 665 673 677 678 683 685 694 
36 48 49 81 83 142 144 164 173 174 187 200 236 245 279 286 295 296 300 306 332 339 351 377 378 401 412 422 424 427 448 450 452 471 473 480 484 517 537 538 546 559 571 580 587 617 639 649 651 653 671 680 683 687 694 
6 11 15 27 34 41 49 57 61 63 70 73 78 79 101 102 105 114 118 126 129 143 146 148 150 151 158 163 164 176 180 181 185 191 193 197 198 210 213 218 229 230 231 233 235 236 237 238 239 240 241 244 249 251 256 258 262 265 268 279 283 290 291 292 303 305 312 313 315 316 318 319 320 322 325 332 337 341 342 346 352 354 359 361 363 365 369 376 397 398 399 401 402 407 412 413 417 418 423 428 429 431 433 434 435 439 442 443 449 451 456 457 459 462 463 465 479 482 486 491 495 497 501 505 513 515 517 526 529 530 532 534 537 540 548 553 560 563 566 569 573 574 579 580 581 586 592 597 601 605 611 612 614 615 616 618 619 626 628 629 637 638 640 646 649 650 652 653 658 659 661 662 666 667 672 678 679 682 687 688 692 695 697 698 
6 35 48 54 64 82 90 99 103 128 136 171 183 197 202 203 208 212 216 222 241 250 266 267 274 279 282 289 294 303 306 307 313 315 321 329 345 349 368 370 385 391 408 415 416 425 455 460 475 476 484 490 494 498 502 512 527 528 545 556 571 577 589 592 595 597 600 603 607 624 658 664 678 681 685 689 694 698 
52 63 78 80 97 108 126 127 132 134 136 139 141 143 166 181 188 195 198 205 227 239 240 268 277 291 305 308 314 319 323 331 344 345 355 369 371 374 394 395 396 404 407 409 413 436 437 439 442 444 459 466 474 478 484 495 505 506 513 520 526 530 531 533 534 543 549 550 557 570 591 593 595 600 601 606 607 618 620 628 635 637 638 654 656 657 697 
30 33 37 46 53 69 79 110 130 133 137 139 147 160 167 176 177 180 189 201 210 223 224 225 228 238 246 247 251 253 256 257 258 259 260 265 269 271 275 293 295 298 300 318 321 322 323 331 332 335 337 342 352 353 362 365 376 387 390 397 399 400 401 402 406 414 415 417 418 421 422 424 426 429 430 432 434 443 445 451 452 456 465 470 472 473 481 482 499 505 548 552 559 560 563 564 568 572 576 582 583 584 586 599 605 613 616 621 626 631 632 637 639 642 645 654 656 657 659 661 663 666 668 674 680 682 684 688 690 691 692 693 696 697 699 700 
1 3 5 12 18 27 30 33 37 38 41 42 45 46 54 56 63 65 66 67 68 76 78 80 83 84 88 92 95 101 105 107 109 111 114 115 121 123 136 139 141 142 143 149 151 152 154 159 161 167 170 171 173 178 180 184 186 187 189 195 198 199 200 204 205 212 216 220 221 222 223 226 229 231 234 235 240 241 246 247 249 253 256 260 261 263 265 266 268 269 271 283 284 286 289 290 295 296 298 299 300 301 304 308 312 319 320 329 331 332 333 335 339 343 344 345 346 348 350 351 353 354 356 359 361 363 364 367 369 375 376 377 378 380 381 383 384 386 392 396 397 398 400 401 405 409 414 420 421 422 425 426 429 430 431 432 434 437 438 439 440 442 443 448 449 450 451 452 460 463 470 471 472 479 480 481 483 486 493 495 498 499 503 505 506 509 510 512 513 514 516 517 518 521 523 526 527 531 535 541 542 543 544 550 551 552 555 556 560 561 562 563 565 566 569 570 571 572 573 575 580 590 600 601 602 604 606 607 612 613 615 625 630 631 638 639 640 641 642 643 646 649 650 651 652 654 658 660 661 665 666 667 668 671 672 674 675 676 677 679 680 683 688 689 690 692 693 696 697 698 699 
