4 8 11 12 20 35 36 47 54 57 72 79 80 93 105 107 109 113 120 121 130 131 132 133 135 141 145 154 158 162 170 172 184 191 193 196 202 204 210 224 233 238 240 244 251 255 267 270 277 280 283 291 303 315 317 327 331 333 336 342 350 353 355 359 360 362 372 385 387 388 389 392 394 395 401 403 405 408 421 425 427 434 435 438 442 445 447 457 475 477 482 487 495 498 506 518 520 527 528 535 542 543 545 551 553 554 555 561 568 575 577 579 583 599 603 612 614 615 618 620 627 630 642 664 667 669 678 680 681 689 690 691 694 697 
2 3 10 27 28 33 38 61 72 76 80 87 101 110 114 123 131 133 136 142 150 155 160 162 165 181 187 196 201 202 203 209 222 224 228 229 233 241 242 247 250 274 275 279 281 290 291 293 304 305 308 310 313 324 334 345 348 350 365 369 376 385 386 388 393 395 398 401 402 403 404 405 409 417 422 423 425 436 437 442 444 445 450 451 453 456 457 460 464 466 470 471 474 477 478 486 487 493 495 498 508 511 512 518 526 532 538 539 545 553 556 559 567 571 575 576 578 583 589 592 597 601 604 607 609 614 617 618 625 626 627 635 637 642 645 653 658 662 667 676 680 684 688 695 696 698 
1 9 11 12 14 23 24 31 36 41 43 44 47 48 51 52 54 57 58 62 64 70 71 72 74 76 77 79 80 86 90 93 95 96 98 108 115 118 119 120 124 126 127 131 132 134 135 140 141 143 144 147 149 150 151 153 154 157 162 163 166 169 170 172 179 181 182 184 189 191 192 193 195 197 201 202 205 206 207 208 210 212 214 215 218 219 220 221 225 227 228 230 231 232 235 239 240 244 245 246 247 251 252 254 258 264 265 268 269 271 277 278 280 281 282 283 284 286 287 294 297 298 299 300 302 309 312 314 315 320 321 322 323 325 326 327 328 329 330 335 337 339 340 341 342 344 346 350 351 352 353 359 360 362 367 370 372 373 374 377 378 381 385 389 390 392 395 399 401 405 408 413 414 415 419 421 422 425 430 433 434 436 438 443 446 448 454 458 459 462 467 470 472 475 479 482 483 484 485 488 489 495 497 501 502 503 504 506 509 510 513 514 517 520 521 522 523 524 526 527 528 529 531 537 538 541 544 548 551 553 555 557 558 561 564 566 567 568 576 578 580 581 584 585 586 588 589 590 591 593 596 597 599 600 602 603 605 606 612 616 617 618 619 620 621 622 623 624 626 627 629 630 632 636 640 643 645 647 650 651 652 654 658 659 661 665 667 668 672 676 677 681 682 684 685 689 690 691 693 694 695 698 699 700 
2 3 18 22 25 35 59 67 69 88 97 103 105 121 122 133 142 145 149 154 156 158 161 172 173 175 180 181 190 196 202 206 211 224 226 231 233 242 251 255 257 259 267 268 272 274 278 280 286 288 291 303 304 306 311 316 331 333 336 355 364 369 370 372 387 388 391 394 396 403 405 412 418 421 423 424 425 426 427 428 433 439 442 445 447 455 457 469 474 475 481 484 487 498 500 502 507 510 518 527 535 545 546 547 552 553 559 560 569 571 572 573 574 577 580 581 583 587 598 615 617 630 633 641 643 660 673 675 678 680 682 687 692 694 695 
11 16 19 20 41 42 53 55 68 90 92 94 102 113 143 163 167 168 178 193 208 210 221 234 248 254 255 258 263 271 273 276 288 295 296 297 303 328 329 330 331 333 349 351 356 359 372 374 381 383 393 396 400 406 410 414 417 431 446 447 454 458 461 468 475 476 498 506 508 521 535 543 548 563 566 577 579 585 589 593 596 597 606 613 615 623 625 636 638 640 643 665 670 674 679 690 691 694 697 699 
14 43 71 73 81 87 92 99 105 117 122 128 129 139 166 172 177 193 195 197 200 203 227 243 261 268 271 275 282 295 300 307 326 331 341 343 347 350 352 363 376 377 379 380 381 393 394 402 408 409 420 430 441 443 452 459 460 468 485 490 492 493 496 510 517 524 529 544 554 560 561 569 581 589 591 594 600 602 609 610 616 622 629 641 644 645 648 650 652 653 657 658 660 661 662 663 666 682 683 687 690 
8 41 65 67 90 101 106 121 122 125 143 145 148 154 161 163 171 172 173 177 189 190 198 202 206 224 228 242 243 244 255 276 299 306 317 328 330 336 343 368 369 378 381 386 406 411 418 419 426 431 454 465 476 527 530 535 542 548 563 569 572 573 574 583 587 601 608 612 613 616 621 630 639 640 641 643 651 660 665 680 687 689 691 692 694 699 700 
21 23 29 56 64 73 77 92 100 122 134 137 138 144 146 147 173 176 178 183 185 194 210 215 216 222 230 231 247 251 252 256 266 285 309 314 318 356 357 360 361 373 384 398 401 404 408 410 413 415 419 432 437 463 467 488 489 499 505 508 516 525 530 538 540 543 549 565 568 569 573 585 587 593 605 616 621 627 634 641 647 654 655 659 672 679 700 
10 17 24 33 60 61 79 82 110 114 123 141 150 153 160 182 186 191 213 222 234 237 238 241 283 289 292 308 310 311 315 327 332 342 344 362 375 376 383 403 417 421 422 425 427 434 436 437 438 444 451 466 468 469 472 473 474 475 477 480 511 518 528 532 533 536 541 576 582 592 597 598 604 607 609 628 629 638 646 649 656 657 658 664 667 669 671 677 680 682 688 691 695 696 
21 23 39 64 67 100 134 144 146 147 173 183 190 194 230 231 242 247 251 252 260 283 292 314 325 341 357 369 373 380 386 411 413 415 421 426 432 437 438 439 467 478 482 484 488 489 516 549 571 572 574 587 598 605 628 629 641 643 644 647 651 654 659 672 687 692 
5 19 31 47 68 74 95 96 99 105 117 122 128 131 139 147 151 198 214 219 225 234 246 268 282 287 295 298 307 312 318 323 330 335 339 343 350 367 381 413 420 443 448 452 454 461 492 496 499 501 522 537 544 554 560 563 564 567 586 588 591 593 596 610 612 622 623 636 640 643 648 650 653 654 658 660 661 
41 64 70 75 90 101 134 143 144 146 147 163 171 188 193 194 198 208 217 221 228 230 252 253 277 278 282 284 299 311 322 328 329 330 337 343 357 363 373 380 381 387 406 407 414 415 417 418 424 426 431 432 437 441 454 458 465 467 474 476 488 489 505 506 516 519 525 538 548 566 570 579 589 601 605 606 613 616 621 625 640 641 643 647 650 654 659 665 670 672 676 683 691 694 695 697 699 
25 56 77 108 119 124 149 150 176 178 179 205 207 212 216 218 219 235 248 258 266 285 309 325 357 378 382 384 399 404 410 418 419 421 426 463 472 473 482 483 488 502 505 509 530 534 538 540 541 543 551 557 558 565 566 568 573 585 586 593 602 606 616 626 627 628 634 643 651 654 655 661 668 679 700 
14 46 68 71 77 129 152 162 165 166 189 195 196 209 219 227 237 245 249 250 263 269 271 300 313 331 341 358 377 380 397 400 408 411 415 430 432 449 453 459 464 485 503 504 510 514 517 524 544 550 553 556 561 572 581 589 610 611 614 617 620 622 629 635 637 645 652 672 674 682 690 
43 73 87 92 99 116 150 152 171 172 196 203 217 228 243 244 247 249 250 275 281 293 302 303 305 310 313 343 345 352 358 393 397 402 405 406 409 411 434 439 444 447 449 453 455 456 460 464 468 470 478 493 494 503 505 512 513 514 539 556 559 561 571 578 589 601 609 611 614 616 618 625 635 637 642 650 662 666 676 683 698 
6 24 37 46 49 50 53 58 65 66 68 78 85 94 98 101 104 111 113 140 159 168 174 187 201 223 236 248 260 271 273 285 290 296 297 305 314 318 323 334 335 342 349 355 356 358 366 379 380 402 405 406 408 413 435 439 451 454 459 460 461 468 478 490 491 499 505 515 517 525 539 542 550 561 563 566 567 572 573 575 576 578 580 587 593 595 597 610 624 625 629 633 642 644 646 649 666 670 672 684 685 686 690 695 700 
6 24 39 46 47 52 70 77 80 83 93 98 108 116 120 128 137 138 147 153 162 164 174 178 185 187 206 210 215 232 245 256 269 284 297 301 318 330 337 341 344 347 350 356 361 370 375 384 385 395 398 401 410 416 418 419 420 424 433 441 459 463 468 485 490 495 499 509 517 525 528 544 550 553 554 555 565 568 578 585 598 618 626 634 639 652 655 666 667 677 679 683 690 693 700 
10 44 70 75 86 94 111 116 130 150 153 155 159 169 188 192 193 197 204 219 228 253 254 264 269 278 284 286 288 293 302 322 324 328 337 342 346 347 348 351 370 374 375 381 388 390 398 407 417 420 422 425 431 437 446 456 458 462 480 506 508 519 520 521 523 526 529 537 538 554 570 579 590 593 597 599 601 602 612 616 617 618 620 625 627 632 650 653 676 677 693 694 697 698 
10 21 30 32 35 45 65 76 81 84 91 99 106 114 118 121 125 145 148 154 157 164 182 183 199 200 204 206 221 224 232 234 243 255 262 267 288 302 303 311 317 326 330 331 333 336 338 361 363 366 368 371 372 380 387 393 394 409 416 419 422 424 427 429 433 440 441 447 460 465 475 477 478 480 494 497 499 505 508 516 524 535 562 573 577 584 591 593 594 597 600 608 613 615 630 633 639 642 644 657 661 662 663 667 678 680 683 697 
13 16 19 46 53 68 83 94 102 139 140 155 180 210 239 255 273 276 295 296 297 306 330 349 356 383 461 468 508 550 563 574 587 593 621 660 700 
7 10 22 25 28 29 35 38 39 46 52 70 75 77 105 108 110 112 114 116 119 121 124 145 146 149 150 154 155 159 160 164 170 179 180 182 188 196 204 205 206 208 212 217 218 221 228 231 235 239 245 251 253 255 258 267 293 302 303 304 306 308 310 311 315 318 324 325 330 331 336 342 346 348 360 365 372 378 387 390 398 399 407 422 424 427 431 437 441 444 447 450 451 456 458 466 471 472 475 486 490 499 502 505 506 508 509 511 515 519 523 532 538 553 555 558 566 568 570 573 576 577 579 585 592 593 599 601 604 606 607 613 614 615 616 617 621 625 626 627 628 630 637 640 643 645 651 657 661 663 668 674 678 683 688 689 690 693 695 697 698 700 
6 18 27 37 41 54 58 69 82 88 98 101 103 106 109 113 130 132 136 143 146 156 163 174 184 187 193 198 201 208 211 217 221 222 226 228 243 257 262 265 271 272 277 278 286 294 299 301 311 315 322 328 329 333 334 339 359 360 367 379 381 383 389 395 406 408 409 412 414 417 433 435 454 465 470 473 474 476 478 481 490 507 516 522 528 539 541 542 546 547 548 550 556 562 566 567 571 573 575 576 578 583 590 599 603 610 613 616 617 618 621 637 639 640 642 653 665 666 673 681 684 685 694 695 699 
4 10 11 12 20 21 22 25 26 27 35 47 54 57 59 62 69 72 77 80 82 89 97 107 109 117 121 122 126 128 130 132 135 139 145 148 154 158 162 170 175 180 181 183 184 192 204 206 207 217 231 232 244 257 259 267 268 272 274 280 282 284 288 295 299 303 305 307 311 316 317 319 320 331 333 336 338 350 353 355 359 360 364 368 372 378 382 384 385 387 389 391 392 393 394 396 401 403 418 420 421 424 427 428 439 447 448 452 455 465 469 473 474 475 479 482 483 484 493 494 496 497 500 506 513 516 520 525 527 528 534 535 539 542 551 552 553 554 555 560 573 577 580 583 584 585 598 599 603 610 612 613 615 617 618 619 625 627 630 631 633 642 645 648 653 658 660 667 669 675 678 679 681 684 689 690 697 
76 81 106 115 118 125 164 182 186 199 200 234 238 253 261 262 277 289 292 311 320 326 332 361 363 371 380 417 429 432 439 440 441 469 477 478 494 496 499 505 525 531 533 572 582 587 591 594 600 608 622 626 633 644 657 663 664 671 678 683 696 
32 34 48 63 83 122 158 193 196 229 231 251 260 272 279 289 292 301 332 354 360 391 396 421 436 467 471 484 492 520 571 583 592 598 599 614 628 649 653 655 657 669 675 680 
26 59 62 69 77 82 95 115 117 126 164 170 182 183 189 203 207 217 257 261 272 281 301 315 316 319 320 325 326 353 361 364 368 371 382 391 393 396 397 417 418 421 428 440 441 452 455 465 479 483 486 495 497 499 500 509 513 527 531 534 551 552 580 584 591 598 600 619 626 628 631 643 644 650 651 657 663 669 678 683 686 
1 27 34 42 44 48 51 55 63 70 71 73 75 79 95 96 115 118 127 129 140 141 149 153 157 166 167 177 182 191 193 195 208 220 227 229 240 246 248 254 260 263 264 265 267 268 269 275 279 282 283 287 288 294 299 300 301 305 313 314 320 321 322 326 327 328 330 335 337 339 340 342 344 346 347 349 351 352 354 359 362 367 370 371 375 376 377 380 396 399 400 403 406 408 416 421 422 425 427 430 434 436 438 440 441 448 454 459 462 465 468 470 471 474 476 485 487 492 501 504 510 517 522 523 524 526 531 544 547 557 558 561 564 576 577 581 586 588 590 591 593 594 597 600 602 609 613 617 620 621 622 625 627 629 630 636 644 650 652 653 657 658 661 663 665 668 670 674 677 682 690 691 693 694 699 
6 14 24 37 58 64 70 71 100 101 127 129 140 153 166 174 177 182 187 195 196 201 222 227 231 239 245 260 269 271 279 285 288 290 300 301 314 322 331 334 337 341 342 344 347 370 375 377 379 380 383 390 402 408 415 416 430 432 433 435 438 451 459 485 487 490 499 503 504 510 514 517 524 526 538 544 547 549 550 561 567 573 575 576 577 578 581 584 597 610 620 629 642 652 653 658 666 672 674 676 677 682 684 685 690 693 700 
43 44 48 56 73 86 87 92 94 111 169 171 172 176 178 192 197 203 209 216 217 219 237 243 249 250 254 264 266 275 278 281 285 302 305 309 313 320 329 340 345 346 351 352 360 361 374 381 388 390 393 397 402 404 409 414 417 422 426 434 439 444 446 449 453 460 462 464 468 470 478 488 493 494 505 512 514 521 523 527 529 530 532 534 537 539 540 543 556 559 566 571 573 589 591 593 602 609 611 612 616 627 632 635 638 644 653 662 676 694 698 
24 29 38 39 46 47 52 72 80 81 93 112 115 116 118 120 131 137 138 155 159 162 164 176 178 185 187 189 200 206 210 215 216 245 254 256 261 265 266 270 271 284 285 293 303 305 309 318 320 326 341 348 350 356 361 365 378 384 385 386 395 398 401 404 408 410 419 422 433 440 441 459 463 471 486 494 495 499 505 506 508 525 528 530 531 532 538 540 543 544 553 555 558 565 568 572 585 591 593 594 600 602 614 618 626 634 644 645 655 657 663 667 668 679 683 684 686 695 700 
26 27 62 75 77 95 126 170 183 184 203 207 217 220 246 281 284 295 312 315 316 319 320 335 340 353 360 367 368 382 389 393 397 404 410 416 421 428 431 448 462 465 467 479 483 497 501 513 519 520 522 527 534 547 551 552 557 559 564 577 580 584 586 590 596 619 623 624 627 631 636 650 669 681 691 
31 36 49 50 54 66 70 74 78 85 90 98 99 104 107 109 113 130 132 135 140 151 152 159 165 168 189 202 209 214 223 225 231 236 237 239 240 249 251 267 270 280 281 298 299 312 313 318 323 341 345 355 358 359 360 366 386 397 406 411 413 426 439 443 449 458 461 464 478 488 491 503 512 514 515 516 519 520 524 539 542 556 566 567 572 575 579 583 587 595 596 599 603 611 612 614 623 624 625 633 635 637 644 646 649 650 653 681 686 687 689 691 697 
28 38 67 69 99 136 140 152 165 171 189 196 209 219 237 249 250 262 270 281 313 329 337 344 345 358 365 370 381 397 398 411 416 426 434 449 453 455 464 503 512 514 531 539 548 556 566 572 576 589 601 611 614 635 637 642 651 653 654 658 666 693 
10 17 21 25 33 35 60 75 82 88 96 100 103 108 114 118 119 121 124 149 157 179 186 193 202 204 205 211 212 213 218 220 221 222 226 234 235 237 238 246 255 257 258 261 267 272 277 278 286 287 288 289 292 294 301 303 311 315 320 321 325 329 330 331 332 333 335 336 367 372 378 383 384 388 393 394 399 412 427 434 441 447 457 469 472 473 475 477 480 481 482 488 501 502 505 507 509 512 518 528 531 533 535 536 541 546 547 557 558 565 566 575 577 582 586 588 590 597 600 602 606 615 628 630 638 643 646 651 654 656 661 664 667 668 669 671 673 678 683 695 696 697 
13 19 20 46 53 56 67 68 83 92 94 102 122 139 140 152 161 171 173 176 190 210 216 219 234 242 266 273 276 285 288 295 296 297 309 315 330 341 356 369 383 386 404 411 426 444 461 465 468 498 505 527 530 540 543 548 550 551 555 556 557 563 569 573 574 583 616 622 627 634 641 643 666 670 687 690 692 
13 18 23 27 30 32 34 39 45 48 51 62 63 64 65 70 83 84 88 89 91 96 98 100 103 106 125 127 134 144 146 147 148 153 156 157 171 177 182 183 192 193 194 198 199 211 221 226 229 230 231 232 246 247 252 257 260 262 265 269 272 278 279 286 287 288 289 294 301 302 311 313 314 322 329 333 337 338 339 342 344 347 354 361 366 370 371 373 375 380 382 383 393 403 412 413 415 416 417 429 432 433 435 436 437 448 453 454 464 467 468 471 474 476 481 488 489 492 494 497 505 507 514 516 524 526 546 547 548 549 551 552 560 562 564 567 586 587 588 589 590 597 599 600 605 608 611 613 616 617 618 619 620 628 631 633 636 639 640 643 647 653 654 655 659 661 667 672 673 677 678 680 682 684 691 693 694 699 
70 75 90 116 143 171 188 202 206 217 221 248 253 258 282 284 341 349 382 400 407 431 437 458 479 497 506 509 513 518 519 534 566 570 577 579 596 631 650 655 669 670 674 676 697 
