13 48 58 74 90 95 96 101 119 121 125 133 145 151 163 169 175 176 222 227 241 246 273 276 299 302 308 312 318 327 338 368 373 378 380 396 398 403 404 408 409 411 414 415 422 427 433 440 443 447 462 478 481 484 485 487 500 507 509 522 528 549 563 569 574 587 589 594 616 637 638 667 682 683 693 696 697 
22 89 93 114 135 141 162 175 221 228 229 255 268 270 301 308 415 421 511 521 556 562 598 606 657 
6 29 33 52 60 65 78 100 107 118 120 124 134 140 148 152 164 183 197 198 211 239 253 255 264 266 278 283 288 296 298 307 324 329 347 349 365 369 381 390 392 394 413 419 436 445 448 449 456 458 463 474 481 482 494 499 515 528 531 547 552 558 564 569 579 580 581 585 588 589 592 595 597 598 604 616 620 631 645 657 666 688 698 
22 30 71 74 100 119 122 124 156 164 171 173 184 195 212 223 225 244 253 261 264 266 296 298 341 382 384 385 396 431 448 450 481 494 496 500 503 514 531 533 539 551 555 556 558 564 571 572 573 575 602 616 618 620 626 691 
14 15 32 38 44 56 67 69 79 85 91 122 134 142 156 160 171 185 203 205 210 223 226 232 233 235 237 238 243 251 262 279 309 321 323 332 333 359 361 370 386 403 404 421 425 437 449 455 456 465 470 471 488 489 490 497 536 545 559 574 583 595 626 628 630 635 654 658 659 660 668 670 680 690 692 696 
18 58 67 73 74 82 91 95 102 132 133 136 145 169 171 182 183 193 222 235 243 246 273 276 285 289 308 309 311 312 314 318 322 323 333 350 358 361 368 371 380 383 398 404 408 423 427 439 445 460 462 469 472 487 490 497 500 501 507 540 546 548 551 566 568 574 586 595 616 628 629 641 663 678 679 682 691 696 697 
12 54 59 83 90 94 100 114 128 130 137 140 152 173 179 187 197 231 236 251 253 275 282 294 296 300 305 317 320 323 325 326 327 329 331 336 344 346 366 388 390 410 414 428 445 448 460 486 488 498 504 517 520 525 529 536 545 548 552 561 564 567 576 577 581 590 595 603 606 616 617 621 629 635 646 656 658 661 677 678 687 693 695 697 699 
37 79 88 99 106 112 115 124 145 148 149 151 153 157 167 169 170 181 186 197 225 231 234 241 246 249 256 273 289 295 298 302 303 310 312 313 317 319 320 327 338 339 343 346 355 364 365 368 369 380 388 393 396 398 402 404 405 408 416 420 422 427 428 432 434 444 445 449 450 452 454 459 460 464 474 480 487 494 496 507 509 511 513 523 535 541 542 544 547 548 550 552 563 564 569 574 575 593 598 603 610 614 616 620 629 630 645 663 682 697 698 699 
26 40 45 61 62 71 80 90 104 113 122 148 149 153 157 161 164 173 181 182 184 190 195 210 217 223 225 241 244 249 252 281 289 303 310 335 339 341 342 343 354 364 367 385 405 415 438 445 446 454 459 460 464 477 480 490 492 496 503 512 514 518 522 531 533 535 539 541 544 549 553 558 562 568 569 571 572 573 587 607 608 618 626 658 662 676 679 680 682 684 685 692 
59 64 67 75 79 90 114 139 144 149 153 157 160 171 176 181 182 186 197 202 206 223 224 227 234 235 241 249 260 279 285 289 303 310 311 338 339 343 364 366 369 380 390 399 400 403 405 406 443 444 450 454 463 464 469 480 490 493 496 520 522 529 535 541 544 548 550 552 569 574 575 577 602 605 608 619 628 634 654 663 668 678 679 688 690 696 
28 29 33 52 60 78 120 134 136 155 196 198 211 239 267 278 283 288 289 298 307 312 323 324 329 333 361 378 381 392 394 413 448 456 457 458 463 477 481 497 528 543 589 592 595 597 631 646 666 679 
20 27 50 65 95 110 111 117 130 132 143 147 150 159 165 174 178 205 213 214 215 220 222 225 230 245 251 265 280 293 297 309 322 337 340 352 358 363 376 377 420 432 437 450 459 466 472 473 478 479 506 519 529 530 546 550 557 560 561 568 596 630 632 640 642 644 655 661 665 669 675 694 
8 23 45 53 92 95 133 142 194 199 200 204 237 264 269 276 291 298 306 316 329 345 349 362 385 387 398 418 419 423 427 435 446 453 468 475 480 482 489 500 501 502 511 524 528 549 566 569 585 586 601 610 611 615 621 653 665 675 678 688 691 
17 24 28 77 83 85 86 124 131 135 142 146 154 160 170 171 177 187 188 197 208 209 224 227 234 242 248 256 275 277 294 301 302 304 311 313 326 335 338 340 346 369 376 387 388 401 404 417 426 443 444 457 460 469 473 488 496 504 507 509 522 523 532 538 543 548 555 575 592 603 612 621 622 624 626 629 654 656 660 663 665 667 669 672 673 677 688 697 699 
6 7 17 23 28 34 46 47 55 57 63 64 75 79 95 97 112 115 127 133 135 137 138 144 151 159 160 166 167 171 191 202 204 206 212 224 225 229 235 240 242 252 259 260 266 271 275 277 278 279 280 285 295 302 304 311 313 315 320 321 334 340 349 351 353 355 356 357 363 365 377 379 386 389 390 391 393 396 397 402 403 406 407 413 416 422 431 432 434 436 444 449 457 462 463 467 469 493 501 504 505 511 512 513 515 516 526 529 533 537 543 548 555 559 563 571 573 575 578 579 582 591 592 593 596 597 599 607 608 612 614 617 621 622 624 628 634 635 645 646 647 651 662 663 664 669 672 673 680 682 686 688 689 690 696 
56 69 85 97 113 119 134 138 142 160 170 187 203 205 233 237 251 258 266 271 280 284 315 321 334 338 359 370 372 379 390 391 397 402 403 405 437 441 448 449 455 462 470 471 476 488 489 505 508 512 536 543 545 555 559 578 579 599 600 616 626 646 659 660 662 667 670 680 688 690 
4 9 18 21 34 41 43 45 52 57 59 61 63 66 70 78 80 84 86 87 95 97 98 103 104 108 109 110 113 117 127 128 129 132 137 139 144 148 153 154 156 160 161 166 187 189 198 202 213 216 224 239 240 244 251 252 254 255 256 259 272 276 281 292 294 301 304 314 316 317 319 325 326 327 330 335 341 345 346 350 354 358 360 363 365 367 369 374 384 388 389 390 400 401 406 415 423 427 428 430 432 436 438 440 446 449 458 462 463 465 467 469 473 477 484 485 490 491 492 493 495 496 500 503 504 509 512 513 515 516 518 519 523 524 526 527 529 533 534 537 542 548 552 559 565 567 572 573 576 580 586 587 600 603 609 610 611 612 619 622 625 628 629 631 632 636 644 647 648 651 654 655 656 659 665 666 672 677 685 690 691 693 699 700 
28 29 47 50 51 59 61 65 87 100 111 119 124 150 158 172 179 180 182 197 203 213 214 215 222 225 230 231 236 243 245 250 266 272 273 282 286 287 290 298 313 320 322 323 327 329 333 335 337 348 349 358 360 361 363 366 374 375 376 377 386 390 399 405 410 414 420 422 429 432 434 436 437 442 445 449 450 459 466 472 474 479 484 486 491 494 497 503 506 510 517 520 528 530 534 538 546 547 548 550 552 558 561 568 581 595 605 616 620 633 636 658 671 694 698 
20 22 24 31 60 68 77 78 82 85 87 89 93 114 116 120 123 141 148 158 162 168 170 180 182 191 192 194 196 197 198 203 206 208 211 218 221 223 229 233 239 248 250 255 265 268 270 278 282 283 286 287 290 294 299 301 302 307 314 318 324 331 338 344 347 350 357 360 362 365 369 372 374 375 381 390 392 394 395 396 399 413 421 429 439 441 445 448 449 451 456 458 459 461 472 476 477 479 481 488 491 494 495 503 506 510 511 522 526 527 531 532 538 547 553 554 555 556 573 575 577 578 588 592 597 598 602 606 607 613 615 617 626 633 636 639 643 646 649 652 657 665 666 671 689 
6 7 34 47 64 68 72 79 82 84 87 97 108 113 116 133 138 158 159 170 180 191 192 194 199 201 203 204 222 229 234 236 248 252 266 271 275 277 280 282 284 287 290 306 314 315 321 327 328 331 334 342 349 350 353 356 360 372 375 379 385 386 390 391 393 396 397 405 406 407 413 415 422 424 429 431 433 441 442 446 448 465 469 472 484 491 493 495 505 506 510 515 517 526 527 531 538 545 553 555 559 564 573 578 579 582 586 591 592 593 596 599 607 610 615 623 633 634 635 636 643 645 646 652 662 664 668 671 674 676 680 682 686 693 
17 20 24 35 39 43 49 57 59 63 66 68 72 73 83 84 86 87 88 92 95 97 102 103 104 116 118 122 126 127 128 131 132 133 137 139 142 146 155 158 166 170 172 180 182 183 188 193 196 199 201 203 209 242 248 251 252 256 259 266 269 277 279 282 287 290 294 299 301 306 317 319 325 326 330 335 346 350 351 360 363 367 371 374 375 383 384 387 388 389 392 396 397 400 404 423 424 428 429 436 439 440 441 442 449 452 472 473 479 484 491 493 495 498 499 501 503 509 510 514 515 516 518 523 525 526 527 529 531 532 537 538 539 540 542 543 551 555 564 571 575 577 578 580 586 592 596 603 604 612 613 622 623 624 629 633 636 641 646 647 652 654 656 658 660 665 669 671 672 677 685 695 696 699 
1 5 8 12 13 22 29 30 36 39 40 46 58 59 61 64 65 66 67 71 73 74 75 76 84 90 91 94 95 100 104 105 106 107 110 117 118 122 123 124 125 126 128 132 135 136 140 145 147 154 156 160 164 168 171 176 179 182 184 186 187 190 193 195 197 207 208 212 218 219 222 224 225 226 233 235 238 240 243 246 251 253 260 261 262 264 265 266 273 276 279 284 285 288 289 293 294 298 300 301 302 305 308 309 311 312 313 317 318 320 323 325 327 331 332 333 334 336 341 342 344 345 346 347 349 354 357 358 361 362 366 367 368 371 373 380 382 383 385 387 388 389 390 395 396 398 400 403 404 405 406 408 410 413 415 422 425 427 428 430 431 434 436 443 444 445 446 450 451 452 456 459 460 462 463 469 470 473 474 475 478 487 490 492 494 496 497 498 499 500 501 503 504 507 509 511 514 515 517 518 519 520 521 523 524 525 527 528 529 531 533 534 539 540 547 551 555 556 558 561 562 564 569 570 571 572 573 574 575 576 577 579 581 584 586 587 588 590 595 598 602 604 605 606 607 610 611 613 616 617 618 620 621 622 626 627 628 629 631 634 635 639 641 644 646 648 649 651 652 655 658 663 665 667 668 677 678 682 684 687 688 689 690 691 692 695 696 697 698 699 
12 25 33 39 46 68 92 98 100 108 110 111 117 123 126 132 136 146 152 168 170 183 188 191 193 196 199 200 208 212 214 218 228 230 233 240 248 250 258 263 264 265 277 293 295 296 302 303 305 307 318 320 328 329 337 338 345 346 347 348 349 350 357 362 363 366 369 371 381 383 386 391 395 410 414 420 422 430 434 435 437 439 441 442 453 458 459 460 475 483 488 491 493 494 495 499 502 503 504 506 508 512 517 520 525 540 550 551 566 569 571 573 575 577 578 588 590 595 601 602 604 611 613 614 615 617 618 639 641 644 649 650 651 652 653 655 661 679 689 691 696 
2 5 8 9 10 13 18 21 34 36 37 39 41 43 45 46 48 49 53 55 58 61 66 70 72 73 74 81 83 86 88 89 95 96 97 98 99 100 102 103 105 106 108 109 112 115 116 121 125 126 128 129 130 132 136 145 146 151 152 153 154 156 157 158 161 163 165 167 168 169 171 172 173 175 176 178 179 180 181 182 188 189 193 194 196 200 201 202 203 204 207 208 209 212 216 218 222 224 227 229 231 233 237 240 241 244 245 246 251 253 254 256 260 262 264 267 269 272 273 274 275 276 277 282 285 287 289 291 292 294 295 296 297 299 301 302 303 304 305 306 308 310 312 313 316 317 318 320 325 326 327 328 335 338 341 343 346 347 349 354 355 360 362 363 364 365 366 367 368 369 371 374 375 376 378 380 383 384 386 388 390 391 394 395 397 398 400 401 402 404 405 406 408 409 410 411 412 414 415 416 417 418 419 420 422 423 424 426 427 428 432 433 436 438 439 443 444 447 449 451 452 453 464 465 467 468 469 472 473 475 477 479 480 482 484 486 487 489 493 496 499 500 501 502 504 507 509 510 511 512 513 518 520 521 523 524 526 528 529 530 532 534 535 538 540 541 546 548 549 551 552 555 557 561 562 563 564 565 570 571 572 574 575 576 577 578 579 580 584 585 586 588 589 593 594 600 603 610 611 613 614 615 616 617 619 622 623 625 627 628 629 633 636 637 638 639 641 645 649 651 654 656 657 661 665 666 667 671 672 675 677 681 682 683 684 685 689 691 693 697 699 700 
17 24 28 36 81 85 89 131 135 142 145 148 156 170 177 187 188 193 197 201 206 209 219 224 242 248 250 271 277 278 280 281 288 294 304 314 335 338 350 358 369 387 414 426 438 441 443 457 491 495 504 506 523 532 533 543 555 556 560 564 584 585 592 602 607 612 613 624 626 646 652 660 667 669 670 673 680 681 687 688 
11 23 28 55 85 92 110 116 117 119 125 136 139 144 155 177 193 273 275 284 286 293 304 335 340 351 352 358 374 377 394 400 411 420 426 430 436 438 440 462 463 485 493 499 501 503 505 515 529 532 549 559 578 596 611 612 619 625 626 631 634 642 644 646 650 655 660 665 669 674 676 685 700 
11 14 23 28 48 55 70 87 96 109 119 133 139 144 155 175 176 186 202 204 206 215 216 246 247 254 272 273 275 286 292 299 300 304 308 327 340 351 352 373 374 377 378 390 395 397 400 401 404 409 411 415 420 423 427 436 438 440 447 462 463 477 478 500 501 528 529 534 549 557 576 586 596 600 605 608 612 619 625 631 632 634 637 638 642 650 651 674 676 683 690 694 
48 96 101 107 121 133 141 163 175 176 209 216 237 247 251 286 299 302 308 373 374 376 378 386 398 409 411 415 427 429 433 446 447 461 462 465 476 478 484 522 528 538 556 580 587 589 594 607 636 637 638 643 654 671 676 683 699 700 
37 46 47 51 62 68 79 90 99 106 112 115 116 135 141 151 162 167 170 181 191 197 221 225 248 250 255 268 269 270 295 298 299 313 314 327 349 350 355 365 374 383 391 402 416 421 422 432 434 441 445 449 452 472 474 487 491 494 495 511 512 513 527 540 547 552 563 564 571 578 593 598 599 602 606 614 615 620 652 657 680 689 697 698 
6 12 30 47 63 66 67 79 84 105 110 117 125 136 147 149 156 160 164 184 186 193 195 207 212 223 231 256 261 264 274 275 285 293 327 345 353 356 358 384 385 387 393 406 407 413 417 422 429 430 431 433 443 451 473 479 493 503 513 514 520 531 533 539 540 556 570 571 573 576 578 591 592 593 601 602 603 611 618 627 631 642 644 645 648 652 655 662 664 668 672 681 684 686 691 692 693 699 
4 14 22 26 31 38 45 61 62 80 90 93 107 113 114 135 138 141 148 156 159 161 162 170 190 191 195 197 199 209 210 213 215 216 217 221 224 244 248 252 253 255 258 266 268 269 270 271 281 286 298 301 334 335 341 342 349 354 367 372 374 382 385 390 391 397 404 415 421 425 436 438 445 446 454 468 474 475 483 490 492 505 506 511 512 514 518 524 531 547 549 552 555 557 559 562 579 582 583 587 592 598 599 601 602 605 606 607 608 615 620 622 646 652 657 658 662 676 680 682 698 
4 19 54 64 66 70 76 82 83 84 90 94 104 109 118 119 122 145 154 156 179 182 183 187 257 262 278 289 292 300 312 319 330 331 336 344 348 362 369 372 377 384 385 401 407 413 415 423 426 434 436 440 449 466 477 481 485 492 493 494 498 499 515 519 520 525 533 534 539 542 546 559 565 567 568 569 572 576 585 590 592 595 604 605 609 619 621 625 629 635 642 650 659 662 667 668 673 674 677 678 679 687 691 695 697 699 
14 16 24 33 36 40 68 77 81 84 89 92 94 105 111 119 125 136 149 150 153 157 170 181 185 192 194 206 207 214 215 219 222 230 238 249 271 274 280 284 288 293 294 297 299 301 303 310 311 312 313 315 318 322 334 337 338 345 350 364 366 372 376 379 388 389 391 396 397 399 405 414 417 420 430 431 432 437 438 439 441 443 450 451 456 459 461 464 466 476 480 481 489 491 492 505 506 521 522 530 535 540 541 544 546 550 553 554 556 559 562 564 568 569 570 576 578 582 584 599 602 611 613 618 626 627 630 643 644 646 648 650 652 655 660 666 681 682 684 687 690 694 699 
15 16 24 30 33 36 40 64 71 77 81 82 89 93 105 116 122 125 135 145 149 159 178 184 185 192 194 195 197 202 205 206 207 212 219 222 225 238 251 257 260 261 264 266 272 274 288 297 299 301 302 309 311 318 319 327 330 348 365 372 380 382 385 396 399 416 417 419 423 431 438 440 443 445 451 452 456 459 461 476 478 481 485 487 489 492 494 505 514 519 521 522 531 533 539 542 550 552 553 554 556 560 562 564 565 570 571 573 576 579 581 584 585 599 600 609 610 613 614 618 621 625 626 627 629 630 632 640 643 648 659 661 675 681 682 684 
11 23 48 55 75 85 90 96 101 107 121 137 139 144 148 149 153 155 157 163 172 175 176 181 186 189 204 206 234 241 242 247 249 251 275 277 286 289 293 298 303 304 310 313 339 340 343 351 352 364 369 373 376 377 378 386 393 405 409 411 415 426 433 434 436 446 447 450 454 460 463 464 478 480 484 493 496 501 511 515 516 526 528 535 541 544 556 557 559 569 589 594 596 598 608 614 619 631 634 637 638 642 646 647 650 651 654 660 669 674 676 679 682 683 685 693 694 
3 25 29 36 41 47 54 57 63 76 78 79 81 89 90 93 94 97 102 104 118 120 127 135 137 139 146 148 160 166 198 200 211 219 228 236 243 250 258 259 262 263 265 274 275 277 278 283 288 300 301 303 307 312 314 316 317 324 328 329 331 336 344 353 356 363 371 383 389 392 393 400 406 407 413 423 435 436 438 439 441 442 443 448 452 453 458 462 477 479 483 491 492 493 498 506 508 509 515 516 519 525 527 531 537 538 565 566 567 568 569 572 573 584 590 591 592 597 598 601 604 605 607 612 614 618 620 621 622 625 627 629 631 634 635 641 642 645 647 648 653 657 664 672 678 679 681 684 686 687 689 693 695 699 700 
12 20 36 65 72 75 86 88 95 97 100 130 132 137 140 143 147 152 154 159 173 174 178 179 196 201 220 231 236 246 253 260 267 277 296 297 298 305 306 317 320 323 327 328 329 336 346 347 366 388 410 412 414 424 428 459 460 469 486 501 504 509 517 519 520 521 548 552 558 560 561 569 572 576 581 590 608 616 621 623 629 632 639 640 642 646 656 661 675 677 678 687 688 689 693 699 
