21 26 59 60 74 77 82 89 120 124 125 420 463 492 581 645 
37 56 78 88 111 118 138 180 207 209 211 232 252 352 362 444 447 456 471 480 503 517 520 524 528 531 581 591 637 653 691 
36 38 44 45 73 83 99 105 113 120 137 156 178 194 206 220 227 280 365 388 404 422 452 488 505 540 574 580 610 626 647 667 674 688 
37 56 78 88 111 118 138 180 207 209 211 232 252 265 270 352 362 444 447 456 471 480 503 517 520 524 528 531 581 591 637 653 691 
34 51 59 64 125 151 183 185 203 241 310 342 368 427 449 452 463 476 480 486 492 500 502 512 518 519 538 598 600 629 633 663 666 
3 47 58 81 98 120 166 174 189 196 200 267 282 307 341 375 380 417 493 507 533 
4 5 10 79 104 107 117 125 165 199 217 270 274 281 285 294 336 394 447 591 611 641 
16 34 45 123 146 190 229 231 246 247 261 349 393 396 397 437 442 473 480 495 552 555 558 566 568 576 660 663 685 694 
92 96 101 103 107 114 167 168 171 182 195 212 264 266 271 369 407 457 526 535 550 558 569 581 590 593 599 614 620 643 680 
7 11 16 44 45 52 67 83 94 109 147 188 190 210 243 244 253 266 280 293 301 308 322 339 391 409 419 420 422 424 435 436 451 482 498 505 507 509 515 529 540 543 559 561 580 583 584 608 612 626 654 655 656 665 668 688 697 
37 84 85 87 95 112 153 157 175 202 215 216 221 226 265 266 279 291 319 329 333 348 351 357 414 423 439 484 504 527 530 546 556 570 579 581 595 611 640 677 683 686 
1 15 23 47 54 94 110 123 160 164 179 201 228 239 287 296 304 320 330 360 377 379 385 386 431 436 464 483 494 510 541 554 571 589 592 606 671 672 
16 18 40 46 57 62 68 96 127 142 172 181 187 230 243 244 250 272 279 331 332 335 397 419 424 432 434 435 436 482 486 495 539 559 561 563 576 602 607 612 621 631 649 652 656 663 665 670 
8 49 93 108 132 135 163 173 223 235 317 325 326 341 371 381 389 400 410 454 455 567 645 
24 28 32 55 63 128 136 167 169 195 248 255 258 323 332 337 355 391 425 441 454 474 491 500 513 533 542 546 570 628 689 
20 41 50 86 131 148 162 167 205 214 265 298 312 345 384 408 445 460 468 496 641 648 
25 31 47 76 133 152 170 186 231 242 243 260 277 278 289 297 308 332 339 343 344 356 363 376 377 378 382 383 391 395 409 419 421 435 438 466 469 478 500 501 509 525 547 560 561 582 623 648 661 676 
29 34 66 70 145 188 190 193 217 227 237 245 253 262 266 279 308 321 339 354 361 364 378 387 419 422 429 435 451 462 475 497 498 515 525 553 559 561 562 584 608 612 613 635 638 654 655 665 668 687 
7 22 42 43 61 70 95 116 198 222 227 236 263 269 292 340 344 398 402 404 443 453 465 533 536 549 577 587 594 627 636 645 674 684 
16 34 45 108 119 123 142 146 157 171 190 199 229 231 246 247 261 300 311 314 327 338 343 346 347 349 350 393 396 397 399 415 422 437 442 467 473 480 481 485 495 511 523 529 538 543 552 555 558 566 568 576 578 586 604 611 619 624 640 643 644 650 660 663 685 694 697 
13 14 37 61 70 75 84 85 87 95 112 122 123 130 141 144 153 175 191 192 202 214 215 216 221 226 231 265 266 279 286 291 319 328 329 333 348 351 357 374 390 403 405 414 416 423 433 439 446 479 484 486 487 504 516 527 530 544 546 556 570 579 581 587 591 611 615 628 630 634 639 640 646 655 675 677 678 683 686 696 699 
61 65 80 96 108 143 158 184 219 225 249 259 265 295 302 334 370 413 436 452 489 522 575 601 605 616 672 679 681 
6 17 48 69 71 91 107 118 150 161 170 177 197 202 262 297 351 358 359 361 364 366 409 418 426 429 431 440 458 462 472 475 497 515 553 562 571 588 609 617 618 632 635 638 641 642 654 672 687 689 692 
1 2 8 9 13 14 17 37 48 61 69 70 71 75 85 87 91 94 106 107 110 112 118 121 122 123 124 130 141 144 150 153 154 159 161 170 175 177 191 192 202 204 208 213 214 215 216 218 221 231 238 240 251 262 273 283 286 290 291 303 306 328 329 333 344 348 351 358 359 361 364 366 371 373 374 390 400 401 403 405 411 412 414 416 418 420 423 426 429 439 440 446 448 455 458 472 475 484 486 487 492 497 499 504 506 508 510 516 527 530 537 544 546 548 551 556 562 565 571 573 587 588 591 611 613 615 617 618 630 632 634 638 639 641 642 646 655 675 677 678 682 683 687 692 693 696 698 699 
27 34 35 53 94 129 134 139 184 224 233 254 268 276 284 301 315 318 324 335 367 397 454 469 470 479 494 532 534 571 572 595 603 622 658 678 689 699 
2 7 30 97 102 126 222 288 309 313 335 377 392 406 428 443 450 459 461 507 509 514 521 547 585 594 595 597 625 648 651 659 664 669 673 695 
33 72 94 108 119 171 199 274 300 301 311 314 327 338 340 346 347 350 369 399 415 422 437 466 467 481 485 511 523 529 538 543 558 578 586 604 619 620 624 641 643 644 660 697 
1 2 9 19 37 39 94 95 106 115 121 124 159 179 188 213 214 234 256 257 273 275 283 287 299 303 305 317 341 353 372 377 378 381 410 412 420 430 448 477 490 499 506 508 510 537 541 546 548 551 554 557 564 567 571 573 589 596 606 613 662 671 690 693 698 
12 31 76 84 90 95 100 118 133 140 149 152 155 157 170 175 176 186 190 197 231 242 260 277 278 289 297 316 343 348 356 363 376 377 378 382 383 392 395 406 409 421 428 431 433 438 442 466 469 478 495 501 509 514 525 545 547 552 555 560 566 568 582 585 587 595 597 603 609 611 623 625 640 648 650 657 659 660 661 669 673 676 689 695 699 700 
