23 24 29 39 50 51 71 104 122 144 145 154 164 168 199 206 237 246 247 256 318 399 415 417 421 506 570 595 616 638 643 665 668 711 716 746 752 833 860 868 883 923 935 991 993 995 1017 1022 1069 1071 1075 1092 
14 17 127 129 149 151 181 247 256 271 286 400 435 459 473 567 585 599 611 613 633 635 692 713 730 768 788 790 818 848 862 864 866 893 900 907 916 921 985 996 1006 1019 1023 1026 1031 1040 1044 1087 
70 72 81 97 103 109 117 142 174 176 199 353 390 443 446 513 543 549 552 558 564 571 586 604 625 628 669 745 821 856 869 871 891 919 960 1022 1024 1030 1037 1065 1088 
21 24 71 104 113 119 137 154 168 195 199 208 225 234 237 244 256 270 276 337 386 415 447 477 485 492 505 506 516 544 568 580 586 595 612 616 621 624 627 638 644 652 668 693 703 710 716 726 735 746 758 774 784 795 807 854 860 868 876 883 889 893 896 905 912 919 935 966 988 1017 1022 1030 1049 1071 1075 1088 
21 56 88 112 114 126 146 202 209 231 234 257 351 464 503 514 529 538 588 614 632 641 646 661 668 675 687 708 723 767 773 799 811 894 903 904 906 916 938 973 1005 1072 1073 
15 19 38 44 54 89 101 159 222 375 627 636 773 1039 1054 1082 
45 57 87 148 157 189 193 265 305 331 348 466 498 499 539 614 666 803 814 823 849 918 980 1036 1062 1068 
19 53 62 91 163 258 277 301 302 424 426 450 496 500 510 517 529 533 604 637 668 708 731 792 1005 
34 72 92 132 137 154 171 195 208 217 264 268 271 281 311 333 346 353 390 397 413 505 561 565 598 612 624 640 644 648 702 703 705 731 749 751 764 774 780 795 796 829 861 879 902 913 956 970 973 1013 1016 1034 1043 1055 1059 1063 1066 1081 1086 1098 
2 23 46 52 62 65 72 92 99 106 112 114 118 119 126 130 137 171 175 184 186 195 202 208 214 231 257 264 266 268 291 293 301 303 311 315 346 368 384 390 397 401 408 415 423 426 443 464 467 468 487 489 505 514 529 533 546 556 565 583 584 595 598 600 604 612 620 624 637 640 641 643 644 655 695 697 698 702 703 705 726 731 736 742 749 755 761 764 766 767 774 780 792 794 797 799 805 810 813 841 861 863 865 870 884 890 899 903 904 913 922 926 928 948 968 982 1005 1013 1016 1032 1034 1043 1051 1062 1065 1071 1075 1086 
68 102 140 162 198 200 248 275 306 321 334 348 357 398 406 455 478 550 551 553 622 662 701 713 761 790 791 812 818 873 885 886 921 978 991 999 1004 
97 118 135 136 157 166 167 184 235 251 252 263 268 273 280 315 336 403 415 444 450 520 541 557 583 625 639 685 721 730 736 785 797 808 823 843 863 879 884 890 899 911 913 920 922 944 968 979 1005 1021 1055 
13 57 58 130 135 166 167 184 213 235 268 278 280 315 320 346 363 383 384 409 435 439 450 456 462 465 468 508 535 548 565 579 591 610 665 668 673 678 699 715 722 729 736 760 797 808 841 863 879 880 884 890 899 902 913 927 942 944 945 955 968 1039 1059 1098 
63 131 148 215 245 287 307 365 411 440 452 465 472 522 532 576 612 632 678 712 734 764 805 814 831 881 902 1012 1015 1058 1066 1073 1079 1081 
36 68 80 102 140 143 162 169 180 183 187 200 201 221 224 244 276 289 297 306 319 328 331 334 338 339 376 406 419 442 443 455 456 465 470 526 539 546 549 550 551 553 555 562 568 569 578 580 602 617 622 632 635 638 645 662 693 701 707 718 748 751 753 761 791 793 804 807 809 812 818 827 830 834 855 856 864 873 885 886 890 896 897 905 917 921 957 966 978 1022 1027 1047 1077 
11 41 61 63 72 119 158 160 170 177 183 191 205 225 226 242 270 282 284 289 305 337 345 386 389 394 460 483 485 490 491 496 519 544 564 566 568 583 586 593 607 624 627 634 669 689 719 731 735 749 754 776 777 779 780 787 820 830 833 836 855 856 861 873 875 882 889 902 905 908 912 937 940 956 963 965 970 974 984 988 996 1003 1014 1028 1034 1036 1039 1042 1053 1054 1055 1086 
27 30 108 112 114 202 219 231 232 257 294 317 367 370 387 388 393 464 474 503 507 524 529 538 588 590 609 641 661 708 717 732 767 799 811 850 877 903 904 906 929 941 961 981 985 992 995 1013 1072 1084 1086 1093 1098 
35 41 79 122 123 157 172 179 211 212 226 300 304 305 332 371 375 396 410 444 471 481 508 511 512 520 530 540 546 583 590 591 607 669 670 671 678 689 721 733 738 794 820 823 824 825 826 830 868 873 882 907 925 939 970 982 989 1003 1028 1029 1036 1050 1053 1060 1063 1068 1073 1079 1086 1088 1094 
28 37 56 69 123 134 148 173 212 223 237 251 253 269 285 296 299 308 321 336 343 350 359 374 375 392 414 425 433 437 453 484 503 509 510 516 526 527 529 531 539 555 558 560 565 578 587 610 615 618 620 631 643 666 696 723 724 739 740 756 758 770 773 786 812 815 836 862 874 895 926 934 939 956 967 970 973 974 984 993 994 1002 1004 1006 1018 1046 1057 1060 1066 1082 1090 1096 1100 
22 63 94 133 146 161 194 222 223 239 283 314 343 391 408 427 442 451 490 492 503 542 556 561 591 631 642 666 727 788 821 853 898 907 918 933 951 967 1033 1051 1081 
28 37 55 73 76 148 173 204 212 249 253 269 282 285 308 321 336 347 350 362 369 373 374 392 414 433 437 448 453 509 510 526 527 531 539 555 558 560 578 587 610 615 618 620 666 696 740 756 758 766 773 786 812 815 862 874 879 908 926 944 956 970 974 993 994 1002 1004 1006 1018 1049 1051 1060 1073 1090 1096 1100 
41 63 79 109 134 172 175 226 242 305 353 410 412 446 481 487 509 531 540 546 583 607 669 689 695 698 733 779 781 820 830 854 882 904 950 960 973 1003 1009 1024 1028 1036 1053 1055 1063 1068 1073 1085 1086 1088 
60 64 65 74 107 193 218 227 233 244 249 289 294 318 331 354 419 443 470 478 498 501 509 514 546 580 599 601 614 621 634 657 661 664 674 675 692 693 703 729 737 762 783 807 812 826 830 834 837 858 864 890 896 898 903 905 920 997 1020 1072 1083 
21 64 65 74 107 112 114 186 202 218 231 233 249 294 313 325 351 380 443 464 475 478 498 503 509 514 529 538 539 588 599 604 614 628 641 646 661 664 668 674 675 690 708 723 745 747 767 783 799 811 826 872 898 903 904 906 938 982 997 1019 1020 1049 1064 1072 1073 1095 1098 
17 27 30 108 125 219 228 232 292 294 317 324 354 367 370 387 388 393 473 474 507 511 524 590 593 609 626 649 653 679 686 694 717 732 765 771 842 850 858 862 877 889 902 907 929 941 961 976 978 981 985 992 995 1010 1039 1045 1067 1084 1086 1093 
72 75 86 103 113 116 158 160 163 171 177 186 191 197 199 205 282 284 308 313 325 360 362 373 374 380 389 400 413 414 433 442 459 460 475 477 482 483 512 518 519 522 526 530 531 555 558 564 565 573 577 578 581 587 595 618 628 634 642 665 670 674 690 715 729 730 745 747 757 761 762 783 786 812 836 838 851 859 872 925 934 937 944 965 970 972 984 1028 1034 1042 1049 1051 1060 1064 1092 
31 48 56 93 98 123 190 210 212 222 223 234 297 304 312 314 334 343 345 359 367 371 375 391 402 426 427 431 491 492 503 517 534 561 566 593 630 631 642 652 666 678 685 697 723 727 754 773 776 777 787 802 834 852 876 891 895 898 907 908 911 922 925 939 963 967 978 984 1005 1014 1027 1049 1060 1064 1082 1085 1088 1094 
12 66 78 97 118 128 139 141 156 165 170 178 215 241 245 261 262 263 271 284 287 288 311 333 341 364 372 381 398 403 411 424 428 432 434 436 440 445 448 453 469 495 522 525 534 540 541 544 561 568 572 576 592 620 625 632 634 639 642 650 675 678 682 684 706 710 712 721 730 738 749 785 787 794 805 814 834 843 844 855 859 892 909 926 928 940 954 964 975 979 989 992 994 1001 1015 1021 1025 1035 1041 1062 1070 1076 1092 1097 1099 
5 11 56 61 125 160 170 183 205 236 242 244 340 343 345 377 389 398 402 418 435 457 485 490 491 494 496 502 504 537 559 566 593 629 630 636 647 656 674 680 686 706 713 719 723 735 754 773 775 776 777 784 787 819 834 855 856 875 876 896 897 901 902 908 931 940 955 963 965 969 972 973 974 984 1014 1031 1039 1048 1079 1080 1085 1099 
18 49 58 84 90 98 190 288 310 316 330 358 359 363 400 420 430 450 470 481 512 514 532 549 569 572 581 591 596 631 680 683 691 697 709 725 765 766 770 771 782 783 789 825 846 865 878 888 939 958 962 983 998 1007 1019 1046 1061 1067 1075 1085 
85 240 255 309 326 378 394 445 458 480 515 520 528 529 536 547 557 589 648 675 677 718 721 772 773 823 895 920 974 1015 
68 93 102 123 140 158 162 190 200 223 234 297 306 308 312 314 334 362 374 391 402 406 408 414 433 442 451 455 478 492 503 526 550 551 553 558 578 587 618 622 631 652 662 675 701 713 727 761 773 779 786 791 812 818 853 873 876 885 886 891 895 898 907 921 922 933 957 967 978 993 1003 1004 1028 1051 1082 
39 43 56 96 126 130 131 133 215 222 229 251 257 275 307 316 351 359 365 378 382 396 431 440 458 465 467 480 484 515 517 528 532 536 547 575 576 589 604 632 648 658 668 675 677 685 695 697 712 718 723 734 748 773 783 805 814 831 852 860 881 894 895 898 904 916 922 956 984 993 1005 1012 1015 1081 1082 1095 
15 31 38 39 54 56 101 130 133 136 157 159 165 222 229 251 252 273 275 301 316 359 367 375 378 403 415 426 431 458 467 480 517 520 536 547 557 583 604 627 675 685 697 718 730 773 787 802 808 823 852 881 895 898 909 911 920 922 984 1005 1054 1055 1082 
5 9 60 61 83 125 128 133 236 244 323 340 377 399 418 456 457 488 494 502 504 508 537 551 559 566 574 629 630 636 647 656 680 687 720 723 768 771 775 784 800 819 867 901 915 924 955 969 972 973 1010 1048 1079 1080 
2 5 25 41 49 61 69 79 100 117 125 137 141 147 150 157 172 208 226 230 236 237 264 286 293 296 299 305 308 340 344 356 359 373 377 379 394 410 414 416 418 425 429 450 457 481 493 494 502 504 529 531 533 537 540 546 551 591 596 597 603 607 620 629 630 636 643 646 647 656 659 671 676 689 709 713 739 770 774 775 779 784 789 809 816 819 820 824 835 839 865 872 888 901 909 930 931 934 936 949 955 957 969 972 973 986 1002 1003 1009 1016 1036 1038 1046 1048 1049 1052 1053 1056 1057 1059 1060 1061 1063 1064 1068 1079 1080 1081 1085 1086 1097 
47 57 80 143 153 173 180 201 221 253 282 285 328 331 333 336 339 350 395 463 465 491 516 560 562 610 615 620 632 648 667 696 707 724 740 748 751 756 758 793 804 809 815 854 856 874 888 890 897 994 1004 1017 1018 1027 1049 1066 1077 1081 1090 1096 1100 
66 75 82 103 110 113 163 186 197 199 218 234 254 279 290 308 313 325 329 380 412 413 442 449 459 475 477 478 512 518 539 551 573 577 628 646 665 690 692 729 730 743 745 747 757 761 783 798 838 841 846 852 857 872 906 911 936 943 955 959 967 989 997 999 1011 1019 1027 1049 1054 1064 1091 
112 114 170 202 231 234 257 270 386 443 464 493 529 538 588 632 641 646 661 668 675 687 708 723 767 799 811 903 904 916 970 1072 1098 
16 109 198 218 233 248 253 258 259 306 308 321 348 357 398 404 422 445 453 466 479 509 518 614 622 651 664 669 675 687 692 700 790 791 793 798 862 880 887 894 938 997 999 1008 1024 1043 1058 1089 1095 
60 83 117 128 147 230 237 264 296 299 323 330 379 399 450 456 470 488 501 508 546 584 596 597 643 671 687 695 709 720 723 739 789 800 816 835 867 888 906 915 930 1046 1057 1061 1079 1097 
67 80 128 143 153 182 192 213 216 224 238 243 264 267 274 293 297 298 372 373 382 395 407 415 466 472 487 497 516 530 549 554 567 574 605 610 616 635 647 650 659 670 671 672 692 704 710 728 731 733 768 770 772 775 816 824 832 843 845 854 871 891 893 911 917 924 932 937 950 952 971 975 986 990 994 1002 1024 1029 1038 1044 1075 1088 1094 
66 82 110 111 134 142 156 181 184 213 241 247 259 278 279 284 290 329 386 405 409 412 424 449 459 462 482 512 525 548 570 590 623 636 641 646 659 673 688 722 729 743 757 759 760 761 809 819 820 824 828 846 851 881 902 906 927 928 931 932 936 940 942 943 959 973 975 989 990 1011 1027 1074 1077 1091 
50 61 95 122 125 133 145 170 206 228 236 244 246 281 292 324 340 354 359 398 399 417 421 457 486 496 502 504 511 537 566 570 626 630 636 643 649 653 656 657 665 679 686 694 706 711 716 719 752 765 771 775 776 777 817 819 824 833 842 855 901 902 923 925 931 940 943 955 969 972 976 989 995 1010 1017 1045 1048 1062 1067 1069 1080 1087 
20 32 59 65 100 105 116 120 125 128 139 141 150 155 158 165 181 185 196 197 227 233 262 263 267 271 272 275 286 293 294 298 334 342 344 348 356 360 373 382 394 403 407 414 416 425 447 448 466 493 501 541 574 599 601 603 614 620 621 634 639 659 715 721 737 762 768 781 784 785 787 814 819 824 832 837 839 843 858 868 893 908 909 911 924 928 932 934 937 938 944 949 965 968 971 974 979 986 987 991 994 1001 1009 1015 1018 1021 1024 1038 1044 1051 1056 1060 1089 1097 
11 17 40 58 65 99 111 118 156 164 175 181 209 214 217 225 229 241 247 259 279 284 290 295 314 316 329 386 398 405 412 421 424 428 449 459 467 469 482 525 549 572 590 623 625 642 667 673 682 684 686 688 691 706 729 743 757 759 801 806 828 838 851 859 872 878 881 888 889 906 926 928 931 936 940 943 948 954 959 967 1006 1025 1031 1032 1041 1043 1062 1074 1077 1081 1091 1092 
25 41 49 58 61 69 79 110 117 134 170 172 183 222 226 230 241 242 264 290 296 299 305 308 345 379 389 399 410 412 435 449 450 459 470 481 485 491 512 531 533 540 546 564 566 583 591 593 596 597 607 620 636 643 646 671 689 709 711 719 733 735 739 743 754 757 770 776 777 779 781 787 789 802 816 820 834 835 844 855 865 873 875 882 888 906 908 930 936 940 941 943 957 959 963 973 974 984 985 986 989 1002 1003 1007 1011 1014 1027 1031 1036 1046 1053 1057 1059 1060 1061 1063 1068 1085 1091 1092 1097 
33 46 99 106 126 171 175 186 266 267 291 303 320 368 401 423 467 489 516 546 584 655 695 698 726 742 748 755 758 761 766 794 810 813 865 870 880 899 926 948 1005 1032 1051 1062 
23 32 49 59 68 88 105 120 139 152 155 188 196 227 233 267 272 281 289 335 342 355 361 411 416 429 454 496 501 509 528 545 550 582 601 621 622 663 676 716 737 753 765 781 784 801 823 837 838 849 857 858 893 914 917 934 937 971 974 977 983 987 990 1018 1024 1035 1047 1050 1052 1055 1067 1070 1082 
1 4 7 19 124 163 207 227 233 258 272 276 334 416 510 601 729 737 762 837 873 957 963 971 991 
55 73 76 105 120 148 155 204 227 265 334 342 347 369 373 416 444 447 499 501 509 575 621 666 766 781 784 803 858 860 918 934 956 963 968 971 980 987 991 1073 
8 70 81 85 103 121 142 174 176 182 192 216 218 224 238 240 243 274 296 309 326 353 372 390 394 445 446 472 487 497 513 515 516 528 529 543 549 552 554 564 567 571 589 596 604 605 635 648 650 672 677 692 704 710 728 733 745 772 783 821 823 830 845 854 856 862 869 871 888 891 895 908 917 919 920 930 937 950 952 974 991 994 997 1000 1002 1022 1030 1035 1037 1044 1065 
6 26 35 41 48 65 72 86 93 97 100 116 122 129 130 135 141 150 158 160 163 167 172 177 179 185 190 191 198 205 210 211 212 214 223 226 245 248 258 259 266 280 282 284 286 287 295 300 303 304 305 306 308 312 314 315 320 332 343 344 345 346 348 356 357 360 363 371 375 379 384 389 391 394 396 398 400 402 404 405 410 425 427 430 444 445 453 459 460 466 468 471 472 479 482 483 485 487 492 493 503 508 509 512 517 519 522 530 534 540 546 564 566 576 588 590 591 599 600 603 607 622 623 630 631 634 640 642 651 652 655 669 670 673 674 678 683 684 689 691 699 700 715 725 731 733 734 736 738 759 762 779 790 793 794 798 801 806 814 820 824 825 826 830 836 839 846 858 859 863 865 868 875 876 878 880 882 887 894 904 907 909 913 925 926 937 938 939 940 944 949 963 965 967 968 970 972 974 982 984 989 995 996 998 999 1008 1009 1012 1020 1024 1025 1027 1028 1029 1031 1036 1041 1042 1043 1053 1056 1060 1068 1073 1074 1079 1088 1089 1092 1094 1095 1097 1098 
21 23 49 68 77 88 115 152 155 193 242 246 249 281 335 348 370 371 429 443 454 476 521 528 550 582 585 593 611 613 619 660 664 676 714 716 750 765 777 778 823 826 849 855 864 868 886 917 947 983 990 1026 1047 1050 1052 1055 1060 1082 1088 1094 
3 6 14 25 69 77 100 115 117 118 127 129 138 147 149 151 193 203 211 230 237 242 247 256 260 263 271 281 296 300 304 308 324 327 349 352 366 371 374 379 400 416 422 435 438 443 450 464 471 473 476 484 486 498 511 521 546 565 585 588 594 596 597 599 603 606 611 613 619 630 633 636 643 656 658 660 664 670 671 692 709 713 714 724 730 739 741 750 770 778 788 790 794 801 811 816 817 818 824 835 836 847 848 849 851 860 864 865 866 868 888 893 900 908 910 916 925 930 931 946 947 953 957 958 960 966 969 989 996 1006 1007 1012 1015 1019 1023 1026 1029 1040 1046 1057 1060 1061 1073 1079 1087 1094 1095 1098 
40 72 88 132 146 152 164 188 208 209 217 250 289 355 411 413 456 461 496 545 551 595 622 647 663 667 713 801 823 838 844 857 881 886 914 945 963 977 1035 1052 1070 1072 1078 
9 65 76 82 88 103 119 137 165 170 195 208 220 225 254 255 262 264 270 271 289 316 322 337 354 385 386 403 408 441 448 477 485 493 511 523 538 541 544 548 561 563 568 569 577 579 586 598 601 608 612 620 624 627 639 640 644 649 654 657 673 674 681 683 686 694 702 703 705 707 721 722 726 727 731 735 744 749 759 760 763 764 765 769 771 774 780 795 796 801 806 822 829 840 842 843 844 851 861 889 905 912 919 926 928 931 956 973 976 979 988 989 995 997 1000 1001 1010 1013 1016 1021 1025 1034 1043 1045 1049 1054 1081 1082 1083 1087 1088 1092 
132 152 188 245 250 355 361 380 411 413 456 461 496 539 545 551 573 582 622 639 648 652 663 690 712 713 721 747 785 801 823 838 843 844 857 872 886 914 945 977 994 1001 1015 1035 1070 1078 
95 121 125 134 228 292 324 354 359 364 511 537 626 649 653 657 674 679 686 694 727 765 771 817 842 892 902 976 978 1010 1045 1062 1067 1100 
17 23 26 27 57 58 112 114 116 121 130 135 166 167 184 213 221 234 235 250 257 268 272 278 280 315 320 328 355 360 361 363 368 383 384 389 409 411 435 439 450 456 460 461 462 464 465 468 474 493 508 529 535 538 548 565 573 579 582 588 590 595 599 601 604 610 641 663 665 667 668 673 687 699 708 715 722 729 736 760 762 767 793 797 799 808 810 811 836 838 841 857 863 879 880 884 899 903 904 906 913 914 927 942 944 945 955 968 970 977 990 995 1000 1005 1016 1035 1039 1042 1059 1070 1072 1078 1084 1093 1098 
20 32 39 59 104 105 120 122 144 145 154 182 195 196 206 216 218 224 227 233 247 267 272 274 293 342 361 372 416 417 421 444 447 466 487 497 501 554 567 570 601 605 616 621 647 650 664 672 692 704 710 716 722 728 733 737 746 770 772 774 781 783 784 832 837 845 854 858 860 862 868 871 883 893 920 923 925 934 935 937 949 950 952 963 968 971 974 987 991 995 1000 1002 1017 1024 1044 1069 1071 1075 
34 40 72 88 92 131 132 137 142 146 148 164 171 186 195 197 208 209 215 217 245 264 271 287 307 308 311 316 346 365 373 397 413 414 433 440 452 457 465 505 532 536 558 561 576 595 598 612 624 632 640 644 647 667 702 703 705 712 731 734 749 764 769 774 780 795 805 814 822 829 831 861 881 902 934 956 970 997 1012 1013 1015 1016 1034 1043 1055 1058 1059 1066 1079 1081 1086 1087 
12 58 65 90 99 110 118 141 156 178 229 241 259 284 288 293 298 310 316 329 330 358 363 407 412 420 424 428 430 453 469 512 514 525 532 549 572 574 581 591 625 642 680 682 683 684 691 706 725 768 782 783 810 825 828 831 832 846 859 865 878 889 893 912 924 928 931 932 940 954 962 983 986 992 998 1007 1019 1024 1025 1038 1041 1044 1062 1075 1092 
10 66 78 88 100 119 141 142 150 170 181 185 197 225 261 270 286 324 333 337 341 344 346 356 364 381 386 394 425 432 434 436 445 493 495 540 544 558 568 586 592 603 627 640 650 675 726 735 738 806 834 839 844 855 868 889 892 905 908 909 912 919 926 946 949 964 971 974 975 988 989 997 1009 1014 1016 1054 1056 1060 1076 1097 1099 
13 27 30 66 79 108 219 232 242 292 294 317 367 370 387 388 393 410 474 507 524 540 546 590 591 593 607 609 661 669 671 689 717 732 779 820 830 833 850 873 877 882 889 929 941 961 978 981 985 992 995 1003 1036 1039 1053 1055 1063 1068 1084 1086 1093 
