1 4 7 873 207 762 124 957 
641 257 903 904 529 661 538 799 675 811 1072 708 202 588 464 614 231 112 114 767 
514 782 18 288 420 549 680 683 430 691 310 825 962 330 846 591 84 725 90 358 998 363 878 1007 1019 
896 864 289 419 580 546 834 807 812 244 693 470 890 443 830 
3 260 138 910 658 147 422 817 946 438 953 958 960 966 1095 327 203 847 848 594 349 606 352 484 741 486 366 
448 97 541 165 262 263 1001 843 139 620 271 785 721 979 403 634 1021 639 
2 1032 266 655 810 813 303 175 52 948 695 698 584 467 214 726 600 865 870 742 368 755 126 
5 901 775 656 1048 537 418 559 819 1080 824 955 61 457 969 972 973 340 236 494 629 502 630 504 377 636 
640 774 137 780 397 1043 795 34 311 702 703 195 208 598 92 861 1016 505 764 
770 643 789 1046 25 671 1057 930 1060 1061 296 299 816 1085 835 709 69 596 597 481 739 230 237 117 888 379 
802 517 773 426 685 604 431 275 852 375 56 697 1082 251 922 31 
439 1059 535 548 579 383 841 942 462 722 213 278 23 760 409 26 927 
521 778 619 714 77 750 947 660 21 246 886 115 476 
832 768 994 67 932 1024 293 574 297 264 298 1038 659 1044 407 986 924 382 
544 225 386 485 905 586 270 912 337 627 119 919 568 889 988 735 
769 385 9 523 654 796 931 681 563 822 441 1083 316 829 1087 322 840 82 220 608 744 1000 763 254 255 
935 168 71 746 104 616 154 1071 883 276 1075 1022 24 506 860 638 415 
781 784 272 20 32 416 934 937 59 447 196 837 971 342 601 858 987 737 227 105 233 621 501 120 
450 424 301 302 496 792 500 53 277 533 62 91 668 637 510 
642 1031 11 405 673 801 806 295 940 688 1074 58 828 1092 459 590 851 482 623 759 
908 141 909 150 286 1056 425 181 949 185 839 1097 344 603 100 868 356 493 1009 
384 899 166 167 968 135 797 235 13 879 184 315 699 863 
96 480 547 133 351 458 43 396 895 1015 536 378 575 
321 1090 740 615 1096 1002 874 336 926 756 696 253 350 
259 651 398 16 404 790 798 1058 938 700 1089 198 348 479 357 999 109 1008 887 248 894 
1028 1029 6 530 925 670 35 300 304 179 1088 1094 1098 332 211 982 471 738 371 
518 783 1049 413 1064 690 313 186 573 577 325 199 75 475 477 478 872 747 113 628 380 
256 129 1026 900 14 400 1040 788 149 916 151 65 585 599 473 862 866 611 996 613 1006 633 127 893 1023 
897 395 143 153 793 804 809 47 562 180 1077 57 1081 707 328 201 331 463 80 465 339 724 221 610 748 751 
144 145 665 923 29 417 421 39 1069 50 51 570 318 833 711 716 206 991 995 752 247 1017 122 
1025 706 99 581 229 684 156 1041 625 532 469 118 954 572 
1035 914 663 152 411 545 551 1070 945 1078 188 838 713 461 977 857 355 361 622 250 
704 672 224 772 710 871 8 650 238 274 372 182 567 472 
192 487 554 42 845 728 497 243 692 950 952 216 854 635 605 
513 1030 390 1037 142 669 543 552 1065 174 176 564 821 571 446 197 70 81 353 869 103 745 891 
161 194 451 933 1033 490 556 239 951 146 853 22 727 408 94 283 542 63 
261 10 170 432 434 1076 436 964 1099 844 333 78 975 592 341 989 364 495 892 381 
771 902 649 653 657 1045 292 679 1067 686 694 324 842 976 95 354 228 359 626 1010 125 121 765 511 
134 392 1100 173 1004 815 560 437 1018 285 
162 102 455 200 553 140 818 978 306 885 406 791 662 921 442 701 
164 132 647 40 72 209 881 595 88 217 667 
776 777 787 435 566 183 963 974 719 593 855 984 856 345 222 875 491 754 1014 
928 453 682 12 525 428 241 178 859 
387 388 393 524 17 27 30 929 941 1084 317 961 1093 717 850 981 985 474 219 732 992 609 232 108 877 367 370 507 
389 519 1042 282 284 158 160 944 177 191 836 965 970 715 460 205 86 483 360 116 
269 526 527 786 531 539 28 414 37 555 558 433 308 578 587 993 362 618 758 503 374 
512 1027 646 906 279 412 290 936 943 959 449 66 1091 329 729 743 110 111 1011 757 761 
258 163 101 38 44 15 1039 19 54 89 1054 159 
193 803 1062 265 45 498 499 980 466 918 87 148 666 189 
64 898 674 997 294 74 107 1020 664 249 218 826 
736 130 268 913 884 468 565 280 346 
73 155 76 204 1073 369 373 55 347 956 509 766 
391 907 652 402 534 427 939 48 312 314 190 967 334 210 212 343 93 223 98 234 876 492 631 123 
515 677 326 648 394 589 528 240 85 309 823 445 
676 68 582 550 454 429 335 49 983 849 917 1047 281 1050 1052 990 
827 36 645 617 169 718 753 338 376 569 602 187 319 
131 522 287 805 678 1066 814 307 440 831 576 452 712 215 734 365 1012 245 632 
705 612 644 1034 171 749 624 561 1013 731 
779 1036 410 540 1053 1063 41 1068 172 305 689 820 1086 79 733 607 226 1003 242 882 
320 33 291 516 423 489 106 267 46 880 401 794 1051 
800 128 323 867 456 488 60 399 720 687 723 83 915 1079 508 
583 808 520 136 557 1005 911 273 252 920 730 444 157 1055 
