19 53 88 89 121 145 150 159 189 218 238 258 260 294 306 318 340 353 386 390 395 405 406 496 499 540 579 584 601 602 626 694 
75 84 87 113 151 164 187 197 199 217 294 305 325 327 420 490 535 542 545 547 626 
17 18 41 50 56 70 72 83 101 111 133 140 146 155 170 183 195 213 215 218 240 241 242 255 278 314 319 323 336 344 350 383 399 406 429 433 441 481 487 504 518 556 591 601 610 616 639 690 696 
7 13 16 30 59 62 87 116 118 149 168 188 193 296 297 326 336 365 366 379 407 408 434 440 453 454 476 483 491 493 514 524 534 538 549 570 643 648 686 
9 24 25 43 47 68 73 75 79 125 143 181 185 188 208 210 244 262 288 291 297 320 336 338 345 352 370 375 405 409 411 426 432 508 515 533 558 561 569 591 599 634 649 650 654 658 671 676 
46 65 100 116 131 141 152 178 185 188 239 241 244 263 274 285 288 292 336 338 361 375 378 381 397 400 452 456 459 475 477 483 488 495 497 518 525 528 544 554 562 594 597 626 650 676 
49 55 75 90 105 136 158 181 206 208 210 218 225 238 272 296 335 340 346 350 364 390 391 395 397 402 406 411 412 511 513 515 533 540 555 584 591 601 602 626 676 688 694 
6 23 64 72 93 98 109 114 116 122 131 132 141 144 152 160 178 193 213 218 220 230 231 239 241 263 273 274 285 312 313 316 329 333 342 349 355 358 370 381 386 387 397 400 409 437 447 451 452 456 459 475 477 478 479 488 495 497 499 501 511 515 517 518 521 522 523 525 526 528 529 544 561 562 563 568 576 580 585 586 592 593 594 597 608 637 640 641 657 679 680 684 685 
14 20 23 30 45 75 83 90 93 118 122 135 144 146 158 160 206 207 218 225 230 231 239 263 273 296 312 316 333 335 342 355 364 380 391 397 402 412 437 447 479 488 499 501 511 521 526 529 544 553 563 566 568 576 585 618 641 657 660 679 680 684 685 
10 26 33 39 59 69 72 73 79 90 97 98 105 109 114 132 137 143 145 155 158 159 166 172 181 188 189 190 202 206 208 210 214 220 225 244 262 273 304 309 313 320 329 335 340 346 349 358 359 363 370 387 391 397 402 409 412 436 451 478 479 508 509 511 522 523 529 533 561 563 566 569 574 586 591 592 593 594 608 634 636 637 642 648 650 663 671 672 676 679 680 684 
11 103 105 131 140 141 148 154 165 170 182 198 213 224 270 279 290 301 317 318 361 368 403 409 439 443 454 495 516 535 541 577 622 629 630 637 653 672 
60 96 126 136 175 177 179 184 240 246 309 317 369 424 427 428 453 463 480 493 510 574 598 600 632 654 659 681 
2 21 25 26 36 37 38 40 42 51 53 54 57 60 63 71 78 85 89 99 104 108 110 115 119 120 121 124 126 138 148 150 153 154 156 170 176 192 201 207 215 216 235 240 247 250 256 257 258 263 268 271 275 281 285 291 293 295 298 304 305 306 316 321 330 334 337 344 345 351 352 353 364 372 376 377 379 381 383 385 392 395 403 405 408 424 428 444 445 446 448 449 454 457 459 466 471 473 484 498 503 505 506 511 513 530 531 543 545 546 553 556 571 578 579 581 585 590 592 599 606 610 616 617 620 630 635 636 646 648 658 660 663 664 676 686 687 696 698 700 
6 37 108 115 120 154 176 192 207 216 240 251 292 293 298 321 364 376 381 408 448 454 466 479 506 530 534 543 567 571 578 585 616 631 649 663 664 674 676 686 687 
5 24 54 55 57 68 82 111 112 116 118 124 142 185 221 234 243 256 271 297 314 328 330 338 352 372 375 378 379 385 394 405 424 428 457 505 536 542 545 559 579 599 606 630 631 635 649 664 667 671 692 699 
8 44 64 67 92 94 95 99 136 165 189 202 203 204 212 251 260 265 269 294 301 305 306 308 322 328 332 339 343 354 361 382 389 393 399 410 411 415 441 457 459 461 483 487 488 494 496 503 509 510 513 520 522 531 539 548 554 555 564 567 586 605 630 644 661 668 670 672 675 678 682 
63 72 102 119 126 127 128 140 157 161 166 215 226 234 249 257 259 265 285 295 303 304 334 337 344 356 392 396 416 418 421 428 442 445 446 449 471 473 481 484 537 540 545 546 553 556 583 596 599 610 611 617 619 647 650 652 666 670 683 689 696 
30 59 81 105 106 117 151 187 191 197 199 217 219 238 287 313 325 327 329 340 363 388 402 464 469 473 474 486 490 512 526 532 533 540 551 565 580 584 586 587 598 601 602 609 615 638 645 655 662 673 683 694 
1 18 62 91 142 147 163 167 174 177 184 193 198 200 209 229 233 236 245 248 254 264 289 301 310 311 345 352 357 370 383 390 401 408 414 435 458 460 462 482 492 502 504 516 550 572 582 593 600 613 619 621 622 661 678 680 688 695 
7 32 47 49 101 104 111 115 133 144 145 148 166 195 223 260 285 314 360 378 395 398 401 406 417 420 429 464 481 487 489 498 504 519 527 557 560 572 573 575 614 618 624 655 665 677 681 690 695 697 
2 6 21 25 26 27 35 36 38 46 54 55 69 71 72 75 78 85 98 99 101 104 105 109 110 111 114 117 130 132 133 137 138 139 144 145 148 153 156 158 159 166 170 189 190 193 195 202 208 214 220 221 228 235 237 244 257 260 262 268 273 281 285 292 304 309 312 313 314 316 321 329 337 345 349 351 353 358 359 360 363 370 378 383 398 409 420 425 428 436 445 446 449 451 469 473 474 478 481 490 498 508 509 511 515 523 532 536 545 551 553 557 559 561 572 573 574 575 580 581 583 586 590 592 593 594 595 608 610 615 616 620 622 624 636 637 638 642 646 648 652 655 658 660 663 673 674 676 677 684 695 697 
26 34 73 100 107 120 123 144 165 194 211 215 222 234 267 283 337 341 348 423 445 446 489 498 519 525 527 558 594 614 618 629 634 650 651 665 
12 15 40 42 57 60 73 81 89 103 117 124 138 162 165 173 182 196 204 217 219 224 232 239 250 256 260 263 269 271 275 279 301 307 312 318 322 328 330 331 332 343 354 361 368 372 379 385 389 398 403 404 405 424 457 459 469 486 488 490 494 496 498 503 504 505 520 522 531 532 535 539 564 577 579 588 606 615 616 625 630 635 638 644 648 651 653 661 672 
1 24 49 100 104 144 145 148 149 163 194 195 211 222 223 255 259 260 267 273 280 283 285 286 299 300 314 341 360 378 398 417 420 423 429 450 464 481 489 498 519 527 557 560 563 572 573 575 578 587 614 618 624 651 655 660 665 677 681 690 695 697 
4 12 25 31 40 42 52 57 62 74 80 81 124 141 171 180 221 227 235 237 241 251 252 255 256 263 271 276 282 284 302 315 320 321 343 372 377 385 393 394 396 418 428 438 444 456 457 459 461 463 467 471 480 493 498 503 505 516 526 547 548 549 587 596 599 606 616 623 625 630 635 640 647 648 659 675 682 
17 28 35 44 48 49 54 56 58 61 64 66 67 70 72 73 76 77 83 86 89 91 97 98 99 101 102 103 109 114 119 127 128 129 131 132 133 134 140 142 145 146 157 159 161 163 174 178 182 189 191 193 195 200 205 217 220 226 237 242 249 250 253 254 255 257 259 261 264 265 266 270 272 275 277 278 279 289 290 291 293 301 304 309 310 311 313 324 329 332 336 343 347 348 349 356 357 358 362 368 370 371 374 384 386 387 388 396 399 401 403 406 409 414 416 418 419 421 422 426 430 431 432 435 441 442 443 451 454 462 463 464 465 470 472 473 478 481 485 492 494 504 507 509 511 512 515 517 518 522 523 531 536 537 539 541 546 547 552 553 554 558 560 561 564 565 577 578 582 583 586 587 588 589 592 593 603 604 605 607 608 609 611 612 617 621 622 623 627 628 629 633 636 639 644 645 646 647 656 661 662 663 669 678 681 682 683 684 689 691 693 696 700 
31 62 141 227 251 252 284 315 321 343 379 393 396 418 444 461 467 476 494 503 516 524 526 534 538 547 548 562 570 587 596 623 625 648 670 682 
38 44 64 78 85 87 99 110 165 182 189 204 205 239 260 265 269 305 306 312 317 322 328 332 343 354 361 389 399 439 441 459 488 494 496 502 503 513 516 520 522 531 535 539 546 554 564 586 644 653 661 672 678 
8 19 46 47 53 55 56 67 69 70 83 88 92 94 95 97 98 104 105 121 136 137 139 140 150 156 158 159 184 190 195 202 203 212 214 226 228 235 237 242 251 255 258 260 265 268 269 278 294 301 306 308 311 312 318 322 328 332 336 339 343 351 353 354 359 382 390 398 399 410 411 415 425 429 436 445 449 483 485 487 488 494 499 503 509 510 511 513 520 531 536 539 540 545 553 554 555 564 567 574 579 583 586 590 603 605 617 620 622 630 632 642 644 646 661 668 670 671 675 678 687 695 696 
67 73 77 83 119 129 131 134 174 177 200 215 217 226 232 247 250 259 261 272 293 295 311 334 374 381 418 463 472 492 507 517 545 546 553 560 588 617 623 646 683 691 693 
1 27 32 36 37 44 47 49 55 69 91 98 105 111 115 130 136 137 139 142 145 147 154 155 163 166 167 174 177 184 193 195 198 209 218 221 223 229 233 236 238 245 246 248 254 260 264 269 272 280 281 285 286 289 292 296 299 300 301 310 311 340 342 345 352 357 359 360 364 369 370 378 380 383 389 390 395 397 401 402 406 408 411 414 417 420 423 427 429 435 436 444 450 453 458 460 462 464 468 479 481 482 489 490 492 494 496 498 499 500 502 504 513 516 519 527 529 533 536 540 542 550 557 563 564 566 568 572 573 574 575 578 582 584 586 591 593 595 596 601 602 603 613 614 618 619 621 622 624 626 636 637 644 652 655 658 659 660 661 663 665 674 677 678 679 680 688 690 694 695 697 698 
30 59 81 93 106 114 117 217 219 287 304 313 329 358 363 388 402 451 464 469 473 474 478 490 522 523 526 532 533 551 561 580 598 609 615 638 655 673 683 
7 17 32 41 47 49 50 66 69 72 101 104 111 121 133 137 139 144 145 148 158 166 170 183 190 195 198 213 214 221 228 235 237 244 258 260 314 319 323 347 350 359 360 371 378 384 395 398 401 405 406 417 420 429 433 436 464 470 481 485 487 496 498 504 515 518 557 560 572 573 575 589 604 607 610 612 614 616 622 623 624 627 639 642 646 655 677 681 690 695 696 697 
3 6 11 22 26 28 29 32 35 36 44 46 47 48 49 51 54 55 56 58 60 61 63 64 65 66 67 68 69 70 73 76 77 81 83 86 89 91 92 95 96 97 98 99 102 103 104 105 106 109 111 115 116 117 119 120 126 127 128 129 131 134 137 139 140 142 146 147 148 154 157 158 159 161 163 165 166 167 169 170 174 175 177 178 179 182 184 186 189 190 191 193 195 198 200 201 203 204 205 209 213 214 215 217 219 220 221 223 226 228 229 233 234 235 236 237 239 240 242 244 245 246 247 248 249 250 253 254 255 257 259 260 261 264 265 266 269 270 272 275 277 278 285 287 288 289 290 291 292 293 295 297 301 303 304 305 309 310 311 312 313 314 316 317 322 324 328 329 332 334 335 336 338 341 343 344 347 348 351 352 353 354 356 357 359 360 361 362 363 367 368 369 371 373 374 375 377 379 381 382 383 384 386 387 388 389 390 392 393 396 398 399 401 402 403 406 409 413 414 415 416 417 418 419 421 422 424 425 426 427 428 429 430 431 432 435 436 439 441 442 443 445 453 455 456 458 460 462 463 464 465 469 470 471 472 473 474 477 481 482 484 485 488 490 492 493 494 495 496 497 500 502 507 509 512 513 515 516 517 518 520 522 523 524 526 528 531 532 533 535 536 537 539 541 545 546 547 550 551 552 553 554 556 557 558 560 564 565 569 572 573 574 575 577 578 579 580 581 582 583 586 587 588 589 593 596 597 598 599 600 603 604 605 607 609 610 611 612 613 615 617 619 621 622 623 624 626 627 628 629 632 633 638 639 642 644 645 646 647 650 653 654 655 656 659 661 662 666 668 669 670 671 672 673 677 678 681 683 684 688 689 691 693 695 696 697 700 
6 36 37 64 108 115 120 128 130 154 155 157 161 176 192 207 216 234 249 251 259 281 292 293 298 303 321 364 376 381 408 416 421 444 448 454 466 468 473 499 500 506 530 537 540 542 543 553 556 571 572 574 578 585 593 595 596 611 616 636 637 647 649 652 663 664 666 670 674 676 686 687 688 689 698 
3 26 27 35 36 37 44 46 48 55 58 64 66 67 76 89 91 92 94 95 98 103 109 115 129 130 132 136 140 141 142 145 146 147 154 155 163 165 174 182 184 191 193 198 200 202 203 205 212 213 220 221 224 233 253 254 261 264 270 272 275 277 279 281 289 290 292 293 294 301 304 308 309 310 311 313 318 324 329 339 343 347 348 349 357 358 359 361 362 368 370 371 382 384 387 388 399 401 406 408 409 410 411 414 415 419 422 425 429 430 431 432 435 436 439 443 444 451 454 462 464 465 468 470 472 478 482 485 487 492 499 500 509 510 511 512 515 517 522 523 541 542 552 554 555 556 560 561 565 567 572 574 577 578 582 586 587 588 589 593 594 595 596 604 605 607 608 609 612 619 621 622 627 628 629 630 633 636 637 639 645 652 653 658 662 663 666 668 669 670 671 672 674 675 678 688 689 690 698 700 
18 29 169 186 223 288 316 353 367 373 377 383 413 455 504 579 581 598 603 610 654 689 
12 28 40 42 48 57 58 71 86 89 98 99 101 119 124 133 138 153 156 163 166 191 195 201 235 254 256 257 263 268 271 289 293 295 314 320 330 337 344 351 362 372 377 379 383 385 386 392 403 405 414 424 428 431 432 444 446 449 457 459 471 473 481 482 484 498 503 505 511 512 522 536 545 547 553 565 579 582 590 592 599 606 609 616 617 619 620 621 629 630 633 635 639 645 648 656 662 677 696 700 
1 5 7 9 13 16 24 25 30 43 47 55 59 62 68 73 75 79 82 87 98 109 111 112 114 116 118 125 132 142 143 149 168 181 185 188 189 193 208 210 220 221 234 243 244 262 273 282 288 291 296 297 304 309 314 320 326 328 336 338 345 349 352 358 359 361 365 366 370 375 378 379 394 405 407 408 409 411 419 424 426 434 440 451 453 454 476 478 483 491 493 508 509 511 514 515 523 524 533 534 538 542 549 558 559 561 569 570 586 591 593 594 599 608 631 634 636 637 643 648 649 650 654 658 663 666 667 671 676 684 699 
