1 68 7 297 361 336 338 244 405 375 185 379 188 
387 388 266 396 536 419 552 426 554 684 441 61 67 324 76 205 465 348 97 492 
514 643 524 13 16 149 534 407 408 538 549 168 434 440 570 193 326 476 491 365 366 
264 401 147 414 289 44 301 435 310 311 582 462 91 482 357 233 621 370 254 383 
450 163 578 614 519 423 489 618 299 300 527 660 280 665 286 
636 513 2 546 581 38 78 110 305 306 275 85 21 54 60 
128 647 265 650 537 666 157 416 161 421 303 304 442 72 611 356 102 234 619 119 249 126 127 
449 99 36 71 138 268 620 590 473 337 153 156 446 351 
384 3 277 669 35 422 430 66 583 589 470 347 604 607 612 485 627 628 371 253 
481 255 195 101 518 133 70 140 696 399 17 690 242 83 278 56 605 159 
288 353 610 579 455 169 367 689 29 373 471 377 186 603 316 413 223 
648 393 284 670 31 418 548 682 315 62 321 587 461 467 596 343 227 623 625 252 
640 4 394 12 276 25 282 171 302 180 52 438 74 463 80 599 480 493 237 241 
162 196 486 232 73 331 651 173 398 15 496 81 307 404 535 504 250 
5 649 142 24 667 424 559 692 314 699 328 82 221 112 243 116 118 631 378 
6 530 664 154 543 292 37 298 686 687 176 571 448 192 454 207 466 216 120 616 108 376 506 251 381 
194 34 100 165 107 267 558 144 283 594 211 498 629 341 123 445 222 
89 258 145 19 53 150 88 121 189 318 
510 8 410 668 415 675 425 555 308 567 202 203 339 212 92 94 95 483 382 
641 386 263 526 273 657 23 160 544 685 562 437 312 447 576 213 93 355 230 488 239 499 501 122 
642 228 69 359 104 137 235 139 46 436 214 55 509 190 
129 226 131 259 261 134 646 517 683 588 77 174 560 691 693 374 472 507 
32 417 260 677 360 557 47 624 49 148 697 573 575 
224 577 290 637 103 170 11 653 270 622 368 182 439 443 279 541 
136 395 272 402 533 406 411 540 296 694 584 591 340 601 218 602 105 364 238 
64 130 674 652 593 595 468 500 115 663 281 698 27 572 542 
320 262 9 43 143 79 208 658 210 181 569 634 508 125 
512 257 645 522 656 403 662 26 28 291 293 431 432 48 565 58 700 191 86 362 633 
672 33 225 39 391 10 511 172 346 206 335 592 397 90 59 412 158 671 
516 390 550 167 680 678 688 695 198 200 458 460 209 345 352 613 229 236 245 502 248 
65 452 676 456 459 525 141 495 400 497 178 274 528 597 152 475 477 
256 385 40 457 42 330 505 271 372 630 503 57 444 635 124 606 
545 547 164 197 294 327 325 199 420 113 626 84 87 151 217 187 
135 521 14 529 146 20 679 553 45 563 566 568 585 75 333 342 479 231 380 
323 487 41 556 429 111 639 433 18 50 183 155 350 319 
484 166 295 392 201 617 334 51 22 247 344 215 285 63 
608 98 451 515 132 358 586 523 109 561 114 409 220 349 478 
655 532 30 287 673 551 313 580 329 464 469 474 219 609 615 490 106 363 117 638 
654 659 681 427 428 175 177 179 309 184 317 574 453 598 600 96 240 369 246 632 
322 354 644 389 520 204 332 494 269 531 564 661 539 
