1 648 416 32 290 36 297 299 182 444 318 72 75 92 352 102 361 234 120 
258 5 268 531 153 296 429 697 578 71 73 585 79 592 207 465 475 609 359 615 360 108 498 499 
128 611 389 266 235 171 138 462 336 529 18 691 600 637 478 445 
261 262 647 16 164 295 425 169 684 689 564 696 320 579 82 470 221 488 116 379 124 
514 263 397 527 657 667 672 681 557 51 441 60 61 317 700 453 460 220 109 494 251 127 
482 387 617 457 522 587 270 463 656 658 694 316 184 28 30 159 
2 194 519 489 205 174 685 570 247 216 698 186 477 607 
11 540 545 673 35 419 161 47 176 305 561 50 695 440 218 353 481 613 112 632 
256 257 640 3 399 404 149 24 284 550 298 427 301 430 560 179 185 442 699 574 591 89 226 107 623 496 121 
145 146 659 530 148 663 25 666 559 307 693 459 338 467 472 239 370 633 506 510 
512 227 4 487 43 555 142 273 180 534 248 122 91 413 126 95 
323 573 542 264 13 400 209 304 464 436 245 598 275 635 476 222 446 
403 405 664 538 411 26 547 420 165 178 306 568 571 80 340 473 604 608 366 495 
160 451 6 490 173 78 335 474 22 280 90 191 
64 67 231 7 432 315 20 117 406 311 312 345 314 283 511 
260 8 10 652 154 155 546 675 554 682 46 572 189 584 358 230 491 501 631 507 
391 104 650 240 144 242 211 339 368 54 601 249 250 156 286 31 
577 484 38 582 9 42 52 53 692 88 59 381 62 383 
483 325 319 40 170 651 620 269 395 493 402 630 343 56 377 603 287 
417 99 291 69 677 167 351 390 415 77 373 410 254 63 
392 523 537 678 688 49 310 321 581 586 458 203 81 468 599 348 356 357 362 627 
131 580 172 45 15 27 188 29 350 447 
643 134 276 679 300 302 57 324 454 202 330 333 208 593 602 479 485 101 364 236 365 497 636 
544 513 354 548 486 456 329 200 394 12 241 433 84 308 118 285 382 
129 388 524 654 661 150 278 412 163 686 563 449 332 83 85 87 344 612 629 375 
288 65 518 422 201 105 492 588 143 175 303 594 502 439 638 
525 14 401 409 292 37 423 44 193 450 455 74 334 210 223 111 113 244 374 
448 229 294 517 551 265 553 619 649 137 367 434 435 371 21 279 123 671 
33 97 535 645 166 616 233 521 139 590 528 17 595 437 342 183 669 575 
642 515 259 133 141 398 539 549 421 562 690 313 322 198 583 76 213 347 605 606 621 110 504 509 
452 644 614 135 267 428 653 238 271 683 177 19 243 125 376 58 541 
192 355 199 168 393 461 48 152 505 282 187 349 
224 130 386 228 106 140 206 372 181 212 214 346 380 
384 385 34 98 68 132 196 39 197 641 23 119 55 94 
646 136 532 660 662 408 536 158 674 567 190 576 466 469 215 237 624 369 115 639 
289 100 217 520 618 363 622 252 533 277 500 566 281 596 341 508 
526 668 157 414 162 424 41 309 565 569 326 70 204 597 93 114 503 378 255 
516 655 147 151 670 543 418 293 431 438 443 66 195 327 328 589 337 219 480 225 610 232 634 
396 272 274 407 665 676 680 552 426 556 558 687 331 86 471 96 103 625 626 628 246 253 
