24 34 45 67 68 78 85 93 108 113 114 115 116 118 133 136 138 139 140 142 145 147 150 164 171 172 179 180 183 188 198 205 209 210 213 217 218 223 234 239 256 267 273 275 279 284 300 301 319 337 339 342 346 348 353 358 359 363 371 383 391 392 411 413 419 421 423 427 429 434 437 439 445 448 452 453 456 457 464 473 476 484 490 491 504 506 507 508 521 522 523 527 530 533 538 544 554 558 560 563 564 589 600 608 609 613 618 619 627 653 658 662 674 675 695 696 697 699 
47 68 74 78 95 107 114 172 188 198 205 210 346 371 411 413 424 448 484 494 501 515 527 548 563 599 608 613 615 616 628 636 642 649 661 662 664 674 698 
17 36 42 60 64 74 88 101 103 152 156 160 182 189 192 218 220 243 251 262 275 289 309 313 325 333 358 379 381 394 395 410 411 415 420 432 437 439 442 455 457 464 483 488 494 503 510 514 525 531 552 557 560 566 604 610 618 624 646 650 663 666 670 673 676 690 697 
2 29 34 45 50 54 100 116 118 119 136 139 147 164 169 179 180 192 194 214 217 229 247 248 256 267 276 279 284 300 301 307 312 317 319 330 332 338 340 342 358 359 365 372 398 402 408 415 419 423 424 426 429 445 452 453 461 462 464 473 476 484 491 504 507 508 521 523 532 533 535 544 546 554 557 558 568 571 576 589 598 600 609 613 619 629 638 651 656 657 658 661 675 683 696 
16 25 35 47 66 81 93 96 97 101 106 108 128 139 142 147 151 153 159 175 178 199 229 236 238 243 248 250 266 271 282 292 303 328 337 341 343 347 350 360 365 377 378 399 414 421 424 433 456 480 492 496 501 508 511 545 564 565 567 569 580 598 599 614 618 626 632 638 642 652 658 677 678 681 686 692 
14 15 31 59 63 84 95 99 104 110 124 186 211 212 226 227 237 239 257 259 269 283 292 318 336 363 365 384 388 389 397 409 412 417 432 457 459 483 516 518 527 533 534 540 547 558 559 561 564 574 575 579 587 620 622 626 636 646 660 665 678 683 691 
65 72 117 149 166 174 195 222 224 242 245 272 277 278 305 317 324 333 375 396 412 425 438 454 468 469 474 478 493 500 543 561 571 583 584 586 596 603 611 616 622 627 641 669 682 684 700 
140 148 153 163 175 180 189 200 222 236 263 271 282 292 300 301 302 304 306 314 319 320 322 332 342 346 352 354 360 383 386 391 414 420 429 439 460 473 488 499 501 504 507 508 515 523 535 544 546 556 569 599 600 614 618 620 642 658 675 681 696 
5 18 26 37 46 51 62 69 73 77 78 84 85 98 113 125 133 142 148 150 155 157 161 163 165 186 189 190 193 194 197 199 200 203 208 214 233 234 238 241 254 255 258 263 265 269 276 278 290 293 298 302 306 308 312 314 322 326 327 334 339 349 352 358 380 383 392 400 403 404 410 411 416 424 428 429 430 433 439 441 442 444 445 450 456 459 460 461 464 466 467 470 477 483 485 491 496 499 500 504 512 513 517 518 519 526 533 534 540 542 548 549 551 555 557 561 571 574 579 581 582 585 587 588 590 591 599 601 602 603 610 619 621 625 629 631 634 656 658 663 665 668 673 677 680 682 683 689 691 695 696 697 
28 30 36 41 46 63 68 73 78 93 110 114 129 136 139 143 148 153 158 163 168 172 198 200 207 210 217 225 227 236 245 248 251 254 267 269 271 279 282 284 292 302 306 308 314 315 322 330 346 348 352 358 359 360 371 395 397 400 401 405 409 410 413 414 416 419 420 423 433 439 460 463 464 467 474 476 480 492 499 500 501 521 548 558 561 563 566 569 570 571 585 599 607 609 613 614 620 628 632 642 646 649 658 663 670 674 678 681 691 692 695 698 
10 16 25 35 39 47 79 81 96 97 101 106 128 138 153 159 173 178 205 241 266 267 273 301 303 337 347 369 377 399 402 409 414 439 445 496 508 513 580 598 599 609 634 642 646 652 656 667 678 690 691 692 695 698 
7 13 33 47 48 54 57 72 78 84 88 104 114 121 122 132 135 142 168 174 175 177 200 216 219 222 224 227 229 239 251 252 261 264 271 280 296 299 306 312 328 333 335 361 370 373 393 397 401 408 415 418 433 436 449 465 479 481 482 483 486 494 498 505 514 515 516 545 554 556 566 569 587 594 606 607 608 615 624 627 635 648 649 661 663 664 671 672 685 686 690 698 700 
14 15 24 31 40 46 56 59 62 67 71 85 92 110 123 124 133 145 146 147 171 173 177 179 181 183 185 186 190 192 193 202 206 219 220 223 226 229 233 235 239 240 241 253 268 269 270 283 287 288 292 297 315 316 323 337 340 351 352 353 357 361 363 366 368 381 383 384 388 396 397 402 411 427 435 441 445 447 448 450 452 455 458 462 471 472 474 475 490 493 494 502 505 506 509 511 516 518 520 522 528 530 531 533 534 535 538 539 543 547 549 552 555 558 560 568 571 577 579 581 587 589 591 601 603 604 605 608 621 622 624 627 629 630 634 638 639 644 647 648 649 654 655 658 659 661 664 669 673 678 680 683 688 691 692 693 697 698 699 
4 37 58 61 77 83 84 94 111 115 125 137 147 158 168 170 171 176 186 187 197 202 209 213 214 220 232 244 245 246 258 261 269 285 301 319 321 331 334 335 339 343 346 347 352 358 362 364 378 379 382 387 393 399 404 406 407 411 415 429 434 436 439 440 441 474 478 479 481 495 500 503 512 513 517 526 528 535 537 540 558 566 575 576 577 578 592 594 597 620 624 626 627 628 640 645 648 652 660 661 663 664 673 676 686 
8 20 24 30 36 38 56 58 69 80 83 88 92 99 103 104 108 111 127 130 135 146 151 154 156 166 185 191 193 199 212 213 218 220 229 237 240 259 280 285 287 304 307 313 316 317 321 323 328 336 338 340 341 346 350 352 353 355 362 367 378 382 383 389 390 402 403 405 406 411 417 421 425 427 438 446 453 458 459 462 463 475 478 492 503 510 511 517 520 525 527 530 537 543 547 550 560 564 565 568 570 571 574 575 576 579 591 592 595 604 605 608 618 620 622 626 629 630 636 637 640 645 650 651 654 660 665 669 672 676 680 683 687 
94 103 125 130 154 158 164 171 189 209 269 307 323 334 352 358 367 390 399 404 405 409 411 420 430 446 463 473 483 512 517 526 540 605 621 629 651 661 672 673 696 
10 47 68 93 104 106 135 138 147 159 172 188 198 209 210 213 234 241 265 266 273 275 308 318 358 369 371 380 383 402 410 411 413 432 437 439 445 457 464 508 522 561 563 574 578 580 589 590 602 613 628 631 634 644 660 673 674 691 695 
74 79 88 102 125 151 158 188 242 245 250 318 329 397 452 458 459 469 470 520 522 524 535 544 550 560 567 578 586 608 610 624 637 644 645 646 673 679 684 687 694 
13 55 71 108 120 126 131 151 162 199 220 224 226 247 253 270 310 328 341 345 347 350 351 354 356 368 378 381 386 391 414 421 441 447 448 451 452 456 462 472 487 492 502 507 509 511 531 541 544 548 551 556 565 566 598 617 619 628 639 648 676 680 686 693 698 
56 62 67 69 85 95 96 117 133 139 145 149 150 158 179 183 190 203 205 215 223 230 241 242 250 268 274 277 278 288 300 315 329 333 337 352 357 361 366 385 392 393 395 396 403 404 412 417 425 438 446 447 448 450 452 468 472 474 490 493 495 506 512 513 520 522 524 526 530 535 538 539 540 549 550 555 577 581 583 584 585 593 601 608 620 623 624 627 629 634 637 641 644 654 655 659 667 673 684 687 693 697 699 700 
62 74 79 102 141 142 157 158 167 190 207 208 211 224 242 245 250 254 266 291 327 329 331 352 355 362 363 366 374 385 392 396 397 400 403 422 438 442 444 450 452 457 458 459 470 491 505 520 524 528 529 535 546 549 550 551 555 560 561 567 581 588 590 601 604 615 620 622 624 625 634 637 641 645 647 650 662 670 687 693 697 
30 36 46 63 66 79 80 81 84 95 96 97 99 101 104 110 143 174 185 205 212 220 227 228 237 254 259 274 303 309 311 318 336 343 346 348 350 358 365 381 389 395 399 405 406 409 412 417 420 427 436 438 440 457 463 483 494 500 503 522 524 532 549 551 561 564 570 571 574 575 595 611 621 624 626 634 636 643 646 652 653 655 660 663 664 665 669 670 672 684 690 692 
9 12 16 23 39 43 50 51 52 65 66 76 77 81 82 94 96 97 105 107 109 111 128 135 137 139 141 144 152 161 162 164 165 169 173 178 182 186 187 201 204 205 220 228 238 246 251 255 261 280 281 286 292 293 298 303 310 311 333 345 346 347 372 377 386 391 392 398 399 403 404 407 431 434 440 441 448 454 459 462 483 494 497 498 500 517 518 527 536 538 542 546 558 559 562 566 572 573 577 602 606 632 643 648 652 653 654 668 672 673 679 685 686 690 691 692 
12 22 27 28 33 43 51 56 70 76 90 107 111 112 115 121 127 139 141 143 152 162 165 166 174 203 205 206 209 214 221 255 280 293 298 310 340 377 402 403 408 409 424 438 445 449 450 459 462 476 481 482 497 498 500 512 527 528 533 542 545 546 548 558 561 570 573 582 585 594 603 606 611 616 621 629 634 638 640 647 650 668 671 673 682 686 691 694 
21 29 33 87 90 92 95 121 125 141 175 218 240 266 269 287 316 328 334 348 370 392 393 394 395 402 404 408 415 432 436 444 449 458 475 481 482 484 498 509 512 526 527 528 531 540 545 547 549 554 568 579 594 604 620 621 627 630 634 643 656 663 671 672 683 693 694 
2 24 28 30 36 46 53 55 56 62 73 75 76 80 86 91 109 112 122 131 132 141 143 146 166 175 176 185 190 193 203 206 209 215 216 219 221 226 227 228 231 233 238 239 241 249 254 264 268 272 281 288 297 299 310 311 315 327 331 340 346 348 353 354 356 366 373 380 386 390 391 392 395 396 398 400 401 403 405 409 418 422 425 427 431 435 436 440 445 450 451 456 458 463 465 471 492 502 510 519 528 533 534 536 541 543 548 549 555 556 561 570 571 572 581 585 589 591 593 598 601 603 607 608 611 614 616 617 620 621 622 623 625 627 629 632 634 635 638 639 643 644 646 647 649 653 658 659 662 663 665 669 670 672 676 680 682 685 686 688 689 691 692 698 
21 28 29 33 45 55 63 66 90 120 121 126 129 131 141 160 168 174 186 197 240 244 247 263 266 273 275 279 280 321 345 354 356 362 370 375 386 391 393 395 406 408 409 414 415 433 448 449 451 453 478 481 482 487 498 502 521 528 534 537 541 545 547 551 554 556 566 577 592 593 594 595 617 621 628 629 639 640 648 670 671 676 698 
39 48 53 91 92 95 107 150 219 220 226 231 233 240 249 269 272 287 293 311 316 324 352 381 402 425 435 462 471 475 477 483 494 503 510 525 527 528 542 549 551 555 568 569 572 579 581 595 604 620 627 630 659 665 676 683 688 691 
37 54 58 61 74 83 127 130 141 154 170 186 244 245 255 265 285 305 307 312 321 323 362 367 376 383 390 406 411 415 436 446 449 470 475 478 485 492 511 517 528 537 538 542 547 558 592 594 601 605 606 620 628 634 635 651 673 686 694 700 
108 113 135 147 151 166 181 199 220 323 324 328 341 342 350 365 366 378 394 421 439 453 463 492 501 502 521 530 535 555 560 565 566 574 598 607 618 624 628 629 640 651 666 670 680 
9 18 37 41 49 52 57 62 77 78 80 82 88 98 102 105 113 116 131 136 137 140 141 145 155 161 164 166 175 176 177 185 187 189 190 197 206 217 219 233 241 245 246 248 256 258 261 263 267 269 276 279 284 286 292 297 299 311 320 326 340 344 348 349 359 374 401 407 419 423 426 428 434 436 445 450 452 453 460 461 464 465 466 470 476 477 488 489 495 500 505 519 520 524 532 533 534 536 546 548 549 555 556 557 558 567 571 577 578 581 582 589 601 602 604 608 609 610 626 627 628 629 632 634 635 645 646 653 663 667 669 672 676 692 694 
12 17 18 19 25 29 30 32 36 37 40 42 44 48 49 50 53 56 57 58 60 61 64 68 69 71 74 75 80 82 83 86 88 91 98 102 104 109 113 114 122 123 124 129 131 132 140 143 149 155 156 160 161 167 168 172 173 174 175 177 180 182 188 189 192 195 198 201 202 207 208 209 210 211 216 218 219 222 226 227 231 233 239 243 244 245 249 250 251 253 257 258 260 263 264 270 276 277 281 285 287 291 292 294 296 297 299 305 308 309 310 311 320 325 326 331 333 344 346 349 351 355 358 362 368 370 371 372 373 374 375 377 379 381 384 388 393 394 395 396 398 400 401 405 406 409 411 412 413 415 418 420 422 428 431 432 433 435 436 439 440 442 447 452 454 455 458 462 463 465 466 469 470 471 472 477 478 482 483 488 494 497 500 503 509 512 514 517 519 526 527 528 529 531 534 536 537 546 548 551 552 556 557 559 562 563 564 567 570 572 578 582 584 585 586 587 592 598 602 607 608 611 613 618 620 621 623 626 627 628 635 639 643 645 646 647 650 653 654 658 662 663 666 668 670 673 674 676 684 685 688 690 691 692 693 694 700 
6 25 32 39 61 65 67 70 79 82 85 87 92 94 95 102 104 123 127 128 129 133 141 150 160 167 173 177 179 183 192 194 205 211 213 218 223 228 233 235 238 240 244 257 260 272 275 279 280 285 287 289 291 295 301 307 313 316 320 324 325 331 337 352 355 363 374 376 380 381 382 389 392 395 396 398 402 405 411 422 431 435 437 440 443 444 450 457 458 462 465 471 475 485 490 494 504 505 506 511 517 528 529 530 536 538 547 551 552 559 561 564 565 567 568 572 579 585 604 615 618 621 627 630 640 643 645 647 650 653 654 662 665 676 683 688 690 699 
3 14 19 21 26 27 29 50 55 60 65 70 73 76 82 84 89 94 99 109 115 129 132 139 144 147 161 162 169 174 175 180 181 184 201 207 213 220 221 225 228 234 238 257 258 259 260 262 265 266 273 281 290 291 292 294 301 308 309 311 320 342 348 350 358 370 372 375 378 380 383 385 387 389 396 398 405 406 408 410 413 416 417 428 430 431 433 436 437 438 440 452 454 456 457 467 470 473 479 480 483 485 492 496 497 498 502 504 507 509 511 517 523 527 529 534 536 544 546 547 552 553 559 562 564 567 572 574 575 578 590 594 596 598 599 600 602 610 612 619 626 628 631 633 636 642 643 645 648 649 652 653 654 660 663 665 675 677 679 684 685 686 688 690 695 698 
1 12 21 23 29 30 32 33 34 36 47 52 54 63 66 68 77 81 90 100 107 110 114 118 119 121 128 134 135 139 141 143 146 147 150 152 153 156 158 161 167 168 171 172 174 180 187 188 192 194 196 197 198 204 213 214 218 220 224 236 237 238 240 243 247 248 255 265 266 269 271 273 282 285 286 300 301 303 310 312 319 330 332 336 338 341 342 346 347 348 360 362 365 370 371 380 392 393 396 398 399 403 405 407 408 409 411 413 414 415 418 420 424 426 429 433 434 436 439 441 449 461 463 473 478 481 482 484 488 489 492 496 498 501 503 504 507 508 513 526 527 532 540 542 544 545 547 548 554 557 563 569 570 571 572 573 576 577 582 589 594 599 600 613 614 618 619 620 621 628 632 635 642 646 648 652 656 657 667 670 674 675 678 679 681 692 694 695 696 698 
21 27 89 93 101 161 168 184 221 225 262 294 358 364 385 387 430 435 471 479 480 509 513 547 553 561 578 596 597 610 612 627 633 656 679 688 
15 56 69 72 96 113 115 117 122 133 142 149 150 157 166 189 193 195 201 202 203 208 215 219 222 230 254 259 268 271 272 274 277 278 288 297 305 315 316 317 320 327 333 357 361 364 365 366 367 370 387 390 392 393 396 400 412 417 425 433 438 444 448 468 469 474 478 493 495 500 516 523 539 545 546 551 562 577 583 584 586 588 593 596 597 608 623 624 625 629 636 641 644 654 655 659 671 680 684 689 696 697 700 
14 26 46 60 62 73 80 98 110 150 155 161 175 190 199 207 209 210 220 234 251 263 265 269 276 278 280 290 308 309 325 326 327 328 339 349 358 405 406 410 413 416 424 428 439 445 456 465 466 467 477 484 485 487 496 502 511 519 534 557 563 566 582 585 590 602 607 613 615 616 631 636 641 656 664 674 677 689 695 
44 48 57 75 80 86 120 122 132 180 197 206 208 209 216 219 227 263 264 296 297 299 354 373 377 401 418 465 505 527 556 593 603 607 617 628 635 673 685 
60 70 85 103 127 129 153 160 173 181 213 224 242 245 250 262 275 280 282 289 291 295 300 313 318 329 360 376 380 404 414 437 439 442 443 451 457 470 485 492 501 517 520 524 550 566 569 585 599 608 614 624 637 640 642 646 666 681 687 697 
11 20 38 60 62 69 70 71 85 101 103 104 111 120 122 126 127 129 133 136 141 145 176 183 190 191 202 212 213 220 224 229 235 237 241 243 245 253 265 270 289 304 309 313 315 318 319 336 337 338 339 345 346 347 351 352 354 356 368 376 381 382 386 387 389 391 392 417 443 447 448 450 451 452 471 472 483 484 487 488 490 494 495 501 502 503 505 506 508 509 510 511 522 525 528 531 535 538 541 547 549 551 555 558 564 574 575 576 581 589 595 601 617 620 629 634 636 640 658 660 665 666 676 693 697 698 699 
9 12 16 32 35 40 41 46 52 66 69 73 77 79 81 87 96 97 105 120 123 124 125 126 128 131 137 162 164 168 178 186 187 192 197 202 217 235 242 246 250 261 279 286 292 297 303 310 318 329 336 345 347 354 356 363 365 384 386 388 391 393 395 397 399 400 403 406 407 425 434 435 441 451 452 455 459 476 487 492 520 522 524 527 543 550 552 563 566 577 586 590 608 617 626 632 637 639 648 652 654 660 672 676 687 690 691 698 
22 23 28 36 39 41 57 67 71 72 75 76 80 85 86 95 104 112 117 133 139 143 145 149 159 174 179 183 205 206 216 219 221 222 223 227 233 253 264 270 272 277 278 288 292 299 305 317 318 333 337 351 360 368 369 371 377 389 395 396 401 402 418 423 424 425 432 438 445 447 448 454 463 465 468 469 472 474 478 482 484 490 500 501 506 509 522 528 530 531 533 535 538 544 546 555 556 558 561 569 570 571 575 580 583 584 585 586 598 603 607 611 616 618 621 624 632 634 636 638 641 646 652 660 670 682 684 685 693 697 699 700 
