1 134 657 532 23 667 426 54 312 573 576 194 196 330 332 204 461 338 119 100 489 247 248 
393 141 656 21 408 29 671 33 545 168 174 449 594 90 481 482 370 498 121 
577 164 261 648 9 137 41 105 77 434 52 246 407 441 187 286 
523 273 147 544 34 675 300 301 429 180 696 319 342 600 473 358 619 118 504 507 
580 10 106 138 47 369 598 508 445 159 
608 193 2 353 458 427 589 622 591 146 93 340 24 185 669 30 543 
514 394 17 663 666 156 42 432 309 182 442 60 189 64 88 488 243 379 251 
226 516 518 678 59 587 14 15 239 283 31 383 
256 609 419 453 423 359 521 554 267 136 45 464 116 284 279 217 476 
288 644 357 230 361 268 493 366 623 655 315 274 659 593 215 56 539 412 
161 98 548 582 326 519 263 428 557 466 276 602 155 349 477 
417 483 99 389 259 457 237 336 212 564 438 660 665 636 574 575 
611 616 682 76 206 112 561 533 22 603 28 221 638 
5 197 327 680 491 588 203 142 208 625 689 433 400 444 157 254 
257 162 3 546 65 454 201 169 559 144 497 562 19 372 50 375 
128 652 399 16 25 35 39 173 686 303 178 692 66 81 347 96 97 365 632 377 
450 581 549 555 558 241 629 601 634 190 62 
384 192 388 69 455 552 40 202 654 690 310 87 123 124 
513 439 4 232 170 364 495 339 597 566 343 94 158 
579 287 683 92 240 402 630 568 475 316 95 604 
258 578 567 645 140 49 18 113 626 534 470 344 694 
32 293 165 606 298 43 12 107 462 527 51 403 214 152 668 542 255 
672 130 323 390 166 8 651 367 307 154 605 446 
260 6 647 650 395 529 405 662 291 422 167 177 325 331 211 218 355 102 374 
509 452 71 447 270 368 531 693 472 253 381 351 
421 199 328 108 565 341 535 151 378 350 
290 485 677 456 585 265 207 496 467 26 
515 486 615 7 649 13 78 335 494 84 661 664 505 252 
416 695 73 234 46 590 209 308 631 410 
36 420 646 346 269 463 143 110 628 436 409 570 571 348 670 63 
676 231 233 688 435 691 53 627 471 249 91 
101 38 510 551 11 525 304 176 595 20 503 382 191 
386 131 356 354 451 487 391 617 502 55 120 345 698 541 126 639 
320 547 643 228 536 653 109 398 431 238 82 115 311 440 281 380 572 
352 512 673 517 171 621 526 334 500 404 125 220 540 
133 392 522 139 145 530 150 538 179 183 697 699 448 67 205 337 85 474 223 618 363 490 506 
322 163 200 460 620 302 306 499 148 314 
224 550 104 520 329 459 524 397 79 560 624 687 242 245 250 637 318 
674 484 613 68 135 198 424 172 114 371 563 210 411 188 413 
418 132 299 75 48 80 373 86 122 219 
89 225 385 610 612 387 262 679 294 553 430 480 596 184 633 27 479 
641 396 272 149 278 277 425 684 305 700 317 195 324 583 72 584 586 333 468 469 222 117 
227 296 297 264 44 556 685 401 465 216 57 635 607 
642 153 292 229 614 360 681 266 236 271 175 658 501 599 569 282 414 
160 129 640 289 280 70 295 103 235 275 437 213 181 376 313 443 127 
528 406 537 285 415 37 186 58 61 321 74 592 83 478 362 492 111 244 511 
