0	1	128.138	28	
0	2	600.852	127	
0	3	144.984	32	
0	4	206.399	46	
0	5	42.6604	9	
0	6	163.223	35	
0	7	240.4	53	
0	8	455.274	102	
0	9	61.1759	12	
0	10	35.5709	7	
0	11	9.91158	2	
0	12	12.3122	2	
0	13	26.2362	6	
0	14	47.219	11	
0	15	36.2043	8	
0	16	20.6743	4	
0	17	58.7792	12	
0	18	27.1978	6	
0	19	27.2221	7	
0	20	35.7093	7	
0	21	36.2507	9	
0	22	44.7335	9	
0	23	15.3236	4	
0	24	43.3988	10	
0	25	41.6423	8	
0	26	39.0438	8	
0	27	42.7714	9	
0	28	28.8484	6	
0	29	17.104	4	
0	30	21.5669	5	
1	2	432.376	91	
1	3	127.941	28	
1	4	198.674	45	
1	5	57.9568	12	
1	6	59.2318	13	
1	7	194.866	42	
1	8	413.103	89	
1	9	34.2133	8	
1	10	39.2113	8	
1	11	24.7055	5	
1	12	30.4464	7	
1	13	13.1413	3	
1	14	75.4823	16	
1	15	4.32434	1	
1	16	3.97757	1	
1	17	13.5071	2	
1	18	37.4388	8	
1	19	52.3876	12	
1	20	82.8294	20	
1	21	10.7959	2	
1	22	18.5692	4	
1	23	64.3133	14	
1	24	66.3181	14	
1	25	27.5526	5	
1	26	66.2691	14	
1	27	63.5419	13	
1	28	71.8264	15	
1	29	49.1976	10	
1	30	15.763	3	
2	3	419.368	90	
2	4	521.151	114	
2	5	110.132	25	
2	6	415.563	89	
2	7	766.253	170	
2	8	1099.3	237	
2	9	108.923	24	
2	10	102.579	22	
2	11	55.6239	13	
2	12	135.85	30	
2	13	72.2383	17	
2	14	90.3627	18	
2	15	122.657	25	
2	16	69.9965	16	
2	17	139.945	29	
2	18	93.1093	21	
2	19	147.142	34	
2	20	65.7903	15	
2	21	46.0499	10	
2	22	168.386	34	
2	23	126.433	26	
2	24	63.5527	14	
2	25	63.7347	14	
2	26	116.178	26	
2	27	151.798	35	
2	28	124.822	27	
2	29	28.1623	6	
2	30	68.2658	17	
3	4	78.3413	19	
3	5	99.1372	21	
3	6	131.045	27	
3	7	165.108	38	
3	8	347.315	75	
3	9	43.5459	10	
3	10	14.8524	3	
3	12	33.5795	8	
3	13	28.1997	7	
3	14	26.7918	6	
3	15	51.8808	11	
3	16	32.9421	7	
3	17	36.927	8	
3	18	6.04941	2	
3	19	53.9873	11	
3	20	74.2576	15	
3	21	36.6304	8	
3	22	66.8123	15	
3	23	47.3727	10	
3	24	30.8885	7	
3	26	3.56023	1	
3	27	30.7909	7	
3	28	2.9561	1	
3	29	27.9965	6	
3	30	9.36818	3	
4	5	79.5825	18	
4	6	174.991	39	
4	7	258.2	59	
4	8	423.142	93	
4	9	9.81549	3	
4	10	32.844	8	
4	11	23.2659	5	
4	12	14.4881	3	
4	13	24.2189	5	
4	14	52.4081	12	
4	15	5.67856	2	
4	16	20.2213	5	
4	17	81.5626	16	
4	18	62.7213	15	
4	19	46.2475	11	
4	20	11.94	2	
4	21	63.0996	14	
4	22	85.6021	18	
4	23	25.8267	6	
4	24	58.0127	13	
4	25	18.0293	5	
4	26	36.5083	7	
4	27	41.8251	10	
4	28	26.6727	6	
4	29	19.4602	4	
4	30	42.918	10	
5	6	40.5856	9	
5	7	74.6077	17	
5	8	85.5218	18	
5	9	6.30225	2	
5	10	7.78058	3	
5	11	5.07368	1	
5	13	2.44191	1	
5	14	19.6713	4	
5	15	36.6601	8	
5	16	5.18728	2	
5	17	5.35112	1	
5	18	11.0178	3	
5	19	18.5025	4	
5	20	25.6886	5	
5	21	26.3178	6	
5	22	3.39572	1	
5	23	16.6759	4	
5	24	2.3056	1	
5	26	36.2619	8	
5	27	20.3588	5	
5	28	7.5152	2	
5	29	5.60187	1	
5	30	20.2315	5	
6	7	254.428	55	
6	8	393.356	84	
6	9	3.03916	1	
6	10	19.7071	4	
6	11	4.87618	1	
6	12	15.6492	4	
6	13	10.3744	2	
6	14	19.143	5	
6	15	33.0096	7	
6	16	22.9878	5	
6	17	33.5007	7	
6	18	8.29549	2	
6	19	16.7918	4	
6	20	29.7277	7	
6	21	57.6567	11	
6	22	32.9012	7	
6	23	104.878	22	
6	24	64.3816	14	
6	25	33.1569	8	
6	26	27.8809	6	
6	27	7.42463	2	
6	28	50.7053	11	
6	29	30.4985	7	
6	30	9.38177	3	
7	8	709.203	151	
7	9	67.9946	15	
7	10	84.8832	20	
7	11	68.6281	16	
7	12	9.71279	2	
7	13	40.5011	9	
7	14	121.869	27	
7	15	64.5347	14	
7	16	60.6131	13	
7	17	75.8532	17	
7	18	92.5164	21	
7	19	110.524	23	
7	20	116.94	24	
7	21	36.38	9	
7	22	112.323	25	
7	23	115.157	25	
7	24	69.3671	15	
7	25	18.2994	4	
7	26	38.0792	8	
7	27	81.2279	17	
7	28	94.7583	21	
7	29	84.272	18	
7	30	100.68	23	
8	9	86.5308	19	
8	10	81.4974	16	
8	11	161.378	33	
8	12	81.2068	17	
8	13	84.834	17	
8	14	146.068	29	
8	15	175.668	38	
8	16	59.4639	12	
8	17	48.8584	10	
8	18	125.687	29	
8	19	68.9341	17	
8	20	152.668	34	
8	21	109.953	25	
8	22	40.67	10	
8	23	109.231	25	
8	24	100.544	21	
8	25	30.9107	8	
8	26	76.443	19	
8	27	79.2599	18	
8	28	123.207	25	
8	29	110.779	24	
8	30	65.4662	16	
9	11	35.3944	9	
9	12	14.1387	3	
9	13	4.89599	1	
9	15	26.1431	5	
9	17	37.2571	8	
9	18	9.2755	2	
9	19	15.7248	4	
9	20	6.75711	2	
9	21	27.9178	6	
9	22	9.83508	2	
9	26	5.82818	1	
9	29	15.6459	4	
10	11	30.1192	6	
10	15	28.0073	6	
10	17	8.25139	2	
10	18	7.22087	2	
10	19	16.7582	4	
10	20	33.2348	8	
10	21	2.63091	1	
10	22	4.23848	1	
10	23	4.74149	1	
10	24	5.97002	2	
10	26	11.5618	3	
10	27	6.15565	1	
10	28	5.82754	1	
10	30	1.89797	1	
11	12	16.5799	4	
11	13	7.94327	2	
11	14	26.8408	5	
11	15	24.2593	5	
11	17	19.1695	4	
11	20	5.52202	1	
11	22	11.9959	2	
11	23	16.6861	5	
11	26	5.43239	2	
11	27	5.26895	1	
11	28	4.9248	1	
11	29	15.3434	4	
11	30	1.98743	1	
12	14	23.69	4	
12	15	6.54228	2	
12	17	24.663	4	
12	20	5.00366	1	
12	21	20.9353	5	
12	22	18.7357	5	
12	23	5.54947	1	
12	27	6.51093	1	
13	15	26.5615	6	
13	16	2.65118	1	
13	17	4.3606	1	
13	18	23.7279	5	
13	19	13.6441	3	
13	20	6.90497	2	
13	21	3.32581	1	
13	22	6.32303	1	
13	27	38.7208	8	
13	28	3.96658	1	
13	29	9.51311	2	
14	17	25.8682	5	
14	18	7.69089	2	
14	19	4.14049	1	
14	21	10.3547	2	
14	23	3.24565	1	
14	24	26.8841	5	
14	25	22.482	5	
14	26	3.77257	1	
14	27	2.75609	1	
14	28	20.0283	4	
14	29	26.2594	6	
14	30	9.01967	2	
15	16	6.25578	1	
15	17	4.52976	1	
15	18	18.9296	4	
15	19	7.96421	1	
15	21	3.38601	1	
15	22	32.2375	6	
15	23	5.27415	1	
15	25	27.3425	5	
15	26	33.0854	7	
15	27	5.18986	1	
15	28	29.8922	6	
16	21	5.2554	1	
16	22	5.61453	1	
17	18	4.84116	1	
17	19	7.82101	2	
17	20	14.933	3	
17	21	6.62763	1	
17	22	30.9529	6	
17	23	6.16786	2	
17	24	31.9844	7	
17	26	10.8825	2	
17	27	22.0889	5	
17	30	18.8608	4	
18	19	27.8299	6	
18	20	28.1478	5	
18	21	3.55849	1	
18	23	4.04345	1	
18	24	21.1511	5	
18	26	13.0517	3	
18	27	5.01433	1	
18	28	25.2933	5	
18	30	6.88997	1	
19	20	13.5783	3	
19	22	18.1247	4	
19	25	2.55167	1	
19	26	24.7858	6	
19	27	6.42971	1	
19	28	2.4329	1	
19	30	23.4123	5	
20	21	6.91353	2	
20	22	2.66366	1	
20	23	12.3956	3	
20	25	4.14444	1	
20	26	5.96836	1	
20	28	20.7422	4	
20	29	21.0661	5	
20	30	42.6936	9	
21	23	0.301298	1	
21	24	27.4969	6	
21	25	9.68126	2	
21	26	1.80051	1	
21	28	7.31942	1	
21	29	1.9561	1	
21	30	19.2815	4	
22	23	26.1178	5	
22	25	25.6612	5	
22	26	14.1643	3	
22	27	3.95586	1	
22	28	22.2281	4	
22	29	7.47606	1	
22	30	4.34509	1	
23	27	7.49808	2	
23	28	2.39099	1	
23	29	7.24732	2	
24	25	3.44382	1	
24	26	5.3535	1	
24	27	23.4076	5	
25	26	14.6556	4	
25	27	3.83805	1	
25	28	32.4815	7	
25	29	4.53122	1	
26	27	27.6387	6	
26	28	27.7842	5	
27	28	25.2884	6	
27	29	25.6191	5	
28	30	2.34281	1	
