0	1	4
0	2	7
0	3	6
0	4	4
0	5	4
0	6	5
0	7	5
0	8	2
0	9	2
0	10	3
0	11	3
0	12	6
0	13	1
0	14	2
0	15	5
0	16	3
0	17	6
0	18	3
0	19	3
0	20	5
0	21	5
0	22	6
0	23	7
0	24	7
0	25	6
0	26	2
0	27	8
0	28	8
0	29	7
0	30	18
0	31	6
0	32	2
1	2	3
1	3	3
1	4	7
1	5	7
1	6	8
1	7	10
1	8	1
1	9	6
1	10	3
1	11	5
1	12	13
1	13	5
1	14	3
1	15	3
1	16	2
1	17	6
1	18	6
1	19	14
1	20	5
1	21	8
1	22	5
1	23	2
1	24	6
1	25	6
1	26	6
1	27	13
1	28	7
1	29	2
1	30	17
1	31	7
1	32	6
2	3	9
2	4	8
2	5	9
2	6	12
2	7	7
2	8	2
2	9	10
2	10	8
2	11	8
2	12	6
2	13	2
2	14	6
2	15	7
2	16	3
2	17	18
2	18	7
2	19	3
2	20	7
2	21	9
2	22	7
2	23	3
2	24	9
2	25	8
2	26	3
2	27	10
2	28	9
2	29	9
2	30	22
2	31	13
2	32	5
3	4	10
3	5	7
3	6	6
3	7	14
3	8	5
3	9	8
3	10	2
3	11	4
3	12	8
3	14	1
3	15	13
3	16	9
3	17	8
3	18	8
3	19	2
3	20	5
3	21	9
3	22	5
3	23	5
3	24	10
3	25	4
3	26	8
3	27	13
3	28	6
3	29	9
3	30	22
3	31	6
3	32	9
4	5	7
4	6	10
4	7	8
4	8	4
4	9	4
4	10	4
4	11	10
4	12	8
4	13	2
4	14	5
4	15	3
4	16	5
4	17	9
4	18	8
4	19	5
4	20	4
4	21	5
4	22	5
4	23	6
4	24	9
4	25	8
4	26	4
4	27	11
4	28	6
4	29	7
4	30	23
4	31	8
4	32	5
5	6	4
5	7	5
5	8	3
5	9	5
5	10	5
5	11	10
5	12	12
5	13	3
5	14	8
5	15	9
5	16	5
5	17	2
5	18	6
5	19	7
5	20	8
5	21	6
5	22	14
5	23	4
5	24	17
5	25	7
5	26	9
5	27	7
5	28	4
5	29	6
5	30	26
5	31	10
5	32	9
6	7	3
6	8	1
6	9	6
6	10	4
6	11	7
6	12	9
6	13	6
6	14	6
6	15	3
6	16	3
6	17	6
6	18	12
6	19	7
6	20	5
6	21	5
6	22	5
6	23	3
6	24	12
6	25	12
6	26	4
6	27	16
6	28	6
6	29	12
6	30	21
6	31	8
6	32	3
7	8	5
7	9	5
7	10	7
7	11	8
7	12	14
7	13	3
7	14	2
7	15	8
7	16	2
7	17	8
7	18	4
7	19	7
7	20	7
7	21	11
7	22	3
7	23	1
7	24	11
7	25	12
7	26	7
7	27	10
7	28	6
7	29	8
7	30	18
7	31	8
7	32	6
8	9	2
8	10	6
8	11	2
8	12	7
8	13	4
8	14	8
8	15	1
8	16	2
8	17	3
8	18	6
8	19	2
8	20	4
8	21	6
8	22	3
8	23	5
8	24	5
8	25	4
8	26	4
8	27	9
8	28	3
8	29	8
8	30	14
8	31	8
8	32	10
9	10	7
9	11	10
9	12	3
9	13	3
9	14	6
9	15	3
9	16	13
9	17	5
9	18	7
9	19	4
9	20	5
9	21	6
9	22	5
9	23	4
9	24	9
9	25	15
9	26	6
9	27	15
9	28	7
9	29	9
9	30	20
9	31	12
9	32	5
10	11	18
10	12	7
10	13	1
10	14	10
10	15	3
10	16	3
10	17	4
10	18	8
10	19	8
10	20	3
10	21	7
10	22	7
10	23	5
10	24	9
10	25	20
10	26	8
10	27	18
10	28	7
10	29	4
10	30	24
10	31	6
10	32	13
11	12	6
11	13	6
11	14	7
11	15	9
11	16	5
11	17	13
11	18	9
11	19	6
11	20	9
11	21	14
11	22	5
11	23	9
11	24	15
11	25	12
11	26	11
11	27	21
11	28	8
11	29	8
11	30	28
11	31	19
11	32	9
12	13	7
12	15	11
12	16	4
12	17	16
12	18	16
12	19	10
12	20	10
12	21	19
12	22	12
12	23	6
12	24	21
12	25	13
12	26	8
12	27	14
12	28	9
12	29	6
12	30	42
12	31	15
12	32	9
13	14	3
13	15	3
13	16	3
13	17	5
13	18	9
13	19	6
13	20	2
13	21	3
13	22	2
13	23	4
13	24	4
13	25	9
13	26	2
13	27	7
13	28	13
13	29	6
13	30	18
13	31	4
13	32	10
14	15	2
14	16	1
14	17	4
14	18	4
14	19	2
14	20	4
14	21	9
14	22	1
14	24	9
14	25	10
14	26	9
14	27	12
14	28	2
14	29	3
14	30	15
14	31	5
14	32	6
15	16	8
15	17	7
15	18	2
15	19	3
15	20	2
15	21	4
15	22	1
15	23	8
15	24	7
15	25	7
15	26	4
15	27	14
15	28	9
15	29	9
15	30	17
15	31	16
15	32	4
16	17	10
16	18	5
16	19	6
16	20	8
16	21	8
16	22	3
16	23	12
16	24	10
16	25	4
16	26	3
16	27	13
16	28	8
16	29	7
16	30	24
16	31	5
16	32	6
17	18	11
17	19	8
17	20	5
17	21	20
17	22	10
17	23	10
17	24	17
17	25	14
17	26	11
17	27	15
17	28	15
17	29	7
17	30	33
17	31	11
17	32	8
18	19	8
18	20	8
18	21	13
18	22	12
18	23	3
18	24	20
18	25	11
18	26	11
18	27	10
18	28	7
18	29	15
18	30	33
18	31	13
18	32	13
19	20	8
19	21	10
19	22	9
19	23	5
19	24	14
19	25	7
19	26	6
19	27	14
19	28	11
19	29	10
19	30	32
19	31	13
19	32	5
20	21	14
20	22	4
20	23	2
20	24	13
20	25	7
20	26	1
20	27	12
20	28	10
20	29	8
20	30	20
20	31	9
20	32	6
21	22	9
21	23	8
21	24	9
21	25	12
21	26	13
21	27	21
21	28	13
21	29	6
21	30	28
21	31	15
21	32	6
22	23	4
22	24	11
22	25	11
22	26	5
22	27	16
22	28	12
22	29	4
22	30	19
22	31	10
22	32	6
23	24	13
23	25	8
23	26	7
23	27	11
23	28	5
23	29	4
23	30	19
23	31	9
23	32	7
24	25	27
24	26	8
24	27	21
24	28	18
24	29	9
24	30	43
24	31	25
24	32	13
25	26	13
25	27	20
25	28	20
25	29	7
25	30	55
25	31	14
25	32	13
26	27	16
26	28	8
26	29	7
26	30	20
26	31	14
26	32	13
27	28	21
27	29	15
27	30	35
27	31	17
27	32	15
28	29	8
28	30	21
28	31	18
28	32	10
29	30	33
29	31	13
29	32	2
30	31	45
30	32	41
31	32	12
