11 16 20 42 55 90 94 119 167 218 248 254 258 263 271 273 303 328 349 359 396 400 414 472 475 476 482 502 506 509 557 558 566 577 585 602 606 613 621 625 670 674 697 
32 34 48 63 83 122 158 229 231 251 260 272 279 289 292 301 312 332 354 391 396 421 436 467 471 484 492 571 592 596 598 599 614 623 628 653 655 657 669 675 
16 19 20 42 53 55 56 73 90 92 94 102 137 138 167 176 185 206 210 215 216 219 225 234 248 254 255 256 263 266 273 275 276 284 285 288 295 296 297 305 306 309 315 318 323 330 349 352 356 357 359 361 380 383 384 400 404 410 411 419 426 431 443 447 460 461 463 468 488 498 505 506 525 530 540 543 551 557 563 565 566 568 573 585 593 596 609 616 621 625 627 630 634 650 655 661 670 674 679 683 687 690 691 695 700 
13 18 23 26 27 30 32 34 36 45 48 57 62 63 64 65 75 83 84 88 89 91 95 100 103 106 125 126 127 132 134 135 140 146 147 148 153 156 170 171 183 184 192 194 199 207 211 226 229 230 231 232 257 260 262 267 269 278 279 280 284 286 288 295 301 313 314 315 316 319 322 328 337 338 341 344 347 353 354 359 360 366 368 370 371 373 375 380 381 382 383 386 389 391 401 407 412 415 416 417 429 432 433 435 436 441 465 467 471 474 479 481 483 489 492 494 497 505 507 513 514 516 520 524 526 534 542 546 547 548 549 551 552 562 567 580 584 587 597 599 605 608 614 619 620 624 628 631 633 636 639 640 647 650 653 658 659 667 672 673 676 677 678 680 681 682 687 693 694 
6 35 37 54 58 71 87 99 101 109 113 129 132 166 170 172 174 184 187 193 195 197 201 203 204 217 222 227 242 243 245 255 260 267 275 285 288 290 300 301 303 305 315 331 333 334 336 341 342 343 352 360 369 372 377 379 383 387 389 390 393 394 402 408 409 430 435 439 447 459 460 470 478 485 490 493 499 503 504 510 516 529 535 542 544 550 559 561 567 571 573 575 576 578 581 583 584 589 599 609 610 612 615 616 622 629 630 642 645 660 666 667 669 672 678 680 682 683 684 685 690 700 
5 19 31 47 53 68 72 74 80 95 99 105 111 117 122 128 131 139 140 143 151 163 192 197 198 214 219 225 234 243 264 268 282 295 298 299 302 307 312 323 328 330 343 347 350 374 381 390 395 406 413 418 420 443 446 452 454 461 462 492 495 496 501 522 529 537 544 548 554 560 563 567 591 593 596 602 610 612 613 618 622 623 632 640 643 645 648 650 653 658 660 661 665 667 676 694 698 699 
21 23 39 64 67 100 122 134 144 147 161 171 173 183 190 194 230 231 242 247 252 260 268 292 314 325 341 357 369 373 379 380 386 401 408 411 413 415 419 421 426 432 439 467 478 482 488 489 516 527 549 555 560 569 571 572 574 583 587 605 616 628 641 643 644 647 651 654 659 660 672 687 692 
10 17 21 25 33 34 35 44 48 51 52 60 63 75 82 83 86 95 96 98 100 108 114 119 121 124 145 149 150 153 154 157 169 179 180 186 197 202 204 205 209 212 213 218 222 229 234 235 237 238 244 246 255 258 260 265 267 277 279 280 282 287 289 292 294 298 301 311 315 317 320 321 325 331 332 333 335 336 339 340 342 344 346 354 367 372 375 378 387 388 393 394 396 399 418 421 422 426 427 436 441 447 448 449 455 457 462 468 469 472 473 475 477 480 482 488 492 501 502 505 509 512 518 522 528 531 533 536 541 552 557 558 564 566 577 582 586 588 590 597 598 602 606 611 615 616 617 628 630 635 636 638 643 646 647 651 653 654 655 656 659 661 664 668 671 678 689 691 695 696 
1 9 14 26 31 51 62 70 71 74 75 77 79 82 90 95 96 99 105 117 122 126 128 129 139 141 143 147 151 166 170 171 182 188 191 195 202 207 214 217 220 225 227 228 230 231 239 240 245 246 247 265 268 277 281 282 283 284 287 294 295 298 300 303 307 309 312 314 315 319 320 321 323 327 330 335 340 341 343 346 351 353 362 367 368 372 376 377 382 393 397 403 404 407 413 415 420 421 425 426 428 430 431 432 434 437 438 443 448 452 458 459 461 462 470 473 475 479 483 485 493 496 497 501 504 506 510 513 517 519 522 524 527 534 538 543 544 551 554 557 560 561 564 567 570 577 579 581 584 586 588 589 590 596 602 603 609 610 613 619 620 622 623 625 627 629 631 634 636 643 645 647 648 650 652 653 654 658 659 660 661 664 669 670 676 678 690 691 697 
43 44 48 65 67 73 75 86 87 122 125 148 154 161 164 169 172 177 190 192 197 198 203 206 217 221 242 243 264 275 278 302 305 340 343 346 352 361 369 374 378 381 386 390 393 402 409 411 419 422 431 446 449 460 462 468 470 476 478 493 494 505 519 521 523 527 529 530 537 559 569 571 574 593 609 616 617 632 640 641 654 662 676 680 687 692 694 697 698 699 
1 11 12 23 24 36 39 43 44 47 48 51 54 57 64 70 72 80 81 86 88 93 94 95 96 98 100 103 107 113 115 118 120 127 130 131 132 134 135 144 146 147 153 156 162 164 169 170 178 182 184 189 192 193 194 195 197 200 201 206 211 219 220 226 230 231 244 246 247 251 252 253 254 257 261 264 265 267 268 270 272 277 278 280 282 284 286 287 294 297 302 314 315 320 321 326 330 335 337 339 340 342 344 346 347 350 351 357 359 360 361 363 367 370 373 374 375 378 381 385 388 389 390 392 395 401 403 408 412 413 415 416 417 422 425 432 437 440 441 446 448 462 467 481 484 488 489 495 501 506 507 516 520 521 522 523 526 527 528 529 531 537 542 546 547 549 553 555 564 572 576 577 583 586 587 588 589 590 591 593 597 599 600 602 603 605 612 613 614 617 618 625 626 630 632 636 644 645 647 654 657 659 661 663 667 668 672 673 676 677 681 682 684 689 691 693 694 695 697 698 
41 101 143 163 179 193 198 199 208 221 228 232 243 253 278 299 322 325 328 329 359 380 381 399 406 414 417 424 426 432 454 465 474 476 505 525 546 548 566 589 606 608 613 616 621 625 633 640 641 643 651 653 654 665 674 683 694 695 697 699 
28 38 43 62 69 73 87 92 99 116 136 152 155 159 165 170 172 183 189 203 209 217 219 228 237 243 247 249 250 275 281 293 295 302 305 310 313 319 343 345 352 353 358 361 365 368 371 387 393 397 402 405 407 409 411 424 426 434 439 449 453 456 460 464 465 468 470 478 479 493 494 497 503 512 513 514 515 531 534 538 539 548 551 556 559 561 571 572 576 584 589 601 609 611 614 616 619 631 635 637 644 650 653 662 676 698 
4 11 12 22 26 59 69 89 97 109 113 122 136 152 158 171 175 180 181 217 219 231 240 244 249 251 259 272 274 283 311 316 320 343 345 355 358 360 364 382 387 391 396 397 403 406 411 418 421 424 427 428 438 439 453 455 469 474 484 500 503 512 514 535 539 548 552 553 556 580 584 585 592 598 599 601 603 617 619 629 633 635 637 675 689 
7 10 25 28 30 32 35 38 45 49 50 62 65 66 78 84 85 91 95 104 106 111 112 113 114 116 119 121 125 126 145 146 148 150 154 155 158 159 168 170 171 183 196 199 204 207 223 224 228 232 236 245 255 259 262 267 280 288 290 293 303 304 306 311 317 319 320 324 331 333 336 338 348 353 355 358 361 365 366 368 371 372 382 387 393 394 395 398 408 412 413 416 424 427 429 433 439 440 444 447 450 454 456 465 475 483 486 491 494 497 500 508 515 516 520 524 527 528 535 538 542 551 558 560 562 566 573 577 587 593 595 597 601 608 614 615 618 619 624 625 626 627 630 631 633 639 642 646 649 657 661 678 680 683 686 693 695 697 
4 8 10 11 12 20 21 24 28 35 36 38 41 54 57 60 64 75 101 107 109 113 121 130 132 134 135 143 144 145 146 154 158 159 162 163 170 172 184 186 193 194 197 198 202 204 208 213 221 228 238 240 244 251 255 267 278 280 288 289 292 293 299 303 311 315 317 327 328 329 330 331 333 336 342 343 355 358 359 360 365 372 373 380 381 387 389 392 393 394 398 406 408 414 415 418 422 424 427 432 434 435 441 447 454 459 465 467 469 475 476 477 480 482 486 488 489 491 516 520 527 528 533 535 536 542 548 549 554 566 573 577 582 583 587 589 597 599 601 603 605 612 613 614 615 621 630 638 640 647 654 656 659 661 664 665 667 669 671 672 678 681 682 689 694 697 699 
2 3 10 24 27 33 37 51 56 61 70 87 92 95 96 105 110 111 114 123 133 142 150 153 155 159 160 176 178 181 187 196 201 202 203 216 220 224 228 233 241 246 247 265 266 269 274 275 279 281 285 290 291 293 304 305 306 308 309 310 320 322 334 335 337 339 340 342 344 346 347 351 366 367 370 374 375 376 387 388 393 402 403 404 405 409 416 417 422 423 424 435 436 437 442 444 445 448 451 456 457 460 462 466 468 470 474 477 478 487 488 490 493 498 501 505 511 518 521 526 530 532 534 538 540 543 545 557 559 571 573 575 576 578 579 586 590 591 592 597 601 604 607 609 610 617 618 620 625 627 634 637 649 658 661 662 676 677 680 684 688 691 693 694 698 700 
14 46 47 68 71 77 80 93 99 129 136 152 153 155 162 165 166 171 180 189 195 196 209 210 227 239 249 250 269 274 281 288 300 306 313 322 331 337 341 345 347 350 358 370 375 376 377 385 395 397 408 420 430 449 453 459 464 485 503 504 510 512 514 517 524 526 531 539 544 550 553 555 556 561 568 581 589 597 610 611 617 620 622 629 635 637 642 645 652 653 674 677 682 690 693 
6 35 37 46 52 53 58 68 72 80 98 101 118 128 147 154 162 164 174 181 187 201 206 217 243 253 255 261 265 267 271 275 277 290 296 303 305 311 317 318 330 334 336 339 350 352 356 363 379 380 385 387 393 394 401 402 405 409 432 433 435 439 441 447 460 470 478 490 493 499 508 516 528 535 539 550 553 555 559 567 572 573 575 576 577 578 584 600 610 617 618 626 630 644 661 663 666 667 678 683 684 685 690 691 
13 19 20 46 53 68 83 92 102 139 140 174 187 210 222 255 260 273 276 295 296 297 301 303 356 383 404 447 461 465 492 508 530 543 550 563 569 575 578 593 614 622 643 666 670 683 690 
7 24 25 28 29 33 38 39 46 47 52 56 61 72 76 77 80 83 105 106 108 110 112 114 116 120 123 124 125 131 137 138 148 149 150 154 155 159 160 162 164 172 176 178 179 180 181 182 185 199 205 210 215 216 218 228 232 235 239 241 245 251 255 256 258 262 266 284 285 289 293 301 302 304 306 308 309 310 318 324 325 341 346 348 350 361 365 368 371 376 378 384 385 386 390 392 395 398 399 401 404 407 410 418 419 421 422 424 429 433 436 437 444 450 451 456 459 463 466 471 472 478 482 486 490 494 495 499 502 505 506 508 509 511 523 525 528 530 532 538 540 541 543 544 551 553 554 555 557 558 562 565 566 568 575 576 585 586 592 593 601 604 606 607 608 614 616 617 618 621 625 626 627 628 634 643 645 651 655 657 658 661 667 668 679 683 684 688 690 693 695 698 700 
6 20 24 39 42 47 52 53 55 68 72 77 80 83 93 102 108 113 116 117 120 128 131 137 138 139 147 161 162 167 168 173 178 185 187 210 215 245 248 254 256 261 263 265 268 273 276 284 290 296 297 307 318 322 339 341 343 349 350 356 361 381 383 384 385 386 395 398 400 401 408 410 418 419 420 424 443 452 454 459 463 468 490 495 496 499 508 509 525 528 538 544 554 555 560 563 565 566 568 569 585 593 598 617 618 621 622 625 626 634 643 645 648 653 655 658 660 666 667 670 674 679 684 685 690 692 693 700 
10 44 70 75 86 89 90 94 111 116 142 169 171 182 188 192 196 197 202 204 219 228 229 232 253 254 264 268 274 279 282 284 286 291 294 302 313 322 341 342 346 347 351 374 388 390 403 405 407 417 422 423 425 431 434 437 442 445 446 457 458 462 480 487 498 506 518 519 521 522 523 526 529 537 545 559 570 579 590 593 596 602 612 616 617 620 625 632 633 650 653 676 693 694 697 698 
24 29 38 46 47 52 72 76 80 81 93 115 118 120 131 162 164 172 200 206 234 245 251 254 261 270 274 303 305 311 326 350 361 363 371 378 384 385 395 401 422 433 440 441 495 499 506 528 531 539 553 555 591 594 614 617 618 626 644 645 657 663 667 668 678 683 686 690 
6 18 24 27 37 58 88 98 101 103 112 156 159 174 187 201 211 222 226 232 257 260 271 272 274 278 285 286 290 301 306 311 314 333 334 335 370 379 380 383 390 403 405 408 412 433 435 445 451 459 474 481 490 499 507 516 517 538 539 546 547 550 553 556 558 561 567 573 575 576 578 601 617 621 629 639 642 666 667 672 673 684 685 695 700 
76 81 118 157 164 182 189 200 253 261 277 302 311 320 326 330 361 363 380 417 419 432 439 440 441 531 572 582 587 591 594 600 613 622 644 657 663 671 683 696 
26 27 59 62 69 77 82 117 126 146 148 170 181 183 203 207 251 257 272 281 295 315 316 319 320 332 338 353 364 368 371 382 391 393 396 410 416 418 428 455 465 467 473 479 483 494 497 500 513 527 534 540 547 551 552 557 560 562 577 580 584 598 608 619 623 624 627 631 634 647 649 650 657 669 678 
35 81 94 115 118 121 145 154 164 172 174 182 200 204 206 234 254 255 261 267 271 288 303 317 326 330 331 333 336 340 363 366 372 379 387 393 394 408 417 419 439 440 441 446 447 448 462 486 495 496 499 516 527 529 531 535 561 573 577 580 591 594 600 602 608 615 622 626 630 633 642 644 657 662 663 669 678 683 685 687 
27 34 48 63 70 71 81 105 108 115 119 127 129 140 142 149 153 157 166 177 179 182 193 195 196 200 205 208 212 218 224 227 229 233 235 245 258 260 261 269 271 274 279 286 288 291 299 300 301 302 313 320 322 326 337 342 344 347 352 354 359 361 363 370 371 375 377 378 380 399 403 406 408 416 423 425 427 430 436 438 440 441 442 445 454 459 465 468 471 472 474 476 482 485 487 492 498 502 504 509 510 512 514 517 518 524 526 531 544 547 553 557 558 561 566 576 577 581 591 593 594 597 600 602 606 613 617 620 622 629 644 651 652 653 657 658 662 663 665 668 674 677 680 682 693 694 695 699 
2 3 18 22 41 67 71 77 88 103 105 112 129 133 142 143 146 149 155 156 159 163 166 170 173 193 195 196 198 202 208 210 211 215 221 224 226 227 228 233 239 242 248 251 257 272 274 278 286 291 293 299 300 304 306 311 322 324 328 329 333 341 359 367 370 377 380 381 383 388 403 405 406 408 412 414 417 419 423 424 425 426 430 433 442 444 445 450 454 456 457 459 474 475 476 481 485 486 487 498 502 504 507 510 517 518 524 538 544 545 546 547 548 558 561 562 566 567 568 571 581 583 589 601 606 610 613 616 621 625 629 636 638 640 643 651 652 653 654 665 673 680 682 694 695 697 699 700 
28 69 70 108 127 136 140 149 150 152 153 155 165 171 182 189 196 205 209 212 218 237 249 250 251 258 262 269 270 281 293 304 313 322 324 325 337 342 344 345 348 352 358 365 370 397 398 416 426 434 436 449 450 453 455 456 464 470 472 475 482 486 502 503 508 509 510 512 514 526 538 539 541 556 558 571 572 577 583 589 597 601 606 611 614 620 625 626 635 637 642 653 658 661 674 676 677 680 682 693 695 
21 23 29 56 64 73 82 92 100 134 137 144 146 147 176 178 183 185 187 194 210 215 216 222 230 231 247 251 252 256 266 273 285 297 309 314 318 341 356 357 360 361 373 384 404 410 413 415 418 419 432 437 461 463 467 468 473 484 488 489 499 505 508 509 516 525 530 540 541 543 549 565 568 573 585 587 593 597 605 606 616 626 627 634 641 647 654 655 659 672 679 690 700 
70 75 90 126 143 171 188 202 203 214 217 253 281 282 284 295 312 316 319 341 368 382 407 431 437 443 458 465 479 483 497 506 513 518 519 534 551 559 570 579 584 596 619 623 631 650 655 669 676 691 697 
31 49 50 54 66 74 78 85 98 99 104 107 109 113 130 132 135 136 140 152 159 165 168 184 193 196 202 209 223 233 236 249 250 251 270 280 281 299 312 313 318 323 345 355 358 359 360 365 366 389 392 397 403 406 411 413 434 439 449 464 488 491 503 512 514 515 516 520 524 539 542 556 566 575 576 583 587 595 599 603 611 612 623 624 625 633 635 637 642 646 649 666 680 681 686 689 697 
10 17 33 60 61 79 82 110 123 133 140 141 150 160 182 186 191 213 222 234 237 238 240 241 283 289 292 308 310 315 327 332 337 351 362 376 377 383 403 417 421 422 425 427 434 436 437 438 444 451 466 469 471 472 473 474 475 477 480 511 514 518 528 532 533 536 541 582 592 598 604 607 609 620 627 628 629 638 642 646 649 656 657 658 664 669 671 676 677 682 688 691 695 696 
13 19 46 53 68 83 94 102 122 140 173 177 210 234 248 273 276 288 295 296 297 330 349 356 383 410 461 468 498 550 563 569 593 597 641 670 687 690 
67 73 87 92 94 122 161 171 172 173 177 180 189 190 193 198 203 206 221 242 243 244 273 275 276 277 297 329 341 343 352 369 378 380 386 393 402 406 409 411 416 426 432 460 468 476 493 542 548 563 569 572 574 577 583 587 589 597 609 616 620 630 640 641 643 650 660 662 680 683 687 692 694 697 699 
