0	1	3
0	2	9
0	3	5
0	4	3
0	5	10
0	6	1
0	7	3
0	8	2
0	9	6
0	10	8
0	11	15
0	12	7
0	13	8
0	14	9
0	15	5
0	16	1
0	17	9
0	18	11
0	19	5
0	20	10
0	21	9
0	22	16
0	23	4
0	24	7
0	25	5
0	26	3
0	27	7
0	28	8
0	29	7
0	30	7
0	31	11
0	32	10
0	33	11
0	34	3
0	35	3
0	36	1
0	37	7
0	38	1
0	39	8
0	40	3
0	41	8
0	42	2
0	43	9
0	44	4
0	45	12
0	46	6
0	47	3
0	48	3
0	49	7
0	50	9
0	51	3
0	52	2
0	53	4
0	54	1
0	55	6
1	2	6
1	3	2
1	4	3
1	5	2
1	7	1
1	8	2
1	9	2
1	10	2
1	11	4
1	12	4
1	13	3
1	14	5
1	15	2
1	16	3
1	17	6
1	18	7
1	19	5
1	20	4
1	22	3
1	23	1
1	24	3
1	25	6
1	26	4
1	27	4
1	28	6
1	29	3
1	30	6
1	31	7
1	32	3
1	33	1
1	34	7
1	37	1
1	38	2
1	39	3
1	40	3
1	41	3
1	42	1
1	43	4
1	44	2
1	45	8
1	46	9
1	47	5
1	48	3
1	49	2
1	50	2
1	51	8
1	52	7
1	53	6
1	54	3
1	55	4
2	3	6
2	5	2
2	6	5
2	7	1
2	8	7
2	9	5
2	10	8
2	11	9
2	12	5
2	13	4
2	14	3
2	15	7
2	16	4
2	17	9
2	18	10
2	19	7
2	20	4
2	21	7
2	22	3
2	23	1
2	24	5
2	25	6
2	26	3
2	27	3
2	28	9
2	29	3
2	30	3
2	31	6
2	32	6
2	33	7
2	34	4
2	37	4
2	38	1
2	39	4
2	40	2
2	41	6
2	42	2
2	43	8
2	44	1
2	45	5
2	46	9
2	47	5
2	48	6
2	49	3
2	50	3
2	51	5
2	52	8
2	53	7
2	54	4
2	55	4
3	4	2
3	5	3
3	6	1
3	7	2
3	8	3
3	9	4
3	11	6
3	12	3
3	13	3
3	14	3
3	15	2
3	16	2
3	17	3
3	18	6
3	19	3
3	20	3
3	21	1
3	22	1
3	23	3
3	24	2
3	25	5
3	26	3
3	27	4
3	28	4
3	29	3
3	30	3
3	31	2
3	32	4
3	33	1
3	34	5
3	37	7
3	38	2
3	39	1
3	40	4
3	41	4
3	42	3
3	43	5
3	44	3
3	45	1
3	46	5
3	47	1
3	48	2
3	49	2
3	51	6
3	52	1
3	53	3
3	55	10
4	6	1
4	8	1
4	9	1
4	10	1
4	11	1
4	12	1
4	13	2
4	14	1
4	17	1
4	18	1
4	19	1
4	21	2
4	22	1
4	23	1
4	24	1
4	27	1
4	30	5
4	32	3
4	33	4
4	34	2
4	36	1
4	38	1
4	39	1
4	40	1
4	42	2
4	43	2
4	45	7
4	48	2
4	49	2
4	50	1
4	52	1
4	54	1
5	6	6
5	7	3
5	8	6
5	9	4
5	10	5
5	11	2
5	12	5
5	13	5
5	14	3
5	15	1
5	16	5
5	17	4
5	18	2
5	19	10
5	20	2
5	21	2
5	22	2
5	23	4
5	24	5
5	25	6
5	26	2
5	27	3
5	28	5
5	29	1
5	30	3
5	31	1
5	32	3
5	33	6
5	34	5
5	35	5
5	36	1
5	37	2
5	38	1
5	39	1
5	40	13
5	41	3
5	42	1
5	43	10
5	44	2
5	45	2
5	46	4
5	47	2
5	49	2
5	50	5
5	52	1
5	53	2
5	54	4
5	55	3
6	7	5
6	8	3
6	9	7
6	10	2
6	12	2
6	13	2
6	14	2
6	15	5
6	16	3
6	17	1
6	18	2
6	19	2
6	20	1
6	21	1
6	22	1
6	23	3
6	24	2
6	25	5
6	26	1
6	28	2
6	30	1
6	31	1
6	32	1
6	33	3
6	34	3
6	35	1
6	36	1
6	37	3
6	38	3
6	39	6
6	40	2
6	41	1
6	42	1
6	43	8
6	44	2
6	45	5
6	46	4
6	47	1
6	48	2
6	49	3
6	50	1
6	51	1
6	52	3
6	53	2
6	55	6
7	8	4
7	9	2
7	10	6
7	11	7
7	12	3
7	13	5
7	15	3
7	16	1
7	17	1
7	18	3
7	19	3
7	20	5
7	22	4
7	23	3
7	24	1
7	25	4
7	26	1
7	27	5
7	28	4
7	30	2
7	32	4
7	33	7
7	34	1
7	35	1
7	37	2
7	38	1
7	39	1
7	40	1
7	41	8
7	42	2
7	43	2
7	44	2
7	45	3
7	46	1
7	47	2
7	48	3
7	49	1
7	50	5
7	51	1
7	52	1
7	53	2
7	54	1
7	55	2
8	9	4
8	10	10
8	11	8
8	12	5
8	13	5
8	14	5
8	15	2
8	16	2
8	17	7
8	18	3
8	19	3
8	20	5
8	21	5
8	22	3
8	23	2
8	24	7
8	25	7
8	26	2
8	27	7
8	28	4
8	30	4
8	31	4
8	32	6
8	33	10
8	34	3
8	35	1
8	37	2
8	38	2
8	39	4
8	40	3
8	41	4
8	42	3
8	43	7
8	44	2
8	45	4
8	46	6
8	47	2
8	48	3
8	49	6
8	50	2
8	51	7
8	52	4
8	53	2
8	54	1
8	55	4
9	10	11
9	11	10
9	12	11
9	13	5
9	14	7
9	15	4
9	17	1
9	18	7
9	19	2
9	20	13
9	21	4
9	22	3
9	23	3
9	24	4
9	25	7
9	26	3
9	27	7
9	28	8
9	29	6
9	30	5
9	31	8
9	32	7
9	33	3
9	34	5
9	35	1
9	36	2
9	37	9
9	38	1
9	39	6
9	40	1
9	41	5
9	42	4
9	43	6
9	44	2
9	45	8
9	46	7
9	47	5
9	48	6
9	49	4
9	50	1
9	51	5
9	52	10
9	53	5
9	54	4
9	55	2
10	11	11
10	12	3
10	13	11
10	14	6
10	15	10
10	16	2
10	17	14
10	18	3
10	19	5
10	20	7
10	21	4
10	22	2
10	23	4
10	24	7
10	25	13
10	26	4
10	27	3
10	28	7
10	29	1
10	30	5
10	31	6
10	32	5
10	33	7
10	34	12
10	35	2
10	36	5
10	37	11
10	38	1
10	39	4
10	40	6
10	41	12
10	42	6
10	43	10
10	44	1
10	45	7
10	46	13
10	47	2
10	48	6
10	49	5
10	50	8
10	51	6
10	52	2
10	53	7
10	54	4
10	55	6
11	12	6
11	13	13
11	14	6
11	15	3
11	17	8
11	18	2
11	19	9
11	20	7
11	21	1
11	22	4
11	23	1
11	24	3
11	25	5
11	26	5
11	27	6
11	28	7
11	29	2
11	30	6
11	31	4
11	32	6
11	33	4
11	34	7
11	35	3
11	36	1
11	37	8
11	38	1
11	39	9
11	40	3
11	41	3
11	42	3
11	43	9
11	44	2
11	45	7
11	46	7
11	47	4
11	48	4
11	49	4
11	50	5
11	51	6
11	52	1
11	53	4
11	54	1
11	55	4
12	13	10
12	14	4
12	15	4
12	16	1
12	17	7
12	18	4
12	19	5
12	20	6
12	21	6
12	22	3
12	23	1
12	24	8
12	25	10
12	26	5
12	27	11
12	28	7
12	29	2
12	30	2
12	31	10
12	32	7
12	33	6
12	34	6
12	35	5
12	36	1
12	37	4
12	38	1
12	39	5
12	40	8
12	41	4
12	42	4
12	43	5
12	44	3
12	45	8
12	46	7
12	47	9
12	48	2
12	49	5
12	50	8
12	51	3
12	52	5
12	53	5
12	54	5
12	55	6
13	14	4
13	15	4
13	16	1
13	17	4
13	18	3
13	19	6
13	20	8
13	21	3
13	22	2
13	23	2
13	24	6
13	25	12
13	26	2
13	27	8
13	28	12
13	29	4
13	30	4
13	31	2
13	32	3
13	33	5
13	34	3
13	35	4
13	37	3
13	38	4
13	39	3
13	40	6
13	41	3
13	42	2
13	43	4
13	44	4
13	45	3
13	46	3
13	47	4
13	48	2
13	49	3
13	50	4
13	51	4
13	52	5
13	53	3
13	54	1
13	55	8
14	15	8
14	16	3
14	17	2
14	18	6
14	19	4
14	20	4
14	21	5
14	22	14
14	23	2
14	24	6
14	25	9
14	26	5
14	27	4
14	28	7
14	29	1
14	30	3
14	31	7
14	32	6
14	33	7
14	34	4
14	35	2
14	37	8
14	38	4
14	39	8
14	40	3
14	41	2
14	42	3
14	43	13
14	44	5
14	45	7
14	46	6
14	47	2
14	48	5
14	49	9
14	50	6
14	51	4
14	52	4
14	53	7
14	55	12
15	16	2
15	17	6
15	18	4
15	19	3
15	20	6
15	21	6
15	22	2
15	24	5
15	25	5
15	26	5
15	27	5
15	28	8
15	29	7
15	30	4
15	31	8
15	32	6
15	33	5
15	34	4
15	35	2
15	36	1
15	37	5
15	38	6
15	39	7
15	40	5
15	41	9
15	42	1
15	43	8
15	44	1
15	45	6
15	46	5
15	47	6
15	48	1
15	49	6
15	50	3
15	51	4
15	52	2
15	53	6
15	54	1
15	55	7
16	17	3
16	18	1
16	19	5
16	20	1
16	21	1
16	22	2
16	23	1
16	24	5
16	25	4
16	27	2
16	28	4
16	30	3
16	32	1
16	33	2
16	34	2
16	35	6
16	37	2
16	39	2
16	40	1
16	41	5
16	42	1
16	43	4
16	44	5
16	46	2
16	47	3
16	49	3
16	50	3
16	51	3
16	52	1
16	53	1
16	54	2
16	55	1
17	18	1
17	19	5
17	20	8
17	21	3
17	22	2
17	23	1
17	24	4
17	25	4
17	27	5
17	28	10
17	29	1
17	30	4
17	31	9
17	32	8
17	33	3
17	34	10
17	36	1
17	37	1
17	38	1
17	39	5
17	41	5
17	42	4
17	43	5
17	45	3
17	46	2
17	47	6
17	48	1
17	49	2
17	50	5
17	51	6
17	52	4
17	53	5
17	54	1
17	55	6
18	19	4
18	20	6
18	21	1
18	22	1
18	24	3
18	25	8
18	26	1
18	27	7
18	28	3
18	29	3
18	30	5
18	31	12
18	32	14
18	33	3
18	34	5
18	35	1
18	36	2
18	37	3
18	38	3
18	39	5
18	40	5
18	41	9
18	42	2
18	43	10
18	45	5
18	46	1
18	47	4
18	48	4
18	49	1
18	50	8
18	51	2
18	52	3
18	53	4
18	54	1
18	55	8
19	20	4
19	21	4
19	22	8
19	23	4
19	24	4
19	25	9
19	26	6
19	27	8
19	28	7
19	29	1
19	30	5
19	31	7
19	32	9
19	33	4
19	34	4
19	35	2
19	36	1
19	37	4
19	38	1
19	39	5
19	40	14
19	41	3
19	42	8
19	43	7
19	44	2
19	45	6
19	46	4
19	48	3
19	49	3
19	50	4
19	51	6
19	52	1
19	53	13
19	54	5
19	55	5
20	21	4
20	22	9
20	23	1
20	24	5
20	25	8
20	26	2
20	27	8
20	28	6
20	29	5
20	30	7
20	31	11
20	32	4
20	33	3
20	34	2
20	35	6
20	36	2
20	37	8
20	38	6
20	39	5
20	40	6
20	41	10
20	42	1
20	43	8
20	44	1
20	45	7
20	46	9
20	47	5
20	48	6
20	49	3
20	50	5
20	51	12
20	52	6
20	53	5
20	54	5
20	55	9
21	22	8
21	24	5
21	25	10
21	26	1
21	27	1
21	28	4
21	30	2
21	31	10
21	32	3
21	33	2
21	34	2
21	35	6
21	36	2
21	37	4
21	38	2
21	39	2
21	40	2
21	41	1
21	42	1
21	43	6
21	44	6
21	45	4
21	46	2
21	47	4
21	48	2
21	49	3
21	50	2
21	51	4
21	52	3
21	53	3
21	55	3
22	23	6
22	24	4
22	25	4
22	26	3
22	27	7
22	28	2
22	29	2
22	30	2
22	31	6
22	32	6
22	33	3
22	34	3
22	35	1
22	37	4
22	39	3
22	40	6
22	41	5
22	42	1
22	43	2
22	44	5
22	45	2
22	46	4
22	47	2
22	48	2
22	49	4
22	50	2
22	51	2
22	52	6
22	53	5
22	55	6
23	24	7
23	25	4
23	26	1
23	27	1
23	28	4
23	29	3
23	30	2
23	31	2
23	32	2
23	33	2
23	34	1
23	35	4
23	37	5
23	38	1
23	41	2
23	42	1
23	43	5
23	44	1
23	45	5
23	46	7
23	47	8
23	49	3
23	50	4
23	51	2
23	52	2
23	53	1
23	54	1
23	55	4
24	25	8
24	26	1
24	27	8
24	28	7
24	29	2
24	30	7
24	31	4
24	32	12
24	33	4
24	34	4
24	35	5
24	36	1
24	37	5
24	38	3
24	39	5
24	40	7
24	41	5
24	42	5
24	43	6
24	44	2
24	45	7
24	46	5
24	47	4
24	48	6
24	49	8
24	50	3
24	51	8
24	52	3
24	53	5
24	54	2
24	55	12
25	26	7
25	27	5
25	28	12
25	29	1
25	30	1
25	31	11
25	32	6
25	33	3
25	34	5
25	35	2
25	36	2
25	37	9
25	38	5
25	39	6
25	40	6
25	41	7
25	42	5
25	43	9
25	44	2
25	45	11
25	46	4
25	47	7
25	48	1
25	49	1
25	50	10
25	51	6
25	52	3
25	53	2
25	54	1
25	55	3
26	27	1
26	29	2
26	30	2
26	31	1
26	32	1
26	33	2
26	34	5
26	35	1
26	37	5
26	39	3
26	40	4
26	41	8
26	42	1
26	44	1
26	45	3
26	46	3
26	47	2
26	49	6
26	51	5
26	52	3
26	53	3
26	54	8
26	55	3
27	28	9
27	29	1
27	30	3
27	31	3
27	32	7
27	33	3
27	34	2
27	35	2
27	37	5
27	38	6
27	39	2
27	40	12
27	41	11
27	42	3
27	43	14
27	44	3
27	45	5
27	46	6
27	47	5
27	48	3
27	49	4
27	50	1
27	51	3
27	52	9
27	53	5
27	54	6
27	55	4
28	29	10
28	30	8
28	31	14
28	32	7
28	33	7
28	34	11
28	35	2
28	36	4
28	37	10
28	38	4
28	39	5
28	40	9
28	41	5
28	42	1
28	43	8
28	44	3
28	45	6
28	46	7
28	47	6
28	48	2
28	49	9
28	50	6
28	51	8
28	52	2
28	53	6
28	55	3
29	30	2
29	31	2
29	32	3
29	33	1
29	34	1
29	35	1
29	37	6
29	39	3
29	41	3
29	42	1
29	44	3
29	45	1
29	46	2
29	47	1
29	48	1
29	49	1
29	50	2
29	51	1
29	52	2
30	31	5
30	32	6
30	33	3
30	34	7
30	35	9
30	36	2
30	37	1
30	38	2
30	39	2
30	40	3
30	41	8
30	42	2
30	43	5
30	44	6
30	45	7
30	46	5
30	47	5
30	48	1
30	49	5
30	50	2
30	51	3
30	52	4
30	53	5
30	54	2
30	55	6
31	32	8
31	33	6
31	34	6
31	35	1
31	36	2
31	37	5
31	38	1
31	39	3
31	41	3
31	42	2
31	43	5
31	44	2
31	45	4
31	46	4
31	47	7
31	49	9
31	50	3
31	51	2
31	52	5
31	53	7
31	54	5
31	55	6
32	33	6
32	34	3
32	35	2
32	36	2
32	37	2
32	38	3
32	39	2
32	40	13
32	41	6
32	42	3
32	43	6
32	45	4
32	46	7
32	47	11
32	48	5
32	49	7
32	50	5
32	51	3
32	52	4
32	53	9
32	54	3
32	55	12
33	34	7
33	35	1
33	36	1
33	37	3
33	38	5
33	39	3
33	40	1
33	41	4
33	42	4
33	43	4
33	44	1
33	45	7
33	46	4
33	47	4
33	48	3
33	49	4
33	50	7
33	51	3
33	52	1
33	53	7
33	54	3
33	55	2
34	35	1
34	37	5
34	39	1
34	40	3
34	41	1
34	42	5
34	43	2
34	44	2
34	45	7
34	46	5
34	47	2
34	49	2
34	50	3
34	51	8
34	53	10
34	54	3
34	55	2
35	37	3
35	39	2
35	41	3
35	42	2
35	43	4
35	45	3
35	46	3
35	47	6
35	48	2
35	49	3
35	51	1
35	52	1
35	53	1
35	54	1
35	55	7
36	37	4
36	39	3
36	40	7
36	41	3
36	42	3
36	43	5
36	45	1
36	46	1
36	47	2
36	50	2
36	51	1
36	52	1
36	53	3
36	55	1
37	38	1
37	39	3
37	40	2
37	41	7
37	42	4
37	43	8
37	44	3
37	45	12
37	46	3
37	47	3
37	48	5
37	49	3
37	50	2
37	51	3
37	52	3
37	53	4
37	54	3
37	55	8
38	39	7
38	41	1
38	43	2
38	44	1
38	45	3
38	46	12
38	47	2
38	48	3
38	49	6
38	50	2
38	51	2
38	52	2
38	54	1
38	55	2
39	41	1
39	42	5
39	43	9
39	45	2
39	46	5
39	47	1
39	48	3
39	49	3
39	50	8
39	51	2
39	52	4
39	53	1
39	54	4
39	55	7
40	41	1
40	42	3
40	43	4
40	44	2
40	45	8
40	46	5
40	47	3
40	48	4
40	49	2
40	50	4
40	51	3
40	52	1
40	53	4
40	54	7
40	55	7
41	42	5
41	43	1
41	44	2
41	45	8
41	46	6
41	47	9
41	48	10
41	49	8
41	50	2
41	51	10
41	52	4
41	53	6
41	54	5
41	55	8
42	43	12
42	44	1
42	45	2
42	46	8
42	47	1
42	48	1
42	49	7
42	50	1
42	51	1
42	52	3
42	53	5
42	54	1
42	55	2
43	44	6
43	45	4
43	46	2
43	47	6
43	48	1
43	49	9
43	50	3
43	51	3
43	52	8
43	53	13
43	54	4
43	55	7
44	45	1
44	46	2
44	47	4
44	48	1
44	50	2
44	51	1
44	52	3
44	53	2
44	54	1
44	55	1
45	46	7
45	47	7
45	48	4
45	49	8
45	50	12
45	51	11
45	52	10
45	53	9
45	54	7
45	55	5
46	47	7
46	48	7
46	49	6
46	50	5
46	51	7
46	52	13
46	53	5
46	54	6
46	55	7
47	49	3
47	50	4
47	51	2
47	52	3
47	53	2
47	54	5
47	55	5
48	49	7
48	50	3
48	51	10
48	52	4
48	53	11
48	55	3
49	50	6
49	51	3
49	52	5
49	53	4
49	54	1
49	55	4
50	51	4
50	52	4
50	53	7
50	54	3
50	55	6
51	52	3
51	53	7
51	54	4
51	55	3
52	53	14
52	54	3
52	55	8
53	54	2
53	55	11
54	55	1
