0	1	66
0	2	20
0	3	29
0	4	15
0	5	7
0	6	8
0	7	9
0	8	21
0	9	30
0	10	27
0	11	32
0	12	33
0	13	23
0	14	30
0	15	12
0	16	25
0	17	31
0	18	39
0	19	15
0	20	28
0	21	41
0	22	14
0	23	25
0	24	38
0	25	15
0	26	25
0	27	33
0	28	30
0	29	20
0	30	13
0	31	5
0	32	31
0	33	9
0	34	24
0	35	21
0	36	10
0	37	41
0	38	30
0	39	24
0	40	22
0	41	13
0	42	32
0	43	24
0	44	16
0	45	23
0	46	28
0	47	7
0	48	34
1	2	10
1	3	11
1	4	10
1	5	2
1	6	10
1	7	7
1	8	12
1	9	7
1	10	16
1	11	14
1	12	18
1	13	17
1	14	9
1	15	11
1	16	9
1	17	11
1	18	12
1	19	8
1	20	16
1	21	21
1	22	12
1	23	23
1	24	21
1	25	2
1	26	11
1	27	25
1	28	11
1	29	12
1	30	7
1	31	9
1	32	8
1	33	2
1	34	6
1	35	7
1	36	12
1	37	21
1	38	16
1	39	13
1	40	5
1	41	7
1	42	7
1	43	13
1	44	9
1	45	3
1	46	19
1	47	16
1	48	15
2	3	6
2	4	2
2	5	3
2	7	1
2	8	2
2	9	2
2	10	2
2	11	4
2	12	4
2	13	3
2	14	2
2	15	3
2	16	6
2	17	7
2	18	4
2	19	1
2	20	3
2	21	6
2	22	4
2	23	4
2	24	6
2	25	3
2	26	6
2	27	3
2	28	1
2	29	7
2	32	1
2	33	2
2	34	3
2	35	3
2	36	1
2	37	4
2	38	8
2	39	9
2	40	5
2	41	3
2	42	2
2	43	2
2	44	8
2	45	7
2	46	6
2	47	3
2	48	4
3	4	6
3	6	5
3	7	1
3	8	7
3	9	5
3	10	8
3	11	9
3	12	5
3	13	4
3	14	7
3	15	4
3	16	9
3	17	10
3	18	4
3	19	1
3	20	5
3	21	6
3	22	3
3	23	3
3	24	9
3	25	3
3	26	3
3	27	6
3	28	7
3	29	4
3	32	4
3	33	1
3	34	4
3	35	6
3	36	2
3	37	8
3	38	5
3	39	9
3	40	5
3	41	6
3	42	3
3	43	3
3	44	5
3	45	8
3	46	7
3	47	4
3	48	4
4	5	2
4	6	1
4	7	2
4	8	3
4	9	4
4	11	6
4	12	3
4	13	3
4	14	2
4	15	2
4	16	3
4	17	6
4	18	3
4	19	3
4	20	2
4	21	5
4	22	3
4	23	4
4	24	4
4	25	3
4	26	3
4	27	4
4	28	1
4	29	5
4	32	7
4	33	2
4	34	1
4	35	4
4	36	3
4	37	5
4	38	1
4	39	5
4	40	1
4	41	2
4	42	2
4	44	6
4	45	1
4	46	3
4	48	10
5	6	1
5	8	1
5	9	1
5	10	1
5	11	1
5	12	1
5	13	2
5	16	1
5	17	1
5	19	1
5	20	1
5	23	1
5	26	5
5	27	3
5	28	4
5	29	2
5	31	1
5	33	1
5	34	1
5	36	2
5	37	2
5	38	7
5	41	2
5	42	2
5	43	1
5	45	1
5	47	1
6	7	5
6	8	3
6	9	7
6	10	2
6	12	2
6	13	2
6	14	5
6	15	3
6	16	1
6	17	2
6	18	1
6	19	3
6	20	2
6	21	5
6	22	1
6	24	2
6	26	1
6	27	1
6	28	3
6	29	3
6	30	1
6	31	1
6	32	3
6	33	3
6	34	6
6	35	1
6	36	1
6	37	8
6	38	5
6	39	4
6	40	1
6	41	2
6	42	3
6	43	1
6	44	1
6	45	3
6	46	2
6	48	6
7	8	4
7	9	2
7	10	6
7	11	7
7	12	3
7	13	5
7	14	3
7	15	1
7	16	1
7	17	3
7	18	5
7	19	3
7	20	1
7	21	4
7	22	1
7	23	5
7	24	4
7	26	2
7	27	4
7	28	7
7	29	1
7	30	1
7	32	2
7	33	1
7	34	1
7	35	8
7	36	2
7	37	2
7	38	3
7	39	1
7	40	2
7	41	3
7	42	1
7	43	5
7	44	1
7	45	1
7	46	2
7	47	1
7	48	2
8	9	4
8	10	10
8	11	8
8	12	5
8	13	5
8	14	2
8	15	2
8	16	7
8	17	3
8	18	5
8	19	2
8	20	7
8	21	7
8	22	2
8	23	7
8	24	4
8	26	4
8	27	6
8	28	10
8	29	3
8	30	1
8	32	2
8	33	2
8	34	4
8	35	4
8	36	3
8	37	7
8	38	4
8	39	6
8	40	2
8	41	3
8	42	6
8	43	2
8	44	7
8	45	4
8	46	2
8	47	1
8	48	4
9	10	11
9	11	10
9	12	11
9	13	5
9	14	4
9	16	1
9	17	7
9	18	13
9	19	3
9	20	4
9	21	7
9	22	3
9	23	7
9	24	8
9	25	6
9	26	5
9	27	7
9	28	3
9	29	5
9	30	1
9	31	2
9	32	9
9	33	1
9	34	6
9	35	5
9	36	4
9	37	6
9	38	8
9	39	7
9	40	5
9	41	6
9	42	4
9	43	1
9	44	5
9	45	10
9	46	5
9	47	4
9	48	2
10	11	11
10	12	3
10	13	11
10	14	10
10	15	2
10	16	14
10	17	3
10	18	7
10	19	4
10	20	7
10	21	13
10	22	4
10	23	3
10	24	7
10	25	1
10	26	5
10	27	5
10	28	7
10	29	12
10	30	2
10	31	5
10	32	11
10	33	1
10	34	4
10	35	12
10	36	6
10	37	10
10	38	7
10	39	13
10	40	2
10	41	6
10	42	5
10	43	8
10	44	6
10	45	2
10	46	7
10	47	4
10	48	6
11	12	6
11	13	13
11	14	3
11	16	8
11	17	2
11	18	7
11	19	1
11	20	3
11	21	5
11	22	5
11	23	6
11	24	7
11	25	2
11	26	6
11	27	6
11	28	4
11	29	7
11	30	3
11	31	1
11	32	8
11	33	1
11	34	9
11	35	3
11	36	3
11	37	9
11	38	7
11	39	7
11	40	4
11	41	4
11	42	4
11	43	5
11	44	6
11	45	1
11	46	4
11	47	1
11	48	4
12	13	10
12	14	4
12	15	1
12	16	7
12	17	4
12	18	6
12	19	1
12	20	8
12	21	10
12	22	5
12	23	11
12	24	7
12	25	2
12	26	2
12	27	7
12	28	6
12	29	6
12	30	5
12	31	1
12	32	4
12	33	1
12	34	5
12	35	4
12	36	4
12	37	5
12	38	8
12	39	7
12	40	9
12	41	2
12	42	5
12	43	8
12	44	3
12	45	5
12	46	5
12	47	5
12	48	6
13	14	4
13	15	1
13	16	4
13	17	3
13	18	8
13	19	2
13	20	6
13	21	12
13	22	2
13	23	8
13	24	12
13	25	4
13	26	4
13	27	3
13	28	5
13	29	3
13	30	4
13	32	3
13	33	4
13	34	3
13	35	3
13	36	2
13	37	4
13	38	3
13	39	3
13	40	4
13	41	2
13	42	3
13	43	4
13	44	4
13	45	5
13	46	3
13	47	1
13	48	8
14	15	2
14	16	6
14	17	4
14	18	6
14	20	5
14	21	5
14	22	5
14	23	5
14	24	8
14	25	7
14	26	4
14	27	6
14	28	5
14	29	4
14	30	2
14	31	1
14	32	5
14	33	6
14	34	7
14	35	9
14	36	1
14	37	8
14	38	6
14	39	5
14	40	6
14	41	1
14	42	6
14	43	3
14	44	4
14	45	2
14	46	6
14	47	1
14	48	7
15	16	3
15	17	1
15	18	1
15	19	1
15	20	5
15	21	4
15	23	2
15	24	4
15	26	3
15	27	1
15	28	2
15	29	2
15	30	6
15	32	2
15	34	2
15	35	5
15	36	1
15	37	4
15	39	2
15	40	3
15	42	3
15	43	3
15	44	3
15	45	1
15	46	1
15	47	2
15	48	1
16	17	1
16	18	8
16	19	1
16	20	4
16	21	4
16	23	5
16	24	10
16	25	1
16	26	4
16	27	8
16	28	3
16	29	10
16	31	1
16	32	1
16	33	1
16	34	5
16	35	5
16	36	4
16	37	5
16	38	3
16	39	2
16	40	6
16	41	1
16	42	2
16	43	5
16	44	6
16	45	4
16	46	5
16	47	1
16	48	6
17	18	6
17	20	3
17	21	8
17	22	1
17	23	7
17	24	3
17	25	3
17	26	5
17	27	14
17	28	3
17	29	5
17	30	1
17	31	2
17	32	3
17	33	3
17	34	5
17	35	9
17	36	2
17	37	10
17	38	5
17	39	1
17	40	4
17	41	4
17	42	1
17	43	8
17	44	2
17	45	3
17	46	4
17	47	1
17	48	8
18	19	1
18	20	5
18	21	8
18	22	2
18	23	8
18	24	6
18	25	5
18	26	7
18	27	4
18	28	3
18	29	2
18	30	6
18	31	2
18	32	8
18	33	6
18	34	5
18	35	10
18	36	1
18	37	8
18	38	7
18	39	9
18	40	5
18	41	6
18	42	3
18	43	5
18	44	12
18	45	6
18	46	5
18	47	5
18	48	9
19	20	7
19	21	4
19	22	1
19	23	1
19	24	4
19	25	3
19	26	2
19	27	2
19	28	2
19	29	1
19	30	4
19	32	5
19	33	1
19	35	2
19	36	1
19	37	5
19	38	5
19	39	7
19	40	8
19	42	3
19	43	4
19	44	2
19	45	2
19	46	1
19	47	1
19	48	4
20	21	8
20	22	1
20	23	8
20	24	7
20	25	2
20	26	7
20	27	12
20	28	4
20	29	4
20	30	5
20	31	1
20	32	5
20	33	3
20	34	5
20	35	5
20	36	5
20	37	6
20	38	7
20	39	5
20	40	4
20	41	6
20	42	8
20	43	3
20	44	8
20	45	3
20	46	5
20	47	2
20	48	12
21	22	7
21	23	5
21	24	12
21	25	1
21	26	1
21	27	6
21	28	3
21	29	5
21	30	2
21	31	2
21	32	9
21	33	5
21	34	6
21	35	7
21	36	5
21	37	9
21	38	11
21	39	4
21	40	7
21	41	1
21	42	1
21	43	10
21	44	6
21	45	3
21	46	2
21	47	1
21	48	3
22	23	1
22	25	2
22	26	2
22	27	1
22	28	2
22	29	5
22	30	1
22	32	5
22	34	3
22	35	8
22	36	1
22	38	3
22	39	3
22	40	2
22	42	6
22	44	5
22	45	3
22	46	3
22	47	8
22	48	3
23	24	9
23	25	1
23	26	3
23	27	7
23	28	3
23	29	2
23	30	2
23	32	5
23	33	6
23	34	2
23	35	11
23	36	3
23	37	14
23	38	5
23	39	6
23	40	5
23	41	3
23	42	4
23	43	1
23	44	3
23	45	9
23	46	5
23	47	6
23	48	4
24	25	10
24	26	8
24	27	7
24	28	7
24	29	11
24	30	2
24	31	4
24	32	10
24	33	4
24	34	5
24	35	5
24	36	1
24	37	8
24	38	6
24	39	7
24	40	6
24	41	2
24	42	9
24	43	6
24	44	8
24	45	2
24	46	6
24	48	3
25	26	2
25	27	3
25	28	1
25	29	1
25	30	1
25	32	6
25	34	3
25	35	3
25	36	1
25	38	1
25	39	2
25	40	1
25	41	1
25	42	1
25	43	2
25	44	1
25	45	2
26	27	6
26	28	3
26	29	7
26	30	9
26	31	2
26	32	1
26	33	2
26	34	2
26	35	8
26	36	2
26	37	5
26	38	7
26	39	5
26	40	5
26	41	1
26	42	5
26	43	2
26	44	3
26	45	4
26	46	5
26	47	2
26	48	6
27	28	6
27	29	3
27	30	2
27	31	2
27	32	2
27	33	3
27	34	2
27	35	6
27	36	3
27	37	6
27	38	4
27	39	7
27	40	11
27	41	5
27	42	7
27	43	5
27	44	3
27	45	4
27	46	9
27	47	3
27	48	12
28	29	7
28	30	1
28	31	1
28	32	3
28	33	5
28	34	3
28	35	4
28	36	4
28	37	4
28	38	7
28	39	4
28	40	4
28	41	3
28	42	4
28	43	7
28	44	3
28	45	1
28	46	7
28	47	3
28	48	2
29	30	1
29	32	5
29	34	1
29	35	1
29	36	5
29	37	2
29	38	7
29	39	5
29	40	2
29	42	2
29	43	3
29	44	8
29	46	10
29	47	3
29	48	2
30	32	3
30	34	2
30	35	3
30	36	2
30	37	4
30	38	3
30	39	3
30	40	6
30	41	2
30	42	3
30	44	1
30	45	1
30	46	1
30	47	1
30	48	7
31	32	4
31	34	3
31	35	3
31	36	3
31	37	5
31	38	1
31	39	1
31	40	2
31	43	2
31	44	1
31	45	1
31	46	3
31	48	1
32	33	1
32	34	3
32	35	7
32	36	4
32	37	8
32	38	12
32	39	3
32	40	3
32	41	5
32	42	3
32	43	2
32	44	3
32	45	3
32	46	4
32	47	3
32	48	8
33	34	7
33	35	1
33	37	2
33	38	3
33	39	12
33	40	2
33	41	3
33	42	6
33	43	2
33	44	2
33	45	2
33	47	1
33	48	2
34	35	1
34	36	5
34	37	9
34	38	2
34	39	5
34	40	1
34	41	3
34	42	3
34	43	8
34	44	2
34	45	4
34	46	1
34	47	4
34	48	7
35	36	5
35	37	1
35	38	8
35	39	6
35	40	9
35	41	10
35	42	8
35	43	2
35	44	10
35	45	4
35	46	6
35	47	5
35	48	8
36	37	12
36	38	2
36	39	8
36	40	1
36	41	1
36	42	7
36	43	1
36	44	1
36	45	3
36	46	5
36	47	1
36	48	2
37	38	4
37	39	2
37	40	6
37	41	1
37	42	9
37	43	3
37	44	3
37	45	8
37	46	13
37	47	4
37	48	7
38	39	7
38	40	7
38	41	4
38	42	8
38	43	12
38	44	11
38	45	10
38	46	9
38	47	7
38	48	5
39	40	7
39	41	7
39	42	6
39	43	5
39	44	7
39	45	13
39	46	5
39	47	6
39	48	7
40	42	3
40	43	4
40	44	2
40	45	3
40	46	2
40	47	5
40	48	5
41	42	7
41	43	3
41	44	10
41	45	4
41	46	11
41	48	3
42	43	6
42	44	3
42	45	5
42	46	4
42	47	1
42	48	4
43	44	4
43	45	4
43	46	7
43	47	3
43	48	6
44	45	3
44	46	7
44	47	4
44	48	3
45	46	14
45	47	3
45	48	8
46	47	2
46	48	11
47	48	1
