20 74 80 86 88 98 109 114 117 135 210 211 304 360 390 402 417 430 434 448 486 578 621 656 
22 48 69 78 97 120 131 143 170 203 210 224 225 325 352 372 380 399 431 452 457 487 499 500 528 530 538 556 559 577 613 622 626 637 639 649 660 663 681 
19 50 64 97 134 136 147 156 186 221 231 248 273 275 283 314 324 359 381 425 443 449 453 454 458 490 498 502 525 537 540 553 586 595 625 630 682 697 
9 30 45 58 63 67 73 89 100 102 107 138 146 151 153 163 184 199 234 258 266 269 317 330 336 342 355 367 369 371 382 398 505 558 582 586 587 589 590 598 614 623 633 655 676 677 
14 19 27 56 57 85 137 138 140 145 149 153 158 168 190 191 202 213 315 339 345 379 383 385 421 424 458 511 514 521 525 529 540 548 564 576 581 585 588 600 604 620 623 643 644 645 648 651 656 665 685 689 697 
12 21 26 49 80 87 90 110 112 132 134 149 150 160 178 182 194 198 204 212 227 230 239 241 253 257 271 281 282 299 302 306 319 323 354 362 370 376 377 385 393 404 411 437 444 466 471 473 479 488 489 496 526 537 539 545 557 561 565 569 570 573 578 582 593 602 635 649 669 675 695 
8 10 13 31 43 54 90 106 116 121 125 133 141 159 166 176 196 198 216 272 278 281 308 320 327 341 347 358 364 366 397 399 401 413 429 442 450 451 456 459 464 468 474 492 494 506 507 508 516 522 525 532 563 565 584 591 629 653 658 667 693 
17 42 47 70 95 126 133 146 169 189 192 208 231 240 250 257 259 270 284 294 295 305 328 336 346 349 373 375 378 386 418 425 430 440 442 447 460 507 516 520 544 546 562 583 592 597 601 602 615 618 632 652 654 657 658 659 673 681 682 688 699 700 
18 23 28 34 37 51 52 59 72 94 96 97 104 108 139 145 146 149 155 157 161 164 167 174 175 181 185 186 191 193 194 200 205 209 215 217 220 230 233 245 252 257 275 276 280 289 295 311 323 329 350 351 358 361 377 385 394 397 405 406 410 412 419 424 425 427 430 436 437 438 445 446 456 458 463 465 473 477 482 483 484 486 493 494 511 512 519 523 535 540 551 555 558 564 575 576 582 589 590 596 598 614 631 641 645 647 651 654 668 675 
4 83 86 98 109 124 177 210 215 229 235 284 333 338 360 376 390 407 408 417 448 456 465 474 501 503 508 509 533 537 538 
6 17 44 82 96 114 122 127 144 148 152 165 192 201 211 217 219 223 238 248 282 294 297 298 300 303 304 314 326 331 363 391 396 400 426 429 433 444 450 454 488 509 555 560 574 576 590 599 605 606 607 668 686 690 
8 10 13 25 31 43 54 77 84 91 121 141 159 196 198 207 216 249 281 283 287 313 320 327 341 344 347 358 366 397 399 429 451 456 459 464 468 470 474 490 492 493 508 518 525 532 543 546 565 620 629 653 672 675 683 684 693 
3 34 51 59 104 139 155 164 193 197 205 209 214 218 263 280 296 318 329 361 370 410 415 419 436 438 446 473 484 494 512 519 523 534 535 551 564 571 575 616 628 646 650 
33 49 72 79 92 101 104 105 108 119 145 149 161 167 186 191 193 204 209 218 219 227 230 233 246 253 257 261 263 267 276 280 281 283 287 289 291 295 296 323 358 377 385 392 397 400 410 419 424 425 426 437 438 446 454 458 473 486 495 498 534 540 544 545 551 557 564 575 576 582 590 594 599 625 631 645 647 651 654 675 682 685 688 695 699 
15 16 44 58 61 65 69 76 98 115 127 128 139 177 213 215 229 235 244 312 323 328 338 339 360 365 376 390 392 407 408 417 421 431 448 465 485 501 503 513 518 524 529 533 538 578 606 609 617 619 626 629 666 676 686 
14 27 39 57 58 63 77 79 85 90 106 116 123 125 132 133 160 166 167 176 202 213 224 231 236 255 262 272 278 308 309 357 359 361 364 383 399 401 413 442 450 470 493 494 495 506 507 510 521 522 525 543 544 558 584 585 591 620 626 654 656 658 662 665 667 669 672 685 689 
27 39 57 63 69 85 106 116 125 133 166 176 202 213 231 236 255 272 278 279 308 309 344 356 361 364 383 399 401 411 413 432 442 450 470 475 480 494 506 507 521 522 544 558 563 584 591 607 626 654 656 658 662 667 680 685 
12 19 37 50 56 64 97 100 123 134 136 137 138 140 153 156 158 168 186 190 202 213 221 228 231 232 248 264 273 275 297 308 314 315 324 339 345 359 365 379 381 384 385 388 405 413 422 425 449 453 458 463 469 490 498 502 510 511 514 521 525 537 544 548 553 557 571 581 585 588 595 600 604 614 615 623 638 643 644 648 651 656 665 682 689 697 
9 32 70 86 125 173 180 197 214 220 224 226 236 255 281 296 321 370 374 376 378 387 422 441 444 495 550 554 566 587 589 612 616 628 635 646 650 655 
24 75 135 169 192 212 241 250 255 259 266 286 288 292 303 332 333 346 409 447 467 471 472 488 515 520 526 544 546 550 558 569 583 589 597 608 611 632 640 657 664 673 676 688 692 
1 7 25 33 39 50 63 68 69 72 77 79 84 106 116 118 143 144 145 147 149 166 176 183 188 191 193 213 224 236 243 249 256 257 260 262 272 283 287 291 308 309 325 327 330 345 350 359 361 364 383 392 401 413 424 426 429 442 443 447 450 454 455 461 470 486 490 493 494 497 506 507 518 521 522 536 540 541 543 544 563 564 565 584 586 588 591 603 620 625 626 630 636 647 650 651 654 656 662 663 667 672 675 678 684 688 690 
108 126 145 154 161 169 191 192 217 233 250 257 259 270 289 295 346 373 375 377 378 422 425 440 458 460 518 520 540 544 546 576 583 597 602 632 652 654 657 658 659 668 673 682 687 688 
7 25 62 63 71 77 79 84 89 97 110 112 125 130 133 154 168 174 175 187 188 193 194 200 215 220 222 236 243 248 250 260 262 275 308 311 316 323 327 334 341 346 348 350 351 353 358 359 373 386 387 394 406 427 429 445 449 456 481 482 490 493 517 526 541 543 547 549 551 564 565 570 582 594 596 610 616 620 627 633 635 636 645 651 669 672 675 678 684 688 694 
7 25 33 68 77 79 84 97 100 118 143 174 175 183 193 194 200 215 220 224 228 232 236 249 256 262 264 274 283 287 291 297 309 311 325 330 345 350 351 358 359 381 384 388 394 406 426 427 429 440 443 445 447 455 456 458 461 465 469 482 490 493 497 506 510 518 536 541 543 545 548 557 561 563 564 565 571 582 586 588 596 600 602 603 615 620 625 629 630 638 645 647 648 650 651 658 662 670 672 675 683 684 697 
11 29 32 35 36 40 44 50 55 60 70 84 93 112 113 127 129 135 142 143 147 154 162 163 172 179 182 202 209 265 277 290 300 303 304 310 314 322 328 337 345 349 357 368 371 375 383 387 403 411 434 435 460 478 500 527 531 532 539 545 547 552 557 563 568 569 572 579 580 586 596 623 624 655 657 670 680 683 685 686 687 698 700 
2 21 53 66 80 81 90 91 110 134 150 170 194 207 237 241 247 249 251 254 279 284 287 300 302 306 307 308 313 323 344 371 376 377 395 411 432 440 445 457 462 466 470 474 475 476 480 488 500 509 522 570 587 596 607 621 634 635 649 669 674 681 683 691 
59 79 116 124 179 195 206 207 251 268 293 297 335 336 340 356 361 375 389 414 415 420 454 504 507 508 529 542 547 594 642 661 671 679 
44 58 61 65 69 103 127 139 152 213 312 323 328 338 392 421 431 485 513 524 529 606 609 617 619 626 666 676 686 688 
5 12 19 27 33 50 64 71 82 89 97 100 113 122 123 130 136 140 147 156 158 167 179 182 186 190 194 207 211 219 220 221 222 228 231 232 238 248 264 273 274 275 282 294 297 300 304 306 308 314 316 324 327 328 331 334 339 344 345 357 359 363 365 371 379 381 383 384 388 396 411 422 425 432 440 445 449 450 453 458 469 475 490 498 502 509 510 511 514 521 525 529 531 537 545 547 548 553 557 568 571 572 580 581 585 586 588 590 594 595 600 602 604 607 615 620 629 638 643 644 647 648 651 656 658 668 670 680 682 683 686 687 689 695 697 700 
6 17 21 24 26 44 68 72 82 87 89 95 96 99 108 110 112 122 126 127 133 134 144 145 148 149 152 154 160 161 165 167 169 178 183 189 192 193 201 211 212 217 219 223 233 238 239 240 250 255 257 259 266 270 271 282 286 288 289 291 292 295 296 298 299 300 302 303 306 314 319 323 326 330 331 332 333 346 349 354 357 362 363 371 373 375 386 391 393 396 397 402 404 409 411 422 424 425 429 433 437 440 444 447 454 467 471 472 473 479 488 489 496 497 515 516 518 520 526 537 539 540 546 550 551 555 558 560 561 564 565 569 573 574 576 583 593 597 599 602 605 608 611 615 632 640 647 649 651 652 654 657 658 659 662 664 668 669 673 675 682 686 688 690 692 
38 46 53 81 82 84 86 90 91 170 171 187 192 198 207 251 254 266 279 287 300 308 309 313 343 344 395 400 402 411 416 432 440 445 450 470 474 475 480 509 584 596 607 609 621 683 697 699 
17 47 70 95 146 189 208 231 239 240 272 284 294 305 328 336 349 362 373 386 402 418 430 442 444 447 460 471 479 507 516 562 565 592 601 615 618 652 681 687 699 700 
38 46 49 84 86 152 171 187 192 198 204 219 227 230 253 266 309 343 395 400 402 416 450 490 545 609 621 626 697 699 
32 40 88 129 135 142 144 162 163 172 202 209 265 304 314 337 368 403 434 478 527 545 552 557 563 579 621 623 624 670 698 
41 42 62 63 96 103 111 123 124 125 133 163 168 170 242 243 250 251 260 282 285 294 301 341 348 353 373 378 423 427 428 431 437 439 442 449 481 491 517 526 541 549 551 567 571 588 607 610 627 633 636 678 684 694 696 
41 42 82 96 103 111 122 123 124 163 168 170 204 211 219 227 230 238 240 242 248 251 253 282 285 294 297 301 304 314 328 331 341 349 363 378 396 423 427 428 431 437 439 442 450 491 509 516 567 571 588 590 592 601 606 607 633 668 696 699 
5 12 14 19 26 27 30 32 33 39 45 47 49 57 58 67 70 72 73 79 85 87 89 90 95 99 100 102 106 108 112 123 126 129 130 132 133 134 142 144 145 146 149 150 160 161 162 167 169 172 176 178 179 189 191 192 202 204 208 209 213 219 222 224 227 228 230 231 232 233 236 239 240 241 250 253 255 257 258 259 264 265 270 271 272 274 281 282 284 289 294 295 297 299 302 305 306 308 316 319 323 326 327 328 330 332 333 334 337 346 349 350 354 358 359 362 364 365 368 369 371 375 376 377 383 384 385 386 388 393 399 401 402 403 404 411 418 422 424 425 430 434 437 440 444 447 450 458 460 466 469 470 471 473 478 479 489 496 506 507 510 511 516 518 520 521 522 527 537 539 540 544 545 546 547 548 551 552 555 557 561 562 563 565 569 570 571 573 578 579 582 583 584 586 590 591 592 593 597 600 601 602 615 618 623 624 629 632 638 641 645 647 648 649 652 654 657 658 659 662 664 667 668 669 670 673 675 676 682 683 688 689 695 697 698 699 700 
44 47 70 84 85 93 95 113 127 143 154 182 189 208 277 290 300 305 310 319 322 328 345 349 357 371 373 375 386 411 418 430 435 460 516 531 532 547 562 568 569 572 580 586 592 596 601 615 618 652 655 680 681 683 685 686 687 700 
19 62 63 64 72 108 113 125 126 133 136 149 154 156 161 168 169 188 191 193 217 221 231 233 243 248 250 259 260 270 275 277 289 290 295 303 310 323 324 327 341 345 346 348 353 373 375 377 381 385 386 387 397 422 424 425 427 435 437 449 456 458 460 461 473 481 486 490 497 502 517 518 520 526 531 540 541 546 549 551 553 564 568 572 581 583 586 588 590 595 597 603 610 616 627 630 632 633 635 636 647 652 654 657 659 672 673 675 678 680 682 684 686 688 694 700 
