#module 0 size: 26 bs: 0.000665135
4 6 22 43 78 90 91 95 122 126 142 160 173 180 227 248 273 280 335 451 474 487 512 555 586 620 
#module 1 size: 133 bs: 0.00199663
3 18 24 49 66 79 86 89 96 103 107 110 121 128 138 147 149 151 156 171 179 185 195 203 218 219 225 226 232 235 246 253 256 257 266 272 274 284 291 293 298 301 310 321 327 328 331 336 337 341 348 350 356 357 362 367 376 381 384 389 392 396 399 404 407 413 418 426 427 430 431 438 442 443 445 451 458 462 466 468 471 478 480 484 495 496 505 516 523 529 534 537 543 548 550 552 556 558 560 572 574 586 587 589 591 595 599 600 610 611 623 624 625 626 627 628 634 637 640 646 655 665 670 676 678 680 682 685 687 688 691 693 699 
#module 2 size: 68 bs: 0.000204699
21 37 40 56 84 118 123 137 170 200 214 229 241 265 269 279 285 287 294 306 308 319 325 329 341 343 354 367 371 376 377 381 382 384 385 394 395 402 405 417 433 434 435 448 456 474 483 486 493 513 517 522 544 545 548 551 553 572 595 603 619 620 630 648 649 651 668 671 
#module 3 size: 28 bs: 1
35 47 50 99 112 161 176 184 197 218 305 353 419 440 445 481 487 540 545 561 584 613 632 651 664 673 682 695 
#module 4 size: 21 bs: 1
7 20 64 67 86 117 191 212 231 283 311 312 314 315 345 369 406 432 447 511 571 
#module 5 size: 13 bs: 1
106 130 140 181 206 224 228 346 372 380 386 495 614 
#module 6 size: 20 bs: 1
1 32 36 72 75 92 102 120 182 234 290 297 299 318 352 361 416 444 573 648 
#module 7 size: 32 bs: 1
51 60 61 109 127 161 220 251 263 282 317 369 397 441 453 458 460 494 514 515 527 538 557 570 587 620 657 667 672 681 694 700 
#module 8 size: 28 bs: 1
25 145 146 148 239 307 338 370 436 459 467 472 474 506 510 527 530 559 620 633 648 650 651 659 663 666 668 693 
#module 9 size: 18 bs: 1
63 69 77 167 194 254 285 291 351 373 390 410 415 417 469 538 586 677 
#module 10 size: 11 bs: 1
15 27 29 45 172 188 350 580 630 650 668 
#module 11 size: 11 bs: 1
9 38 42 53 59 62 88 383 577 582 692 
#module 12 size: 26 bs: 1
41 70 93 114 157 162 197 204 255 293 309 326 378 414 424 435 503 526 527 565 569 570 581 597 668 692 
#module 13 size: 24 bs: 1
81 115 136 190 215 237 369 408 465 466 469 477 515 532 536 567 576 624 639 646 660 662 674 677 
#module 14 size: 35 bs: 1
5 71 73 79 108 153 178 197 207 212 258 268 296 334 340 359 360 429 465 466 475 498 499 527 531 545 578 585 587 592 608 609 615 664 697 
#module 15 size: 19 bs: 1
31 54 104 144 156 158 211 240 242 249 250 261 286 339 368 391 577 601 650 
#module 16 size: 27 bs: 1
8 10 71 154 189 191 212 230 240 260 358 411 417 477 491 501 507 546 554 572 581 584 631 641 652 675 682 
#module 17 size: 21 bs: 1
19 58 125 135 177 238 243 267 271 349 376 428 452 487 541 547 614 624 644 653 683 
#module 18 size: 28 bs: 1
14 44 74 111 113 193 210 223 244 292 349 374 401 409 423 450 455 487 492 515 525 543 548 577 584 646 685 698 
#module 19 size: 32 bs: 1
83 85 87 129 150 163 196 278 332 334 344 375 388 405 412 447 449 474 522 524 547 555 563 567 580 601 612 614 629 654 661 686 
#module 20 size: 33 bs: 1
45 46 82 116 124 164 169 191 196 221 240 261 262 295 320 368 379 420 425 470 488 490 538 564 579 595 608 647 677 684 689 692 696 
#module 21 size: 27 bs: 1
100 155 184 214 217 218 252 277 281 289 341 363 492 500 508 520 533 546 566 567 573 584 596 618 622 650 692 
#module 22 size: 14 bs: 1
48 152 168 187 199 355 393 461 505 551 571 572 601 641 
#module 23 size: 20 bs: 1
2 174 186 192 194 205 216 247 279 385 477 489 519 570 603 607 624 664 685 698 
#module 24 size: 34 bs: 1
76 110 133 141 188 192 198 213 259 297 313 322 334 347 398 413 420 421 447 461 504 509 515 539 546 549 562 583 605 606 621 642 690 694 
#module 25 size: 18 bs: 1
26 80 165 306 366 403 405 411 420 473 495 538 547 568 571 604 608 664 
#module 26 size: 14 bs: 1
23 34 39 52 55 68 94 98 119 132 196 197 385 641 
#module 27 size: 31 bs: 1
11 57 101 134 202 208 236 276 282 300 302 324 330 333 364 365 384 417 454 461 465 479 485 497 534 593 602 636 643 648 679 
#module 28 size: 20 bs: 1
16 28 30 159 270 316 385 387 457 463 465 482 492 522 548 587 617 656 658 694 
#module 29 size: 26 bs: 1
17 33 97 131 139 166 183 233 342 437 461 521 522 528 535 573 575 581 582 590 595 616 634 645 669 698 
#module 30 size: 14 bs: 1
65 105 143 175 201 288 303 422 439 502 518 588 594 638 
#module 31 size: 26 bs: 1
12 13 209 222 245 264 275 304 323 400 411 436 446 464 469 476 490 534 542 547 567 573 598 635 694 698 
