0	1	2
0	2	5
0	3	10
0	4	4
0	5	4
0	6	3
0	7	8
0	8	11
0	9	8
0	10	3
0	11	5
0	12	5
0	13	7
0	14	6
0	15	4
0	16	4
0	17	9
0	18	4
0	19	7
0	20	1
0	21	4
0	22	10
0	23	5
0	24	5
0	25	7
0	26	5
0	27	9
0	28	6
0	29	1
0	30	6
0	31	6
0	32	2
0	33	5
0	34	10
0	35	6
0	36	6
0	37	9
0	38	2
1	2	9
1	3	4
1	4	4
1	5	1
1	6	8
1	7	2
1	8	6
1	9	6
1	10	9
1	11	5
1	12	7
1	13	3
1	14	10
1	15	5
1	16	4
1	17	12
1	18	2
1	19	1
1	20	4
1	21	3
1	22	8
1	23	10
1	24	3
1	25	2
1	26	7
1	27	6
1	28	7
1	29	6
1	30	5
1	31	4
1	32	8
1	33	7
1	34	8
1	35	5
1	36	8
1	37	2
1	38	5
2	3	5
2	4	8
2	5	15
2	6	3
2	7	6
2	8	7
2	9	2
2	10	6
2	11	7
2	12	4
2	13	4
2	14	8
2	15	10
2	16	6
2	17	20
2	18	3
2	19	12
2	20	5
2	21	5
2	22	6
2	23	13
2	24	7
2	25	5
2	26	8
2	27	8
2	28	11
2	29	1
2	30	10
2	31	11
2	32	9
2	33	6
2	34	10
2	35	6
2	36	5
2	37	3
2	38	10
3	4	4
3	5	3
3	7	6
3	8	4
3	9	12
3	10	2
3	11	4
3	12	8
3	13	4
3	14	8
3	15	4
3	16	3
3	17	11
3	18	2
3	19	15
3	20	3
3	21	4
3	22	15
3	23	1
3	24	8
3	25	1
3	26	5
3	27	4
3	28	3
3	29	2
3	30	5
3	31	5
3	32	3
3	33	7
3	34	11
3	35	7
3	36	12
3	37	1
3	38	2
4	5	10
4	6	3
4	7	3
4	8	5
4	9	5
4	10	4
4	11	6
4	12	6
4	13	9
4	14	8
4	15	4
4	16	1
4	17	25
4	18	5
4	19	15
4	20	3
4	21	6
4	22	6
4	23	6
4	25	4
4	26	3
4	27	7
4	28	8
4	29	2
4	30	3
4	31	7
4	32	8
4	33	3
4	34	3
4	35	10
4	36	4
4	37	5
4	38	8
5	6	1
5	7	4
5	8	3
5	9	5
5	10	6
5	11	10
5	12	4
5	13	9
5	14	6
5	15	3
5	16	9
5	17	14
5	18	10
5	19	10
5	20	2
5	21	6
5	22	2
5	23	6
5	24	3
5	25	3
5	26	3
5	27	6
5	28	7
5	29	2
5	30	4
5	31	7
5	32	3
5	33	2
5	34	3
5	35	3
5	36	3
5	37	8
5	38	7
6	7	6
6	8	5
6	9	1
6	10	1
6	11	4
6	12	3
6	13	2
6	14	3
6	15	5
6	16	2
6	17	11
6	18	1
6	19	5
6	20	3
6	21	10
6	22	2
6	23	2
6	24	2
6	25	6
6	26	1
6	27	2
6	28	4
6	29	2
6	30	4
6	31	4
6	32	4
6	34	3
6	35	2
6	36	5
6	37	6
6	38	3
7	8	6
7	10	4
7	11	5
7	12	1
7	13	8
7	14	3
7	15	4
7	16	2
7	17	10
7	18	1
7	19	8
7	20	2
7	21	1
7	22	5
7	23	4
7	24	5
7	26	8
7	27	6
7	28	1
7	29	4
7	30	4
7	31	6
7	32	4
7	33	2
7	34	3
7	35	3
7	36	3
7	37	3
7	38	7
8	9	10
8	10	8
8	11	6
8	12	11
8	13	5
8	14	4
8	15	2
8	16	2
8	17	19
8	18	3
8	19	5
8	20	8
8	21	5
8	22	5
8	23	12
8	24	5
8	25	6
8	26	6
8	27	6
8	28	2
8	29	3
8	30	3
8	31	6
8	32	2
8	33	1
8	34	7
8	35	8
8	36	10
8	37	4
8	38	7
9	10	5
9	11	8
9	12	8
9	13	7
9	14	10
9	15	9
9	16	6
9	17	20
9	18	3
9	19	13
9	20	5
9	21	13
9	22	9
9	23	13
9	24	4
9	25	1
9	26	11
9	27	5
9	28	9
9	29	6
9	30	8
9	31	10
9	33	6
9	34	4
9	35	5
9	36	7
9	37	8
9	38	4
10	11	11
10	12	3
10	13	7
10	14	3
10	15	7
10	16	5
10	17	13
10	18	2
10	19	9
10	20	2
10	21	1
10	22	3
10	23	10
10	24	2
10	25	5
10	26	6
10	27	9
10	28	6
10	29	8
10	30	9
10	31	8
10	32	7
10	33	5
10	34	10
10	35	5
10	36	3
10	37	4
10	38	8
11	12	5
11	13	8
11	14	7
11	15	12
11	16	5
11	17	23
11	18	6
11	19	6
11	20	8
11	21	5
11	22	5
11	23	6
11	24	5
11	25	6
11	26	11
11	27	10
11	28	8
11	29	3
11	30	10
11	31	12
11	32	2
11	33	3
11	34	9
11	35	9
11	36	2
11	37	4
11	38	10
12	13	7
12	14	6
12	15	6
12	16	6
12	17	19
12	18	4
12	19	9
12	20	8
12	21	4
12	22	8
12	23	5
12	24	9
12	25	6
12	26	8
12	27	8
12	28	12
12	29	7
12	30	9
12	31	13
12	32	4
12	33	5
12	34	11
12	35	6
12	36	6
12	37	14
12	38	5
13	14	12
13	15	5
13	16	3
13	17	24
13	18	2
13	19	6
13	20	3
13	21	9
13	22	8
13	23	10
13	24	6
13	25	1
13	26	7
13	27	8
13	28	11
13	29	2
13	30	5
13	31	6
13	32	5
13	33	9
13	34	9
13	35	6
13	36	1
13	37	4
13	38	10
14	15	9
14	16	8
14	17	16
14	18	4
14	19	14
14	20	11
14	21	11
14	22	7
14	23	14
14	24	6
14	25	8
14	26	4
14	27	14
14	28	6
14	29	5
14	30	6
14	31	4
14	32	8
14	33	13
14	34	7
14	35	6
14	36	9
14	37	3
14	38	11
15	16	8
15	17	19
15	18	1
15	19	7
15	20	3
15	21	6
15	22	11
15	23	8
15	24	3
15	25	6
15	26	7
15	27	12
15	28	9
15	29	2
15	30	10
15	31	10
15	32	6
15	33	5
15	34	5
15	35	8
15	36	6
15	37	3
15	38	11
16	17	21
16	19	5
16	20	2
16	21	1
16	22	5
16	23	4
16	24	1
16	25	1
16	26	6
16	27	5
16	28	8
16	29	4
16	30	4
16	31	5
16	32	1
16	33	2
16	34	5
16	35	2
16	36	3
16	37	2
16	38	7
17	18	6
17	19	15
17	20	14
17	21	15
17	22	25
17	23	22
17	24	6
17	25	15
17	26	17
17	27	16
17	28	20
17	29	12
17	30	16
17	31	29
17	32	11
17	33	19
17	34	24
17	35	20
17	36	15
17	37	12
17	38	16
18	19	1
18	20	4
18	21	3
18	22	4
18	23	4
18	24	2
18	25	1
18	26	1
18	27	4
18	28	6
18	29	1
18	30	3
18	31	1
18	32	1
18	33	3
18	34	1
18	35	3
18	36	6
18	37	1
18	38	2
19	20	9
19	21	5
19	22	7
19	23	8
19	24	7
19	25	4
19	26	8
19	27	4
19	28	11
19	29	5
19	30	5
19	31	9
19	32	3
19	33	6
19	34	6
19	35	10
19	36	8
19	37	7
19	38	5
20	21	12
20	22	6
20	23	5
20	24	5
20	25	2
20	26	5
20	27	12
20	28	10
20	29	8
20	30	4
20	31	10
20	32	8
20	33	4
20	34	2
20	35	6
20	36	3
20	37	3
20	38	8
21	22	5
21	23	5
21	24	2
21	25	2
21	26	4
21	27	8
21	28	9
21	29	1
21	30	4
21	31	4
21	32	9
21	33	3
21	34	3
21	35	4
21	36	5
21	37	4
21	38	8
22	23	12
22	24	6
22	26	9
22	27	6
22	28	11
22	29	6
22	30	3
22	31	10
22	32	9
22	33	6
22	34	9
22	35	7
22	36	9
22	37	9
22	38	6
23	24	6
23	25	2
23	26	9
23	27	10
23	28	7
23	29	7
23	30	3
23	31	5
23	32	3
23	33	6
23	34	6
23	35	2
23	36	5
23	37	10
23	38	10
24	25	2
24	26	6
24	27	8
24	28	6
24	30	2
24	31	9
24	32	2
24	33	6
24	34	3
24	35	5
24	36	1
24	37	3
24	38	1
25	26	1
25	27	4
25	28	3
25	29	3
25	30	6
25	31	2
25	32	1
25	33	1
25	34	4
25	36	3
25	38	4
26	27	4
26	28	9
26	29	6
26	30	7
26	31	10
26	32	3
26	33	6
26	34	8
26	35	5
26	36	9
26	37	7
26	38	8
27	28	11
27	29	3
27	30	1
27	31	10
27	32	2
27	33	6
27	34	3
27	35	7
27	36	3
27	37	3
27	38	10
28	29	4
28	30	4
28	31	13
28	32	11
28	33	10
28	34	8
28	35	11
28	36	4
28	37	5
28	38	7
29	30	2
29	31	4
29	32	2
29	33	5
29	34	3
29	35	2
29	36	2
29	37	2
29	38	5
30	31	4
30	32	1
30	33	6
30	34	7
30	35	4
30	36	3
30	37	4
30	38	7
31	32	7
31	33	7
31	34	3
31	35	10
31	36	5
31	37	3
31	38	5
32	33	1
32	34	3
32	35	4
32	36	7
32	37	4
32	38	8
33	34	4
33	35	9
33	36	3
33	37	3
33	38	5
34	35	13
34	36	11
34	37	4
34	38	7
35	36	8
35	37	3
35	38	7
36	37	5
36	38	1
37	38	1
