0	1	54
0	2	30
0	3	13
0	4	21
0	5	14
0	6	14
0	7	27
0	8	17
0	9	18
0	10	28
0	11	21
0	12	23
0	13	9
0	14	24
0	15	12
0	16	8
0	17	20
0	18	18
0	19	21
0	20	24
0	21	18
0	22	13
0	23	25
0	24	8
0	25	28
0	26	37
0	27	20
0	28	11
0	29	19
0	30	21
0	31	11
0	32	8
0	33	20
0	34	22
0	35	12
0	36	30
0	37	23
1	2	17
1	3	7
1	4	18
1	5	9
1	6	11
1	7	10
1	8	12
1	9	15
1	10	20
1	11	18
1	12	13
1	13	16
1	14	14
1	15	18
1	16	8
1	17	11
1	18	16
1	19	10
1	20	11
1	21	22
1	22	11
1	23	23
1	24	16
1	25	17
1	26	18
1	27	12
1	28	10
1	29	15
1	30	11
1	31	6
1	32	10
1	33	8
1	34	12
1	35	8
1	36	14
1	37	11
2	3	6
2	4	14
2	5	7
2	6	3
2	7	5
2	8	3
2	9	11
2	10	12
2	11	7
2	12	5
2	13	6
2	14	4
2	15	3
2	16	9
2	17	2
2	18	13
2	19	5
2	20	6
2	21	6
2	22	4
2	23	10
2	24	3
2	25	6
2	26	13
2	27	4
2	28	7
2	29	9
2	30	7
2	31	4
2	32	3
2	33	6
2	34	3
2	35	5
2	36	5
2	37	5
3	4	13
3	5	5
3	6	4
3	7	3
3	8	5
3	9	8
3	10	11
3	11	13
3	12	6
3	13	8
3	14	6
3	15	4
3	16	5
3	17	5
3	18	8
3	19	7
3	20	4
3	21	7
3	22	4
3	23	9
3	24	4
3	25	5
3	26	11
3	27	7
3	28	1
3	29	4
3	30	5
3	31	8
3	32	1
3	33	2
3	34	8
3	35	1
3	36	5
3	37	4
4	5	8
4	6	1
4	7	7
4	8	8
4	9	7
4	10	9
4	11	6
4	12	3
4	13	9
4	14	4
4	15	12
4	16	3
4	17	4
4	18	3
4	19	9
4	20	9
4	21	2
4	22	5
4	23	12
4	24	2
4	25	4
4	26	9
4	27	8
4	28	4
4	29	4
4	30	3
4	31	5
4	32	4
4	33	7
4	34	3
4	35	8
4	36	5
4	37	6
5	6	2
5	7	2
5	8	5
5	9	8
5	10	10
5	11	2
5	12	2
5	13	3
5	14	8
5	15	2
5	16	1
5	17	8
5	18	8
5	19	2
5	20	7
5	21	6
5	22	4
5	23	3
5	24	4
5	25	5
5	26	5
5	27	10
5	28	2
5	29	3
5	30	6
5	31	2
5	32	4
5	33	3
5	34	3
5	35	3
5	36	8
5	37	7
6	7	3
6	8	6
6	9	4
6	10	3
6	11	3
6	12	1
6	13	9
6	14	8
6	15	1
6	16	1
6	17	10
6	18	6
6	19	4
6	20	9
6	21	8
6	22	4
6	23	6
6	24	1
6	25	4
6	26	3
6	27	3
6	29	5
6	30	2
6	31	3
6	32	9
6	33	6
6	34	1
6	35	1
6	36	5
6	37	3
7	8	2
7	9	9
7	10	10
7	11	3
7	12	6
7	13	9
7	14	3
7	15	6
7	16	2
7	17	7
7	18	7
7	19	8
7	20	6
7	21	6
7	22	6
7	23	7
7	24	4
7	25	6
7	26	6
7	28	2
7	29	13
7	30	4
7	31	2
7	32	1
7	33	2
7	34	3
7	35	1
7	36	7
7	37	4
8	9	8
8	10	4
8	11	6
8	12	7
8	13	7
8	14	5
8	15	2
8	16	4
8	17	2
8	18	5
8	19	13
8	20	9
8	21	3
8	22	8
8	23	12
8	24	10
8	25	4
8	26	10
8	27	7
8	28	5
8	29	3
8	30	3
8	31	4
8	32	5
8	33	6
8	34	4
8	35	7
8	36	4
8	37	9
9	10	11
9	11	10
9	12	8
9	13	7
9	14	10
9	15	13
9	16	8
9	17	6
9	18	10
9	19	5
9	20	8
9	21	12
9	22	7
9	23	13
9	24	3
9	25	13
9	26	14
9	27	12
9	28	9
9	29	9
9	30	10
9	31	5
9	32	5
9	33	7
9	34	7
9	35	4
9	36	9
9	37	10
10	11	8
10	12	13
10	13	9
10	14	9
10	15	10
10	16	4
10	17	8
10	18	7
10	19	3
10	20	9
10	21	4
10	22	5
10	23	4
10	24	1
10	25	7
10	26	10
10	27	11
10	28	3
10	29	4
10	30	8
10	31	5
10	32	10
10	33	7
10	34	2
10	35	4
10	36	6
10	37	4
11	12	12
11	13	7
11	14	9
11	15	8
11	16	8
11	17	13
11	18	6
11	19	6
11	20	12
11	21	8
11	22	9
11	23	6
11	24	3
11	25	12
11	26	10
11	27	10
11	28	5
11	29	5
11	30	6
11	31	4
11	32	8
11	33	10
11	34	5
11	35	5
11	36	5
11	37	11
12	13	13
12	14	2
12	15	5
12	16	8
12	17	9
12	18	13
12	19	10
12	20	13
12	21	10
12	22	6
12	23	8
12	24	1
12	25	9
12	26	14
12	27	8
12	28	5
12	29	4
12	30	8
12	31	2
12	32	4
12	33	17
12	34	6
12	35	4
12	36	7
12	37	5
13	14	3
13	15	3
13	16	8
13	17	3
13	18	3
13	19	3
13	20	6
13	21	3
13	22	7
13	23	7
13	24	1
13	25	2
13	26	12
13	27	12
13	28	5
13	29	5
13	30	4
13	31	7
13	32	2
13	33	10
13	34	4
13	35	5
13	36	6
13	37	5
14	15	6
14	16	5
14	17	4
14	18	5
14	19	8
14	20	9
14	21	8
14	22	3
14	23	13
14	24	2
14	25	6
14	26	9
14	27	7
14	28	2
14	29	3
14	30	5
14	31	3
14	32	6
14	33	6
14	34	1
14	35	2
14	36	9
14	37	5
15	16	6
15	17	14
15	18	6
15	19	10
15	20	5
15	21	6
15	22	4
15	23	8
15	24	9
15	25	6
15	26	10
15	27	8
15	28	3
15	29	3
15	30	4
15	31	7
15	32	7
15	33	3
15	34	3
15	35	2
15	36	6
15	37	4
16	18	2
16	19	3
16	20	7
16	21	6
16	22	7
16	23	7
16	24	4
16	25	1
16	26	12
16	27	3
16	28	4
16	29	4
16	30	6
16	31	3
16	32	1
16	33	3
16	34	3
16	35	1
16	36	5
16	37	9
17	18	5
17	19	1
17	20	16
17	21	6
17	22	5
17	23	3
17	24	5
17	25	5
17	26	8
17	27	9
17	28	9
17	29	9
17	30	5
17	31	2
17	32	5
17	33	8
17	34	6
17	35	4
17	36	3
17	37	5
18	19	5
18	20	14
18	21	10
18	22	5
18	23	9
18	24	6
18	25	9
18	26	17
18	27	6
18	28	3
18	29	9
18	30	10
18	31	3
18	32	4
18	33	5
18	34	1
18	35	2
18	36	14
18	37	3
19	20	6
19	21	12
19	22	6
19	23	6
19	24	3
19	25	5
19	26	10
19	27	7
19	28	2
19	29	4
19	30	5
19	31	7
19	33	4
19	34	5
19	35	6
19	36	9
19	37	2
20	21	10
20	22	12
20	23	8
20	24	6
20	25	14
20	26	21
20	27	6
20	28	2
20	29	11
20	30	3
20	31	2
20	32	12
20	33	8
20	34	3
20	35	7
20	36	5
20	37	9
21	22	8
21	23	8
21	24	4
21	25	7
21	26	17
21	27	1
21	28	8
21	29	7
21	30	9
21	31	4
21	32	6
21	33	5
21	34	8
21	35	9
21	36	8
21	37	8
22	23	8
22	24	7
22	25	3
22	26	6
22	27	3
22	28	12
22	29	4
22	30	3
22	31	1
22	32	3
22	33	7
22	34	6
22	35	2
22	36	6
22	37	6
23	24	5
23	25	7
23	26	14
23	27	12
23	28	6
23	29	5
23	30	5
23	31	4
23	32	4
23	33	5
23	34	2
23	35	6
23	36	7
23	37	4
24	25	3
24	26	4
24	27	1
24	28	4
24	29	4
24	30	4
24	31	4
24	32	2
24	33	5
24	34	8
24	35	5
24	36	2
24	37	7
25	26	10
25	27	7
25	28	3
25	29	6
25	30	8
25	31	4
25	32	2
25	33	11
25	34	6
25	35	10
25	36	6
25	37	6
26	27	6
26	28	6
26	29	15
26	30	6
26	31	4
26	32	7
26	33	10
26	34	6
26	35	2
26	36	11
26	37	7
27	28	1
27	29	7
27	30	8
27	31	4
27	32	4
27	33	5
27	34	3
27	35	7
27	36	15
27	37	3
28	29	2
28	30	4
28	31	2
28	32	6
28	33	6
28	34	1
28	35	7
28	36	3
28	37	6
29	30	9
29	31	4
29	32	4
29	33	8
29	34	6
29	35	4
29	36	5
29	37	4
30	31	9
30	32	3
30	33	9
30	34	3
30	35	2
30	36	11
30	37	7
31	32	3
31	33	5
31	34	1
31	35	3
31	36	3
31	37	5
32	33	5
32	34	4
32	35	3
32	36	2
32	37	5
33	34	4
33	35	4
33	36	5
33	37	6
34	35	2
34	36	5
34	37	6
35	36	9
35	37	3
36	37	7
