0	3	37.0007	8	
0	4	5.96212	1	
0	5	25.5601	5	
0	6	28.2746	7	
0	7	24.6248	5	
0	8	25.4185	5	
0	9	20.1979	5	
0	10	5.87575	1	
0	11	19.4744	4	
0	12	27.389	6	
0	13	23.0285	6	
0	14	50.5813	10	
0	15	10.1095	2	
0	16	4.05299	1	
0	17	4.55709	1	
0	18	1.94243	1	
0	19	7.91469	2	
0	20	19.8934	4	
0	21	13.1116	3	
0	22	19.9988	5	
0	23	6.81939	1	
0	24	23.066	5	
0	25	4.31098	1	
0	26	17.8602	4	
0	27	13.3959	4	
1	3	36.0987	8	
1	5	38.1716	8	
1	7	6.00969	1	
1	8	8.52713	2	
1	10	16.885	3	
1	11	36.3752	8	
1	12	4.58495	1	
1	13	5.08491	1	
1	15	22.2317	5	
1	16	40.2534	9	
1	17	22.8662	5	
1	18	28.3718	6	
1	19	6.61968	1	
1	20	6.39249	1	
1	21	15.8773	3	
1	22	24.7486	5	
1	23	7.12857	1	
1	24	6.2857	1	
1	26	10.8579	2	
1	27	22.3847	6	
2	3	19.7562	4	
2	5	9.77961	2	
2	6	6.07479	1	
2	7	4.90373	1	
2	8	22.8649	5	
2	9	4.73767	1	
2	10	31.4716	6	
2	11	12.4087	3	
2	12	22.4899	5	
2	13	2.80709	1	
2	14	11.6824	3	
2	15	33.6359	7	
2	16	4.91003	1	
2	17	13.1341	3	
2	19	3.16324	1	
2	20	12.9427	3	
2	21	5.25699	1	
2	22	32.3787	6	
2	23	5.07589	1	
2	24	20.9671	5	
2	25	26.0099	6	
2	26	5.67715	1	
2	27	9.01884	2	
3	4	40.2087	8	
3	5	8.71391	2	
3	6	42.9863	9	
3	7	44.7987	10	
3	8	8.68746	2	
3	9	3.11074	1	
3	10	6.46709	1	
3	12	8.37955	2	
3	13	33.0203	8	
3	14	30.0705	6	
3	15	1.95221	1	
3	16	32.9956	7	
3	18	35.2397	7	
3	19	4.97337	1	
3	20	29.1357	6	
3	21	26.6484	6	
3	22	11.4368	3	
3	23	30.2893	7	
3	24	22.9086	4	
3	26	11.4123	2	
3	27	38.7774	9	
4	5	24.7148	6	
4	6	34.7953	7	
4	7	8.25911	2	
4	8	4.93038	1	
4	9	12.8384	3	
4	11	4.09092	1	
4	13	8.86155	2	
4	15	9.88784	3	
4	17	15.0528	4	
4	18	4.49655	1	
4	19	4.86719	1	
4	20	24.5414	5	
4	21	35.172	7	
4	23	25.321	5	
4	25	3.87371	1	
4	26	14.3504	3	
4	27	24.6043	6	
5	6	16.5805	4	
5	7	18.1168	5	
5	8	6.34008	1	
5	9	4.88898	1	
5	10	22.6379	5	
5	11	34.5007	8	
5	12	28.5824	6	
5	13	4.24936	1	
5	14	3.18139	1	
5	15	14.9002	4	
5	16	14.7122	4	
5	17	38.6655	9	
5	18	18.3242	4	
5	19	39.5638	8	
5	20	11.2328	3	
5	21	33.7028	7	
5	22	6.91404	1	
5	23	9.90465	2	
5	24	4.1545	1	
5	25	24.4149	4	
5	26	29.2773	6	
5	27	25.4788	5	
6	7	35.4854	8	
6	8	12.8107	3	
6	9	13.389	3	
6	10	14.3316	3	
6	11	29.9438	7	
6	12	34.0221	7	
6	13	33.914	8	
6	14	23.0702	5	
6	15	7.83347	1	
6	16	7.54073	3	
6	18	4.72888	1	
6	19	54.9506	11	
6	20	18.9229	3	
6	21	5.20435	1	
6	22	19.7202	4	
6	23	38.5489	8	
6	24	58.3786	12	
6	25	22.4616	5	
6	26	10.9068	2	
6	27	17.2828	3	
7	8	20.7983	4	
7	9	2.92907	1	
7	10	50.6311	10	
7	11	15.16	3	
7	12	23.4438	5	
7	13	14.5436	3	
7	14	21.1722	5	
7	15	5.86984	1	
7	16	27.6098	5	
7	17	5.09312	1	
7	18	16.867	4	
7	19	27.0471	6	
7	20	17.8047	3	
7	21	9.14435	2	
7	22	10.5919	3	
7	23	54.443	11	
7	24	23.7144	5	
7	25	32.1978	7	
7	26	52.4928	12	
7	27	49.9906	10	
8	9	5.14987	1	
8	10	29.2574	6	
8	11	3.65051	1	
8	12	5.33033	1	
8	13	10.8829	2	
8	15	30.5042	6	
8	16	4.47139	1	
8	17	22.2176	5	
8	19	7.11306	1	
8	20	20.0059	4	
8	21	6.04628	1	
8	22	27.1261	6	
8	23	7.63616	2	
8	24	12.9329	3	
8	25	6.76308	1	
8	27	23.6735	6	
9	10	14.701	4	
9	11	23.7689	5	
9	12	12.3281	3	
9	13	27.296	6	
9	14	18.6204	4	
9	15	19.1895	5	
9	16	17.9811	4	
9	19	4.59888	1	
9	20	28.9731	7	
9	21	8.07447	2	
9	22	9.79885	2	
9	23	6.49498	2	
9	24	6.35863	1	
9	25	24.3249	5	
9	26	7.87407	2	
9	27	19.3953	5	
10	11	61.6036	13	
10	12	11.9296	3	
10	13	16.5416	4	
10	14	8.0335	2	
10	15	23.0979	5	
10	16	3.19043	1	
10	17	3.53824	1	
10	18	18.0549	4	
10	19	3.77623	1	
10	20	38.9759	8	
10	21	2.35527	1	
10	22	31.8289	7	
10	23	34.6618	7	
10	24	29.3374	7	
10	25	22.9795	5	
10	26	22.5409	5	
10	27	11.3255	3	
11	12	10.1678	3	
11	13	11.9127	3	
11	14	36.615	9	
11	15	24.9769	6	
11	16	10.5718	2	
11	17	5.12762	1	
11	18	39.6821	8	
11	19	25.8506	6	
11	20	9.54707	2	
11	21	11.9585	2	
11	22	29.848	7	
11	23	38.5781	8	
11	24	47.9241	10	
11	25	33.9625	6	
11	26	28.5448	6	
11	27	24.1442	5	
12	13	18.774	4	
12	14	25.8039	6	
12	15	7.34115	1	
12	16	5.93824	1	
12	17	15.8898	4	
12	18	32.217	7	
12	19	26.2719	7	
12	20	14.5771	3	
12	22	33.5119	8	
12	23	10.1562	2	
12	24	32.1889	7	
12	25	10.6026	2	
12	27	4.3517	1	
13	15	22.6932	5	
13	16	7.49656	1	
13	17	7.70579	2	
13	18	12.8667	2	
13	19	31.3623	6	
13	20	20.7613	5	
13	21	17.4697	4	
13	22	10.1647	2	
13	23	16.6377	4	
13	24	19.0323	4	
13	25	5.31394	1	
13	26	13.2307	3	
13	27	21.2101	4	
14	15	29.4578	6	
14	16	16.5616	5	
14	17	6.49193	2	
14	18	21.037	5	
14	19	37.0251	7	
14	20	8.80938	2	
14	21	17.3102	4	
14	22	7.99183	2	
14	23	38.9244	8	
14	24	29.9261	6	
14	26	3.13772	1	
14	27	29.1582	7	
15	16	43.2599	10	
15	17	24.9934	6	
15	18	34.5218	7	
15	20	39.7334	8	
15	21	18.4232	4	
15	22	23.7262	6	
15	23	49.5867	11	
15	24	23.6101	5	
15	25	5.95176	1	
15	26	9.88959	2	
15	27	18.7872	4	
16	17	30.9338	7	
16	18	9.93447	2	
16	19	9.93921	2	
16	20	11.7081	3	
16	21	22.7315	5	
16	22	7.35332	2	
16	23	17.2868	3	
16	24	30.1297	6	
16	25	13.4497	4	
16	26	9.1048	2	
17	18	3.22556	1	
17	19	4.41971	1	
17	20	21.1983	4	
17	21	24.4969	5	
17	22	22.1285	5	
17	24	21.8457	5	
17	26	5.96775	1	
18	19	6.90836	1	
18	20	27.7127	6	
18	21	20.3879	4	
18	22	27.123	6	
18	23	3.33725	1	
18	24	44.607	9	
18	26	21.2467	5	
18	27	40.1643	8	
19	20	12.3544	3	
19	21	25.8772	6	
19	22	11.7903	3	
19	23	68.8732	14	
19	24	21.7001	5	
19	25	5.13286	1	
19	26	61.081	13	
19	27	38.2848	8	
20	21	34.246	8	
20	22	12.7635	3	
20	23	45.248	9	
20	24	22.7503	5	
20	26	26.3123	6	
20	27	24.3551	6	
21	22	6.286	2	
21	23	21.7514	5	
21	24	3.76577	2	
21	25	7.12087	2	
21	26	15.7573	3	
21	27	35.228	7	
22	23	53.6983	11	
22	24	8.38202	2	
22	25	21.4546	5	
22	26	8.99563	2	
22	27	53.2848	13	
23	24	52.7061	11	
23	25	42.0143	8	
23	26	30.88	7	
23	27	60.8458	13	
24	25	70.1012	16	
24	26	46.7264	10	
24	27	36.4103	7	
25	26	32.5231	7	
25	27	21.3273	4	
26	27	34.8829	7	
