#module 0 size: 114 bs: 0.00183506
1 2 9 19 21 26 34 37 39 51 59 60 64 74 77 82 89 95 106 115 120 121 124 125 151 154 159 183 185 188 203 204 208 213 214 218 234 238 240 241 251 256 257 273 275 283 290 299 303 305 306 310 341 342 344 353 368 372 373 377 378 381 401 411 412 420 427 430 448 449 452 463 476 477 480 486 490 492 499 500 502 506 508 510 512 518 519 537 538 546 548 551 557 564 565 567 571 573 581 588 596 598 600 613 629 633 645 662 666 682 687 690 693 698 
#module 1 size: 28 bs: 1
61 65 80 96 108 143 158 219 225 249 259 265 295 302 334 370 413 436 452 489 522 575 601 605 616 672 679 681 
#module 2 size: 20 bs: 1
3 58 81 98 120 166 174 189 196 200 267 282 307 341 375 380 417 493 507 533 
#module 3 size: 36 bs: 1
6 17 48 69 71 91 107 118 150 161 177 202 262 358 359 364 366 418 426 429 440 458 472 475 497 562 571 617 618 632 638 641 642 672 687 692 
#module 4 size: 19 bs: 1
4 5 10 79 104 117 125 165 217 270 274 281 285 294 336 394 591 611 641 
#module 5 size: 37 bs: 1
33 72 94 108 119 171 199 300 301 311 314 327 338 346 347 350 399 415 422 467 481 485 511 523 529 543 558 578 586 604 619 624 641 643 644 660 697 
#module 6 size: 36 bs: 1
27 34 35 53 94 129 134 139 184 224 233 254 268 276 284 301 315 318 324 335 367 397 454 470 479 494 532 534 571 572 603 622 658 678 689 699 
#module 7 size: 20 bs: 1
49 93 108 132 135 163 173 223 235 317 325 326 341 371 389 400 410 454 455 645 
#module 8 size: 21 bs: 1
20 41 50 86 131 148 162 167 205 214 265 298 312 345 384 408 445 460 468 496 648 
#module 9 size: 28 bs: 1
24 28 32 55 63 128 136 169 248 255 258 323 332 337 355 391 425 441 454 474 491 500 513 533 542 546 628 689 
#module 10 size: 36 bs: 1
25 31 47 76 133 152 186 231 242 260 277 278 289 332 344 356 363 376 378 383 391 395 409 421 466 469 478 500 501 525 560 582 623 648 661 676 
#module 11 size: 33 bs: 1
36 38 44 45 73 83 99 105 113 120 137 156 178 194 206 220 227 280 365 388 404 422 452 488 505 540 574 580 610 626 647 667 688 
#module 12 size: 28 bs: 1
92 96 101 103 107 114 167 168 182 195 212 264 266 271 369 407 457 526 535 550 558 569 590 593 599 614 620 680 
#module 13 size: 33 bs: 1
15 23 47 54 94 110 123 160 164 179 201 228 239 287 296 304 320 330 360 377 379 385 386 436 464 483 541 554 589 592 606 671 672 
#module 14 size: 24 bs: 1
29 66 145 188 193 227 237 245 279 321 354 361 378 387 451 462 515 553 584 635 654 655 668 687 
#module 15 size: 27 bs: 1
45 123 146 190 229 231 246 247 261 349 393 396 397 437 442 473 480 495 552 555 558 566 568 660 663 685 694 
#module 16 size: 36 bs: 1
84 85 87 112 153 175 215 216 221 226 265 266 279 291 319 329 333 348 351 357 414 423 439 484 504 527 530 546 556 570 579 581 611 677 683 686 
#module 17 size: 31 bs: 1
37 56 78 88 111 118 138 180 207 209 211 232 252 352 362 444 447 456 471 480 503 517 520 524 528 531 581 591 637 653 691 
#module 18 size: 32 bs: 1
22 42 43 61 70 95 116 198 222 227 236 263 269 292 340 344 398 402 443 453 465 533 536 549 577 587 594 627 636 645 674 684 
#module 19 size: 40 bs: 1
12 90 95 100 118 140 149 155 157 170 176 190 197 297 316 343 377 382 392 409 431 433 438 509 514 545 547 585 587 595 609 611 625 640 650 657 660 689 699 700 
#module 20 size: 32 bs: 1
11 52 67 109 147 188 210 243 253 266 293 301 308 322 339 391 409 419 420 422 435 436 498 507 509 559 561 583 608 612 655 665 
#module 21 size: 25 bs: 1
7 30 97 102 126 288 309 313 335 406 428 450 459 461 507 509 521 597 648 651 659 664 669 673 695 
#module 22 size: 38 bs: 1
16 18 40 46 57 62 68 96 127 142 172 181 187 230 244 250 272 279 331 332 335 397 424 432 434 482 486 539 563 576 602 607 621 631 649 652 656 670 
#module 23 size: 38 bs: 1
8 13 14 70 75 122 123 130 141 144 191 192 202 214 231 286 328 374 390 403 405 416 446 486 487 516 544 587 591 615 630 634 639 646 655 675 696 699 
