11 21 46 53 54 57 62 66 78 80 82 106 116 122 127 129 131 134 156 157 160 164 167 168 172 178 180 184 187 190 194 203 212 219 220 228 230 242 248 255 256 264 274 276 285 288 293 297 298 299 301 307 317 318 319 322 323 324 325 329 338 347 351 352 359 362 366 371 374 381 386 388 389 392 402 403 405 408 409 410 416 421 422 427 436 447 449 453 454 455 458 461 464 465 473 478 483 484 485 494 497 498 
9 11 12 14 16 25 29 34 35 37 38 39 42 43 44 45 51 56 57 63 65 67 72 73 77 83 84 86 88 91 94 95 97 104 108 109 110 115 116 118 121 123 133 137 139 142 154 156 158 171 172 174 176 190 191 194 197 199 202 205 208 210 212 216 218 219 220 221 224 226 231 232 244 245 248 254 255 266 267 270 273 274 280 281 283 284 286 287 288 292 293 303 306 312 313 314 315 318 321 325 329 332 333 335 337 340 342 344 345 348 352 353 355 356 359 362 364 365 366 367 370 372 378 380 381 382 386 389 390 392 397 402 404 406 408 410 413 414 415 416 419 422 426 433 434 440 441 443 444 445 447 448 449 450 451 453 457 459 462 465 466 467 471 476 477 479 480 483 485 487 489 490 491 493 494 496 497 499 500 
11 17 23 38 51 56 66 67 77 80 82 85 93 95 103 104 107 109 116 118 122 129 132 138 139 148 149 153 157 158 163 169 180 181 182 187 189 195 207 212 238 240 241 243 245 250 258 259 272 274 276 282 285 290 294 297 301 308 309 311 317 319 321 324 325 333 338 340 347 350 353 360 362 363 365 367 368 371 374 383 386 387 388 393 395 396 398 401 408 412 413 421 427 428 430 437 441 446 449 450 456 458 468 469 470 473 476 477 479 480 484 487 489 494 
23 30 55 60 61 65 70 79 85 89 93 95 96 97 98 102 104 105 111 117 132 135 136 138 141 148 149 155 158 159 167 170 172 182 185 193 204 206 213 215 219 223 229 233 238 240 241 247 248 258 259 261 263 265 282 290 296 305 307 321 322 328 329 334 337 341 345 346 348 355 358 361 366 372 375 383 387 390 394 396 399 400 411 412 414 425 435 437 443 445 456 466 470 474 481 483 489 492 495 496 499 
1 10 16 26 27 29 33 37 39 42 44 46 47 48 51 53 54 57 62 63 64 66 67 68 69 71 72 77 79 83 84 88 91 95 98 103 107 110 115 122 126 129 132 136 137 138 139 140 141 147 150 157 159 160 163 164 165 166 168 169 170 175 179 180 181 184 185 190 192 195 196 197 199 201 202 206 207 209 216 220 221 223 226 227 228 229 230 236 239 241 242 243 244 245 254 255 256 258 259 265 266 268 269 270 272 273 276 277 280 281 283 284 285 287 290 291 292 293 294 298 299 301 303 304 306 308 310 314 315 317 318 319 320 321 322 323 331 333 335 337 338 341 344 345 346 347 348 353 354 356 359 363 365 366 369 371 373 374 378 379 380 381 383 386 387 388 389 391 392 393 394 395 397 398 399 400 401 402 403 404 405 406 408 409 412 413 414 415 416 418 419 420 421 422 425 427 428 430 433 440 441 442 446 448 450 453 454 456 457 459 461 465 466 468 473 474 476 477 479 484 485 487 489 491 492 494 497 498 500 
3 6 12 14 16 19 20 24 25 28 31 34 37 38 43 45 47 48 49 52 56 65 68 73 74 83 84 86 88 89 91 94 98 109 110 116 117 120 121 123 125 130 137 143 146 150 151 154 157 158 165 170 172 177 178 187 188 191 198 199 203 205 208 210 212 214 217 221 224 226 231 239 244 248 251 252 254 255 257 260 262 264 267 270 271 274 280 281 284 287 288 290 293 295 301 306 307 313 314 315 321 323 325 326 327 329 331 332 333 335 336 337 338 340 342 351 352 354 356 357 359 365 367 368 369 370 372 374 375 376 377 381 382 385 387 392 399 400 404 407 409 413 416 419 423 424 425 431 432 433 437 438 440 442 443 444 445 447 448 450 451 453 457 458 459 460 465 469 471 472 477 480 481 482 483 485 486 487 491 496 497 499 500 
5 17 23 24 25 30 32 35 41 42 45 46 48 49 51 57 58 59 64 69 72 73 77 78 85 86 87 92 95 98 103 104 106 107 113 115 118 119 121 123 124 135 136 142 145 146 148 151 154 156 159 161 162 167 168 169 170 171 175 180 181 182 198 200 201 204 205 207 208 211 212 219 221 222 224 225 227 233 236 238 239 240 243 250 258 261 263 264 265 272 274 284 285 286 288 290 292 294 297 301 307 308 311 316 317 318 325 327 328 329 330 332 334 338 341 345 347 350 351 352 353 355 356 358 360 361 363 369 370 371 372 373 377 378 381 382 383 387 388 389 390 394 395 396 397 398 400 401 403 412 414 416 418 419 420 424 425 426 428 434 435 437 439 440 446 447 449 452 455 457 461 462 465 466 467 468 471 472 473 474 475 476 481 487 490 491 492 493 495 499 500 
7 19 20 23 24 25 27 28 33 47 49 50 52 53 54 62 65 74 76 78 81 86 97 98 109 112 117 121 125 126 127 133 134 137 140 143 144 147 152 153 165 166 167 172 173 176 178 179 180 183 184 188 190 192 194 196 199 202 208 209 212 214 217 218 219 220 223 228 230 246 248 250 251 255 256 264 269 271 288 289 290 291 302 304 307 310 314 317 320 321 322 324 325 329 331 335 339 340 342 343 344 345 349 352 361 364 366 367 368 371 372 377 379 384 388 390 399 400 404 405 407 408 409 410 412 416 422 423 426 431 432 436 438 439 446 449 453 454 456 459 463 464 465 466 469 475 477 479 482 485 487 488 490 497 498 499 
11 22 33 48 58 61 64 67 69 70 71 73 79 80 82 89 102 103 106 111 120 121 122 123 130 154 155 156 157 162 170 171 175 177 185 190 193 196 199 205 206 207 208 221 224 227 236 252 254 257 262 267 269 271 276 277 285 292 293 294 295 296 297 319 320 324 326 332 338 340 346 353 354 356 362 363 365 367 368 373 374 376 385 386 391 393 400 403 408 410 411 419 421 422 425 427 430 442 444 447 451 452 458 460 473 477 480 482 484 491 494 496 
26 29 31 40 47 49 68 88 89 98 99 101 103 114 122 127 128 129 130 134 150 168 177 184 186 189 190 192 198 205 210 220 235 239 244 247 249 252 257 262 267 279 285 295 299 309 313 314 319 326 328 331 347 351 354 359 362 365 367 369 371 376 384 385 401 405 409 418 422 428 429 444 447 448 451 454 457 460 477 478 480 481 486 492 496 497 498 500 
3 6 7 12 13 14 20 21 23 24 27 28 29 32 33 34 35 36 37 39 40 41 42 43 44 45 48 49 51 63 66 69 74 75 77 78 81 82 83 84 85 86 94 95 99 101 107 108 109 110 113 114 115 117 120 122 123 125 126 130 132 133 134 137 138 140 142 143 144 145 146 147 149 152 153 156 158 159 160 163 165 166 168 169 174 175 177 179 181 183 186 187 189 191 192 194 195 196 197 198 199 201 203 205 209 212 214 216 217 223 225 226 229 231 232 234 235 237 241 243 244 245 246 247 249 250 251 252 253 257 258 259 260 262 264 265 266 268 271 273 275 276 279 280 281 282 283 284 286 287 288 289 290 291 292 293 295 300 303 304 308 309 310 312 313 317 318 322 324 326 329 330 331 333 334 335 336 337 338 340 342 343 344 345 348 349 352 354 355 357 358 361 362 367 368 371 375 377 378 379 380 384 385 386 388 389 390 392 394 395 396 397 398 399 401 402 404 406 408 409 410 412 414 415 416 418 419 420 423 424 426 427 428 429 431 432 433 434 436 438 439 440 445 449 450 452 455 456 458 459 460 462 463 464 465 466 467 468 469 470 471 472 476 477 478 482 484 486 489 490 491 492 493 494 495 496 497 
9 16 18 26 29 36 38 47 49 56 62 68 78 81 83 84 85 88 91 93 104 106 109 115 116 118 124 132 133 135 138 139 141 148 149 150 163 164 175 179 180 187 188 193 195 202 210 223 226 234 237 239 241 245 250 251 252 254 255 256 258 259 260 268 270 271 272 274 275 282 289 290 292 293 300 301 304 305 311 312 314 315 317 318 321 323 325 330 333 335 336 337 338 340 342 349 354 356 365 369 381 384 387 396 401 407 409 410 412 413 415 416 417 420 431 441 444 448 453 455 456 457 463 465 470 471 473 474 479 485 487 490 495 500 
2 3 4 5 6 12 14 15 16 17 18 20 21 23 24 26 28 29 30 31 34 36 37 40 42 43 44 45 46 47 49 51 52 53 57 60 61 63 64 66 68 69 70 71 73 74 77 79 80 81 82 83 86 87 90 91 92 94 95 97 100 102 104 105 106 107 109 111 115 116 117 118 119 121 122 124 125 127 128 133 134 137 138 141 143 144 146 150 151 152 153 155 157 158 159 160 162 164 165 167 168 169 170 171 175 178 181 182 183 184 185 191 193 194 200 203 204 205 206 209 210 211 212 213 214 215 216 217 218 219 220 222 225 227 228 229 233 234 236 237 238 239 241 242 243 244 245 246 247 248 251 253 255 260 261 264 266 267 268 269 270 271 272 273 275 276 277 278 280 281 282 283 285 287 288 289 290 292 293 294 295 296 300 301 302 305 306 307 308 312 314 316 317 318 319 320 323 324 327 329 331 333 336 337 338 340 341 342 343 344 346 347 349 350 351 352 353 356 357 358 359 360 361 363 365 366 367 369 370 372 373 374 375 377 379 380 381 382 386 388 390 391 392 393 394 395 396 398 399 401 403 405 406 407 408 409 410 411 412 416 417 418 419 420 421 423 424 425 427 428 430 431 432 433 436 438 439 440 441 442 443 444 445 446 448 449 450 451 452 453 455 456 457 459 461 463 464 465 468 469 470 471 472 473 476 477 479 480 482 483 484 485 486 492 493 495 496 497 498 499 500 
20 25 49 62 65 68 72 77 78 108 113 115 118 121 141 142 143 151 158 159 172 182 197 205 211 212 219 232 233 235 236 238 248 261 265 269 272 284 286 303 307 312 317 318 319 325 329 344 345 347 348 351 352 355 362 368 372 378 389 390 397 399 400 402 407 415 416 419 425 433 434 443 445 449 452 462 463 466 467 472 475 489 493 496 497 499 
7 12 15 16 17 18 20 25 29 38 40 46 49 53 54 56 60 61 78 79 85 86 90 91 92 93 97 99 100 101 104 106 107 111 114 115 116 127 128 132 135 139 141 143 145 148 149 152 153 158 159 170 172 179 182 183 184 186 187 189 190 192 194 195 198 202 210 212 213 215 228 229 235 241 245 246 247 248 249 250 256 259 268 270 274 275 278 279 282 288 290 296 299 304 307 309 311 315 316 318 319 321 322 323 325 328 330 332 333 337 338 339 343 349 350 351 361 364 365 366 368 371 381 384 387 390 391 402 405 408 409 411 412 413 416 417 418 419 427 429 436 438 441 443 448 449 456 464 465 469 470 472 477 478 479 483 486 491 498 499 
4 5 8 9 13 15 16 17 18 19 21 28 29 30 32 35 40 41 50 58 59 60 66 67 68 69 70 71 73 74 75 76 77 79 82 85 87 88 90 92 93 94 95 96 97 100 103 104 105 106 107 109 110 111 112 113 117 118 119 124 125 128 129 131 133 137 139 141 142 143 145 148 151 153 156 157 158 159 160 161 162 165 167 168 170 171 173 176 180 181 182 183 185 188 190 192 193 194 197 199 200 201 202 204 208 210 211 213 215 218 222 225 227 231 232 233 234 235 238 240 241 242 247 248 251 254 258 259 260 261 263 264 265 267 269 270 271 272 276 277 278 282 284 285 286 287 294 295 296 298 299 301 302 303 305 306 308 311 316 317 318 322 323 324 327 328 330 331 332 333 334 335 339 340 341 344 345 348 350 353 355 356 358 360 361 362 363 364 365 366 367 368 370 371 373 375 377 378 379 381 382 383 386 387 389 390 391 392 393 394 395 396 397 398 399 400 401 402 404 405 407 408 411 412 413 414 415 416 417 419 421 422 423 425 426 427 428 430 431 433 434 435 437 438 439 443 444 445 446 450 451 452 454 457 458 462 463 466 467 468 469 470 471 472 473 474 475 476 479 480 481 482 483 486 487 488 489 490 492 493 494 495 
3 4 5 9 10 12 13 14 17 18 19 20 21 22 24 26 28 29 32 34 35 36 37 39 42 43 45 46 47 48 49 50 51 52 53 54 55 59 60 61 62 63 64 67 68 72 73 74 75 76 77 78 79 81 83 84 88 89 93 94 97 99 100 101 102 103 105 108 110 111 112 113 114 115 118 120 121 122 123 126 127 128 129 130 131 132 133 134 135 137 138 140 142 144 145 146 147 149 150 154 155 156 158 161 164 165 166 167 168 170 171 172 173 174 175 176 177 178 180 181 182 183 184 185 186 187 189 190 191 192 193 194 195 197 198 199 201 202 203 204 205 206 208 209 210 213 214 215 216 218 219 220 221 223 224 228 229 230 231 232 235 237 238 239 240 241 242 243 244 246 248 249 250 251 252 253 254 255 256 257 258 259 260 262 263 264 265 266 268 269 271 272 273 274 275 277 278 279 280 281 283 284 285 286 287 288 290 291 292 293 294 295 296 297 298 299 300 302 303 304 306 307 309 310 312 314 315 316 317 318 319 322 323 325 326 328 329 330 331 332 333 334 335 336 339 340 342 343 344 345 346 347 348 349 351 353 354 355 356 357 358 359 361 362 363 364 366 367 368 369 370 371 372 374 375 376 377 378 379 380 384 385 387 388 389 390 392 393 394 397 399 401 402 404 405 406 407 408 409 410 411 413 414 415 416 417 418 419 420 422 423 424 426 429 431 433 434 435 436 437 438 439 440 441 442 443 444 445 447 448 449 450 452 453 454 455 456 457 459 460 461 462 464 466 467 469 470 471 472 474 475 476 477 478 479 481 483 485 486 487 488 489 490 491 492 493 496 497 498 499 500 
6 8 16 23 31 38 39 41 42 44 46 55 59 60 61 63 68 69 70 73 83 88 91 94 96 98 100 102 106 109 116 117 123 130 133 134 135 136 139 154 155 158 161 165 171 174 175 178 183 192 193 199 204 206 208 210 212 213 216 221 222 223 224 226 229 231 240 242 244 245 263 266 267 270 273 274 283 287 288 292 296 305 306 311 313 315 317 321 322 323 325 328 332 333 334 337 340 342 344 353 354 355 359 361 362 365 367 368 369 370 377 380 383 387 391 398 402 406 411 413 433 435 437 440 443 444 447 449 451 454 465 468 471 473 474 476 480 481 483 490 491 492 496 499 
21 23 46 49 54 62 66 80 82 99 101 109 114 122 127 128 131 133 137 139 142 145 152 156 157 160 180 182 186 189 190 202 203 210 235 249 271 276 279 286 290 293 307 309 311 314 319 322 324 330 335 339 347 351 356 366 371 374 382 384 386 392 393 402 405 408 416 418 421 426 427 429 430 447 452 458 469 473 478 479 482 483 484 486 490 494 
11 19 22 25 31 33 48 58 64 67 69 71 74 77 86 103 105 106 117 121 123 125 126 140 147 151 154 162 170 171 172 178 182 185 187 188 192 196 198 199 207 208 209 217 219 221 224 225 227 230 236 238 248 250 251 260 275 277 290 291 294 295 301 307 308 310 320 322 331 332 340 344 346 347 352 353 356 363 364 368 372 373 375 377 391 393 399 400 403 407 410 419 423 424 425 430 431 432 435 438 439 442 444 446 447 456 469 470 472 475 480 482 488 490 491 492 
17 23 29 31 40 43 49 66 74 90 92 99 101 105 114 122 128 131 132 134 146 160 162 168 169 178 179 186 187 188 189 192 198 203 205 210 217 222 223 235 237 243 245 247 249 250 251 252 259 260 266 268 269 275 279 290 291 298 309 310 311 312 316 328 329 331 350 352 353 356 357 359 366 367 374 384 387 392 398 399 401 407 410 417 418 423 424 429 431 432 443 447 449 456 460 469 470 473 474 476 478 481 482 486 491 494 496 499 
