1	25
1	27
1	165
1	166
1	196
1	222
1	223
1	291
1	364
1	383
1	479
1	493
2	110
2	119
2	200
2	233
2	238
2	253
2	261
2	368
2	381
2	382
2	461
2	468
3	12
3	14
3	34
3	45
3	200
3	203
3	312
3	323
3	410
3	453
3	459
3	472
4	124
4	197
4	205
4	234
4	305
4	341
4	360
4	379
4	382
4	391
4	462
4	495
5	87
5	151
5	173
5	211
5	233
5	261
5	301
5	302
5	327
5	455
5	461
5	486
6	43
6	81
6	131
6	144
6	216
6	269
6	315
6	355
6	380
6	420
6	471
6	481
7	41
7	90
7	143
7	153
7	226
7	246
7	253
7	258
7	343
7	349
7	436
7	464
8	27
8	51
8	88
8	111
8	181
8	204
8	332
8	334
8	413
8	435
8	474
8	481
8	490
9	50
9	51
9	84
9	90
9	137
9	191
9	269
9	306
9	342
9	370
9	404
9	434
9	436
10	137
10	164
10	184
10	297
10	298
10	299
10	305
10	340
10	351
10	453
10	454
10	485
10	498
11	67
11	82
11	285
11	294
11	300
11	357
11	374
11	386
11	404
11	408
11	458
11	473
11	475
12	3
12	14
12	34
12	43
12	45
12	179
12	323
12	333
12	361
12	394
12	425
12	472
12	477
13	47
13	113
13	142
13	145
13	286
13	366
13	396
13	419
13	422
13	426
13	439
13	452
13	488
14	3
14	12
14	20
14	34
14	45
14	231
14	323
14	357
14	374
14	384
14	459
14	472
14	477
15	18
15	90
15	100
15	104
15	128
15	263
15	278
15	316
15	323
15	344
15	346
15	350
15	496
16	38
16	86
16	139
16	193
16	274
16	330
16	336
16	337
16	365
16	385
16	441
16	443
16	459
17	107
17	114
17	186
17	238
17	243
17	301
17	316
17	326
17	344
17	350
17	360
17	377
17	424
18	15
18	92
18	100
18	128
18	186
18	211
18	247
18	270
18	369
18	390
18	417
18	474
18	483
19	198
19	214
19	228
19	230
19	235
19	286
19	300
19	301
19	358
19	407
19	426
19	430
19	499
20	14
20	25
20	49
20	75
20	155
20	212
20	288
20	325
20	404
20	415
20	443
20	472
20	499
21	62
21	109
21	135
21	142
21	264
21	296
21	307
21	310
21	311
21	382
21	402
21	438
21	452
22	72
22	103
22	108
22	125
22	196
22	277
22	288
22	306
22	318
22	357
22	393
22	410
22	415
23	87
23	132
23	149
23	202
23	229
23	328
23	355
23	366
23	387
23	411
23	415
23	474
23	476
24	119
24	217
24	237
24	260
24	264
24	331
24	332
24	340
24	357
24	358
24	385
24	423
24	436
24	472
25	1
25	20
25	72
25	78
25	121
25	129
25	219
25	222
25	248
25	257
25	352
25	369
25	372
25	436
26	39
26	47
26	88
26	109
26	150
26	239
26	369
26	430
26	433
26	435
26	448
26	457
26	477
26	500
27	1
27	8
27	33
27	62
27	125
27	128
27	147
27	165
27	196
27	219
27	223
27	251
27	310
27	479
28	52
28	74
28	101
28	178
28	212
28	214
28	240
28	316
28	357
28	363
28	375
28	407
28	424
28	468
29	56
29	139
29	189
29	270
29	306
29	344
29	373
29	418
29	428
29	431
29	446
29	478
29	485
29	496
30	85
30	159
30	167
30	191
30	209
30	211
30	232
30	238
30	301
30	326
30	358
30	360
30	382
30	423
31	68
31	88
31	176
31	330
31	351
31	365
31	369
31	392
31	393
31	425
31	432
31	469
31	482
31	490
32	35
32	75
32	116
32	156
32	196
32	201
32	230
32	286
32	330
32	419
32	426
32	439
32	452
32	488
33	27
33	53
33	68
33	131
33	166
33	223
33	291
33	304
33	310
33	320
33	340
33	352
33	360
33	399
34	3
34	12
34	14
34	45
34	214
34	292
34	323
34	359
34	389
34	459
34	461
34	472
34	473
34	477
35	32
35	46
35	72
35	197
35	232
35	303
35	309
35	337
35	352
35	378
35	402
35	414
35	462
35	467
36	81
36	99
36	112
36	234
36	237
36	250
36	289
36	300
36	312
36	336
36	407
36	437
36	463
36	497
37	88
37	94
37	244
37	254
37	280
37	292
37	380
37	392
37	432
37	437
37	450
37	459
37	487
37	493
38	16
38	91
38	133
38	220
38	245
38	261
38	274
38	284
38	315
38	324
38	337
38	365
38	374
38	479
39	26
39	42
39	44
39	63
39	119
39	216
39	226
39	266
39	283
39	380
39	420
39	440
39	461
39	485
40	128
40	160
40	162
40	177
40	203
40	247
40	309
40	350
40	366
40	376
40	420
40	429
40	463
40	486
40	495
41	7
41	50
41	51
41	107
41	168
41	181
41	222
41	289
41	299
41	308
41	311
41	346
41	388
41	396
41	406
42	39
42	174
42	178
42	195
42	216
42	221
42	273
42	283
42	309
42	380
42	406
42	422
42	440
42	451
42	491
43	6
43	12
43	45
43	51
43	146
43	198
43	203
43	253
43	344
43	374
43	460
43	476
43	477
43	482
43	486
44	39
44	100
44	134
44	170
44	183
44	266
44	273
44	283
44	292
44	358
44	380
44	402
44	406
44	408
44	491
45	3
45	12
45	14
45	34
45	43
45	46
45	233
45	311
45	323
45	391
45	428
45	459
45	468
45	472
45	477
46	35
46	45
46	54
46	69
46	86
46	131
46	153
46	190
46	319
46	322
46	340
46	347
46	351
46	398
46	405
47	13
47	26
47	53
47	150
47	184
47	239
47	314
47	369
47	388
47	412
47	448
47	457
47	459
47	477
47	500
48	120
48	158
48	177
48	207
48	227
48	252
48	254
48	326
48	354
48	363
48	376
48	385
48	422
48	460
48	476
49	20
49	67
49	121
49	135
49	169
49	248
49	314
49	372
49	384
49	396
49	419
49	429
49	449
49	496
49	499
50	9
50	41
50	112
50	155
50	172
50	173
50	176
50	194
50	218
50	220
50	339
50	364
50	475
50	479
50	488
51	8
51	9
51	41
51	43
51	77
51	86
51	169
51	179
51	222
51	272
51	394
51	396
51	467
51	489
51	494
52	28
52	140
52	178
52	214
52	226
52	264
52	279
52	305
52	343
52	357
52	407
52	420
52	424
52	438
52	469
53	33
53	47
53	98
53	184
53	228
53	255
53	256
53	380
53	409
53	416
53	422
53	431
53	453
53	454
53	485
54	46
54	127
54	152
54	190
54	202
54	237
54	302
54	319
54	323
54	351
54	397
54	402
54	405
54	479
54	487
55	96
55	98
55	204
55	275
55	322
55	328
55	334
55	346
55	367
55	392
55	397
55	428
55	437
55	481
55	492
56	29
56	139
56	161
56	163
56	223
56	245
56	270
56	293
56	323
56	331
56	333
56	369
56	434
56	465
56	494
57	159
57	170
57	198
57	207
57	283
57	285
57	327
57	338
57	362
57	382
57	408
57	441
57	450
57	455
57	476
58	123
58	236
58	277
58	297
58	299
58	320
58	332
58	346
58	363
58	373
58	380
58	393
58	400
58	421
58	495
59	108
59	183
59	204
59	230
59	240
59	266
59	281
59	328
59	334
59	355
59	366
59	368
59	435
59	437
59	474
60	79
60	92
60	102
60	155
60	206
60	213
60	215
60	229
60	246
60	296
60	389
60	404
60	406
60	411
60	469
61	70
61	111
61	155
61	206
61	213
61	215
61	229
61	296
61	315
61	336
61	355
61	371
61	404
61	411
61	417
62	21
62	27
62	202
62	307
62	319
62	335
62	345
62	351
62	397
62	402
62	416
62	431
62	479
62	481
62	483
63	39
63	105
63	174
63	216
63	225
63	266
63	273
63	283
63	292
63	380
63	403
63	406
63	440
63	443
63	471
63	492
64	70
64	162
64	170
64	185
64	227
64	279
64	284
64	291
64	294
64	359
64	373
64	391
64	403
64	425
64	442
64	482
65	97
65	172
65	219
65	227
65	248
65	249
65	254
65	317
65	329
65	337
65	345
65	372
65	390
65	430
65	445
65	496
66	68
66	82
66	178
66	260
66	276
66	285
66	318
66	324
66	374
66	379
66	386
66	389
66	421
66	427
66	447
66	484
67	11
67	49
67	167
67	171
67	214
67	294
67	321
67	339
67	379
67	386
67	400
67	403
67	409
67	470
67	482
67	494
68	31
68	33
68	66
68	88
68	118
68	150
68	199
68	239
68	314
68	359
68	369
68	415
68	448
68	457
68	466
68	500
69	46
69	71
69	135
69	161
69	164
69	196
69	202
69	307
69	320
69	344
69	391
69	398
69	439
69	446
69	472
69	500
70	61
70	64
70	79
70	89
70	102
70	111
70	121
70	155
70	193
70	206
70	207
70	218
70	296
70	323
70	370
70	411
71	69
71	72
71	106
71	195
71	210
71	236
71	249
71	277
71	320
71	343
71	346
71	353
71	425
71	430
71	442
71	446
72	22
72	25
72	35
72	71
72	89
72	117
72	256
72	265
72	307
72	345
72	378
72	379
72	397
72	434
72	462
72	489
73	123
73	135
73	154
73	187
73	208
73	212
73	221
73	224
73	308
73	398
73	484
73	491
74	28
74	105
74	117
74	166
74	177
74	232
74	251
74	264
74	269
74	315
74	375
74	407
74	429
74	431
74	482
74	500
75	20
75	32
75	113
75	142
75	145
75	162
75	226
75	238
75	260
75	286
75	330
75	394
75	422
75	426
75	452
75	465
76	105
76	112
76	173
76	176
76	218
76	258
76	277
76	302
76	323
76	353
76	377
76	380
76	439
76	446
76	475
76	488
77	51
77	95
77	181
77	182
77	236
77	243
77	272
77	308
77	347
77	376
77	395
77	396
77	406
77	443
77	448
77	497
78	25
78	118
78	149
78	172
78	182
78	248
78	284
78	288
78	298
78	313
78	325
78	403
78	415
78	419
78	449
78	472
79	60
79	70
79	104
79	105
79	111
79	193
79	201
79	213
79	215
79	296
79	347
79	361
79	400
79	411
79	415
79	466
80	105
80	107
80	160
80	290
80	304
80	318
80	326
80	374
80	386
80	388
80	408
80	427
80	441
80	458
80	473
80	494
81	6
81	36
81	144
81	217
81	225
81	240
81	275
81	300
81	312
81	332
81	342
81	409
81	420
81	463
81	464
81	479
82	11
82	66
82	276
82	297
82	319
82	324
82	394
82	421
82	422
82	424
82	427
82	458
82	473
82	478
82	479
82	494
83	115
83	172
83	243
83	255
83	266
83	273
83	289
83	292
83	337
83	410
83	420
83	421
83	440
83	453
83	470
83	485
84	9
84	226
84	254
84	281
84	293
84	306
84	310
84	335
84	342
84	352
84	382
84	392
84	404
84	413
84	433
84	487
85	30
85	93
85	100
85	104
85	132
85	148
85	159
85	195
85	241
85	259
85	321
85	377
85	387
85	412
85	424
85	470
86	16
86	46
86	51
86	116
86	201
86	239
86	318
86	333
86	371
86	375
86	407
86	438
86	443
86	449
86	456
86	476
87	5
87	23
87	124
87	151
87	200
87	211
87	301
87	305
87	340
87	341
87	360
87	382
87	401
87	457
87	464
87	490
88	8
88	26
88	31
88	37
88	68
88	96
88	150
88	183
88	239
88	278
88	314
88	369
88	448
88	474
88	497
88	500
89	70
89	72
89	130
89	193
89	227
89	231
89	252
89	257
89	262
89	271
89	326
89	348
89	354
89	376
89	385
89	460
90	7
90	9
90	15
90	92
90	105
90	115
90	128
90	174
90	235
90	247
90	308
90	316
90	350
90	417
90	443
90	449
91	38
91	219
91	242
91	251
91	268
91	274
91	297
91	312
91	315
91	337
91	338
91	365
91	413
91	441
91	465
91	483
92	18
92	60
92	90
92	93
92	100
92	142
92	183
92	198
92	201
92	210
92	247
92	278
92	335
92	350
92	417
92	443
93	85
93	92
93	148
93	195
93	202
93	258
93	259
93	282
93	360
93	370
93	387
93	412
93	417
93	421
93	456
93	470
94	37
94	137
94	158
94	191
94	230
94	231
94	280
94	281
94	341
94	391
94	392
94	434
94	444
94	445
94	450
94	494
95	77
95	107
95	152
95	181
95	252
95	329
95	344
95	355
95	363
95	390
95	395
95	396
95	398
95	414
95	466
95	468
96	55
96	88
96	102
96	120
96	161
96	221
96	232
96	263
96	328
96	334
96	383
96	435
96	437
96	470
96	474
96	480
97	65
97	177
97	185
97	219
97	247
97	248
97	278
97	313
97	335
97	348
97	355
97	356
97	404
97	417
97	466
97	487
98	53
98	55
98	136
98	215
98	228
98	263
98	266
98	314
98	321
98	328
98	355
98	383
98	435
98	437
98	447
98	451
98	481
99	36
99	129
99	158
99	186
99	190
99	205
99	210
99	235
99	249
99	279
99	301
99	309
99	321
99	418
99	429
99	478
99	486
100	15
100	18
100	44
100	85
100	92
100	124
100	138
100	171
100	219
100	247
100	278
100	316
100	350
100	417
100	442
100	444
100	483
101	28
101	114
101	153
101	186
101	192
101	216
101	249
101	279
101	285
101	309
101	328
101	385
101	418
101	429
101	467
101	478
101	486
102	60
102	70
102	96
102	111
102	132
102	193
102	206
102	213
102	229
102	296
102	307
102	381
102	411
102	443
102	461
102	464
102	474
103	22
103	162
103	190
103	207
103	227
103	236
103	268
103	285
103	292
103	294
103	297
103	308
103	340
103	363
103	371
103	447
103	490
104	15
104	79
104	85
104	200
104	259
104	260
104	292
104	316
104	321
104	327
104	341
104	382
104	406
104	417
104	470
104	490
104	498
105	63
105	74
105	76
105	79
105	80
105	90
105	185
105	207
105	213
105	238
105	275
105	296
105	316
105	336
105	375
105	417
105	483
106	71
106	116
106	222
106	240
106	263
106	274
106	282
106	298
106	304
106	338
106	383
106	425
106	430
106	446
106	465
106	473
106	490
107	17
107	41
107	80
107	95
107	109
107	169
107	185
107	253
107	308
107	316
107	395
107	398
107	421
107	428
107	443
107	465
107	468
108	22
108	59
108	232
108	239
108	284
108	290
108	316
108	345
108	347
108	379
108	389
108	414
108	415
108	434
108	467
108	489
108	499
109	21
109	26
109	107
109	195
109	197
109	234
109	275
109	300
109	308
109	317
109	396
109	412
109	444
109	451
109	452
109	480
109	495
110	2
110	174
110	191
110	244
110	249
110	280
110	286
110	287
110	290
110	335
110	392
110	397
110	404
110	408
110	433
110	445
110	487
111	8
111	61
111	70
111	79
111	102
111	119
111	155
111	180
111	193
111	213
111	215
111	229
111	246
111	270
111	296
111	443
111	468
112	36
112	50
112	76
112	131
112	176
112	213
112	218
112	225
112	302
112	339
112	364
112	368
112	377
112	379
112	383
112	475
112	488
113	13
113	75
113	131
113	142
113	145
113	165
113	201
113	286
113	330
113	338
113	362
113	368
113	420
113	426
113	452
113	473
113	483
114	17
114	101
114	186
114	189
114	205
114	235
114	245
114	249
114	251
114	279
114	334
114	418
114	426
114	429
114	478
114	482
114	486
115	83
115	90
115	138
115	166
115	247
115	345
115	348
115	352
115	357
115	390
115	401
115	402
115	405
115	415
115	416
115	420
115	499
116	32
116	86
116	106
116	139
116	245
116	274
116	337
116	338
116	367
116	401
116	413
116	433
116	443
116	471
116	473
116	479
116	495
117	72
117	74
117	125
117	136
117	178
117	263
117	264
117	329
117	396
117	407
117	423
117	431
117	432
117	436
117	469
117	482
117	485
118	68
118	78
118	169
118	181
118	205
118	224
118	261
118	265
118	287
118	348
118	366
118	411
118	415
118	432
118	446
118	468
118	499
119	2
119	24
119	39
119	111
119	124
119	200
119	211
119	233
119	261
119	269
119	305
119	319
119	327
119	341
119	358
119	360
119	388
120	48
120	96
120	130
120	140
120	177
120	252
120	257
120	272
120	326
120	354
120	368
120	376
120	385
120	420
120	441
120	457
120	460
121	25
121	49
121	70
121	146
121	187
121	207
121	212
121	219
121	250
121	288
121	351
121	352
121	372
121	390
121	411
121	451
121	499
122	234
122	240
122	276
122	297
122	331
122	374
122	407
122	408
122	421
122	427
122	429
122	447
122	454
122	458
122	473
122	477
122	484
123	58
123	73
123	143
123	154
123	171
123	175
123	208
123	221
123	224
123	302
123	332
123	352
123	356
123	440
123	447
123	462
123	491
124	4
124	87
124	100
124	119
124	200
124	217
124	224
124	301
124	305
124	317
124	319
124	327
124	358
124	365
124	401
124	476
124	495
125	22
125	27
125	117
125	130
125	141
125	170
125	264
125	295
125	313
125	375
125	408
125	423
125	424
125	431
125	432
125	446
125	469
126	132
126	140
126	147
126	165
126	166
126	209
126	223
126	250
126	268
126	291
126	304
126	310
126	322
126	378
126	399
126	429
126	484
127	54
127	182
127	190
127	202
127	209
127	294
127	307
127	309
127	319
127	333
127	366
127	371
127	377
127	384
127	405
127	421
127	483
128	15
128	18
128	27
128	40
128	90
128	183
128	210
128	226
128	271
128	278
128	279
128	295
128	316
128	350
128	374
128	382
128	417
128	443
129	25
129	99
129	148
129	292
129	295
129	299
129	311
129	324
129	325
129	347
129	362
129	388
129	389
129	412
129	443
129	453
129	456
129	458
130	89
130	120
130	125
130	146
130	177
130	252
130	257
130	262
130	264
130	267
130	279
130	326
130	354
130	376
130	385
130	452
130	460
130	461
131	6
131	33
131	46
131	112
131	113
131	160
131	180
131	189
131	249
131	319
131	345
131	351
131	356
131	366
131	438
131	445
131	486
131	487
132	23
132	85
132	102
132	126
132	138
132	149
132	187
132	211
132	212
132	241
132	258
132	259
132	290
132	308
132	383
132	401
132	456
132	470
133	38
133	145
133	149
133	218
133	330
133	332
133	342
133	354
133	364
133	365
133	367
133	413
133	452
133	455
133	463
133	475
133	478
133	488
134	44
134	198
134	204
134	235
134	256
134	258
134	275
134	328
134	352
134	365
134	366
134	371
134	418
134	427
134	461
134	473
134	478
134	494
135	21
135	49
135	69
135	73
135	163
135	193
135	200
135	206
135	212
135	215
135	229
135	270
135	282
135	321
135	325
135	355
135	387
135	456
136	98
136	117
136	204
136	223
136	240
136	263
136	317
136	328
136	334
136	338
136	355
136	370
136	373
136	383
136	394
136	435
136	474
136	481
137	9
137	10
137	94
137	180
137	244
137	269
137	287
137	306
137	330
137	335
137	339
137	349
137	411
137	424
137	433
137	445
137	450
137	487
138	100
138	115
138	132
138	141
138	195
138	220
138	235
138	241
138	258
138	259
138	283
138	324
138	383
138	387
138	393
138	401
138	412
138	456
139	16
139	29
139	56
139	116
139	198
139	245
139	265
139	274
139	315
139	324
139	327
139	330
139	339
139	386
139	413
139	441
139	465
139	482
140	52
140	120
140	126
140	147
140	196
140	209
140	230
140	250
140	280
140	291
140	310
140	322
140	340
140	377
140	399
140	410
140	467
140	492
141	125
141	138
141	144
141	148
141	159
141	195
141	200
141	215
141	233
141	256
141	261
141	265
141	296
141	314
141	319
141	338
141	411
141	470
142	13
142	21
142	75
142	92
142	113
142	145
142	201
142	224
142	275
142	286
142	311
142	330
142	332
142	349
142	362
142	426
142	435
142	452
143	7
143	123
143	152
143	153
143	236
143	246
143	302
143	324
143	343
143	349
143	436
143	464
143	472
143	492
143	499
144	6
144	81
144	141
144	146
144	203
144	216
144	225
144	234
144	239
144	253
144	268
144	335
144	342
144	420
144	455
144	463
144	484
144	488
145	13
145	75
145	113
145	133
145	142
145	166
145	171
145	201
145	281
145	286
145	295
145	299
145	330
145	364
145	394
145	426
145	452
145	460
146	43
146	121
146	130
146	144
146	205
146	253
146	268
146	275
146	285
146	312
146	336
146	369
146	374
146	384
146	403
146	410
146	420
146	455
147	27
147	126
147	140
147	165
147	166
147	179
147	181
147	183
147	209
147	291
147	310
147	313
147	326
147	337
147	344
147	371
147	399
147	492
148	85
148	93
148	129
148	141
148	167
148	169
148	180
148	258
148	259
148	272
148	282
148	357
148	380
148	387
148	412
148	435
148	470
148	483
149	23
149	78
149	132
149	133
149	158
149	187
149	195
149	241
149	247
149	259
149	282
149	292
149	361
149	372
149	412
149	456
149	470
149	493
150	26
150	47
150	68
150	88
150	239
150	285
150	314
150	318
150	336
150	369
150	373
150	380
150	417
150	431
150	448
150	457
150	492
150	500
151	5
151	87
151	233
151	238
151	260
151	301
151	305
151	327
151	340
151	341
151	352
151	360
151	372
151	382
151	425
151	446
151	458
151	461
152	54
152	95
152	143
152	153
152	246
152	253
152	299
152	300
152	343
152	349
152	402
152	436
152	464
152	500
153	7
153	46
153	101
153	143
153	152
153	210
153	246
153	324
153	343
153	349
153	358
153	386
153	436
153	463
153	464
154	73
154	123
154	162
154	199
154	205
154	208
154	221
154	224
154	252
154	253
154	275
154	332
154	356
154	395
154	447
154	461
154	491
154	499
155	20
155	50
155	60
155	61
155	70
155	111
155	193
155	205
155	206
155	213
155	229
155	296
155	310
155	361
155	376
155	411
155	434
155	438
156	32
156	157
156	184
156	201
156	231
156	254
156	262
156	276
156	323
156	330
156	345
156	382
156	421
156	426
156	445
156	470
156	489
156	494
157	156
157	160
157	195
157	203
157	218
157	298
157	324
157	368
157	374
157	386
157	393
157	408
157	421
157	427
157	430
157	458
157	484
157	494
158	48
158	94
158	99
158	149
158	238
158	282
158	287
158	348
158	388
158	400
158	412
158	434
158	444
158	450
158	451
158	456
158	471
158	480
159	30
159	57
159	85
159	141
159	184
159	205
159	207
159	233
159	238
159	261
159	305
159	308
159	341
159	358
159	361
159	409
159	449
159	495
160	40
160	80
160	131
160	157
160	243
160	276
160	289
160	291
160	324
160	331
160	374
160	392
160	408
160	427
160	440
160	447
160	473
160	484
161	56
161	69
161	96
161	196
161	240
161	244
161	263
161	311
161	330
161	334
161	383
161	411
161	435
161	437
161	445
161	474
161	481
161	490
162	40
162	64
162	75
162	103
162	154
162	181
162	227
162	236
162	277
162	308
162	346
162	350
162	368
162	391
162	400
162	430
162	442
162	492
163	56
163	135
163	166
163	179
163	184
163	208
163	237
163	245
163	253
163	257
163	334
163	337
163	358
163	399
163	441
163	445
163	455
163	468
164	10
164	69
164	182
164	188
164	220
164	228
164	255
164	256
164	269
164	299
164	318
164	331
164	363
164	379
164	414
164	435
164	453
164	454
164	485
165	1
165	27
165	113
165	126
165	147
165	166
165	209
165	223
165	226
165	230
165	283
165	287
165	327
165	363
165	371
165	399
165	452
165	459
165	488
166	1
166	33
166	74
166	115
166	126
166	145
166	147
166	163
166	165
166	179
166	196
166	210
166	223
166	230
166	304
166	310
166	312
166	387
166	442
167	30
167	67
167	148
167	173
167	200
167	259
167	285
167	297
167	302
167	307
167	313
167	331
167	344
167	348
167	358
167	455
167	479
167	488
167	495
168	41
168	169
168	222
168	243
168	272
168	338
168	359
168	381
168	390
168	396
168	398
168	403
168	412
168	418
168	428
168	446
168	461
168	484
168	498
169	49
169	51
169	107
169	118
169	148
169	168
169	222
169	332
169	343
169	347
169	382
169	388
169	396
169	398
169	428
169	444
169	468
169	471
169	493
170	44
170	57
170	64
170	125
170	185
170	227
170	259
170	277
170	294
170	295
170	320
170	342
170	363
170	391
170	393
170	415
170	425
170	470
170	484
171	67
171	100
171	123
171	145
171	179
171	194
171	204
171	208
171	221
171	224
171	263
171	278
171	342
171	417
171	437
171	447
171	457
171	459
171	472
172	50
172	65
172	78
172	83
172	212
172	219
172	248
172	252
172	288
172	307
172	325
172	329
172	343
172	372
172	385
172	390
172	427
172	449
172	481
173	5
173	50
173	76
173	167
173	176
173	210
173	218
173	269
173	302
173	334
173	339
173	364
173	379
173	393
173	471
173	475
173	479
173	488
173	497
174	42
174	63
174	90
174	110
174	216
174	240
174	266
174	278
174	279
174	283
174	292
174	322
174	380
174	394
174	402
174	406
174	424
174	440
174	490
175	123
175	185
175	218
175	236
175	245
175	266
175	267
175	268
175	273
175	290
175	305
175	363
175	380
175	396
175	403
175	436
175	440
175	455
175	497
176	31
176	50
176	76
176	112
176	173
176	180
176	197
176	218
176	251
176	302
176	339
176	342
176	359
176	364
176	374
176	379
176	400
176	475
176	489
177	40
177	48
177	74
177	97
177	120
177	130
177	243
177	252
177	257
177	262
177	268
177	271
177	326
177	354
177	385
177	433
177	460
177	496
177	497
178	28
178	42
178	52
178	66
178	117
178	188
178	214
178	217
178	251
178	273
178	290
178	338
178	431
178	432
178	437
178	438
178	447
178	475
178	480
179	12
179	51
179	147
179	163
179	166
179	171
179	196
179	282
179	291
179	304
179	321
179	353
179	374
179	377
179	384
179	399
179	401
179	409
179	474
180	111
180	131
180	137
180	148
180	176
180	218
180	250
180	258
180	319
180	339
180	344
180	348
180	387
180	429
180	439
180	446
180	468
180	475
180	485
181	8
181	41
181	77
181	95
181	118
181	147
181	162
181	272
181	274
181	390
181	395
181	396
181	428
181	446
181	455
181	461
181	468
181	471
181	498
182	77
182	78
182	127
182	164
182	193
182	215
182	224
182	308
182	347
182	351
182	361
182	405
182	407
182	411
182	416
182	446
182	452
182	472
182	496
183	44
183	59
183	88
183	92
183	128
183	147
183	241
183	263
183	294
183	321
183	341
183	349
183	350
183	417
183	436
183	447
183	464
183	474
183	496
184	10
184	47
184	53
184	156
184	159
184	163
184	214
184	220
184	242
184	255
184	298
184	299
184	339
184	388
184	409
184	454
184	477
184	485
184	498
185	64
185	97
185	105
185	107
185	170
185	175
185	210
185	218
185	261
185	277
185	296
185	326
185	346
185	353
185	363
185	368
185	393
185	442
185	491
186	17
186	18
186	99
186	101
186	114
186	189
186	210
186	235
186	279
186	309
186	339
186	346
186	418
186	422
186	429
186	459
186	476
186	478
186	486
187	73
187	121
187	132
187	149
187	188
187	191
187	195
187	240
187	251
187	252
187	260
187	325
187	366
187	431
187	444
187	449
187	461
187	470
187	479
188	164
188	178
188	187
188	217
188	251
188	252
188	261
188	266
188	290
188	295
188	311
188	361
188	407
188	424
188	431
188	432
188	459
188	472
188	500
189	29
189	114
189	131
189	186
189	193
189	249
189	279
189	303
189	309
189	324
189	361
189	379
189	384
189	418
189	429
189	469
189	470
189	478
189	486
190	46
190	54
190	99
190	103
190	127
190	202
190	225
190	246
190	249
190	254
190	307
190	319
190	351
190	364
190	371
190	402
190	405
190	422
190	483
191	9
191	30
191	94
191	110
191	187
191	224
191	231
191	254
191	280
191	286
191	306
191	321
191	335
191	392
191	433
191	440
191	459
191	479
191	494
192	101
192	220
192	276
192	291
192	304
192	305
192	309
192	322
192	338
192	364
192	377
192	384
192	391
192	398
192	429
192	435
192	475
192	486
192	488
193	16
193	70
193	79
193	89
193	102
193	111
193	135
193	155
193	182
193	189
193	206
193	213
193	265
193	289
193	296
193	371
193	387
193	411
193	424
194	50
194	171
194	246
194	288
194	299
194	302
194	304
194	329
194	339
194	343
194	352
194	364
194	408
194	432
194	435
194	436
194	449
194	450
194	464
194	488
195	42
195	71
195	85
195	93
195	109
195	138
195	141
195	149
195	157
195	187
195	241
195	250
195	258
195	282
195	347
195	349
195	387
195	397
195	439
195	456
196	1
196	22
196	27
196	32
196	69
196	140
196	161
196	166
196	179
196	199
196	209
196	265
196	291
196	293
196	304
196	310
196	348
196	371
196	399
196	484
197	4
197	35
197	109
197	176
197	265
197	303
197	311
197	346
197	347
197	389
197	397
197	414
197	434
197	462
197	466
197	467
197	483
197	486
197	489
197	493
198	19
198	43
198	57
198	92
198	134
198	139
198	206
198	332
198	342
198	373
198	418
198	423
198	424
198	447
198	465
198	469
198	478
198	481
198	485
198	486
199	68
199	154
199	196
199	208
199	209
199	221
199	224
199	254
199	267
199	284
199	304
199	310
199	361
199	367
199	419
199	444
199	451
199	455
199	458
199	480
200	2
200	3
200	87
200	104
200	119
200	124
200	135
200	141
200	167
200	211
200	242
200	327
200	341
200	355
200	370
200	394
200	400
200	448
200	462
200	495
201	32
201	79
201	86
201	92
201	113
201	142
201	145
201	156
201	252
201	284
201	286
201	330
201	333
201	394
201	397
201	419
201	426
201	439
201	452
201	480
202	23
202	54
202	62
202	69
202	93
202	127
202	190
202	275
202	297
202	314
202	322
202	324
202	335
202	366
202	384
202	392
202	405
202	416
202	479
202	490
203	3
203	40
203	43
203	144
203	157
203	223
203	225
203	235
203	237
203	253
203	275
203	283
203	289
203	312
203	336
203	374
203	410
203	419
203	449
203	455
204	8
204	55
204	59
204	134
204	136
204	171
204	240
204	328
204	334
204	361
204	377
204	383
204	407
204	417
204	437
204	468
204	477
204	481
204	489
204	492
205	4
205	99
205	114
205	118
205	146
205	154
205	155
205	159
205	208
205	221
205	224
205	230
205	235
205	268
205	288
205	318
205	399
205	418
205	442
205	449
206	60
206	61
206	70
206	102
206	135
206	155
206	193
206	198
206	213
206	228
206	229
206	263
206	269
206	296
206	410
206	411
206	443
206	482
206	496
206	498
207	48
207	57
207	70
207	103
207	105
207	121
207	159
207	227
207	236
207	267
207	320
207	346
207	353
207	373
207	386
207	388
207	391
207	403
207	425
207	430
208	73
208	123
208	154
208	163
208	171
208	199
208	205
208	221
208	222
208	224
208	309
208	320
208	332
208	339
208	356
208	419
208	439
208	447
208	488
208	491
209	30
209	126
209	127
209	140
209	147
209	165
209	196
209	199
209	215
209	223
209	246
209	288
209	291
209	304
209	321
209	337
209	386
209	399
209	446
209	459
210	71
210	92
210	99
210	128
210	153
210	166
210	173
210	185
210	186
210	235
210	238
210	247
210	267
210	279
210	350
210	365
210	378
210	444
210	451
210	480
211	5
211	18
211	30
211	87
211	119
211	132
211	200
211	233
211	238
211	272
211	277
211	297
211	301
211	327
211	334
211	358
211	452
211	463
211	492
211	495
212	20
212	28
212	73
212	121
212	132
212	135
212	172
212	219
212	224
212	241
212	248
212	260
212	329
212	355
212	372
212	416
212	443
212	449
212	472
212	498
213	60
213	61
213	79
213	102
213	105
213	111
213	112
213	155
213	193
213	206
213	215
213	229
213	248
213	296
213	366
213	375
213	384
213	399
213	427
213	495
214	19
214	28
214	34
214	52
214	67
214	178
214	184
214	260
214	277
214	313
214	331
214	350
214	375
214	390
214	407
214	418
214	431
214	438
214	469
214	472
215	60
215	61
215	79
215	98
215	111
215	135
215	141
215	182
215	209
215	213
215	229
215	248
215	296
215	322
215	327
215	398
215	411
215	443
215	457
215	479
216	6
216	39
216	42
216	63
216	101
216	144
216	174
216	217
216	218
216	243
216	256
216	266
216	273
216	283
216	292
216	344
216	380
216	406
216	425
216	440
217	24
217	81
217	124
217	178
217	188
217	216
217	264
217	290
217	331
217	342
217	353
217	382
217	415
217	423
217	424
217	431
217	432
217	438
217	456
217	482
218	50
218	70
218	76
218	112
218	133
218	157
218	173
218	175
218	176
218	180
218	185
218	216
218	293
218	302
218	339
218	349
218	364
218	367
218	475
218	488
219	25
219	27
219	65
219	91
219	97
219	100
219	121
219	172
219	212
219	255
219	321
219	325
219	329
219	352
219	394
219	401
219	432
219	449
219	460
219	499
220	38
220	50
220	138
220	164
220	184
220	192
220	230
220	242
220	255
220	256
220	299
220	325
220	329
220	334
220	347
220	388
220	403
220	453
220	485
220	498
221	42
221	73
221	96
221	123
221	154
221	171
221	199
221	205
221	208
221	224
221	228
221	260
221	270
221	289
221	332
221	356
221	400
221	447
221	450
221	491
222	1
222	25
222	41
222	51
222	106
222	168
222	169
222	208
222	243
222	300
222	308
222	311
222	379
222	398
222	424
222	427
222	428
222	439
222	468
222	471
223	1
223	27
223	33
223	56
223	126
223	136
223	165
223	166
223	203
223	209
223	226
223	233
223	310
223	365
223	371
223	394
223	399
223	401
223	460
223	474
224	73
224	118
224	123
224	124
224	142
224	154
224	171
224	182
224	191
224	199
224	205
224	208
224	212
224	221
224	236
224	273
224	332
224	356
224	447
224	491
225	63
225	81
225	112
225	144
225	190
225	203
225	227
225	234
225	250
225	253
225	261
225	267
225	268
225	300
225	312
225	336
225	400
225	410
225	420
225	490
226	7
226	39
226	52
226	75
226	84
226	128
226	165
226	223
226	239
226	283
226	293
226	315
226	340
226	380
226	381
226	406
226	413
226	441
226	446
226	455
227	48
227	64
227	65
227	89
227	103
227	162
227	170
227	207
227	225
227	353
227	356
227	363
227	373
227	377
227	400
227	403
227	425
227	440
227	447
227	456
228	19
228	53
228	98
228	164
228	206
228	221
228	242
228	255
228	256
228	282
228	297
228	356
228	362
228	366
228	402
228	409
228	422
228	453
228	485
228	498
229	23
229	60
229	61
229	102
229	111
229	135
229	155
229	206
229	213
229	215
229	263
229	273
229	294
229	331
229	339
229	411
229	423
229	443
229	454
229	499
230	19
230	32
230	59
230	94
230	140
230	165
230	166
230	205
230	220
230	263
230	298
230	305
230	308
230	366
230	384
230	388
230	439
230	457
230	470
230	492
231	14
231	89
231	94
231	156
231	191
231	280
231	281
231	294
231	306
231	335
231	342
231	353
231	362
231	371
231	404
231	415
231	433
231	445
231	477
231	487
232	30
232	35
232	74
232	96
232	108
232	248
232	265
232	284
232	343
232	348
232	357
232	362
232	389
232	404
232	415
232	461
232	466
232	467
232	489
232	493
233	2
233	5
233	45
233	119
233	141
233	151
233	159
233	211
233	223
233	238
233	261
233	301
233	341
233	361
233	366
233	423
233	425
233	463
233	472
233	495
233	496
234	4
234	36
234	109
234	122
234	144
234	225
234	236
234	253
234	289
234	300
234	312
234	336
234	360
234	377
234	404
234	409
234	410
234	452
234	455
234	463
234	500
235	19
235	90
235	99
235	114
235	134
235	138
235	186
235	203
235	205
235	210
235	249
235	279
235	303
235	309
235	348
235	389
235	418
235	420
235	421
235	429
235	478
236	58
236	71
236	77
236	103
236	143
236	162
236	175
236	207
236	224
236	234
236	284
236	294
236	311
236	346
236	363
236	391
236	403
236	433
236	442
236	499
236	500
237	24
237	36
237	54
237	163
237	203
237	252
237	268
237	271
237	275
237	285
237	290
237	297
237	300
237	312
237	336
237	407
237	410
237	414
237	442
237	444
237	471
238	2
238	17
238	30
238	75
238	105
238	151
238	158
238	159
238	210
238	211
238	233
238	261
238	305
238	348
238	358
238	360
238	361
238	375
238	381
238	382
238	456
239	26
239	47
239	68
239	86
239	88
239	108
239	144
239	150
239	226
239	292
239	293
239	306
239	314
239	354
239	369
239	401
239	409
239	429
239	448
239	457
239	500
240	28
240	59
240	81
240	106
240	122
240	136
240	161
240	174
240	187
240	204
240	325
240	328
240	334
240	351
240	353
240	355
240	383
240	435
240	437
240	474
240	481
241	85
241	132
241	138
241	149
241	183
241	195
241	212
241	258
241	259
241	282
241	350
241	367
241	386
241	396
241	401
241	412
241	428
241	450
241	456
241	470
241	476
242	91
242	184
242	200
242	220
242	228
242	255
242	256
242	298
242	299
242	306
242	323
242	377
242	389
242	392
242	405
242	422
242	454
242	478
242	485
242	497
242	498
243	17
243	77
243	83
243	160
243	168
243	177
243	216
243	222
243	272
243	301
243	317
243	319
243	369
243	381
243	394
243	395
243	396
243	398
243	428
243	469
243	475
244	37
244	110
244	137
244	161
244	254
244	271
244	280
244	281
244	304
244	314
244	345
244	346
244	359
244	392
244	404
244	433
244	450
244	451
244	476
244	477
244	487
245	38
245	56
245	114
245	116
245	139
245	163
245	175
245	274
245	276
245	312
245	333
245	338
245	365
245	368
245	388
245	413
245	427
245	439
245	441
245	478
245	479
246	7
246	60
246	111
246	143
246	152
246	153
246	190
246	194
246	209
246	248
246	297
246	343
246	349
246	368
246	391
246	409
246	419
246	436
246	451
246	464
246	477
247	18
247	40
247	90
247	92
247	97
247	100
247	115
247	149
247	210
247	259
247	278
247	285
247	296
247	316
247	339
247	343
247	350
247	417
247	443
247	467
247	486
248	25
248	49
248	65
248	78
248	97
248	172
248	212
248	213
248	215
248	232
248	246
248	329
248	345
248	352
248	372
248	382
248	394
248	395
248	399
248	449
248	466
249	65
249	71
249	99
249	101
249	110
249	114
249	131
249	189
249	190
249	235
249	279
249	309
249	356
249	384
249	418
249	429
249	456
249	459
249	475
249	478
249	486
250	36
250	121
250	126
250	140
250	180
250	195
250	225
250	270
250	275
250	282
250	286
250	288
250	343
250	349
250	384
250	387
250	410
250	436
250	462
250	464
250	470
251	27
251	74
251	91
251	114
251	176
251	178
251	187
251	188
251	260
251	269
251	276
251	331
251	357
251	381
251	418
251	423
251	424
251	444
251	469
251	482
251	494
252	48
252	89
252	95
252	120
252	130
252	154
252	172
252	177
252	187
252	188
252	201
252	237
252	257
252	262
252	326
252	351
252	354
252	376
252	385
252	458
252	460
253	2
253	7
253	43
253	107
253	144
253	146
253	152
253	154
253	163
253	203
253	225
253	234
253	268
253	300
253	312
253	325
253	373
253	410
253	455
253	463
253	472
254	37
254	48
254	65
254	84
254	156
254	190
254	191
254	199
254	244
254	281
254	287
254	298
254	306
254	322
254	342
254	392
254	404
254	422
254	427
254	431
254	459
255	53
255	83
255	164
255	184
255	219
255	220
255	228
255	242
255	270
255	316
255	329
255	336
255	349
255	356
255	379
255	418
255	453
255	476
255	485
255	488
255	498
256	53
256	72
256	134
256	141
256	164
256	216
256	220
256	228
256	242
256	257
256	298
256	299
256	318
256	326
256	366
256	402
256	409
256	454
256	459
256	464
256	485
257	25
257	89
257	120
257	130
257	163
257	177
257	252
257	256
257	262
257	265
257	271
257	300
257	326
257	354
257	369
257	370
257	376
257	385
257	452
257	460
257	487
258	7
258	76
258	93
258	132
258	134
258	138
258	148
258	180
258	195
258	241
258	272
258	276
258	311
258	321
258	340
258	387
258	412
258	441
258	445
258	449
258	456
259	85
259	93
259	104
259	132
259	138
259	148
259	149
259	167
259	170
259	241
259	247
259	282
259	290
259	349
259	389
259	396
259	412
259	426
259	456
259	470
259	483
260	24
260	66
260	75
260	104
260	151
260	187
260	212
260	214
260	221
260	251
260	295
260	308
260	357
260	375
260	423
260	431
260	432
260	438
260	480
260	481
260	482
261	2
261	5
261	38
261	118
261	119
261	141
261	159
261	185
261	188
261	225
261	233
261	238
261	313
261	318
261	327
261	329
261	341
261	358
261	382
261	427
261	466
262	89
262	130
262	156
262	177
262	252
262	257
262	280
262	284
262	295
262	315
262	326
262	339
262	351
262	354
262	362
262	376
262	385
262	422
262	448
262	460
262	496
263	15
263	96
263	98
263	106
263	117
263	136
263	161
263	171
263	183
263	206
263	229
263	230
263	320
263	322
263	328
263	351
263	383
263	428
263	437
263	473
263	474
264	21
264	24
264	52
264	74
264	117
264	125
264	130
264	217
264	266
264	289
264	295
264	303
264	323
264	331
264	341
264	407
264	416
264	423
264	465
264	482
264	483
265	72
265	118
265	139
265	141
265	193
265	196
265	197
265	232
265	257
265	284
265	303
265	317
265	378
265	397
265	400
265	434
265	462
265	466
265	467
265	475
265	497
266	39
266	44
266	59
266	63
266	83
266	98
266	174
266	175
266	188
266	216
266	264
266	273
266	283
266	292
266	310
266	330
266	374
266	380
266	406
266	440
266	478
267	130
267	175
267	199
267	207
267	210
267	225
267	296
267	305
267	313
267	321
267	342
267	354
267	359
267	367
267	370
267	437
267	444
267	451
267	480
267	483
267	496
268	91
268	103
268	126
268	144
268	146
268	175
268	177
268	205
268	225
268	237
268	253
268	275
268	289
268	291
268	336
268	410
268	426
268	448
268	455
268	463
268	465
269	6
269	9
269	74
269	119
269	137
269	164
269	173
269	206
269	251
269	295
269	300
269	302
269	345
269	364
269	403
269	407
269	439
269	442
269	450
269	466
269	488
270	18
270	29
270	56
270	111
270	135
270	221
270	250
270	255
270	315
270	323
270	325
270	333
270	337
270	338
270	365
270	413
270	417
270	441
270	465
270	471
270	485
271	89
271	128
271	177
271	237
271	244
271	257
271	286
271	289
271	330
271	336
271	400
271	423
271	426
271	445
271	452
271	458
271	460
271	463
271	465
271	469
271	471
272	51
272	77
272	120
272	148
272	168
272	181
272	211
272	243
272	258
272	311
272	322
272	344
272	347
272	364
272	381
272	394
272	395
272	428
272	432
272	446
272	477
273	42
273	44
273	63
273	83
273	175
273	178
273	216
273	224
273	229
273	266
273	283
273	292
273	301
273	344
273	360
273	361
273	380
273	406
273	440
273	471
273	480
274	16
274	38
274	91
274	106
274	116
274	139
274	181
274	245
274	332
274	337
274	340
274	365
274	368
274	378
274	391
274	423
274	426
274	434
274	444
274	457
274	465
275	55
275	81
275	105
275	109
275	134
275	142
275	146
275	154
275	202
275	203
275	237
275	250
275	268
275	300
275	310
275	344
275	410
275	420
275	463
275	467
275	470
276	66
276	82
276	122
276	156
276	160
276	192
276	245
276	251
276	258
276	293
276	324
276	338
276	355
276	373
276	378
276	386
276	408
276	427
276	458
276	476
276	484
277	22
277	58
277	71
277	76
277	162
277	170
277	185
277	211
277	214
277	278
277	320
277	341
277	378
277	379
277	391
277	393
277	400
277	403
277	410
277	430
277	442
278	15
278	88
278	92
278	97
278	100
278	128
278	171
278	174
278	247
278	277
278	280
278	304
278	316
278	323
278	350
278	373
278	390
278	417
278	421
278	432
278	483
279	52
279	64
279	99
279	101
279	114
279	128
279	130
279	174
279	186
279	189
279	210
279	235
279	249
279	285
279	295
279	309
279	328
279	384
279	429
279	478
279	486
280	37
280	94
280	110
280	140
280	191
280	231
280	244
280	262
280	278
280	281
280	306
280	335
280	382
280	404
280	423
280	433
280	442
280	450
280	455
280	480
280	487
281	59
281	84
281	94
281	145
281	231
281	244
281	254
281	280
281	287
281	306
281	336
281	382
281	392
281	404
281	433
281	438
281	446
281	450
281	461
281	487
281	500
282	93
282	106
282	135
282	148
282	149
282	158
282	179
282	195
282	228
282	241
282	250
282	259
282	305
282	321
282	344
282	387
282	398
282	412
282	416
282	440
282	470
282	497
283	39
283	42
283	44
283	57
283	63
283	138
283	165
283	174
283	203
283	216
283	226
283	266
283	273
283	292
283	296
283	361
283	372
283	376
283	380
283	440
283	457
283	490
284	38
284	64
284	78
284	108
284	199
284	201
284	232
284	236
284	262
284	265
284	293
284	342
284	345
284	348
284	378
284	397
284	414
284	415
284	466
284	489
284	493
284	497
285	11
285	57
285	66
285	101
285	103
285	146
285	150
285	167
285	237
285	247
285	279
285	289
285	307
285	317
285	324
285	353
285	386
285	393
285	397
285	455
285	484
285	490
286	13
286	19
286	32
286	75
286	110
286	113
286	142
286	145
286	191
286	201
286	250
286	271
286	330
286	334
286	362
286	394
286	402
286	426
286	452
286	462
286	484
286	490
287	110
287	118
287	137
287	158
287	165
287	254
287	281
287	297
287	306
287	333
287	335
287	351
287	377
287	386
287	404
287	414
287	433
287	445
287	450
287	459
287	483
287	487
288	20
288	22
288	78
288	121
288	172
288	194
288	205
288	209
288	250
288	293
288	316
288	317
288	325
288	329
288	352
288	372
288	394
288	404
288	416
288	465
288	475
288	499
289	36
289	41
289	83
289	160
289	193
289	203
289	221
289	234
289	264
289	268
289	271
289	285
289	310
289	312
289	336
289	342
289	375
289	405
289	409
289	410
289	420
289	463
290	80
290	108
290	110
290	132
290	175
290	178
290	188
290	217
290	237
290	259
290	309
290	312
290	318
290	387
290	395
290	428
290	434
290	455
290	456
290	469
290	470
290	482
291	1
291	33
291	64
291	126
291	140
291	147
291	160
291	179
291	192
291	196
291	209
291	268
291	303
291	304
291	318
291	359
291	381
291	399
291	401
291	445
291	492
291	494
292	34
292	37
292	44
292	63
292	83
292	103
292	104
292	129
292	149
292	174
292	216
292	239
292	266
292	273
292	283
292	363
292	365
292	402
292	406
292	440
292	471
292	491
293	56
293	84
293	196
293	218
293	226
293	239
293	276
293	284
293	288
293	301
293	314
293	316
293	338
293	356
293	365
293	387
293	408
293	421
293	448
293	457
293	484
293	497
294	11
294	64
294	67
294	103
294	127
294	170
294	183
294	229
294	231
294	236
294	318
294	328
294	331
294	346
294	363
294	373
294	391
294	400
294	403
294	425
294	430
294	480
295	125
295	128
295	129
295	145
295	170
295	188
295	260
295	262
295	264
295	269
295	279
295	331
295	333
295	363
295	375
295	407
295	410
295	423
295	438
295	469
295	472
295	482
296	21
296	60
296	61
296	70
296	79
296	102
296	105
296	111
296	141
296	155
296	185
296	193
296	206
296	213
296	215
296	247
296	267
296	283
296	364
296	365
296	379
296	492
297	10
297	58
297	82
297	91
297	103
297	122
297	167
297	202
297	211
297	228
297	237
297	246
297	287
297	307
297	319
297	347
297	375
297	403
297	425
297	435
297	458
297	494
298	10
298	78
298	106
298	157
298	184
298	230
298	242
298	254
298	256
298	299
298	328
298	331
298	350
298	353
298	356
298	401
298	453
298	454
298	461
298	485
298	497
298	498
299	10
299	41
299	58
299	129
299	145
299	152
299	164
299	184
299	194
299	220
299	242
299	256
299	298
299	347
299	359
299	364
299	395
299	422
299	453
299	454
299	497
299	498
300	11
300	19
300	36
300	81
300	109
300	152
300	222
300	225
300	234
300	237
300	253
300	257
300	269
300	275
300	312
300	314
300	377
300	380
300	420
300	455
300	463
300	489
301	5
301	17
301	19
301	30
301	87
301	99
301	124
301	151
301	211
301	233
301	243
301	273
301	293
301	310
301	314
301	317
301	327
301	370
301	381
301	382
301	403
301	430
302	5
302	54
302	76
302	112
302	123
302	143
302	167
302	173
302	176
302	194
302	218
302	269
302	316
302	339
302	364
302	390
302	430
302	434
302	439
302	473
302	475
302	488
303	35
303	189
303	197
303	235
303	264
303	265
303	291
303	343
303	345
303	348
303	385
303	389
303	397
303	415
303	422
303	434
303	466
303	467
303	473
303	474
303	489
303	493
304	33
304	80
304	106
304	126
304	166
304	179
304	192
304	194
304	196
304	199
304	209
304	244
304	278
304	291
304	310
304	321
304	335
304	380
304	381
304	416
304	436
304	479
305	4
305	10
305	52
305	87
305	119
305	124
305	151
305	159
305	175
305	192
305	230
305	238
305	267
305	282
305	317
305	341
305	360
305	370
305	460
305	463
305	481
305	495
306	9
306	22
306	29
306	84
306	137
306	191
306	231
306	239
306	242
306	254
306	280
306	281
306	287
306	367
306	370
306	377
306	404
306	434
306	445
306	450
306	453
306	476
307	21
307	62
307	69
307	72
307	102
307	127
307	167
307	172
307	190
307	285
307	297
307	319
307	347
307	351
307	366
307	372
307	384
307	389
307	405
307	411
307	419
307	487
308	41
308	73
308	77
308	90
308	103
308	107
308	109
308	132
308	159
308	162
308	182
308	222
308	230
308	260
308	335
308	344
308	371
308	381
308	395
308	396
308	398
308	468
309	35
309	40
309	42
309	99
309	101
309	127
309	186
309	189
309	192
309	208
309	235
309	249
309	279
309	290
309	322
309	345
309	347
309	418
309	429
309	469
309	478
309	486
310	21
310	27
310	33
310	84
310	126
310	140
310	147
310	155
310	166
310	196
310	199
310	223
310	266
310	275
310	289
310	301
310	304
310	377
310	384
310	398
310	459
310	478
311	21
311	41
311	45
311	129
311	142
311	161
311	188
311	197
311	222
311	236
311	258
311	272
311	355
311	383
311	398
311	412
311	420
311	429
311	470
311	474
311	475
311	476
312	3
312	36
312	81
312	91
312	146
312	166
312	203
312	225
312	234
312	237
312	245
312	253
312	289
312	290
312	300
312	347
312	390
312	410
312	420
312	445
312	456
312	463
313	78
313	97
313	125
313	147
313	167
313	214
313	261
313	267
313	367
313	378
313	423
313	444
313	451
313	480
314	47
314	49
314	68
314	88
314	98
314	141
314	150
314	202
314	239
314	244
314	293
314	300
314	301
314	359
314	369
314	384
314	409
314	448
314	457
314	477
314	490
314	500
315	6
315	38
315	61
315	74
315	91
315	139
315	226
315	262
315	270
315	323
315	333
315	337
315	365
315	381
315	413
315	441
315	447
315	454
315	465
315	471
315	486
315	492
316	15
316	17
316	28
316	90
316	100
316	104
316	105
316	107
316	108
316	128
316	247
316	255
316	278
316	288
316	293
316	302
316	350
316	390
316	417
316	428
316	430
316	443
317	65
317	109
317	124
317	136
317	243
317	265
317	285
317	288
317	301
317	305
317	325
317	331
317	361
317	395
317	398
317	412
317	449
317	450
317	467
317	478
317	487
317	495
318	22
318	66
318	80
318	86
318	150
318	164
318	205
318	256
318	261
318	290
318	291
318	294
318	327
318	341
318	360
318	378
318	397
318	413
318	449
318	462
318	476
318	485
319	46
319	54
319	62
319	82
319	119
319	124
319	127
319	131
319	141
319	180
319	190
319	243
319	297
319	307
319	322
319	351
319	371
319	395
319	405
319	416
319	483
319	494
320	33
320	58
320	69
320	71
320	170
320	207
320	208
320	263
320	277
320	340
320	346
320	349
320	353
320	373
320	376
320	393
320	397
320	403
320	430
320	442
320	475
320	482
321	67
321	85
321	98
321	99
321	104
321	135
321	179
321	183
321	191
321	209
321	219
321	258
321	267
321	282
321	304
321	384
321	412
321	439
321	444
321	451
321	480
321	489
322	46
322	55
322	126
322	140
322	174
322	192
322	202
322	215
322	254
322	263
322	272
322	309
322	319
322	346
322	377
322	378
322	405
322	432
322	435
322	437
322	443
322	474
323	3
323	12
323	14
323	15
323	34
323	45
323	54
323	56
323	70
323	76
323	156
323	242
323	264
323	270
323	278
323	315
323	333
323	370
323	451
323	453
323	454
323	485
324	38
324	66
324	82
324	129
324	138
324	139
324	143
324	153
324	157
324	160
324	189
324	202
324	276
324	285
324	386
324	392
324	421
324	427
324	458
324	473
324	494
324	495
325	20
325	78
325	129
325	135
325	172
325	187
325	219
325	220
325	240
325	253
325	270
325	288
325	317
325	329
325	333
325	372
325	378
325	419
325	447
325	449
325	451
325	462
326	17
326	30
326	48
326	80
326	89
326	120
326	130
326	147
326	177
326	185
326	252
326	256
326	257
326	262
326	354
326	362
326	376
326	383
326	385
326	391
326	460
326	475
327	5
327	57
327	104
327	119
327	124
327	139
327	151
327	165
327	200
327	211
327	215
327	261
327	301
327	318
327	335
327	341
327	354
327	366
327	372
327	381
327	382
327	454
328	23
328	55
328	59
328	96
328	98
328	101
328	134
328	136
328	204
328	240
328	263
328	279
328	294
328	298
328	356
328	377
328	383
328	429
328	435
328	474
328	481
328	492
329	65
329	95
329	117
329	172
329	194
329	212
329	219
329	220
329	248
329	255
329	261
329	288
329	325
329	344
329	352
329	355
329	359
329	366
329	372
329	410
329	449
329	456
329	499
330	16
330	31
330	32
330	75
330	113
330	133
330	137
330	139
330	142
330	145
330	156
330	161
330	201
330	266
330	271
330	286
330	339
330	393
330	394
330	411
330	426
330	439
330	452
331	24
331	56
331	122
331	160
331	164
331	167
331	214
331	217
331	229
331	251
331	264
331	294
331	295
331	298
331	317
331	357
331	375
331	423
331	424
331	432
331	438
331	454
331	482
332	8
332	24
332	58
332	81
332	123
332	133
332	142
332	154
332	169
332	198
332	208
332	221
332	224
332	274
332	333
332	334
332	355
332	361
332	363
332	371
332	412
332	413
332	447
333	12
333	56
333	86
333	127
333	201
333	245
333	270
333	287
333	295
333	315
333	323
333	325
333	332
333	337
333	338
333	365
333	368
333	413
333	416
333	417
333	430
333	441
333	448
334	8
334	55
334	59
334	96
334	114
334	136
334	161
334	163
334	173
334	204
334	211
334	220
334	240
334	286
334	332
334	355
334	378
334	383
334	385
334	399
334	411
334	437
334	481
335	62
335	84
335	92
335	97
335	110
335	137
335	144
335	191
335	202
335	231
335	280
335	287
335	304
335	308
335	327
335	370
335	392
335	416
335	422
335	425
335	433
335	445
335	459
336	16
336	36
336	61
336	105
336	146
336	150
336	203
336	225
336	234
336	237
336	255
336	268
336	271
336	281
336	289
336	340
336	354
336	377
336	410
336	420
336	433
336	455
336	456
337	16
337	35
337	38
337	65
337	83
337	91
337	116
337	147
337	163
337	209
337	270
337	274
337	315
337	333
337	338
337	357
337	368
337	372
337	416
337	439
337	465
337	478
337	484
338	57
338	91
338	106
338	113
338	116
338	136
338	141
338	168
338	178
338	192
338	245
338	270
338	276
338	293
338	333
338	337
338	365
338	381
338	385
338	386
338	441
338	465
338	479
339	50
339	67
339	112
339	137
339	139
339	173
339	176
339	180
339	184
339	186
339	194
339	208
339	218
339	229
339	247
339	262
339	302
339	330
339	364
339	379
339	475
339	488
339	495
340	10
340	24
340	33
340	46
340	87
340	103
340	140
340	151
340	226
340	258
340	274
340	320
340	336
340	346
340	357
340	373
340	381
340	387
340	399
340	430
340	432
340	437
340	482
341	4
341	87
341	94
341	104
341	119
341	151
341	159
341	183
341	200
341	233
341	261
341	264
341	277
341	305
341	318
341	327
341	358
341	360
341	364
341	389
341	397
341	422
341	493
342	9
342	81
342	84
342	133
342	144
342	170
342	171
342	176
342	198
342	217
342	231
342	254
342	267
342	284
342	289
342	367
342	407
342	410
342	438
342	444
342	451
342	463
342	480
343	7
343	52
343	71
343	143
343	152
343	153
343	169
343	172
343	194
343	232
343	246
343	247
343	250
343	303
343	349
343	352
343	361
343	368
343	384
343	436
343	464
343	465
343	477
344	15
344	17
344	29
344	43
344	69
344	95
344	147
344	167
344	180
344	216
344	272
344	273
344	275
344	282
344	308
344	329
344	345
344	394
344	396
344	398
344	428
344	446
344	462
345	62
345	65
345	72
345	108
345	115
345	131
345	156
345	244
345	248
345	269
345	284
345	303
345	309
345	344
345	348
345	378
345	389
345	397
345	407
345	415
345	462
345	466
345	493
346	15
346	41
346	55
346	58
346	71
346	162
346	185
346	186
346	197
346	207
346	236
346	244
346	294
346	320
346	322
346	340
346	358
346	373
346	393
346	425
346	430
346	442
346	447
347	46
347	77
347	79
347	108
347	129
347	169
347	182
347	195
347	197
347	220
347	272
347	297
347	299
347	307
347	309
347	312
347	351
347	422
347	436
347	454
347	468
347	498
347	499
348	89
348	97
348	115
348	118
348	158
348	167
348	180
348	196
348	232
348	235
348	238
348	284
348	303
348	345
348	389
348	408
348	434
348	438
348	462
348	467
348	489
348	493
348	497
349	7
349	137
349	142
349	143
349	152
349	153
349	183
349	195
349	218
349	246
349	250
349	255
349	259
349	320
349	343
349	361
349	368
349	409
349	419
349	436
349	450
349	464
349	477
350	15
350	17
350	40
350	90
350	92
350	100
350	128
350	162
350	183
350	210
350	214
350	241
350	247
350	278
350	298
350	316
350	352
350	360
350	387
350	417
350	439
350	477
350	483
351	10
351	31
351	46
351	54
351	62
351	121
351	131
351	182
351	190
351	240
351	252
351	262
351	263
351	287
351	307
351	319
351	347
351	371
351	384
351	405
351	415
351	416
351	461
352	25
352	33
352	35
352	84
352	115
352	121
352	123
352	134
352	151
352	194
352	219
352	248
352	288
352	329
352	343
352	350
352	359
352	366
352	372
352	416
352	425
352	449
352	494
353	71
353	76
353	179
353	185
353	207
353	217
353	227
353	231
353	240
353	285
353	298
353	320
353	356
353	362
353	363
353	383
353	391
353	393
353	400
353	403
353	430
353	440
353	492
354	48
354	89
354	120
354	130
354	133
354	177
354	239
354	252
354	257
354	262
354	267
354	326
354	327
354	336
354	362
354	376
354	385
354	409
354	422
354	444
354	448
354	460
354	500
355	6
355	23
355	59
355	61
355	95
355	97
355	98
355	135
355	136
355	200
355	212
355	240
355	276
355	311
355	329
355	332
355	334
355	383
355	388
355	435
355	437
355	452
355	481
356	97
356	123
356	131
356	154
356	208
356	221
356	224
356	227
356	228
356	249
356	255
356	293
356	298
356	328
356	353
356	363
356	391
356	413
356	421
356	443
356	471
356	476
356	479
357	11
357	14
357	22
357	24
357	28
357	52
357	115
357	148
357	232
357	251
357	260
357	331
357	337
357	340
357	375
357	407
357	424
357	431
357	435
357	438
357	460
357	469
357	491
358	19
358	24
358	30
358	44
358	119
358	124
358	153
358	159
358	163
358	167
358	211
358	238
358	261
358	341
358	346
358	360
358	361
358	370
358	394
358	440
358	469
358	490
358	495
359	34
359	64
359	68
359	168
359	176
359	244
359	267
359	291
359	299
359	314
359	329
359	352
359	367
359	394
359	444
359	448
359	451
359	457
359	480
359	488
359	498
359	499
359	500
360	4
360	17
360	30
360	33
360	87
360	93
360	119
360	151
360	234
360	238
360	273
360	305
360	318
360	341
360	350
360	358
360	382
360	386
360	393
360	395
360	412
360	493
360	495
361	12
361	79
361	149
361	155
361	159
361	182
361	188
361	189
361	199
361	204
361	233
361	238
361	273
361	283
361	317
361	332
361	343
361	349
361	358
361	411
361	436
361	464
361	471
362	57
362	113
362	129
362	142
362	228
362	231
362	232
362	262
362	286
362	326
362	353
362	354
362	368
362	380
362	385
362	386
362	398
362	406
362	408
362	433
362	452
362	460
362	494
363	28
363	48
363	58
363	95
363	103
363	164
363	165
363	170
363	175
363	185
363	227
363	236
363	292
363	294
363	295
363	332
363	353
363	356
363	373
363	393
363	400
363	403
363	480
364	1
364	50
364	112
364	133
364	145
364	173
364	176
364	190
364	192
364	194
364	218
364	269
364	272
364	296
364	299
364	302
364	339
364	341
364	408
364	422
364	439
364	475
364	488
365	16
365	31
365	38
365	91
365	124
365	133
365	134
365	210
365	223
365	245
365	270
365	274
365	292
365	293
365	296
365	315
365	333
365	338
365	416
365	441
365	444
365	453
365	471
366	13
366	23
366	40
366	59
366	118
366	127
366	131
366	134
366	187
366	202
366	213
366	228
366	230
366	233
366	256
366	307
366	327
366	329
366	352
366	375
366	405
366	426
366	485
367	55
367	116
367	133
367	199
367	218
367	241
367	267
367	306
367	313
367	342
367	359
367	369
367	370
367	396
367	444
367	449
367	451
367	465
367	480
367	483
367	496
368	2
368	59
368	112
368	113
368	120
368	157
368	162
368	185
368	245
368	246
368	274
368	333
368	337
368	343
368	349
368	362
368	391
368	399
368	436
368	442
368	464
368	465
368	491
369	18
369	25
369	26
369	31
369	47
369	56
369	68
369	88
369	146
369	150
369	239
369	243
369	257
369	314
369	367
369	401
369	409
369	434
369	448
369	457
369	472
369	492
369	500
370	9
370	70
370	93
370	136
370	200
370	257
370	267
370	301
370	305
370	306
370	323
370	335
370	358
370	367
370	373
370	406
370	444
370	450
370	451
370	464
370	480
370	495
370	497
371	61
371	86
371	103
371	127
371	134
371	147
371	165
371	190
371	193
371	196
371	223
371	231
371	308
371	319
371	332
371	351
371	376
371	396
371	405
371	418
371	446
371	468
371	491
372	25
372	49
372	65
372	121
372	149
372	151
372	172
372	212
372	248
372	283
372	288
372	307
372	325
372	327
372	329
372	337
372	352
372	379
372	399
372	419
372	425
372	489
372	496
373	29
373	58
373	64
373	136
373	150
373	198
373	207
373	227
373	253
373	276
373	278
373	294
373	320
373	340
373	346
373	363
373	370
373	400
373	414
373	425
373	430
373	442
373	490
374	11
374	14
374	38
374	43
374	66
374	80
374	122
374	128
374	146
374	157
374	160
374	176
374	179
374	203
374	266
374	408
374	421
374	427
374	447
374	458
374	473
374	484
374	494
375	28
375	74
375	86
375	105
375	125
375	213
375	214
375	238
375	260
375	289
375	295
375	297
375	331
375	357
375	366
375	376
375	403
375	406
375	423
375	424
375	431
375	432
375	469
375	499
376	40
376	48
376	77
376	89
376	120
376	130
376	155
376	252
376	257
376	262
376	283
376	320
376	326
376	354
376	371
376	375
376	385
376	393
376	422
376	428
376	442
376	458
376	460
376	496
377	17
377	76
377	85
377	112
377	127
377	140
377	179
377	192
377	204
377	227
377	234
377	242
377	287
377	300
377	306
377	310
377	322
377	328
377	336
377	455
377	468
377	475
377	479
377	488
378	35
378	72
378	126
378	210
378	265
378	274
378	276
378	277
378	284
378	313
378	318
378	322
378	325
378	334
378	345
378	389
378	397
378	414
378	419
378	434
378	462
378	466
378	467
378	475
379	4
379	66
379	67
379	72
379	108
379	112
379	164
379	173
379	176
379	189
379	222
379	255
379	277
379	296
379	339
379	372
379	387
379	405
379	453
379	454
379	466
379	467
379	493
379	498
380	6
380	37
380	39
380	42
380	44
380	53
380	58
380	63
380	76
380	148
380	150
380	174
380	175
380	216
380	226
380	266
380	273
380	283
380	300
380	304
380	362
380	392
380	406
380	440
381	2
381	102
381	168
381	226
381	238
381	243
381	251
381	272
381	291
381	301
381	304
381	308
381	315
381	327
381	338
381	340
381	395
381	403
381	413
381	438
381	440
381	441
381	459
381	465
382	2
382	4
382	21
382	30
382	57
382	84
382	87
382	104
382	128
382	151
382	156
382	169
382	217
382	238
382	248
382	261
382	280
382	281
382	301
382	327
382	360
382	402
382	492
382	495
383	1
383	96
383	98
383	106
383	112
383	132
383	136
383	138
383	161
383	204
383	240
383	263
383	311
383	326
383	328
383	334
383	353
383	355
383	390
383	404
383	435
383	450
383	474
383	481
384	14
384	49
384	127
384	146
384	179
384	189
384	192
384	202
384	213
384	230
384	249
384	250
384	279
384	307
384	310
384	314
384	321
384	343
384	351
384	403
384	405
384	414
384	429
384	478
385	16
385	24
385	48
385	89
385	101
385	120
385	130
385	172
385	177
385	252
385	257
385	262
385	303
385	326
385	334
385	338
385	354
385	362
385	376
385	422
385	442
385	454
385	460
385	496
386	11
386	66
386	67
386	80
386	139
386	153
386	157
386	207
386	209
386	241
386	276
386	285
386	287
386	324
386	338
386	360
386	362
386	388
386	393
386	421
386	427
386	458
386	484
386	494
387	23
387	85
387	93
387	135
387	138
387	148
387	166
387	180
387	193
387	195
387	250
387	258
387	282
387	290
387	293
387	340
387	350
387	379
387	401
387	412
387	437
387	443
387	456
387	481
388	41
388	47
388	80
388	119
388	129
388	158
388	169
388	184
388	207
388	220
388	230
388	245
388	355
388	386
388	394
388	395
388	401
388	445
388	467
388	468
388	473
388	484
388	497
388	498
389	34
389	60
389	66
389	108
389	129
389	197
389	232
389	235
389	242
389	259
389	303
389	307
389	341
389	345
389	348
389	378
389	414
389	434
389	460
389	461
389	462
389	467
389	489
389	497
390	18
390	65
390	95
390	115
390	121
390	168
390	172
390	181
390	214
390	278
390	302
390	312
390	316
390	383
390	399
390	402
390	417
390	433
390	445
390	446
390	464
390	466
390	485
390	499
391	4
391	45
391	64
391	69
391	94
391	162
391	170
391	192
391	207
391	236
391	246
391	274
391	277
391	294
391	326
391	353
391	356
391	368
391	400
391	422
391	430
391	442
391	489
391	491
392	31
392	37
392	55
392	84
392	94
392	110
392	160
392	191
392	202
392	242
392	244
392	254
392	281
392	324
392	335
392	380
392	433
392	445
392	447
392	450
392	453
392	476
392	487
392	497
393	22
393	31
393	58
393	138
393	157
393	170
393	173
393	185
393	277
393	285
393	320
393	330
393	346
393	353
393	360
393	363
393	376
393	386
393	400
393	412
393	437
393	442
393	460
393	491
394	12
394	51
394	75
394	82
394	136
394	145
394	174
394	200
394	201
394	219
394	223
394	243
394	248
394	272
394	286
394	288
394	330
394	344
394	358
394	359
394	388
394	409
394	467
394	493
395	77
395	95
395	107
395	154
395	181
395	243
395	248
395	272
395	290
395	299
395	308
395	317
395	319
395	360
395	381
395	388
395	397
395	398
395	420
395	428
395	446
395	468
395	487
395	493
396	13
396	41
396	49
396	51
396	77
396	95
396	109
396	117
396	168
396	169
396	175
396	181
396	241
396	243
396	259
396	308
396	344
396	367
396	371
396	428
396	441
396	455
396	468
396	471
397	54
397	55
397	62
397	72
397	110
397	195
397	197
397	201
397	265
397	284
397	285
397	303
397	318
397	320
397	341
397	345
397	378
397	395
397	414
397	415
397	419
397	461
397	466
397	489
398	46
398	69
398	73
398	95
398	107
398	168
398	169
398	192
398	215
398	222
398	243
398	282
398	308
398	310
398	311
398	317
398	344
398	362
398	395
398	424
398	437
398	465
398	468
398	476
399	33
399	126
399	140
399	147
399	163
399	165
399	179
399	196
399	205
399	209
399	213
399	223
399	248
399	291
399	334
399	340
399	368
399	372
399	390
399	401
399	425
399	451
399	458
399	459
400	58
400	67
400	79
400	158
400	162
400	176
400	200
400	221
400	225
400	227
400	265
400	271
400	277
400	294
400	353
400	363
400	373
400	391
400	393
400	425
400	430
400	466
400	469
400	490
401	87
401	115
401	116
401	124
401	132
401	138
401	179
401	219
401	223
401	239
401	241
401	291
401	298
401	369
401	387
401	388
401	399
401	456
401	457
401	474
401	479
401	492
401	494
401	500
402	21
402	35
402	44
402	54
402	62
402	115
402	152
402	174
402	190
402	228
402	256
402	286
402	292
402	382
402	390
402	406
402	419
402	434
402	440
402	452
402	466
402	473
402	483
402	496
403	63
403	64
403	67
403	78
403	146
403	168
403	175
403	207
403	220
403	227
403	236
403	269
403	277
403	294
403	297
403	301
403	320
403	353
403	363
403	375
403	381
403	384
403	430
403	442
404	9
404	11
404	20
404	60
404	61
404	84
404	97
404	110
404	231
404	232
404	234
404	244
404	254
404	280
404	281
404	287
404	288
404	306
404	383
404	433
404	437
404	445
404	463
404	487
405	46
405	54
405	115
405	127
405	182
405	190
405	202
405	242
405	289
405	307
405	319
405	322
405	351
405	366
405	371
405	379
405	384
405	424
405	439
405	454
405	465
405	469
405	479
405	488
406	41
406	42
406	44
406	60
406	63
406	77
406	104
406	174
406	216
406	226
406	266
406	273
406	292
406	362
406	370
406	375
406	380
406	402
406	421
406	437
406	440
406	471
406	491
406	500
407	19
407	28
407	36
407	52
407	74
407	86
407	117
407	122
407	182
407	188
407	204
407	214
407	237
407	264
407	269
407	295
407	342
407	345
407	357
407	417
407	424
407	438
407	471
407	488
408	11
408	44
408	57
408	80
408	110
408	122
408	125
408	157
408	160
408	194
408	276
408	293
408	348
408	362
408	364
408	374
408	410
408	427
408	436
408	458
408	471
408	473
408	484
408	494
409	53
409	67
409	81
409	159
409	179
409	184
409	228
409	234
409	239
409	246
409	256
409	289
409	314
409	349
409	354
409	369
409	394
409	413
409	436
409	448
409	457
409	464
409	473
409	498
410	3
410	22
410	83
410	140
410	146
410	203
410	206
410	225
410	234
410	237
410	250
410	253
410	268
410	275
410	277
410	289
410	295
410	312
410	329
410	336
410	342
410	408
410	420
410	449
411	23
411	60
411	61
411	70
411	79
411	102
411	118
411	121
411	137
411	141
411	155
411	161
411	182
411	193
411	206
411	215
411	229
411	307
411	330
411	334
411	361
411	441
411	447
411	496
412	47
412	85
412	93
412	109
412	129
412	138
412	148
412	149
412	158
412	168
412	241
412	258
412	259
412	282
412	311
412	317
412	321
412	332
412	360
412	387
412	393
412	470
412	487
412	489
413	8
413	84
413	91
413	116
413	133
413	139
413	226
413	245
413	270
413	315
413	318
413	332
413	333
413	356
413	381
413	409
413	425
413	441
413	448
413	453
413	465
413	479
413	487
413	498
414	35
414	95
414	108
414	164
414	197
414	237
414	284
414	287
414	373
414	378
414	384
414	389
414	397
414	434
414	438
414	446
414	452
414	462
414	466
414	467
414	485
414	489
414	493
414	497
415	20
415	22
415	23
415	68
415	78
415	79
415	108
415	115
415	118
415	170
415	217
415	231
415	232
415	284
415	303
415	345
415	351
415	397
415	434
415	461
415	466
415	467
415	489
415	493
416	53
416	62
416	115
416	182
416	202
416	212
416	264
416	282
416	288
416	304
416	319
416	333
416	335
416	337
416	351
416	352
416	365
416	426
416	459
416	465
416	471
416	472
416	487
416	490
417	18
417	61
417	90
417	92
417	93
417	97
417	100
417	104
417	105
417	128
417	150
417	171
417	183
417	204
417	247
417	270
417	278
417	316
417	333
417	350
417	390
417	407
417	431
417	463
418	29
418	99
418	101
418	114
418	134
418	168
418	186
418	189
418	198
418	205
418	214
418	235
418	249
418	251
418	255
418	309
418	371
418	428
418	429
418	441
418	443
418	472
418	486
418	493
419	13
419	32
419	49
419	78
419	199
419	201
419	203
419	208
419	246
419	307
419	325
419	349
419	372
419	378
419	397
419	402
419	426
419	452
419	466
419	468
419	491
419	492
419	493
419	499
420	6
420	39
420	40
420	52
420	81
420	83
420	113
420	115
420	120
420	144
420	146
420	225
420	235
420	275
420	289
420	300
420	311
420	312
420	336
420	395
420	410
420	455
420	463
420	468
421	58
421	66
421	82
421	83
421	93
421	107
421	122
421	127
421	156
421	157
421	235
421	278
421	293
421	324
421	356
421	374
421	386
421	406
421	427
421	432
421	458
421	473
421	484
421	494
422	13
422	42
422	48
422	53
422	75
422	82
422	186
422	190
422	228
422	242
422	254
422	262
422	299
422	303
422	335
422	341
422	347
422	354
422	364
422	376
422	385
422	391
422	445
422	487
423	24
423	30
423	117
423	125
423	198
423	217
423	229
423	233
423	251
423	260
423	264
423	271
423	274
423	280
423	295
423	313
423	331
423	375
423	432
423	438
423	441
423	456
423	469
423	500
424	17
424	28
424	52
424	82
424	85
424	125
424	137
424	174
424	188
424	193
424	198
424	217
424	222
424	251
424	331
424	357
424	375
424	398
424	405
424	407
424	431
424	438
424	481
424	482
425	12
425	31
425	64
425	71
425	106
425	151
425	170
425	207
425	216
425	227
425	233
425	294
425	297
425	335
425	346
425	352
425	372
425	373
425	399
425	400
425	413
425	442
425	453
425	491
426	13
426	19
426	32
426	75
426	113
426	114
426	142
426	145
426	156
426	201
426	259
426	268
426	271
426	274
426	286
426	330
426	366
426	416
426	419
426	432
426	439
426	448
426	452
426	490
427	66
427	80
427	82
427	122
427	134
427	157
427	160
427	172
427	213
427	222
427	245
427	254
427	261
427	276
427	324
427	374
427	386
427	408
427	421
427	436
427	453
427	473
427	484
427	495
428	29
428	45
428	55
428	107
428	168
428	169
428	181
428	222
428	241
428	243
428	263
428	272
428	290
428	316
428	344
428	376
428	395
428	396
428	418
428	439
428	446
428	450
428	468
428	476
429	40
429	49
429	74
429	99
429	101
429	114
429	122
429	126
429	180
429	186
429	189
429	192
429	235
429	239
429	249
429	279
429	309
429	311
429	328
429	384
429	418
429	454
429	478
429	483
429	486
430	19
430	26
430	65
430	71
430	106
430	157
430	162
430	207
430	277
430	294
430	301
430	302
430	316
430	320
430	333
430	340
430	346
430	353
430	373
430	391
430	400
430	403
430	442
430	458
430	480
431	29
431	53
431	62
431	74
431	117
431	125
431	150
431	178
431	187
431	188
431	214
431	217
431	254
431	260
431	357
431	375
431	417
431	424
431	432
431	450
431	454
431	469
431	477
431	482
431	491
432	31
432	37
432	117
432	118
432	125
432	178
432	188
432	194
432	217
432	219
432	260
432	272
432	278
432	322
432	331
432	340
432	375
432	421
432	423
432	426
432	431
432	438
432	469
432	482
432	491
433	26
433	84
433	110
433	116
433	137
433	177
433	191
433	231
433	236
433	244
433	280
433	281
433	287
433	335
433	336
433	362
433	390
433	392
433	404
433	435
433	445
433	450
433	458
433	476
433	496
434	9
434	56
434	72
434	94
434	108
434	155
434	158
434	197
434	265
434	274
434	290
434	302
434	303
434	306
434	348
434	369
434	378
434	389
434	402
434	414
434	415
434	462
434	467
434	489
434	493
435	8
435	26
435	59
435	96
435	98
435	136
435	142
435	148
435	161
435	164
435	192
435	194
435	240
435	297
435	322
435	328
435	355
435	357
435	383
435	433
435	437
435	474
435	480
435	481
435	490
436	7
436	9
436	24
436	25
436	117
436	143
436	152
436	153
436	175
436	183
436	194
436	246
436	250
436	304
436	343
436	347
436	349
436	361
436	368
436	408
436	409
436	427
436	448
436	464
436	477
437	36
437	37
437	55
437	59
437	96
437	98
437	161
437	171
437	178
437	204
437	240
437	263
437	267
437	322
437	334
437	340
437	355
437	387
437	393
437	398
437	404
437	406
437	435
437	474
437	481
438	21
438	52
438	86
438	131
438	155
438	178
438	214
438	217
438	260
438	281
438	295
438	331
438	342
438	348
438	357
438	381
438	407
438	414
438	423
438	424
438	432
438	439
438	456
438	470
438	472
439	13
439	32
439	69
439	76
439	180
439	195
439	201
439	208
439	222
439	230
439	245
439	269
439	302
439	321
439	330
439	337
439	350
439	364
439	405
439	426
439	428
439	438
439	446
439	469
439	475
440	39
440	42
440	63
440	83
440	123
440	160
440	174
440	175
440	191
440	216
440	227
440	266
440	273
440	282
440	283
440	292
440	353
440	358
440	380
440	381
440	402
440	406
440	459
440	462
440	490
441	16
441	57
441	80
441	91
441	120
441	139
441	163
441	226
441	245
441	258
441	270
441	315
441	333
441	338
441	365
441	381
441	396
441	411
441	413
441	418
441	423
441	442
441	457
441	465
441	498
442	64
442	71
442	100
442	162
442	166
442	185
442	205
442	236
442	237
442	269
442	277
442	280
442	320
442	346
442	368
442	373
442	376
442	385
442	391
442	393
442	403
442	425
442	430
442	441
442	496
443	16
443	20
443	63
443	77
443	86
443	90
443	92
443	102
443	107
443	111
443	116
443	128
443	129
443	206
443	212
443	215
443	229
443	247
443	316
443	322
443	356
443	387
443	418
443	449
443	499
444	94
444	100
444	109
444	158
444	169
444	187
444	199
444	210
444	237
444	251
444	267
444	274
444	313
444	321
444	342
444	354
444	359
444	365
444	367
444	370
444	451
444	480
444	483
444	496
444	499
445	65
445	94
445	110
445	131
445	137
445	156
445	161
445	163
445	231
445	258
445	271
445	287
445	291
445	306
445	312
445	335
445	388
445	390
445	392
445	404
445	422
445	433
445	450
445	487
445	499
446	29
446	69
446	71
446	76
446	106
446	118
446	125
446	151
446	168
446	180
446	181
446	182
446	209
446	226
446	272
446	281
446	344
446	371
446	390
446	395
446	414
446	428
446	439
446	460
446	471
447	66
447	98
447	103
447	122
447	123
447	154
447	160
447	171
447	178
447	183
447	198
447	208
447	221
447	224
447	227
447	315
447	325
447	332
447	346
447	374
447	392
447	411
447	448
447	473
447	481
448	26
448	47
448	68
448	77
448	88
448	150
448	200
448	239
448	262
448	268
448	293
448	314
448	333
448	354
448	359
448	369
448	409
448	413
448	426
448	436
448	447
448	457
448	492
448	497
448	500
449	49
449	78
449	86
449	90
449	159
449	172
449	187
449	194
449	203
449	205
449	212
449	219
449	248
449	258
449	317
449	318
449	325
449	329
449	352
449	367
449	410
449	443
449	484
449	496
449	499
450	37
450	57
450	94
450	137
450	158
450	194
450	221
450	241
450	244
450	269
450	280
450	281
450	287
450	306
450	317
450	349
450	370
450	383
450	392
450	428
450	431
450	433
450	445
450	476
450	482
451	42
451	98
451	109
451	121
451	158
451	199
451	210
451	244
451	246
451	267
451	313
451	321
451	323
451	325
451	342
451	359
451	367
451	370
451	399
451	444
451	458
451	480
451	483
451	490
451	496
452	13
452	21
452	32
452	75
452	109
452	113
452	130
452	133
452	142
452	145
452	165
452	182
452	201
452	211
452	234
452	257
452	271
452	286
452	330
452	355
452	362
452	402
452	414
452	419
452	426
453	3
453	10
453	53
453	83
453	129
453	164
453	220
453	228
453	255
453	298
453	299
453	306
453	323
453	365
453	379
453	392
453	413
453	425
453	427
453	454
453	461
453	476
453	479
453	493
453	498
454	10
454	53
454	122
454	164
454	184
454	229
454	242
454	256
454	298
454	299
454	315
454	323
454	327
454	331
454	347
454	379
454	385
454	405
454	429
454	431
454	453
454	461
454	463
454	476
454	485
455	5
455	57
455	133
455	144
455	146
455	163
455	167
455	175
455	181
455	199
455	203
455	226
455	234
455	253
455	268
455	280
455	285
455	290
455	300
455	336
455	377
455	396
455	420
455	463
455	467
456	86
456	93
456	129
456	132
456	135
456	138
456	149
456	158
456	195
456	217
456	227
456	238
456	241
456	249
456	258
456	259
456	290
456	312
456	329
456	336
456	387
456	401
456	423
456	438
456	470
457	26
457	47
457	68
457	87
457	120
457	150
457	171
457	215
457	230
457	239
457	274
457	283
457	293
457	314
457	359
457	369
457	401
457	409
457	441
457	448
457	477
457	487
457	489
457	497
457	500
458	11
458	80
458	82
458	122
458	129
458	151
458	157
458	199
458	252
458	271
458	276
458	297
458	324
458	374
458	376
458	386
458	399
458	408
458	421
458	430
458	433
458	451
458	473
458	477
458	494
459	3
459	14
459	16
459	34
459	37
459	45
459	47
459	165
459	171
459	186
459	188
459	191
459	209
459	249
459	254
459	256
459	287
459	310
459	335
459	381
459	399
459	416
459	440
459	477
459	498
460	43
460	48
460	89
460	120
460	130
460	145
460	177
460	219
460	223
460	252
460	257
460	262
460	271
460	305
460	326
460	354
460	357
460	362
460	376
460	385
460	389
460	393
460	446
460	486
460	496
461	2
461	5
461	34
461	39
461	102
461	130
461	134
461	151
461	154
461	168
461	181
461	187
461	232
461	281
461	298
461	351
461	389
461	397
461	415
461	453
461	454
461	462
461	492
461	495
461	498
462	4
462	35
462	72
462	123
462	197
462	200
462	250
462	265
462	286
462	318
462	325
462	344
462	345
462	348
462	378
462	389
462	414
462	434
462	440
462	461
462	466
462	474
462	489
462	491
462	493
463	36
463	40
463	81
463	133
463	144
463	153
463	211
463	233
463	234
463	253
463	268
463	271
463	275
463	289
463	300
463	305
463	312
463	342
463	404
463	417
463	420
463	454
463	455
463	464
463	472
464	7
464	81
464	87
464	102
464	143
464	152
464	153
464	183
464	194
464	246
464	250
464	256
464	343
464	349
464	361
464	368
464	370
464	390
464	409
464	436
464	463
464	477
464	486
464	488
464	494
465	56
465	75
465	91
465	106
465	107
465	139
465	198
465	264
465	268
465	270
465	271
465	274
465	288
465	315
465	337
465	338
465	343
465	367
465	368
465	381
465	398
465	405
465	413
465	416
465	441
466	68
466	79
466	95
466	97
466	197
466	232
466	248
466	261
466	265
466	269
466	284
466	303
466	345
466	378
466	379
466	390
466	397
466	400
466	402
466	414
466	415
466	419
466	462
466	486
466	493
467	35
467	51
467	101
467	108
467	140
467	197
467	232
467	247
467	265
467	275
467	303
467	317
467	348
467	378
467	379
467	388
467	389
467	394
467	414
467	415
467	434
467	455
467	476
467	489
467	493
468	2
468	28
468	45
468	95
468	107
468	111
468	118
468	163
468	169
468	180
468	181
468	204
468	222
468	308
468	347
468	371
468	377
468	388
468	395
468	396
468	398
468	419
468	420
468	428
468	481
469	31
469	52
469	60
469	117
469	125
469	189
469	198
469	214
469	243
469	251
469	271
469	290
469	295
469	309
469	357
469	358
469	375
469	400
469	405
469	423
469	431
469	432
469	439
469	482
469	491
470	67
470	83
470	85
470	93
470	96
470	104
470	132
470	141
470	148
470	149
470	156
470	170
470	187
470	189
470	230
470	241
470	250
470	259
470	275
470	282
470	290
470	311
470	412
470	438
470	456
471	6
471	63
471	116
471	158
471	169
471	173
471	181
471	222
471	237
471	270
471	271
471	273
471	292
471	315
471	356
471	361
471	365
471	396
471	406
471	407
471	408
471	416
471	446
471	478
471	481
472	3
472	12
472	14
472	20
472	24
472	34
472	45
472	69
472	78
472	143
472	171
472	182
472	188
472	212
472	214
472	233
472	253
472	295
472	369
472	416
472	418
472	438
472	463
472	495
472	499
473	11
473	34
473	80
473	82
473	106
473	113
473	116
473	122
473	134
473	160
473	263
473	302
473	303
473	324
473	374
473	388
473	402
473	408
473	409
473	421
473	427
473	447
473	458
473	476
473	484
474	8
474	18
474	23
474	59
474	88
474	96
474	102
474	136
474	161
474	179
474	183
474	223
474	240
474	263
474	303
474	311
474	322
474	328
474	383
474	401
474	435
474	437
474	462
474	476
474	498
475	11
475	50
475	76
475	112
475	133
475	173
475	176
475	178
475	180
475	192
475	218
475	243
475	249
475	265
475	288
475	302
475	311
475	320
475	326
475	339
475	364
475	377
475	378
475	439
475	488
476	23
476	43
476	48
476	57
476	86
476	124
476	186
476	241
476	244
476	255
476	276
476	306
476	311
476	318
476	356
476	392
476	398
476	428
476	433
476	450
476	453
476	454
476	467
476	473
476	474
477	12
477	14
477	26
477	34
477	43
477	45
477	47
477	122
477	184
477	204
477	231
477	244
477	246
477	272
477	314
477	343
477	349
477	350
477	431
477	436
477	457
477	458
477	459
477	464
477	500
478	29
478	82
478	99
478	101
478	114
478	133
478	134
478	186
478	189
478	198
478	235
478	242
478	245
478	249
478	266
478	279
478	309
478	310
478	317
478	337
478	384
478	429
478	471
478	486
478	497
479	1
479	27
479	38
479	50
479	54
479	62
479	81
479	82
479	116
479	167
479	173
479	187
479	191
479	202
479	215
479	245
479	304
479	338
479	356
479	377
479	401
479	405
479	413
479	453
479	482
480	96
480	109
480	158
480	178
480	199
480	201
480	210
480	260
480	267
480	273
480	280
480	294
480	313
480	321
480	342
480	359
480	363
480	367
480	370
480	430
480	435
480	444
480	451
480	483
480	496
481	6
481	8
481	55
481	62
481	98
481	136
481	161
481	172
481	198
481	204
481	240
481	260
481	305
481	328
481	334
481	355
481	383
481	387
481	424
481	435
481	437
481	447
481	468
481	471
481	492
482	31
482	43
482	64
482	67
482	74
482	114
482	117
482	139
482	206
482	217
482	251
482	260
482	264
482	290
482	295
482	320
482	331
482	340
482	424
482	431
482	432
482	450
482	469
482	479
482	487
483	18
483	62
483	91
483	100
483	105
483	113
483	127
483	148
483	190
483	197
483	259
483	264
483	267
483	278
483	287
483	319
483	350
483	367
483	402
483	429
483	444
483	451
483	480
483	485
483	491
484	66
484	73
484	122
484	126
484	144
484	157
484	160
484	168
484	170
484	196
484	276
484	285
484	286
484	293
484	337
484	374
484	386
484	388
484	408
484	421
484	427
484	449
484	473
484	486
484	494
485	10
485	29
485	39
485	53
485	83
485	117
485	164
485	180
485	184
485	198
485	220
485	228
485	242
485	255
485	256
485	270
485	298
485	318
485	323
485	366
485	390
485	414
485	454
485	483
485	491
486	5
486	40
486	43
486	99
486	101
486	114
486	131
486	186
486	189
486	192
486	197
486	198
486	247
486	249
486	279
486	309
486	315
486	418
486	429
486	460
486	464
486	466
486	478
486	484
486	490
487	37
487	54
487	84
487	97
487	110
487	131
487	137
487	231
487	244
487	257
487	280
487	281
487	287
487	307
487	317
487	392
487	395
487	404
487	412
487	413
487	416
487	422
487	445
487	457
487	482
488	13
488	32
488	50
488	76
488	112
488	133
488	144
488	165
488	167
488	173
488	192
488	194
488	208
488	218
488	255
488	269
488	302
488	339
488	359
488	364
488	377
488	405
488	407
488	464
488	475
489	51
489	72
489	108
489	156
489	176
489	197
489	204
489	232
489	284
489	300
489	303
489	321
489	348
489	372
489	389
489	391
489	397
489	412
489	414
489	415
489	434
489	457
489	462
489	467
489	493
490	8
490	31
490	87
490	103
490	104
490	106
490	161
490	174
490	202
490	225
490	283
490	285
490	286
490	314
490	358
490	373
490	400
490	416
490	426
490	435
490	440
490	451
490	486
490	491
490	492
491	42
491	44
491	73
491	123
491	154
491	185
491	208
491	221
491	224
491	292
491	357
491	368
491	371
491	391
491	393
491	406
491	419
491	425
491	431
491	432
491	462
491	469
491	483
491	485
491	490
492	55
492	63
492	140
492	143
492	147
492	150
492	162
492	204
492	211
492	230
492	291
492	296
492	315
492	328
492	353
492	369
492	382
492	401
492	419
492	448
492	461
492	481
492	490
492	495
492	500
493	1
493	37
493	149
493	169
493	197
493	232
493	284
493	303
493	341
493	345
493	348
493	360
493	379
493	394
493	395
493	414
493	415
493	418
493	419
493	434
493	453
493	462
493	466
493	467
493	489
494	51
494	56
494	67
494	80
494	82
494	94
494	134
494	156
494	157
494	191
494	251
494	291
494	297
494	319
494	324
494	352
494	362
494	374
494	386
494	401
494	408
494	421
494	458
494	464
494	484
495	4
495	40
495	58
495	109
495	116
495	124
495	159
495	167
495	200
495	211
495	213
495	233
495	305
495	317
495	324
495	339
495	358
495	360
495	370
495	382
495	427
495	461
495	472
495	492
495	497
496	15
496	29
496	49
496	65
496	177
496	182
496	183
496	206
496	233
496	262
496	267
496	367
496	372
496	376
496	385
496	402
496	411
496	433
496	442
496	444
496	449
496	451
496	460
496	480
496	499
497	36
497	77
497	88
497	173
497	175
497	177
497	242
497	265
497	282
497	284
497	293
497	298
497	299
497	348
497	370
497	388
497	389
497	392
497	414
497	448
497	457
497	478
497	495
497	498
497	500
498	10
498	104
498	168
498	181
498	184
498	206
498	212
498	220
498	228
498	242
498	255
498	298
498	299
498	347
498	359
498	379
498	388
498	409
498	413
498	441
498	453
498	459
498	461
498	474
498	497
499	19
499	20
499	49
499	108
499	115
499	118
499	121
499	143
499	154
499	219
499	229
499	236
499	288
499	329
499	347
499	359
499	375
499	390
499	419
499	443
499	444
499	445
499	449
499	472
499	496
500	26
500	47
500	68
500	69
500	74
500	88
500	150
500	152
500	188
500	234
500	236
500	239
500	281
500	314
500	354
500	359
500	369
500	401
500	406
500	423
500	448
500	457
500	477
500	492
500	497
