0	1	44.2796	9	
0	2	61.4596	13	
0	3	79.7605	18	
0	4	49.6554	13	
0	5	31.9547	8	
0	6	62.6993	13	
0	7	72.0604	15	
0	8	42.0596	10	
0	9	69.3495	15	
0	10	111.552	25	
0	11	62.3366	13	
0	12	47.2298	10	
0	13	55.6927	14	
0	14	94.3778	20	
0	15	60.5424	12	
0	16	90.2651	19	
0	17	115.232	24	
0	18	84.8707	19	
0	19	83.9067	17	
0	20	86.0257	18	
0	21	43.8163	9	
0	22	65.0973	13	
0	23	66.6507	15	
1	3	37.0007	8	
1	4	5.96212	1	
1	5	28.2746	7	
1	6	24.6248	5	
1	7	25.4185	5	
1	8	20.1979	5	
1	9	5.87575	1	
1	10	19.4744	4	
1	11	27.389	6	
1	12	23.0285	6	
1	13	50.5813	10	
1	14	1.94243	1	
1	15	7.91469	2	
1	16	19.8934	4	
1	17	13.1116	3	
1	18	19.9988	5	
1	19	6.81939	1	
1	20	23.066	5	
1	21	4.31098	1	
1	22	17.8602	4	
1	23	13.3959	4	
2	3	19.7562	4	
2	5	6.07479	1	
2	6	4.90373	1	
2	7	22.8649	5	
2	8	4.73767	1	
2	9	31.4716	6	
2	10	12.4087	3	
2	11	22.4899	5	
2	12	2.80709	1	
2	13	11.6824	3	
2	15	3.16324	1	
2	16	12.9427	3	
2	17	5.25699	1	
2	18	32.3787	6	
2	19	5.07589	1	
2	20	20.9671	5	
2	21	26.0099	6	
2	22	5.67715	1	
2	23	9.01884	2	
3	4	40.2087	8	
3	5	42.9863	9	
3	6	44.7987	10	
3	7	8.68746	2	
3	8	3.11074	1	
3	9	6.46709	1	
3	11	8.37955	2	
3	12	33.0203	8	
3	13	30.0705	6	
3	14	35.2397	7	
3	15	4.97337	1	
3	16	29.1357	6	
3	17	26.6484	6	
3	18	11.4368	3	
3	19	30.2893	7	
3	20	22.9086	4	
3	22	11.4123	2	
3	23	38.7774	9	
4	5	34.7953	7	
4	6	8.25911	2	
4	7	4.93038	1	
4	8	12.8384	3	
4	10	4.09092	1	
4	12	8.86155	2	
4	14	4.49655	1	
4	15	4.86719	1	
4	16	24.5414	5	
4	17	35.172	7	
4	19	25.321	5	
4	21	3.87371	1	
4	22	14.3504	3	
4	23	24.6043	6	
5	6	35.4854	8	
5	7	12.8107	3	
5	8	13.389	3	
5	9	14.3316	3	
5	10	29.9438	7	
5	11	34.0221	7	
5	12	33.914	8	
5	13	23.0702	5	
5	14	4.72888	1	
5	15	54.9506	11	
5	16	18.9229	3	
5	17	5.20435	1	
5	18	19.7202	4	
5	19	38.5489	8	
5	20	58.3786	12	
5	21	22.4616	5	
5	22	10.9068	2	
5	23	17.2828	3	
6	7	20.7983	4	
6	8	2.92907	1	
6	9	50.6311	10	
6	10	15.16	3	
6	11	23.4438	5	
6	12	14.5436	3	
6	13	21.1722	5	
6	14	16.867	4	
6	15	27.0471	6	
6	16	17.8047	3	
6	17	9.14435	2	
6	18	10.5919	3	
6	19	54.443	11	
6	20	23.7144	5	
6	21	32.1978	7	
6	22	52.4928	12	
6	23	49.9906	10	
7	8	5.14987	1	
7	9	29.2574	6	
7	10	3.65051	1	
7	11	5.33033	1	
7	12	10.8829	2	
7	15	7.11306	1	
7	16	20.0059	4	
7	17	6.04628	1	
7	18	27.1261	6	
7	19	7.63616	2	
7	20	12.9329	3	
7	21	6.76308	1	
7	23	23.6735	6	
8	9	14.701	4	
8	10	23.7689	5	
8	11	12.3281	3	
8	12	27.296	6	
8	13	18.6204	4	
8	15	4.59888	1	
8	16	28.9731	7	
8	17	8.07447	2	
8	18	9.79885	2	
8	19	6.49498	2	
8	20	6.35863	1	
8	21	24.3249	5	
8	22	7.87407	2	
8	23	19.3953	5	
9	10	61.6036	13	
9	11	11.9296	3	
9	12	16.5416	4	
9	13	8.0335	2	
9	14	18.0549	4	
9	15	3.77623	1	
9	16	38.9759	8	
9	17	2.35527	1	
9	18	31.8289	7	
9	19	34.6618	7	
9	20	29.3374	7	
9	21	22.9795	5	
9	22	22.5409	5	
9	23	11.3255	3	
10	11	10.1678	3	
10	12	11.9127	3	
10	13	36.615	9	
10	14	39.6821	8	
10	15	25.8506	6	
10	16	9.54707	2	
10	17	11.9585	2	
10	18	29.848	7	
10	19	38.5781	8	
10	20	47.9241	10	
10	21	33.9625	6	
10	22	28.5448	6	
10	23	24.1442	5	
11	12	18.774	4	
11	13	25.8039	6	
11	14	32.217	7	
11	15	26.2719	7	
11	16	14.5771	3	
11	18	33.5119	8	
11	19	10.1562	2	
11	20	32.1889	7	
11	21	10.6026	2	
11	23	4.3517	1	
12	14	12.8667	2	
12	15	31.3623	6	
12	16	20.7613	5	
12	17	17.4697	4	
12	18	10.1647	2	
12	19	16.6377	4	
12	20	19.0323	4	
12	21	5.31394	1	
12	22	13.2307	3	
12	23	21.2101	4	
13	14	21.037	5	
13	15	37.0251	7	
13	16	8.80938	2	
13	17	17.3102	4	
13	18	7.99183	2	
13	19	38.9244	8	
13	20	29.9261	6	
13	22	3.13772	1	
13	23	29.1582	7	
14	15	6.90836	1	
14	16	27.7127	6	
14	17	20.3879	4	
14	18	27.123	6	
14	19	3.33725	1	
14	20	44.607	9	
14	22	21.2467	5	
14	23	40.1643	8	
15	16	12.3544	3	
15	17	25.8772	6	
15	18	11.7903	3	
15	19	68.8732	14	
15	20	21.7001	5	
15	21	5.13286	1	
15	22	61.081	13	
15	23	38.2848	8	
16	17	34.246	8	
16	18	12.7635	3	
16	19	45.248	9	
16	20	22.7503	5	
16	22	26.3123	6	
16	23	24.3551	6	
17	18	6.286	2	
17	19	21.7514	5	
17	20	3.76577	2	
17	21	7.12087	2	
17	22	15.7573	3	
17	23	35.228	7	
18	19	53.6983	11	
18	20	8.38202	2	
18	21	21.4546	5	
18	22	8.99563	2	
18	23	53.2848	13	
19	20	52.7061	11	
19	21	42.0143	8	
19	22	30.88	7	
19	23	60.8458	13	
20	21	70.1012	16	
20	22	46.7264	10	
20	23	36.4103	7	
21	22	32.5231	7	
21	23	21.3273	4	
22	23	34.8829	7	
