1 8 57 63 66 83 84 92 104 106 110 117 127 128 135 136 137 147 155 166 186 187 222 223 228 230 245 258 259 265 293 295 298 303 325 345 349 352 358 363 389 420 422 430 473 475 502 503 516 519 527 530 537 573 611 612 621 629 631 642 644 646 647 648 653 655 665 677 691 699 
35 39 73 84 92 102 118 119 122 125 126 132 136 146 154 182 183 193 196 209 243 294 299 317 325 341 342 346 371 383 400 415 423 428 439 442 445 452 462 463 472 483 485 493 499 500 501 509 518 523 525 529 538 540 549 551 568 584 586 604 624 629 637 641 665 672 679 696 
14 15 32 38 44 67 69 122 134 145 156 164 185 210 223 226 232 238 262 264 323 332 370 385 404 419 425 445 456 470 482 503 533 539 564 583 585 628 629 630 658 668 691 692 
18 50 61 91 100 102 111 150 151 152 188 193 196 213 214 215 230 235 237 243 245 273 296 305 309 312 320 322 323 329 333 337 350 354 358 361 366 376 386 398 399 410 414 420 432 435 437 450 459 460 462 465 466 472 479 490 497 506 507 517 518 520 529 530 546 548 550 563 568 577 587 595 654 679 691 694 697 
13 58 74 90 95 114 133 145 151 169 172 176 222 246 256 273 276 308 312 313 318 320 327 338 346 355 365 368 376 380 386 396 398 401 403 404 408 422 427 434 450 464 487 500 507 509 511 520 528 548 552 563 574 599 603 610 616 617 627 658 667 678 682 697 699 
8 23 45 53 84 92 95 110 117 142 145 147 156 194 199 200 204 237 264 269 276 291 293 298 316 329 345 358 362 385 387 418 419 423 427 430 431 435 446 453 468 475 480 482 489 500 501 502 503 511 524 527 533 549 553 566 569 573 585 601 611 615 621 631 642 643 644 653 655 665 675 678 688 691 692 
3 29 33 52 54 57 60 63 72 76 78 81 88 89 90 94 102 104 114 118 120 125 127 134 137 148 149 166 181 196 198 201 211 219 236 238 239 243 244 249 257 259 262 265 267 274 275 278 283 288 289 300 303 306 307 312 317 319 324 330 331 333 336 339 341 343 344 348 356 361 363 364 371 381 389 392 393 394 405 413 417 423 424 436 440 441 442 443 448 454 456 458 462 463 477 480 481 485 489 491 492 496 497 498 501 509 515 516 519 525 527 531 535 537 540 541 542 544 548 565 566 567 568 569 570 572 578 584 586 590 591 592 595 597 605 607 609 612 619 621 622 623 625 627 631 635 642 647 648 659 666 678 679 681 684 687 689 695 
26 45 61 62 71 80 100 104 112 113 115 122 153 157 161 164 167 173 184 190 195 199 210 212 215 217 225 244 252 253 261 281 289 296 310 312 313 335 339 341 342 343 354 355 360 361 365 367 382 385 391 402 415 416 422 431 446 454 460 490 492 496 503 512 514 518 531 533 539 544 547 549 555 556 558 571 573 587 593 602 608 614 618 626 658 662 676 679 680 682 692 
12 20 27 36 54 64 65 66 75 76 84 88 90 94 100 114 119 128 130 132 135 140 143 147 152 154 159 160 165 173 174 178 179 182 187 196 205 220 224 231 236 251 253 256 260 262 275 279 280 282 285 294 296 297 298 300 301 305 309 323 327 328 329 331 334 336 344 346 366 370 388 390 397 405 406 408 410 414 426 428 444 460 471 473 486 488 493 496 498 504 509 517 519 520 521 523 525 529 536 545 548 552 558 560 561 565 567 572 576 577 581 590 605 606 616 617 621 622 628 629 632 635 640 642 646 648 658 661 662 663 667 668 672 673 674 675 677 678 680 687 688 693 695 697 699 
16 17 24 28 46 48 53 56 62 68 69 75 77 80 85 87 93 96 105 113 114 116 119 125 131 133 134 135 141 142 148 149 160 163 170 171 175 177 187 188 191 192 194 203 204 205 207 209 217 221 222 224 227 233 237 242 246 248 251 260 268 269 270 274 277 281 285 291 299 302 304 308 311 314 316 318 319 327 338 340 341 350 359 367 368 369 370 372 373 387 399 403 409 411 415 418 419 421 425 426 431 433 437 441 443 444 446 447 449 451 452 455 456 457 459 460 461 468 469 470 471 475 476 478 480 481 482 488 489 491 492 495 501 502 504 506 508 512 522 523 524 527 531 532 536 543 545 548 553 554 555 570 575 578 579 581 583 585 587 589 594 598 599 602 606 607 608 610 612 615 621 624 626 628 637 638 643 652 657 658 660 663 667 669 670 673 675 680 681 682 683 684 688 690 693 699 
22 89 93 107 114 120 135 141 162 175 197 198 211 221 228 229 253 255 268 270 283 286 298 301 307 308 324 365 390 415 421 445 449 458 494 506 511 521 547 556 562 580 592 597 598 606 620 631 657 698 
45 56 62 64 85 97 113 119 134 138 142 159 161 170 187 203 204 205 217 222 233 237 238 244 251 252 258 266 271 280 284 315 321 332 334 338 341 342 354 359 367 370 372 377 379 391 397 402 403 408 437 438 441 449 455 470 471 476 488 489 492 496 500 505 507 508 512 515 518 536 543 545 555 559 572 578 579 582 587 596 599 605 607 616 626 634 635 646 650 659 660 662 667 670 674 676 680 682 688 690 692 
6 7 16 23 28 33 36 40 47 55 57 60 63 64 77 81 84 89 92 95 96 97 104 105 120 125 127 134 137 138 144 149 153 157 158 163 166 176 180 181 191 192 194 198 199 203 204 207 211 219 222 224 227 236 238 241 247 248 249 251 259 266 271 274 278 280 282 283 284 286 287 288 289 290 297 303 304 306 311 312 315 321 324 327 334 335 338 348 351 353 356 360 362 363 364 369 372 374 375 376 377 379 381 386 389 391 392 393 394 396 397 405 407 414 417 420 429 431 433 436 441 442 443 447 448 451 454 455 456 458 461 464 470 471 476 479 480 481 484 492 493 494 496 503 505 510 515 516 521 522 527 528 532 535 536 537 538 541 543 544 545 553 554 555 556 559 562 564 570 578 579 582 584 591 592 594 596 597 599 612 613 624 626 627 633 635 636 637 643 645 646 647 648 650 658 659 660 662 664 669 671 673 680 681 682 683 684 686 687 688 690 693 
6 29 30 40 47 63 66 68 69 71 78 82 86 87 94 100 116 119 120 125 133 134 140 154 158 170 180 191 195 203 207 212 229 234 236 238 248 253 256 261 267 272 275 278 282 283 287 294 301 307 313 314 317 324 326 335 336 338 341 344 350 353 356 360 367 375 376 381 382 384 385 388 392 393 394 398 404 406 407 413 415 417 427 428 431 433 441 448 451 456 458 462 470 472 473 479 484 485 491 495 498 506 509 513 525 527 528 531 533 538 548 555 558 562 567 569 570 571 572 573 576 580 584 590 591 592 593 595 597 601 602 603 610 615 618 620 621 627 629 631 633 635 636 645 646 648 652 656 664 666 671 672 678 684 686 689 691 692 693 695 699 
20 22 24 31 41 43 57 68 77 82 87 89 93 104 108 114 116 123 127 135 137 139 141 148 158 162 166 170 180 191 198 208 218 221 223 229 233 237 248 250 255 259 268 269 270 282 286 287 290 294 300 301 302 313 314 316 317 331 347 349 350 357 360 363 365 369 374 375 388 389 390 395 417 418 421 429 436 439 441 449 467 468 472 475 479 482 484 491 495 498 503 506 510 511 515 516 524 525 526 527 531 532 537 538 555 575 577 578 580 588 592 598 602 606 607 613 615 617 622 633 635 636 639 646 647 652 657 671 687 689 695 700 
4 9 18 21 29 34 41 47 49 51 52 55 59 65 67 70 72 79 83 87 90 95 97 98 102 103 108 109 113 116 124 128 129 132 135 138 140 141 144 158 160 162 171 172 180 181 187 189 193 194 197 202 203 216 221 231 251 254 255 256 260 262 266 268 270 271 272 279 280 282 285 286 290 292 294 298 299 304 306 313 315 319 321 326 327 328 330 331 334 349 360 365 367 369 371 374 375 376 383 384 388 390 394 397 400 401 406 414 415 421 423 424 429 434 436 438 439 440 442 443 445 449 465 467 469 473 474 477 484 485 493 494 495 509 510 511 515 516 519 523 524 526 529 531 534 538 541 542 547 548 552 555 559 561 564 565 567 569 572 576 578 579 580 582 586 598 600 603 605 606 608 609 610 612 616 619 620 622 623 625 628 629 632 633 636 652 654 657 659 663 666 671 672 680 685 688 690 693 696 698 699 700 
2 5 8 9 10 17 20 34 37 41 43 48 49 57 59 61 66 70 72 73 74 88 95 96 97 98 99 101 102 103 106 107 108 112 115 119 121 124 127 128 129 132 133 137 139 145 148 151 153 156 158 161 163 165 166 167 169 172 175 179 180 181 189 195 197 201 203 224 229 237 241 244 246 252 253 255 256 259 266 267 273 275 277 279 282 287 290 294 295 298 299 302 306 308 312 313 316 317 320 325 326 328 335 341 345 346 349 354 355 360 363 364 365 367 368 369 371 373 374 375 376 378 380 383 384 386 388 389 390 392 396 398 402 404 408 409 411 412 416 420 422 424 427 428 429 432 433 434 436 442 445 447 449 450 460 464 465 467 469 473 474 478 479 480 481 484 487 491 493 494 501 503 507 509 510 511 513 514 516 518 523 524 526 528 535 537 538 540 542 543 544 546 547 548 549 551 552 555 557 558 563 564 565 574 575 578 579 580 586 589 593 594 602 603 605 610 611 612 614 616 619 620 622 623 624 625 627 629 633 636 637 638 641 645 647 654 656 658 665 667 671 672 673 677 682 683 685 691 693 697 698 699 700 
1 8 12 15 22 30 32 36 38 44 55 65 66 69 71 81 84 89 95 104 105 106 108 110 117 119 122 123 124 128 132 133 134 136 137 139 143 147 154 155 156 159 164 168 170 173 174 178 182 184 185 186 187 195 197 204 206 207 208 210 212 219 220 223 225 226 232 233 238 251 253 261 264 266 274 288 293 294 297 298 301 306 309 313 317 323 325 326 332 340 343 345 346 349 352 369 382 384 385 387 388 395 396 398 404 413 414 417 425 427 428 429 430 431 434 438 439 441 443 445 449 463 465 469 470 473 474 475 491 492 494 496 501 503 511 514 515 519 521 523 524 527 528 529 531 533 539 547 550 551 552 553 555 556 558 560 564 569 570 571 573 575 577 579 583 584 586 596 598 602 605 608 610 611 613 616 618 620 626 627 628 629 630 631 632 634 639 640 642 644 646 648 649 650 651 652 655 657 658 660 661 665 667 668 672 674 675 676 677 684 689 691 692 697 698 699 
5 12 33 46 68 92 98 107 116 118 119 123 164 168 182 183 186 191 204 208 212 218 233 240 248 264 265 277 283 284 289 302 307 309 312 314 329 347 349 357 362 369 381 395 439 448 458 472 481 488 491 495 499 504 505 533 540 555 569 573 575 577 578 588 590 595 596 604 613 615 617 627 634 639 649 650 651 652 665 674 679 689 
17 24 28 36 45 46 59 67 77 81 86 89 95 113 128 131 135 142 146 154 156 157 159 160 161 168 171 177 182 187 188 200 206 209 212 217 218 219 224 233 240 242 248 252 256 275 277 278 281 288 304 311 312 325 326 335 341 346 347 354 362 363 367 387 388 395 413 414 426 428 438 442 443 446 453 457 460 469 473 490 493 498 504 509 512 518 523 532 538 543 552 555 574 575 577 584 587 588 592 600 603 607 612 613 614 617 621 622 624 626 627 629 635 639 648 649 651 656 660 662 663 665 667 669 672 673 677 678 680 681 682 687 688 689 690 696 
28 47 51 59 82 87 111 124 128 136 148 150 170 186 193 197 214 215 222 225 228 230 231 235 243 245 248 250 273 281 282 294 298 313 314 320 322 325 327 333 337 338 345 348 349 350 358 361 362 363 369 376 377 389 390 399 405 420 422 430 432 434 436 437 441 445 449 450 459 466 472 474 479 490 491 494 495 497 506 517 530 546 547 550 552 564 568 595 601 607 611 618 620 630 644 646 648 652 655 656 694 698 699 
6 29 33 34 47 52 60 63 65 67 74 75 78 79 87 120 136 142 144 160 164 171 195 196 198 201 202 206 211 224 229 234 239 260 264 272 275 277 278 279 283 285 298 299 306 307 311 314 324 328 329 349 353 356 374 381 386 392 393 394 396 406 407 413 424 431 444 448 450 456 458 462 463 469 474 477 478 481 491 493 494 497 500 515 527 528 534 548 558 559 564 573 578 582 591 592 593 597 600 616 619 620 621 623 625 628 631 633 637 645 662 664 666 671 683 685 686 688 690 693 696 700 
12 34 41 43 48 49 96 98 101 102 103 107 108 121 129 132 146 163 169 172 175 176 182 199 231 237 247 251 252 286 299 302 360 365 366 371 373 374 376 378 383 386 397 400 409 411 415 423 429 433 446 447 449 452 464 465 467 473 478 484 493 499 520 526 538 546 556 577 580 587 589 594 604 610 614 622 636 637 638 641 654 665 671 676 683 685 693 700 
25 39 46 62 68 72 73 88 92 98 100 107 118 123 124 126 132 136 139 140 146 152 168 170 171 179 182 183 186 191 193 196 197 199 200 201 204 208 209 212 218 228 231 233 236 240 246 248 250 251 258 263 265 267 277 291 295 299 302 303 306 308 312 318 320 325 326 327 328 329 338 347 349 350 357 362 363 366 369 371 374 383 386 388 390 391 395 400 405 410 412 414 418 424 434 435 441 442 452 453 458 468 469 472 474 478 483 486 488 491 495 499 501 502 504 506 508 512 517 518 520 525 529 540 547 551 555 560 561 566 569 575 577 581 584 586 587 588 601 604 613 614 615 616 617 618 623 634 639 641 649 651 652 653 654 661 665 677 678 679 680 689 698 699 
11 14 23 26 28 30 45 48 55 61 62 70 71 78 85 96 116 119 120 133 134 138 139 144 148 155 156 161 164 175 176 182 184 190 193 195 198 199 204 209 212 213 215 216 217 223 224 225 239 244 246 252 261 264 266 271 275 281 286 293 304 322 334 335 337 340 341 342 351 352 354 363 367 372 373 377 378 380 382 385 387 391 392 394 397 400 401 409 411 415 420 431 432 436 437 438 440 445 446 447 458 459 463 472 478 479 490 501 503 512 514 518 529 530 531 533 539 546 549 550 555 556 557 559 568 571 573 574 576 579 582 587 596 602 607 608 618 619 625 627 630 631 634 637 638 642 646 650 652 660 662 666 674 676 679 683 684 691 694 696 
4 14 22 26 31 38 40 45 48 49 61 62 80 90 93 96 101 107 113 114 121 133 135 141 156 159 161 162 163 170 175 176 190 199 209 210 215 216 217 221 229 241 244 247 248 252 255 258 268 270 281 286 299 301 308 340 341 342 351 354 367 373 376 378 386 391 397 404 409 411 415 421 425 433 438 440 446 447 449 459 461 462 463 476 478 483 492 505 511 512 518 521 522 526 549 553 557 562 583 587 589 592 594 598 599 601 602 606 607 608 615 622 637 638 643 652 657 658 676 680 682 683 685 699 
14 16 24 33 36 40 52 70 81 87 89 93 94 100 105 109 116 125 130 140 145 149 160 169 173 185 188 192 194 202 206 207 216 219 222 231 238 253 254 257 260 272 274 276 288 292 296 297 301 304 305 308 312 320 327 338 348 366 372 374 380 390 397 399 401 410 414 415 417 423 431 436 438 440 443 451 456 459 460 461 462 476 477 481 485 486 489 492 500 507 520 521 522 534 548 553 554 556 561 562 564 568 569 570 574 576 578 581 584 586 600 609 612 613 616 618 619 625 632 643 648 659 660 681 682 684 687 690 697 
4 19 64 66 82 84 92 111 119 122 133 150 154 179 182 213 214 215 222 230 236 245 257 262 266 271 277 280 284 288 315 319 322 330 331 334 337 348 353 356 358 372 376 378 379 384 391 393 397 401 405 407 413 420 423 432 433 434 440 449 459 466 472 479 481 485 492 493 494 505 515 519 520 528 530 542 546 550 559 565 567 568 569 573 576 579 582 589 591 592 599 609 629 645 659 662 668 678 679 682 686 691 693 694 697 
24 26 36 55 59 61 64 67 75 77 79 81 85 86 91 119 125 137 139 144 149 154 155 157 160 171 186 190 192 194 197 204 206 207 219 223 224 234 235 243 260 273 274 279 280 285 288 289 299 300 309 310 311 312 317 318 321 323 333 338 339 343 346 351 352 358 361 369 372 376 377 388 390 396 399 400 403 406 417 428 438 441 443 444 446 451 459 461 462 463 465 469 476 489 490 491 493 497 501 509 518 520 521 522 529 540 548 550 552 553 554 556 562 570 574 575 576 577 578 584 595 596 605 608 613 619 626 628 629 634 639 642 643 648 650 654 656 663 666 668 674 677 680 681 684 687 688 690 691 696 699 
20 23 27 28 50 65 95 111 117 130 131 132 135 136 139 143 147 154 159 165 174 177 178 188 205 213 214 220 230 242 251 265 271 275 277 280 293 297 302 304 308 309 317 335 337 340 351 352 358 377 387 400 406 420 426 457 463 473 478 479 519 523 529 530 532 543 557 560 561 568 587 596 612 624 626 628 631 632 640 642 644 646 655 656 660 661 667 669 672 673 675 677 680 688 694 
37 47 63 75 79 90 99 112 115 148 149 151 153 157 167 181 186 227 234 241 249 277 278 289 295 303 310 313 327 338 339 343 345 355 364 365 393 402 405 406 407 414 416 422 432 443 444 450 454 460 464 480 496 513 535 541 544 563 569 574 591 593 598 614 645 663 664 672 679 682 686 
13 34 37 57 58 59 66 67 72 74 75 79 83 86 88 91 95 97 99 106 112 115 122 127 128 133 135 137 139 140 145 151 152 154 160 166 167 171 173 176 201 202 206 222 224 225 227 234 235 243 246 251 253 256 260 267 273 276 277 279 285 294 295 296 301 302 306 308 311 312 317 318 320 323 325 326 327 328 333 338 346 355 361 363 365 368 380 384 388 389 390 391 396 398 402 404 406 408 412 416 422 424 427 428 432 439 444 462 463 464 469 487 490 497 500 501 504 507 509 513 514 516 519 523 528 529 537 548 551 552 563 564 571 574 581 593 595 603 605 607 608 610 614 616 621 622 623 627 628 629 634 635 645 647 656 663 672 677 680 682 688 690 696 697 699 
37 65 67 79 90 99 100 106 112 115 140 148 149 151 152 153 157 160 167 173 179 181 193 225 231 241 249 253 264 277 289 295 296 298 303 305 308 310 312 313 320 323 327 329 339 343 347 355 364 365 366 368 391 402 405 406 410 414 416 420 422 432 434 450 454 459 460 464 480 496 504 511 512 513 515 517 520 535 541 544 547 550 552 558 560 561 563 564 571 581 593 595 602 606 614 616 618 620 645 646 652 679 682 697 
