1 8 84 110 117 136 186 293 345 358 430 473 503 527 573 611 631 644 648 655 691 
1 30 71 104 156 164 184 195 212 223 225 261 264 382 385 387 396 431 503 514 531 533 539 558 571 573 602 618 626 627 691 
1 2 9 34 41 43 49 98 103 108 129 169 172 189 212 237 369 376 386 432 449 465 467 473 484 526 580 610 622 627 654 685 700 
3 54 76 90 94 104 118 135 236 262 275 300 331 336 344 413 492 498 519 525 567 569 572 590 605 621 635 642 648 678 679 687 695 
4 19 82 122 257 319 330 348 372 423 434 440 481 485 519 542 565 609 659 
5 12 46 64 82 107 123 168 182 186 208 212 218 233 240 265 302 347 349 357 362 369 395 504 555 575 577 588 613 615 617 627 639 649 651 665 679 689 
5 6 18 29 33 52 60 65 78 120 134 165 196 198 211 239 264 278 283 307 324 329 381 392 394 413 448 456 458 481 528 592 597 631 645 666 
5 8 10 72 88 97 165 201 229 267 277 306 328 349 412 424 501 557 610 623 
6 34 47 63 79 133 176 229 236 275 277 353 356 386 393 407 413 431 493 573 591 592 645 664 686 693 
6 7 64 84 92 97 119 132 138 144 199 204 224 234 266 271 280 284 315 321 334 372 379 391 396 397 462 493 505 515 559 578 579 582 599 646 662 680 682 690 
8 53 142 204 237 264 269 291 316 418 419 468 475 482 489 501 502 511 524 585 615 
11 23 28 31 55 85 119 139 144 155 204 206 213 275 286 304 340 351 352 377 436 463 501 529 549 557 586 596 608 631 634 642 646 650 674 676 
13 51 58 74 90 95 145 169 176 193 222 246 273 276 308 312 318 320 368 380 396 398 404 408 427 450 460 487 500 507 528 549 574 610 616 667 682 697 
14 33 36 40 81 89 105 125 206 207 219 227 238 274 288 301 312 338 384 417 438 443 451 456 459 489 492 521 556 562 564 570 576 578 584 613 648 681 684 687 
14 50 59 87 111 134 150 213 214 215 222 225 230 245 250 320 322 337 358 376 399 420 432 437 450 459 466 472 479 506 530 546 550 557 568 694 
14 15 32 38 44 69 122 134 156 185 210 223 226 232 323 332 425 583 630 658 668 692 
16 77 192 194 222 299 318 372 399 431 456 459 461 476 481 522 553 554 626 643 
17 24 28 85 130 131 135 142 177 187 188 209 224 242 277 304 335 358 387 403 426 457 532 543 555 592 612 624 626 660 665 667 669 673 
18 21 52 70 87 109 202 216 254 272 292 304 374 401 415 423 438 477 534 576 586 600 612 619 625 690 
18 24 26 31 45 61 62 80 113 161 169 190 199 209 213 217 244 252 281 335 341 342 354 367 382 399 415 438 446 490 492 512 518 549 587 607 608 676 680 
20 100 107 130 140 152 173 179 196 231 236 253 296 305 320 323 327 329 366 390 410 414 460 486 504 517 520 552 558 561 576 581 616 667 687 693 
20 133 158 180 203 227 266 282 287 290 335 360 374 375 429 442 479 484 503 510 538 555 633 636 671 
20 24 42 68 82 87 116 170 191 193 248 250 314 338 350 439 441 472 479 491 495 506 527 578 613 615 646 652 
22 31 90 93 114 135 141 162 221 229 255 268 270 286 301 421 506 511 598 606 657 
25 33 92 199 200 228 250 258 263 318 329 434 435 442 453 483 508 566 569 601 653 
27 50 65 95 130 132 143 147 159 165 174 178 220 251 297 309 519 560 632 640 642 661 675 
28 37 52 79 99 106 112 115 151 167 186 225 273 295 313 327 355 365 402 416 422 432 513 563 564 593 614 645 
34 59 66 83 84 86 95 107 118 128 154 156 187 251 256 294 301 313 317 325 326 346 384 388 428 439 473 509 523 529 548 552 603 622 629 656 672 677 699 
35 39 42 50 51 63 73 92 102 118 122 126 132 139 146 182 183 193 196 209 299 371 382 383 384 400 423 439 442 452 462 472 493 499 540 551 586 604 641 665 
42 59 64 67 75 79 144 160 171 206 223 224 227 234 251 260 279 285 311 338 387 390 403 406 444 469 490 504 529 548 605 608 628 663 688 690 696 
48 96 101 121 133 163 175 176 247 286 299 309 373 376 378 386 409 411 415 433 447 478 484 528 589 594 637 638 676 683 693 
51 65 124 148 182 197 266 298 313 349 369 374 390 434 436 445 449 474 494 511 515 547 552 558 564 605 616 620 698 
56 85 119 142 187 205 237 359 370 403 449 455 470 471 488 489 536 545 670 680 
57 63 97 104 127 137 139 148 166 259 363 389 436 515 516 527 537 612 622 647 
91 235 243 273 309 312 323 333 361 462 490 497 548 595 691 
148 149 153 157 181 234 241 249 289 303 310 327 339 343 364 405 450 454 460 464 480 496 535 541 544 569 679 682 
