#module 0 size: 202 bs: 0.00122107
6 17 26 33 43 46 61 76 79 83 86 126 135 153 166 170 196 199 201 206 211 227 228 252 280 281 283 303 308 312 330 359 371 373 380 383 388 390 399 408 413 422 424 425 428 445 452 466 476 482 494 509 510 523 529 536 543 565 575 594 598 602 604 609 618 623 632 635 639 646 647 655 660 666 667 670 687 705 708 711 714 729 732 745 754 775 780 785 787 796 827 828 829 831 834 835 839 846 852 871 882 889 898 924 928 983 987 995 996 999 1000 1005 1026 1033 1038 1056 1057 1058 1069 1072 1073 1076 1083 1085 1103 1104 1106 1114 1127 1142 1143 1155 1175 1176 1180 1190 1201 1209 1211 1222 1239 1245 1271 1273 1275 1280 1284 1290 1303 1307 1314 1316 1317 1329 1330 1331 1344 1348 1366 1374 1376 1378 1391 1400 1401 1410 1413 1417 1433 1436 1441 1447 1451 1461 1465 1473 1481 1483 1484 1494 1496 1501 1503 1509 1519 1530 1539 1546 1560 1565 1577 1578 1584 1586 1597 1603 1625 1658 1664 1669 1673 1685 
#module 1 size: 141 bs: 0.000571992
44 48 79 83 86 99 126 129 133 157 166 186 217 218 227 247 260 294 308 321 336 370 384 388 394 399 403 409 425 428 437 451 452 454 455 461 475 482 491 493 494 497 521 529 546 549 555 589 614 615 628 655 659 666 670 671 684 701 705 711 771 796 801 817 826 841 844 852 858 867 894 912 918 959 961 963 964 1001 1029 1068 1076 1100 1115 1117 1139 1140 1151 1152 1196 1211 1219 1221 1227 1239 1264 1277 1280 1282 1284 1296 1303 1307 1309 1314 1319 1323 1328 1329 1344 1357 1364 1381 1385 1396 1397 1400 1405 1413 1417 1424 1438 1448 1465 1477 1481 1494 1496 1499 1503 1505 1521 1568 1594 1610 1612 1614 1625 1627 1658 1664 1665 
#module 2 size: 398 bs: 0.000547805
3 6 38 49 62 69 74 75 85 95 96 97 101 108 109 111 112 113 115 123 128 141 155 168 170 171 180 188 198 199 204 210 219 221 230 236 237 242 243 250 255 272 274 281 282 283 296 301 303 304 311 313 323 324 330 344 349 357 371 375 377 378 379 380 385 393 394 397 405 417 418 422 425 434 436 439 441 446 459 462 470 472 474 490 492 493 501 503 506 509 518 519 526 527 528 529 531 533 536 540 544 549 551 554 559 565 571 572 575 586 595 602 603 604 609 610 611 625 630 643 646 650 657 673 674 679 683 687 702 707 714 715 716 718 719 720 723 726 727 736 739 745 748 753 755 758 759 761 766 767 772 781 785 787 788 790 793 795 804 806 807 809 810 812 817 818 822 827 839 840 846 850 853 855 857 862 864 866 871 878 885 887 888 891 898 901 902 908 909 920 922 923 925 928 930 932 937 943 945 946 947 949 951 952 953 956 959 962 973 976 978 985 986 987 988 989 991 993 998 999 1000 1011 1020 1024 1030 1031 1034 1038 1044 1046 1048 1051 1053 1054 1055 1056 1069 1072 1083 1085 1095 1101 1104 1107 1109 1114 1118 1120 1122 1130 1134 1136 1137 1141 1142 1143 1144 1148 1149 1153 1154 1155 1161 1162 1165 1167 1180 1188 1209 1212 1225 1233 1243 1248 1249 1250 1254 1256 1258 1262 1266 1271 1274 1285 1290 1294 1295 1301 1303 1306 1311 1317 1321 1323 1337 1338 1345 1358 1361 1370 1374 1377 1378 1382 1383 1385 1390 1391 1396 1410 1413 1416 1417 1423 1425 1433 1436 1440 1442 1445 1447 1449 1451 1453 1454 1457 1459 1461 1466 1469 1475 1476 1480 1482 1483 1484 1486 1497 1501 1504 1506 1509 1513 1514 1515 1520 1524 1525 1526 1536 1539 1540 1542 1544 1546 1558 1559 1564 1566 1571 1572 1578 1581 1583 1585 1588 1589 1592 1595 1597 1599 1602 1604 1611 1612 1613 1616 1630 1631 1636 1637 1643 1645 1646 1650 1659 1666 1668 1669 1673 1678 1679 1681 1685 1689 1693 1695 1698 
#module 3 size: 148 bs: 0.00212336
18 36 85 92 111 115 119 141 151 155 168 179 190 197 219 251 259 262 265 304 326 332 341 352 366 368 369 372 376 393 430 431 437 443 468 473 474 489 490 501 502 503 506 538 559 568 576 599 625 643 663 674 676 686 693 715 716 739 750 753 761 772 778 781 816 822 826 835 850 866 888 902 922 940 943 946 956 966 981 986 993 997 1009 1023 1037 1046 1053 1104 1117 1134 1136 1144 1149 1153 1162 1167 1189 1192 1194 1200 1211 1219 1248 1249 1256 1273 1274 1294 1308 1333 1334 1337 1358 1390 1398 1415 1416 1417 1435 1440 1456 1457 1467 1469 1482 1492 1501 1512 1524 1525 1540 1546 1559 1566 1575 1585 1588 1615 1616 1629 1645 1650 1666 1669 1687 1689 1695 1696 
#module 4 size: 230 bs: 0.00319696
5 15 17 29 32 33 40 46 52 67 76 79 83 84 86 90 105 107 110 116 122 126 135 142 144 148 155 166 175 177 196 202 210 212 214 223 224 227 247 248 252 253 276 284 286 289 295 308 312 316 324 337 349 356 359 362 373 377 387 388 394 395 399 401 405 406 414 415 419 420 422 423 427 428 434 452 477 480 482 488 491 492 494 515 522 529 534 535 539 552 553 554 568 594 597 602 613 616 621 632 635 637 640 641 652 655 661 664 666 667 670 679 681 704 705 710 711 719 720 731 741 757 759 796 801 817 823 832 835 852 855 860 870 881 882 891 892 895 904 921 924 951 967 983 987 988 995 996 1033 1034 1047 1072 1073 1076 1101 1107 1146 1154 1166 1176 1177 1190 1191 1195 1201 1204 1211 1222 1235 1237 1239 1243 1245 1272 1276 1280 1284 1289 1305 1307 1314 1316 1327 1329 1332 1344 1352 1366 1376 1380 1397 1400 1404 1413 1417 1428 1434 1443 1446 1450 1455 1460 1465 1478 1481 1494 1496 1503 1513 1519 1530 1535 1542 1557 1565 1567 1572 1579 1586 1589 1606 1625 1632 1639 1643 1653 1658 1664 1672 1697 
#module 5 size: 83 bs: 0.00288262
11 60 67 70 71 77 84 122 125 136 142 148 149 151 175 224 227 262 326 332 376 419 420 423 434 468 480 491 502 534 538 549 553 568 576 613 621 661 663 676 686 704 750 778 816 835 881 892 921 981 1009 1047 1117 1189 1200 1222 1235 1243 1247 1272 1274 1276 1305 1308 1333 1352 1397 1398 1450 1455 1478 1492 1512 1525 1537 1557 1615 1632 1639 1653 1669 1687 1696 
#module 6 size: 91 bs: 0.000588375
2 7 9 14 16 19 20 35 39 45 51 213 239 246 300 315 322 342 345 391 405 454 457 478 563 573 580 587 590 619 623 645 680 732 737 760 779 823 825 838 863 872 928 957 966 1043 1057 1063 1074 1078 1108 1111 1147 1162 1173 1182 1184 1207 1210 1217 1220 1253 1267 1270 1293 1299 1304 1355 1359 1361 1363 1368 1388 1391 1421 1427 1457 1492 1522 1532 1533 1563 1567 1578 1579 1585 1593 1602 1608 1623 1643 
#module 7 size: 205 bs: 8.94959e-06
1 8 22 23 25 28 31 37 38 41 50 54 58 63 89 98 130 134 159 164 187 192 222 225 232 241 245 256 267 269 271 273 292 297 298 306 309 318 327 338 355 363 368 375 381 382 401 421 434 438 447 449 458 467 470 485 489 499 500 507 530 541 542 560 564 578 580 591 605 656 665 668 690 695 698 721 723 728 765 777 786 802 805 812 822 848 863 864 865 867 868 871 880 883 884 896 899 910 929 954 971 974 975 977 983 989 1018 1032 1039 1041 1045 1055 1075 1079 1083 1093 1098 1100 1102 1110 1111 1113 1126 1131 1150 1167 1168 1169 1182 1185 1193 1198 1199 1220 1222 1228 1231 1232 1233 1244 1261 1300 1310 1312 1315 1330 1342 1345 1347 1349 1350 1356 1364 1368 1372 1382 1389 1394 1397 1412 1414 1437 1441 1452 1458 1460 1470 1485 1487 1495 1508 1513 1517 1524 1529 1537 1544 1553 1555 1559 1561 1562 1563 1571 1576 1583 1587 1591 1607 1617 1621 1634 1638 1641 1642 1647 1649 1652 1661 1670 1672 1683 1684 1691 1699 
#module 8 size: 342 bs: 0.000855823
13 21 26 37 47 56 61 64 80 90 106 107 114 117 118 121 128 131 132 138 140 143 145 153 156 158 160 173 176 181 184 185 189 195 201 205 209 216 223 228 234 240 244 257 258 261 263 264 266 270 275 277 278 280 286 287 290 291 293 295 305 307 316 320 328 331 335 347 350 361 367 387 392 394 395 396 397 399 400 406 408 410 414 422 424 433 444 450 452 463 465 466 467 496 505 509 517 523 525 539 545 546 557 566 570 581 588 592 598 600 601 617 627 631 635 637 638 639 640 642 645 648 652 658 660 662 664 672 674 677 678 682 689 694 696 697 708 713 717 724 725 730 732 740 741 744 747 751 756 764 768 769 775 776 782 792 794 798 799 800 803 812 814 815 821 825 826 831 832 835 837 842 849 861 890 895 905 919 925 929 931 935 938 939 941 945 951 959 960 967 968 991 992 1002 1003 1007 1010 1013 1025 1034 1035 1043 1052 1056 1057 1059 1062 1064 1066 1076 1080 1084 1089 1091 1092 1093 1096 1097 1101 1111 1116 1125 1129 1133 1146 1153 1160 1164 1179 1180 1181 1183 1184 1187 1194 1195 1203 1211 1215 1226 1237 1252 1255 1256 1257 1259 1269 1275 1279 1286 1287 1292 1297 1300 1303 1318 1326 1327 1329 1331 1332 1337 1338 1341 1346 1350 1351 1354 1362 1363 1369 1372 1373 1384 1387 1390 1392 1393 1402 1403 1409 1411 1418 1419 1422 1425 1430 1432 1443 1444 1459 1460 1463 1467 1468 1472 1473 1479 1488 1490 1491 1510 1511 1516 1524 1535 1536 1545 1547 1548 1549 1550 1551 1555 1559 1567 1569 1570 1572 1573 1579 1592 1594 1607 1618 1619 1622 1627 1635 1648 1649 1654 1657 1660 1662 1667 1677 1680 1688 1693 1694 1697 
#module 9 size: 28 bs: 1
87 137 233 314 348 354 402 464 481 546 575 608 633 788 839 856 879 980 982 990 1027 1098 1104 1192 1318 1476 1500 1640 
#module 10 size: 31 bs: 1
102 193 203 249 397 440 479 636 644 669 685 700 738 749 822 851 863 913 1062 1065 1123 1172 1238 1322 1441 1541 1550 1574 1598 1604 1663 
#module 11 size: 28 bs: 1
130 150 207 226 354 402 406 504 514 585 612 773 805 845 938 987 1042 1088 1112 1159 1265 1339 1393 1399 1418 1538 1550 1590 
#module 12 size: 21 bs: 1
81 124 167 402 493 643 753 772 811 914 936 1116 1121 1145 1240 1336 1408 1453 1474 1496 1644 
#module 13 size: 30 bs: 1
10 34 215 256 456 460 498 513 516 558 602 624 629 649 653 674 783 808 850 900 955 1006 1017 1071 1099 1202 1251 1624 1688 1700 
#module 14 size: 29 bs: 1
146 238 298 317 511 556 654 867 926 972 983 984 1072 1117 1124 1128 1163 1206 1230 1297 1324 1393 1406 1422 1425 1496 1498 1540 1683 
#module 15 size: 36 bs: 1
93 120 139 178 319 453 484 486 506 567 624 735 859 903 911 915 938 939 1019 1062 1132 1315 1318 1320 1365 1410 1467 1531 1582 1592 1596 1600 1628 1675 1686 1687 
#module 16 size: 12 bs: 1
30 53 55 72 88 989 1043 1126 1146 1501 1536 1616 
#module 17 size: 37 bs: 1
91 152 174 182 310 407 524 703 733 774 805 854 875 876 933 949 950 965 1016 1067 1138 1190 1192 1216 1325 1343 1360 1361 1404 1431 1453 1502 1534 1560 1589 1683 1690 
#module 18 size: 30 bs: 1
89 144 227 258 276 374 386 452 574 622 624 691 765 830 833 847 869 953 1004 1119 1171 1178 1208 1242 1402 1424 1429 1485 1490 1507 
#module 19 size: 38 bs: 1
44 57 154 191 200 249 254 255 256 285 358 412 494 550 634 651 692 765 788 801 843 874 916 928 1008 1055 1086 1090 1218 1224 1233 1234 1260 1283 1432 1512 1671 1692 
#module 20 size: 36 bs: 1
147 203 218 260 268 297 333 336 343 469 478 547 598 620 712 743 763 774 784 864 934 1036 1040 1081 1084 1158 1197 1205 1275 1371 1395 1490 1518 1537 1575 1670 
#module 21 size: 33 bs: 1
27 68 73 100 411 471 483 487 495 532 579 582 596 607 679 724 797 813 873 994 1060 1157 1204 1229 1268 1281 1340 1353 1363 1375 1523 1556 1579 
#module 22 size: 39 bs: 1
12 165 183 220 288 375 389 404 448 489 494 580 626 643 706 709 752 762 770 789 853 995 1050 1070 1094 1154 1288 1291 1302 1379 1404 1440 1462 1493 1531 1605 1626 1655 1656 
#module 23 size: 36 bs: 1
4 104 150 172 229 329 364 429 491 548 569 688 734 820 824 886 944 966 1012 1021 1075 1154 1298 1337 1382 1420 1438 1459 1522 1527 1528 1543 1544 1601 1609 1674 
#module 24 size: 28 bs: 1
66 126 127 340 365 401 426 537 675 722 836 877 969 991 1028 1082 1135 1204 1313 1335 1388 1424 1505 1540 1560 1607 1620 1649 
#module 25 size: 18 bs: 1
24 65 118 177 194 208 231 334 339 346 360 432 442 926 1005 1385 1483 1531 
#module 26 size: 31 bs: 1
162 163 169 276 299 325 412 416 512 521 562 584 593 735 791 793 893 1015 1022 1077 1087 1105 1156 1214 1247 1391 1407 1413 1554 1580 1614 
#module 27 size: 34 bs: 1
94 161 235 279 302 353 398 467 577 583 606 659 699 714 742 793 907 1049 1061 1120 1174 1190 1213 1223 1263 1273 1323 1386 1464 1471 1505 1641 1682 1688 
#module 28 size: 24 bs: 1
59 69 78 659 717 819 853 926 958 970 979 1084 1142 1182 1186 1220 1315 1338 1402 1489 1503 1552 1614 1633 
#module 29 size: 24 bs: 1
82 268 300 354 399 520 694 906 917 927 1170 1219 1236 1241 1246 1278 1297 1347 1367 1426 1439 1641 1651 1676 
#module 30 size: 20 bs: 1
42 103 181 297 351 435 508 534 561 679 746 774 848 897 923 942 948 1014 1432 1460 
