0	1	15.4788	3	
0	3	27.8765	6	
0	4	6.40581	1	
0	5	29.5997	5	
0	6	16.6239	3	
0	8	6.80876	1	
0	9	6.40683	1	
0	10	31.1281	6	
0	11	24.719	5	
0	13	10.7593	2	
0	14	9.70064	2	
0	17	15.7402	3	
0	19	32.1834	7	
0	20	4.42409	1	
0	22	37.7496	8	
0	23	29.8437	6	
0	25	3.85443	1	
0	27	27.5613	5	
0	28	11.3557	2	
0	29	11.3664	2	
0	30	9.4462	2	
0	32	14.1209	3	
0	34	4.98355	1	
0	36	4.40086	1	
0	39	15.8907	4	
0	40	4.88007	1	
0	41	24.6402	5	
1	2	28.0774	6	
1	3	26.8639	6	
1	4	68.6111	14	
1	5	27.2145	5	
1	6	2.30409	1	
1	7	2.70212	1	
1	8	31.9077	7	
1	9	18.2784	4	
1	10	31.2005	6	
1	11	32.472	6	
1	12	6.78219	1	
1	13	3.55636	1	
1	14	6.73232	1	
1	15	2.66421	1	
1	16	59.5277	12	
1	18	4.71251	1	
1	19	20.3006	4	
1	21	7.56629	2	
1	22	18.7214	4	
1	23	27.9949	5	
1	24	47.4771	9	
1	25	71.9442	14	
1	28	34.7836	7	
1	29	9.00144	2	
1	30	17.807	4	
1	31	17.2135	4	
1	32	46.2315	9	
1	33	53.7431	12	
1	34	22.0379	4	
1	35	10.047	2	
1	36	25.3425	5	
1	37	2.89954	1	
1	39	13.832	3	
1	40	22.4445	5	
1	41	7.25112	2	
2	4	5.36354	1	
2	6	3.18912	1	
2	9	34.6675	7	
2	10	24.8787	4	
2	11	14.8112	3	
2	13	2.87205	1	
2	14	10.2256	2	
2	16	9.25837	2	
2	17	25.5363	6	
2	18	12.6008	3	
2	20	6.81434	1	
2	21	4.33233	1	
2	22	2.62775	1	
2	23	20.9981	5	
2	24	5.05885	1	
2	25	25.304	5	
2	26	17.3417	4	
2	27	13.7769	3	
2	28	4.99947	1	
2	29	5.18248	1	
2	30	18.5312	4	
2	32	43.1719	9	
2	33	19.8821	4	
2	34	8.59264	2	
2	37	28.4974	5	
2	39	5.22946	2	
2	40	3.70739	1	
2	41	2.96662	1	
3	4	5.50573	1	
3	5	19.3525	4	
3	6	42.4046	9	
3	7	19.0078	4	
3	8	17.2601	3	
3	9	19.0212	5	
3	10	24.5903	5	
3	11	31.787	7	
3	12	5.48278	1	
3	13	30.5335	6	
3	14	35.6746	8	
3	15	61.7788	14	
3	16	2.26554	1	
3	18	15.0249	3	
3	19	4.56135	1	
3	20	7.78714	2	
3	22	27.3416	6	
3	23	6.71419	2	
3	24	6.23098	1	
3	28	3.30812	1	
3	29	30.8579	7	
3	30	10.5941	2	
3	31	6.64653	2	
3	32	17.4748	4	
3	33	25.5726	6	
3	34	18.1228	4	
3	35	36.4939	8	
3	37	15.1801	4	
3	38	7.36548	2	
3	39	33.6885	7	
3	40	22.8319	5	
3	41	13.3559	3	
4	5	8.86875	2	
4	6	11.1578	2	
4	8	28.1988	6	
4	10	33.3526	7	
4	11	34.0801	7	
4	12	27.428	6	
4	13	5.25695	1	
4	14	10.4796	2	
4	15	10.8377	2	
4	16	3.14895	1	
4	19	59.4727	13	
4	20	27.6567	6	
4	22	16.0229	4	
4	23	36.4196	8	
4	24	42.4134	9	
4	25	5.96723	1	
4	26	8.77044	2	
4	27	9.20291	2	
4	28	25.663	5	
4	29	4.38883	1	
4	30	8.56933	2	
4	31	18.1158	4	
4	32	20.9649	4	
4	33	10.3878	2	
4	34	61.4917	13	
4	37	6.26053	2	
4	38	39.93	8	
4	39	19.7064	4	
4	40	5.6468	1	
4	41	6.69654	1	
5	6	62.5482	13	
5	8	27.793	5	
5	9	10.1059	2	
5	10	4.7198	1	
5	11	20.1395	4	
5	12	35.4018	7	
5	13	10.9272	2	
5	14	43.8766	10	
5	15	15.8064	4	
5	16	19.7826	4	
5	18	4.10218	1	
5	19	8.49865	2	
5	20	40.6545	8	
5	21	37.4151	9	
5	22	20.9519	5	
5	23	30.535	7	
5	25	4.13272	1	
5	27	25.9172	5	
5	28	2.8385	1	
5	29	2.90166	1	
5	32	21.507	5	
5	33	40.8016	9	
5	34	30.6989	6	
5	35	24.3646	5	
5	36	26.737	5	
5	37	6.64892	1	
5	38	22.5935	5	
5	39	49.6721	10	
5	40	2.63788	1	
5	41	31.7841	7	
6	7	25.1892	5	
6	8	35.05	7	
6	9	27.8395	5	
6	11	35.5907	7	
6	12	5.71137	1	
6	14	12.5789	2	
6	15	28.3782	6	
6	17	25.3854	7	
6	18	28.3695	6	
6	19	28.8285	5	
6	20	8.55515	2	
6	22	6.12348	1	
6	23	8.48508	2	
6	24	26.2368	6	
6	25	5.10246	1	
6	27	8.03797	2	
6	28	38.4415	8	
6	29	49.3523	10	
6	30	4.97043	2	
6	32	8.42928	2	
6	33	40.5335	8	
6	34	45.1987	9	
6	35	5.98468	2	
6	36	3.46267	1	
6	38	10.3669	2	
6	39	18.2536	3	
6	40	3.19312	1	
6	41	64.3774	13	
7	8	27.5531	6	
7	9	14.4289	3	
7	11	29.7204	6	
7	12	5.00749	1	
7	13	10.525	2	
7	15	8.52792	2	
7	16	6.98907	1	
7	17	22.3364	5	
7	19	9.28069	2	
7	20	34.1383	8	
7	23	6.20812	1	
7	24	3.4036	1	
7	25	27.5289	5	
7	28	35.5611	7	
7	29	5.9031	1	
7	30	34.5248	7	
7	32	2.64009	1	
7	33	13.3378	3	
7	34	10.9706	2	
7	35	25.6822	5	
7	38	29.1907	6	
7	41	3.91548	1	
8	9	15.8824	4	
8	10	10.1695	2	
8	11	27.8382	6	
8	12	12.5322	3	
8	13	25.3904	6	
8	14	14.0486	3	
8	15	35.3829	7	
8	16	5.50463	1	
8	18	3.50152	1	
8	19	40.6832	8	
8	20	12.1264	3	
8	21	2.51836	1	
8	22	3.20325	1	
8	23	19.4068	4	
8	25	55.3939	11	
8	26	47.7347	10	
8	27	34.7644	7	
8	28	19.1707	4	
8	29	13.0282	3	
8	30	41.8239	10	
8	31	14.5829	3	
8	32	39.0945	8	
8	33	10.5619	2	
8	34	28.4892	6	
8	35	18.4323	5	
8	36	9.85597	2	
8	38	36.6381	8	
8	39	29.4031	7	
8	40	25.3255	5	
8	41	28.186	7	
9	10	24.7476	6	
9	11	6.69859	1	
9	12	25.9233	5	
9	13	30.7996	6	
9	14	5.27644	1	
9	15	55.8082	12	
9	16	27.952	6	
9	17	20.8313	4	
9	19	40.4685	9	
9	20	29.5007	7	
9	22	26.3587	5	
9	23	54.7524	11	
9	24	12.573	2	
9	26	14.3731	4	
9	27	26.8656	6	
9	29	1.82857	1	
9	30	23.7094	5	
9	31	5.25709	1	
9	32	17.6492	4	
9	33	52.8848	11	
9	34	43.7869	9	
9	36	3.08581	1	
9	37	35.6232	7	
9	38	12.4733	3	
9	39	6.68192	1	
9	40	51.9011	11	
9	41	69.7452	16	
10	11	32.2891	7	
10	14	7.30951	2	
10	15	3.3442	1	
10	18	26.5564	6	
10	19	25.7562	5	
10	22	23.0133	5	
10	23	47.3232	10	
10	25	40.927	10	
10	27	4.69699	1	
10	28	5.71354	1	
10	29	21.4048	6	
10	30	25.877	6	
10	31	10.0666	2	
10	32	10.8288	3	
10	34	29.8548	7	
10	35	4.84431	1	
10	38	5.60486	1	
10	39	18.786	4	
11	12	26.7244	6	
11	13	28.9996	6	
11	14	4.89464	1	
11	15	23.7147	6	
11	16	32.0669	6	
11	17	11.8125	3	
11	19	34.0128	7	
11	22	13.1602	3	
11	23	61.4943	12	
11	24	10.9098	3	
11	25	4.3453	1	
11	26	44.3769	9	
11	27	14.6047	3	
11	28	34.5112	7	
11	29	15.7946	4	
11	30	51.7254	11	
11	32	4.29189	1	
11	33	12.963	3	
11	34	8.2558	2	
11	35	44.8929	9	
11	36	3.50894	1	
11	38	27.5465	6	
11	39	11.6936	2	
11	40	8.58935	2	
11	41	46.4229	9	
12	13	23.6975	5	
12	14	61.9735	14	
12	15	24.4042	5	
12	16	44.4724	9	
12	17	4.85744	1	
12	18	3.90065	1	
12	19	8.14462	2	
12	20	54.7107	12	
12	22	44.7901	10	
12	23	4.21233	1	
12	25	44.0771	9	
12	26	4.47503	1	
12	28	27.1985	7	
12	29	85.6833	17	
12	30	5.18126	1	
12	31	2.15904	1	
12	32	29.0967	7	
12	33	5.25181	1	
12	34	9.11257	2	
12	35	4.84586	2	
12	36	31.1094	7	
12	37	21.2717	5	
12	38	6.08705	1	
12	39	29.0113	6	
12	41	12.1632	3	
13	14	17.2723	4	
13	15	20.6364	5	
13	16	6.93357	2	
13	17	12.195	3	
13	18	1.6606	1	
13	19	13.9112	3	
13	22	25.0347	5	
13	25	31.3756	8	
13	28	19.2691	4	
13	29	5.88234	1	
13	30	20.5984	5	
13	31	31.9345	6	
13	33	16.5106	4	
13	35	28.4511	7	
13	36	7.48288	2	
13	37	19.9193	4	
13	38	45.3939	10	
13	39	28.8857	6	
13	40	42.5514	9	
13	41	4.89276	1	
14	15	34.7345	8	
14	16	16.4209	4	
14	17	5.61012	1	
14	18	34.1131	7	
14	20	25.0856	5	
14	21	43.4787	9	
14	22	37.5095	9	
14	23	23.0207	5	
14	24	12.6052	3	
14	27	37.6566	9	
14	28	45.0939	10	
14	29	28.8713	7	
14	30	4.37018	1	
14	31	27.2653	5	
14	32	27.791	5	
14	33	22.7923	5	
14	34	33.4759	7	
14	35	42.1034	10	
14	37	23.0143	5	
14	38	19.2915	4	
14	39	4.78359	1	
14	41	25.8318	5	
15	16	86.0571	18	
15	19	52.4261	10	
15	20	28.0492	6	
15	21	9.6604	2	
15	22	9.44946	2	
15	23	11.8756	3	
15	24	9.07265	3	
15	27	17.9604	4	
15	28	25.387	5	
15	29	16.6672	4	
15	30	32.4587	7	
15	31	4.04143	1	
15	32	17.8997	4	
15	33	27.84	7	
15	34	16.6769	3	
15	36	20.7615	4	
15	37	25.5575	5	
15	38	4.25662	1	
15	39	35.6872	7	
15	40	19.4371	4	
15	41	26.394	6	
16	17	15.2015	3	
16	19	8.94278	2	
16	20	43.7883	10	
16	22	44.8926	9	
16	23	47.1965	10	
16	24	23.7806	5	
16	26	3.77988	1	
16	27	15.5042	4	
16	28	18.1918	4	
16	30	7.03273	1	
16	32	25.5947	5	
16	33	41.0069	9	
16	34	5.8088	1	
16	35	37.0088	8	
16	36	26.4481	5	
16	38	27.0504	6	
16	39	34.4227	8	
16	40	23.8419	5	
16	41	27.9942	6	
17	18	38.4448	8	
17	20	24.1281	5	
17	21	4.08744	1	
17	22	21.492	5	
17	23	21.1167	4	
17	28	35.1577	8	
17	29	7.93711	2	
17	30	16.3055	4	
17	31	3.73266	1	
17	33	2.33235	1	
17	35	3.45145	1	
17	36	3.01245	1	
17	38	30.2116	7	
17	39	5.21484	1	
17	40	3.76685	1	
18	19	25.8329	5	
18	20	6.29967	1	
18	21	24.807	5	
18	23	4.45779	1	
18	25	3.19567	1	
18	28	28.9034	6	
18	29	15.1766	3	
18	31	26.2332	5	
18	32	8.50041	2	
18	33	10.454	2	
18	34	24.752	5	
18	35	24.234	5	
18	38	44.5992	9	
18	39	10.9916	2	
18	41	2.0877	1	
19	20	51.0881	11	
19	21	4.59738	1	
19	22	27.3211	6	
19	23	13.2097	3	
19	25	2.99911	1	
19	26	4.65707	1	
19	27	9.38804	2	
19	28	5.35849	1	
19	29	27.7082	6	
19	30	39.7328	8	
19	31	3.56671	1	
19	32	45.5605	10	
19	33	4.63152	1	
19	34	26.3588	6	
19	36	2.54627	1	
19	37	7.15043	2	
19	38	40.6945	9	
19	39	23.5694	5	
19	41	10.1924	3	
20	21	24.3771	5	
20	22	24.8945	6	
20	23	76.2095	16	
20	24	5.12766	1	
20	25	9.1763	2	
20	27	24.498	6	
20	28	7.04378	1	
20	29	18.3833	4	
20	30	21.5805	5	
20	31	3.7053	1	
20	32	51.1368	10	
20	33	9.23375	2	
20	35	12.9362	3	
20	36	50.0072	10	
20	38	35.905	7	
20	39	6.36251	1	
20	41	11.969	3	
21	22	22.9376	6	
21	23	5.20127	1	
21	24	23.1051	4	
21	25	3.35713	1	
21	26	2.11065	1	
21	28	22.3988	5	
21	29	2.38687	1	
21	31	4.86843	1	
21	33	22.8246	5	
21	34	8.54304	2	
21	39	21.5668	4	
21	40	3.50887	1	
21	41	3.97464	1	
22	23	60.0457	14	
22	25	17.8334	4	
22	27	2.7082	1	
22	29	17.925	4	
22	30	23.9855	5	
22	31	24.6228	6	
22	32	23.3996	5	
22	35	8.53688	2	
22	36	25.8343	6	
22	37	15.1714	4	
22	38	25.441	7	
22	39	33.9301	8	
22	40	12.5371	3	
22	41	56.0791	12	
23	24	12.576	2	
23	25	20.6473	5	
23	26	21.9058	4	
23	27	21.9096	5	
23	28	27.5786	6	
23	29	9.67729	2	
23	30	27.9941	6	
23	31	5.56138	1	
23	32	31.398	7	
23	33	38.4281	9	
23	34	3.76009	1	
23	35	6.01865	1	
23	36	29.6981	6	
23	37	40.5735	8	
23	38	49.5026	11	
23	39	44.1371	10	
23	40	21.5467	4	
23	41	11.7125	2	
24	25	8.05295	2	
24	26	13.2815	3	
24	27	3.30466	1	
24	28	34.0377	7	
24	29	15.845	4	
24	33	43.3844	9	
24	35	29.6452	6	
24	36	4.55564	1	
24	38	17.5942	4	
24	41	9.93144	2	
25	26	23.3015	5	
25	28	3.92365	1	
25	29	45.1288	9	
25	30	32.4287	6	
25	31	6.2195	1	
25	32	28.1636	6	
25	33	39.5518	8	
25	35	23.2906	6	
25	36	29.7503	6	
25	38	24.4639	6	
25	39	2.4865	1	
25	40	42.5094	8	
25	41	48.8251	10	
26	27	18.2956	4	
26	30	49.8123	11	
26	31	23.9672	5	
26	32	3.59017	1	
26	33	20.5668	5	
26	34	9.33072	2	
26	35	4.72961	1	
26	39	24.426	5	
26	41	53.1137	12	
27	28	30.1028	6	
27	29	4.88038	1	
27	32	15.8968	4	
27	33	17.2924	4	
27	35	5.10788	1	
27	39	4.71423	1	
27	41	19.852	5	
28	29	61.4315	12	
28	30	39.7377	9	
28	31	15.2717	4	
28	32	5.47126	1	
28	33	32.166	7	
28	34	6.62317	1	
28	35	30.5519	6	
28	37	24.407	6	
28	38	22.1541	4	
28	39	27.6269	5	
28	40	4.33538	1	
28	41	2.74087	1	
29	30	35.7426	8	
29	32	5.7863	1	
29	33	7.21962	1	
29	34	22.265	5	
29	35	2.27802	1	
29	36	32.2167	6	
29	37	5.15814	1	
29	38	20.3207	5	
29	41	5.53228	1	
30	31	27.8315	7	
30	32	16.9564	4	
30	33	71.4112	15	
30	34	13.1241	3	
30	35	20.6614	5	
30	36	21.3721	5	
30	37	8.50847	2	
30	38	45.7576	10	
30	39	9.77519	2	
30	40	6.84157	2	
30	41	21.968	5	
31	32	49.3258	11	
31	33	5.56406	1	
31	35	42.9869	9	
31	36	3.3814	1	
31	37	10.3899	3	
31	38	26.3685	6	
31	40	27.1676	6	
31	41	30.2782	6	
32	33	41.9399	9	
32	34	41.2546	9	
32	36	17.2428	4	
32	37	27.5269	6	
32	38	20.7519	4	
32	39	26.2518	5	
32	40	22.6676	6	
33	34	36.2449	9	
33	35	17.8762	4	
33	36	4.75071	1	
33	37	16.0919	4	
33	38	32.2723	7	
33	39	22.2462	6	
33	40	18.4744	4	
33	41	34.9122	9	
34	35	17.7913	4	
34	36	6.7126	2	
34	37	7.08385	2	
34	38	4.36912	1	
34	40	42.4992	9	
34	41	9.31469	2	
35	36	11.5093	3	
35	37	10.5251	2	
35	38	14.9855	3	
35	39	55.9081	12	
35	41	48.6292	12	
36	37	6.70748	1	
36	38	41.2236	10	
36	40	21.5671	5	
36	41	34.053	7	
37	38	30.4884	7	
37	40	4.22045	1	
38	39	3.68894	1	
38	41	5.07952	2	
39	40	5.34446	1	
39	41	13.3233	4	
40	41	7.5895	2	
