10 16 25 35 36 47 63 66 81 96 97 101 106 128 138 139 143 153 159 173 175 178 229 236 243 250 266 269 271 273 282 292 303 337 341 342 346 347 360 365 369 377 399 409 414 420 424 433 439 445 456 463 474 480 492 496 501 508 511 545 561 564 567 569 570 580 585 598 599 614 618 626 632 642 646 648 652 658 663 670 676 677 678 681 686 691 692 695 
28 30 36 41 46 47 63 68 73 74 110 114 129 142 143 150 153 157 185 188 198 208 210 227 236 238 248 254 265 266 269 271 278 282 292 315 327 346 348 358 360 371 392 395 400 401 405 409 411 413 414 416 420 424 427 428 433 439 444 463 466 474 485 487 496 499 500 501 534 540 541 546 551 563 569 570 571 585 588 599 602 613 614 618 620 628 632 642 646 648 658 663 669 670 674 678 681 689 691 698 
11 20 30 38 55 65 84 92 95 99 101 104 120 126 141 174 191 212 220 229 237 257 259 274 304 309 318 336 338 345 346 350 354 356 367 381 382 386 389 390 391 409 412 414 417 438 440 441 451 457 463 470 483 487 492 494 502 503 508 510 511 522 525 535 541 547 551 559 561 564 567 568 574 575 579 595 603 611 617 626 636 639 640 643 645 648 655 660 664 665 669 673 676 682 684 690 698 
21 29 33 45 54 63 66 68 90 92 95 114 116 121 136 141 150 168 172 174 198 210 217 219 225 233 240 256 267 269 273 279 280 284 287 312 316 324 346 348 352 359 369 370 371 381 393 395 402 408 413 415 419 423 449 453 464 475 476 480 481 482 498 508 521 526 527 540 545 547 554 558 561 563 566 568 569 579 589 594 604 609 613 620 621 627 630 632 671 674 676 683 686 688 694 695 
7 13 47 70 78 84 104 114 126 129 131 132 135 148 163 177 181 200 213 216 222 235 251 252 280 289 295 302 304 306 313 314 322 335 345 354 356 366 386 391 392 397 415 436 437 439 443 444 448 451 458 460 479 486 492 494 498 499 502 505 511 515 516 541 555 566 604 606 607 608 615 617 624 627 639 640 646 649 661 663 664 670 698 
50 82 148 163 169 189 200 222 263 292 302 304 306 311 314 320 322 332 352 354 360 372 383 386 460 488 494 499 515 536 546 556 615 620 664 
14 26 46 51 55 62 65 67 72 73 85 117 149 150 165 166 186 190 195 199 207 209 214 222 224 234 242 245 255 258 265 272 277 278 290 293 298 305 308 317 318 325 333 339 352 358 366 396 404 405 406 410 416 423 425 438 439 456 459 467 468 469 478 484 485 490 493 496 500 502 509 511 512 526 534 542 555 583 584 585 586 590 596 599 602 611 624 627 631 641 656 668 670 673 677 684 691 694 695 698 700 
4 37 55 58 61 70 74 84 94 104 115 120 122 126 129 131 139 147 153 158 170 176 181 202 209 213 214 220 226 232 244 245 246 247 258 275 285 318 321 330 339 343 345 348 354 356 362 364 378 382 386 387 391 398 404 429 432 436 437 439 448 451 456 457 474 478 487 495 502 511 513 517 522 526 537 538 541 548 551 560 566 575 576 578 592 593 594 595 597 617 639 652 660 664 667 686 698 
47 68 74 78 95 107 114 153 172 188 198 205 210 282 346 360 371 411 413 414 424 448 484 492 501 548 563 569 599 608 613 614 615 642 649 661 662 664 674 681 698 
2 9 24 29 41 45 52 71 77 78 80 105 106 107 116 136 137 139 142 145 159 164 173 174 187 217 229 239 245 246 253 256 261 267 270 271 279 284 286 292 293 297 301 351 353 359 367 368 381 390 397 407 408 419 423 427 434 445 446 447 453 462 464 465 472 476 484 503 509 510 516 521 528 531 533 542 545 547 554 558 563 566 569 571 577 580 587 589 595 598 608 609 632 639 656 658 672 676 693 
8 14 15 24 30 31 40 46 53 56 59 73 77 81 91 110 111 123 124 128 130 146 147 154 166 181 185 186 189 192 193 201 202 215 226 229 231 235 249 268 269 274 279 280 283 288 292 297 307 315 317 320 323 340 353 357 361 363 366 367 383 384 388 390 397 400 405 409 411 427 435 438 441 446 455 458 462 463 471 477 490 493 516 518 520 527 530 534 539 543 547 552 560 562 570 571 587 590 591 601 605 608 622 623 629 639 641 644 646 649 651 652 654 655 658 659 664 669 672 676 678 680 684 688 690 691 692 697 698 
17 18 42 49 60 64 70 74 85 88 102 113 129 133 140 154 156 160 177 182 189 194 209 213 234 235 243 245 251 265 289 305 308 309 313 333 344 358 374 376 379 381 383 392 394 410 411 415 416 432 437 439 442 443 446 452 456 457 458 460 470 483 485 488 494 504 505 512 514 525 531 534 540 546 556 560 566 567 578 585 590 602 608 610 615 618 621 624 631 640 645 647 663 666 674 679 690 692 694 695 696 697 
12 16 32 35 40 43 51 66 79 81 82 87 94 96 97 101 107 109 123 124 128 140 141 152 165 178 180 192 197 202 228 255 279 280 281 293 298 300 301 303 310 311 319 336 339 342 343 347 365 379 384 388 391 395 399 404 406 411 429 431 433 439 440 455 456 473 496 498 500 507 512 513 517 523 527 536 542 544 546 547 552 558 566 572 600 606 615 626 632 639 643 648 652 653 663 664 668 675 676 686 690 
37 58 61 83 130 141 170 186 218 244 245 265 285 321 336 355 362 394 395 405 406 411 415 432 436 470 478 485 492 511 517 524 537 538 542 550 558 592 594 605 620 626 650 651 686 687 694 
9 40 41 46 52 68 69 77 80 87 93 104 105 123 124 135 137 164 168 172 185 186 187 188 192 198 202 210 235 246 255 261 286 292 297 310 318 347 363 371 384 386 388 393 399 403 407 411 413 432 434 441 455 459 484 522 527 542 548 552 561 563 574 577 606 613 616 626 628 639 648 652 654 660 669 672 674 676 690 691 
8 21 24 29 33 37 56 58 61 66 70 74 80 83 90 103 104 108 111 121 127 129 130 139 141 146 147 151 154 160 166 168 170 174 185 193 194 199 205 213 229 235 259 262 275 280 285 289 301 307 313 317 321 323 328 340 341 346 350 353 362 367 370 376 378 383 390 393 403 405 408 409 411 415 420 421 427 433 437 438 443 446 448 449 453 457 458 463 475 481 482 487 492 498 501 504 511 517 527 528 537 538 543 545 547 564 565 566 571 591 592 594 598 601 605 608 618 621 622 629 640 651 656 669 671 672 697 
18 19 25 28 37 40 44 48 49 50 57 58 61 65 68 69 75 76 80 82 83 86 88 98 100 102 104 109 112 113 114 119 120 122 123 124 126 131 132 136 139 140 144 155 161 162 169 172 175 186 188 192 194 197 198 201 204 206 208 210 216 217 219 221 227 228 233 244 247 250 257 258 263 264 267 269 276 279 281 284 285 291 294 296 297 299 310 311 312 320 321 326 338 344 345 349 354 356 359 362 370 371 372 373 374 375 384 386 388 391 395 396 397 398 400 401 406 411 413 418 419 423 424 428 431 433 440 451 452 454 455 461 464 465 466 470 476 477 478 483 484 489 492 497 500 502 505 511 514 517 519 520 521 527 528 532 533 534 536 537 541 546 548 552 556 557 558 559 562 563 564 567 571 572 573 576 578 581 582 592 593 598 601 602 603 607 609 611 613 616 617 620 626 628 632 635 636 638 639 643 645 653 654 658 663 674 685 690 692 694 698 
39 48 53 71 79 87 91 92 95 136 150 173 202 217 219 220 226 231 233 239 240 249 253 269 270 272 287 309 311 316 319 324 351 352 368 381 382 395 402 425 435 447 452 462 471 472 475 476 483 484 494 502 503 507 509 510 525 527 528 531 534 535 544 551 563 565 568 569 572 579 589 595 604 608 619 620 627 630 654 659 665 676 683 688 691 692 693 697 
13 55 71 80 108 120 126 131 135 151 162 199 220 226 247 251 253 270 310 324 328 341 345 350 351 354 356 368 378 386 391 421 439 441 445 447 451 452 456 462 465 472 487 492 502 509 511 531 535 541 551 556 560 565 566 574 598 607 617 618 628 639 640 680 693 698 
74 79 88 125 151 158 188 242 250 255 318 329 394 397 452 458 459 470 520 522 524 535 542 550 560 578 586 606 608 622 624 637 644 645 666 673 687 
9 12 16 23 30 36 39 43 46 51 52 56 62 63 66 77 78 79 81 93 96 97 101 105 107 111 115 125 128 135 137 139 143 146 152 153 158 159 164 165 171 173 178 186 187 197 209 210 220 236 241 244 245 246 249 255 261 269 282 286 292 293 298 303 310 311 334 346 347 348 352 357 358 360 377 386 396 399 401 403 404 405 407 409 412 414 420 433 434 436 441 445 450 459 463 481 492 500 501 503 512 513 517 518 526 537 540 542 549 555 558 566 570 571 577 581 592 599 601 606 614 621 623 628 629 632 634 642 643 646 648 652 653 654 655 658 663 668 670 672 673 679 681 686 690 691 692 
22 23 28 36 39 41 57 67 71 72 75 76 85 95 104 112 122 132 133 139 143 145 150 174 179 183 205 206 216 221 223 227 233 253 254 264 270 288 299 318 330 337 348 351 368 371 373 377 395 396 401 402 404 409 424 438 445 447 448 463 465 472 474 484 485 490 493 500 506 509 522 530 531 533 535 538 555 556 561 570 585 598 603 607 611 614 616 618 621 624 632 634 635 638 642 646 652 670 682 684 685 693 697 699 
1 12 21 23 29 32 33 36 37 46 52 54 57 58 63 68 72 76 77 82 83 90 94 100 104 107 110 111 114 118 119 121 122 134 135 139 143 147 150 153 156 158 167 171 172 175 186 187 188 194 196 198 204 205 209 210 214 216 224 227 228 234 237 238 244 247 248 255 264 266 273 285 286 296 298 299 310 312 320 321 328 330 332 336 338 346 348 362 365 370 371 391 392 393 395 396 398 399 401 403 406 407 408 409 413 415 418 420 424 426 431 434 436 440 441 449 461 463 465 478 481 482 484 488 489 497 498 500 501 513 524 526 527 528 529 532 536 537 542 545 547 548 549 550 554 557 562 563 570 571 572 573 576 577 582 589 592 594 601 609 613 614 620 621 624 627 628 634 635 636 643 645 646 648 652 653 656 657 662 663 667 670 671 672 674 679 685 686 690 691 694 696 700 
28 41 48 56 70 76 85 93 108 112 113 122 129 135 139 142 147 151 153 162 175 181 199 203 206 209 220 221 229 236 238 248 271 282 291 299 327 328 341 350 360 378 396 403 404 414 421 437 439 440 445 485 492 497 501 502 505 528 530 533 535 560 561 565 566 569 574 585 598 599 603 607 611 614 616 618 621 628 634 638 640 642 643 647 658 659 680 681 682 686 
11 20 36 38 66 81 97 101 111 128 135 141 176 191 197 220 228 229 243 303 304 338 343 346 347 381 382 399 414 435 439 440 463 471 483 487 494 498 501 503 508 509 510 525 528 531 535 547 551 570 571 575 595 627 632 640 643 646 652 676 681 688 693 
2 24 30 34 36 56 62 78 80 84 98 114 118 129 141 142 143 146 155 157 164 166 167 171 172 175 176 177 179 180 185 188 190 193 203 208 209 210 214 218 226 241 245 254 272 273 276 287 291 300 301 315 319 321 323 331 340 342 346 348 349 353 355 358 362 366 371 382 390 395 400 403 405 409 413 420 422 425 427 429 434 436 444 450 458 463 465 466 473 477 488 489 491 495 498 500 504 505 507 508 523 528 529 532 535 537 543 544 546 548 549 555 557 558 563 570 571 572 577 581 582 585 589 591 600 601 602 604 608 614 619 621 622 624 625 627 628 629 630 634 643 646 650 658 659 661 662 663 664 667 669 670 672 674 675 680 688 689 696 
12 22 27 28 39 43 51 70 74 87 88 92 97 107 111 112 115 116 125 127 141 152 156 164 165 166 182 189 197 206 214 221 240 243 249 251 255 280 287 293 298 309 310 316 334 352 377 379 396 402 403 404 411 419 424 430 438 442 445 459 462 471 475 476 488 494 500 510 512 517 526 527 528 533 540 542 546 548 549 561 568 573 579 582 603 604 606 611 616 618 620 621 627 629 630 634 638 640 652 663 666 668 673 682 683 686 688 691 
5 18 37 46 62 69 73 84 98 131 142 150 155 157 161 164 175 190 192 193 197 203 205 208 214 233 238 241 254 255 263 269 276 315 326 327 342 349 352 358 380 383 400 402 403 410 424 428 433 442 444 445 449 450 464 466 470 473 475 477 483 491 495 500 504 519 528 533 542 546 548 549 551 555 557 558 561 568 574 581 582 587 588 591 594 601 602 603 610 619 625 627 629 630 631 634 656 659 675 680 682 689 695 696 697 
62 67 69 71 85 95 113 133 139 145 166 171 179 183 190 205 223 233 239 241 253 266 270 288 323 337 351 352 356 363 366 368 381 385 392 393 395 396 444 447 448 450 458 462 465 472 474 490 502 505 506 509 511 522 528 530 531 535 538 549 555 558 577 581 589 599 601 604 618 620 624 627 629 634 642 647 651 655 671 693 696 697 699 
94 125 147 158 164 166 171 182 185 189 209 251 269 333 334 352 358 380 399 404 409 411 430 431 440 446 453 473 483 512 517 521 526 540 621 629 643 661 669 673 696 
17 42 60 64 73 88 95 99 101 110 156 160 167 182 207 211 212 218 220 237 243 251 259 289 291 308 309 313 325 331 333 336 355 358 374 379 381 389 390 394 395 410 411 415 416 417 422 432 438 442 457 458 464 467 483 488 494 503 510 514 525 529 531 551 557 560 564 574 575 610 624 636 650 660 662 663 665 666 673 690 695 
6 25 32 60 62 67 70 77 82 85 99 102 103 109 127 128 129 133 137 145 157 160 161 166 167 171 173 176 177 179 181 183 187 190 205 206 207 209 211 213 218 220 221 223 224 228 233 235 239 241 246 259 260 261 262 275 280 281 289 291 295 297 307 311 313 325 331 337 346 348 355 356 363 374 376 380 389 392 395 396 398 403 405 407 417 422 431 432 433 436 437 440 441 442 443 445 448 450 451 457 474 483 484 485 490 505 506 517 519 522 527 528 529 530 533 535 536 538 548 549 555 558 559 561 564 566 571 572 574 575 577 581 585 601 603 611 615 618 620 621 624 625 627 634 636 638 640 643 647 648 650 653 658 660 662 663 665 673 676 682 688 690 697 699 
21 29 33 56 62 69 90 96 132 139 158 168 174 190 213 215 230 240 266 268 271 273 274 285 288 297 315 327 330 357 361 362 365 366 370 385 392 393 400 403 406 412 414 415 417 433 436 438 449 450 457 478 481 482 487 491 493 498 516 523 529 534 539 545 549 551 555 566 577 581 592 593 594 601 608 614 620 621 623 624 629 634 641 644 654 655 659 663 671 676 684 693 697 
34 45 71 78 79 93 108 113 115 116 118 125 136 138 140 147 151 164 171 179 180 181 192 199 202 214 217 218 224 242 245 250 253 256 267 270 273 279 284 300 301 318 319 324 328 329 339 341 342 348 350 351 358 359 365 368 378 381 383 391 411 415 419 421 423 424 429 434 437 439 445 447 452 453 462 463 464 472 473 476 491 501 504 507 508 509 520 521 523 524 530 531 535 544 546 550 554 560 563 564 565 589 598 600 609 613 619 629 637 653 656 658 675 680 687 693 696 697 
21 27 89 93 101 135 138 161 168 184 221 225 262 294 358 364 371 385 387 398 430 437 471 479 480 509 513 547 552 553 561 578 589 596 597 610 612 613 633 653 656 679 688 
15 56 69 92 96 189 203 215 219 230 266 268 274 287 288 315 316 335 340 357 361 365 366 392 396 402 403 412 417 427 433 438 448 450 457 474 475 478 479 493 516 523 529 535 539 555 568 579 584 591 593 604 608 623 624 629 630 635 644 647 650 654 655 659 664 665 673 680 683 684 693 697 
14 26 46 60 62 68 70 73 103 110 127 129 147 160 172 188 190 198 207 209 210 213 220 234 261 265 273 275 289 290 308 309 313 328 346 358 371 376 380 383 405 406 410 413 416 428 439 441 443 456 467 484 485 494 496 502 504 505 511 527 563 566 590 596 607 613 619 621 631 640 641 648 666 673 674 677 686 695 
25 44 48 57 75 80 86 120 122 132 180 197 206 208 209 216 219 227 263 264 296 297 299 354 373 377 388 401 418 445 465 505 527 546 556 593 603 607 611 617 632 635 673 685 
3 18 19 21 24 26 27 29 30 32 33 37 40 48 49 50 53 55 58 61 65 70 72 73 76 82 83 84 89 91 94 98 102 103 109 111 113 115 117 121 123 124 127 129 131 137 139 140 141 144 146 148 149 160 161 162 163 167 168 169 173 174 175 176 184 192 193 195 200 201 207 211 213 218 220 222 223 224 225 226 228 231 233 234 235 238 239 241 242 244 245 249 250 257 258 260 262 263 265 266 271 272 275 276 277 278 281 285 287 289 290 291 292 294 295 300 302 305 306 308 309 310 311 313 314 317 318 320 321 322 324 325 326 328 329 331 333 340 344 348 349 352 353 354 355 356 360 361 362 363 370 372 374 375 376 380 383 384 385 386 387 388 389 391 393 395 396 398 406 408 410 413 416 417 422 425 427 428 430 431 433 434 435 436 437 438 439 440 443 449 451 452 454 455 456 457 460 467 468 469 470 471 475 477 478 479 480 481 482 483 485 492 496 497 498 499 501 502 511 517 519 520 524 528 529 534 536 537 541 543 544 545 546 547 548 550 551 552 553 554 557 559 562 566 567 572 574 577 578 579 582 583 584 586 590 591 592 594 596 598 599 602 608 610 611 612 617 619 620 622 624 625 626 627 628 630 631 633 637 639 640 641 642 643 645 646 647 648 649 650 652 653 654 662 663 665 669 671 672 676 677 679 680 683 684 685 686 687 688 690 691 692 694 695 698 700 
14 15 30 31 38 59 63 78 84 95 99 104 110 124 156 186 206 211 212 226 227 237 239 257 259 269 283 292 318 336 346 363 365 384 388 389 397 406 409 412 417 432 457 459 483 510 516 518 522 525 527 533 534 540 547 551 558 559 561 564 574 575 576 579 587 595 620 621 622 626 636 638 649 660 665 678 683 691 698 
74 79 85 88 102 133 145 151 157 179 183 188 224 239 242 245 250 305 318 329 352 374 378 392 397 444 452 458 459 470 490 503 506 520 522 524 529 530 535 538 550 560 567 578 586 588 604 608 615 624 637 640 644 645 646 647 673 687 694 696 697 700 
65 69 72 80 117 149 166 195 222 242 245 272 277 278 292 305 317 318 324 333 375 396 412 423 425 438 454 468 469 474 478 482 493 500 543 544 571 583 584 586 622 627 641 669 672 684 700 
