0	1	3
0	2	2
0	3	9
0	4	14
0	5	5
0	6	4
0	7	7
0	8	11
0	9	4
0	10	2
0	11	3
0	12	6
0	13	4
0	14	3
0	15	5
0	16	3
0	17	7
0	18	7
0	19	3
0	20	3
0	21	14
0	22	4
0	23	15
0	24	8
0	25	4
0	26	10
0	27	8
0	28	5
0	29	3
0	30	1
0	31	3
0	32	2
0	33	6
0	34	9
0	35	8
0	36	2
0	37	5
1	2	13
1	3	11
1	4	6
1	5	6
1	6	7
1	7	4
1	8	4
1	9	7
1	10	15
1	11	2
1	12	10
1	13	2
1	14	7
1	15	12
1	16	12
1	17	6
1	18	7
1	19	1
1	20	4
1	21	19
1	22	2
1	23	7
1	24	8
1	25	8
1	26	13
1	27	4
1	28	12
1	29	5
1	30	5
1	31	5
1	32	8
1	33	6
1	34	7
1	35	7
1	36	4
1	37	3
2	3	3
2	4	2
2	5	11
2	6	1
2	7	6
2	8	8
2	9	7
2	10	10
2	11	3
2	12	4
2	13	3
2	14	5
2	15	4
2	16	10
2	17	5
2	18	10
2	19	5
2	20	3
2	21	9
2	22	8
2	23	6
2	24	7
2	25	6
2	26	6
2	27	6
2	28	3
2	29	5
2	30	1
2	31	9
2	32	3
2	33	2
2	34	12
2	35	10
2	36	9
2	37	3
3	4	6
3	5	15
3	6	4
3	7	4
3	8	4
3	9	3
3	10	5
3	11	4
3	12	6
3	13	8
3	14	4
3	15	11
3	16	13
3	17	10
3	18	13
3	19	2
3	20	3
3	21	11
3	22	5
3	23	9
3	24	8
3	25	6
3	26	3
3	27	4
3	28	2
3	29	3
3	30	6
3	31	2
3	32	5
3	33	5
3	34	6
3	35	8
3	36	7
4	5	5
4	6	6
4	7	14
4	8	4
4	9	4
4	10	5
4	11	3
4	12	4
4	13	4
4	14	5
4	15	2
4	16	3
4	17	2
4	18	5
4	19	8
4	20	1
4	21	11
4	22	4
4	23	9
4	24	9
4	25	2
4	26	4
4	27	1
4	28	7
4	29	3
4	30	2
4	31	6
4	32	3
4	33	5
4	34	9
4	35	8
4	36	3
4	37	4
5	6	9
5	7	7
5	8	9
5	9	4
5	10	6
5	11	10
5	12	11
5	13	10
5	14	7
5	15	10
5	16	15
5	17	9
5	18	10
5	19	4
5	20	4
5	21	16
5	22	14
5	23	9
5	24	8
5	25	15
5	26	12
5	27	5
5	28	9
5	29	3
5	30	9
5	31	9
5	32	4
5	33	7
5	34	13
5	35	11
5	36	7
5	37	7
6	7	13
6	8	4
6	9	6
6	10	3
6	11	10
6	12	4
6	13	4
6	14	7
6	15	9
6	16	3
6	17	6
6	18	4
6	19	3
6	20	6
6	21	10
6	22	2
6	23	6
6	24	7
6	25	3
6	26	4
6	27	4
6	28	2
6	29	8
6	30	3
6	31	7
6	32	5
6	33	8
6	34	3
6	35	10
6	36	6
6	37	2
7	8	6
7	9	3
7	10	5
7	11	8
7	12	7
7	13	5
7	14	1
7	15	10
7	16	7
7	17	6
7	18	10
7	19	1
7	20	3
7	21	12
7	22	5
7	23	8
7	24	4
7	25	5
7	26	10
7	27	5
7	28	4
7	29	2
7	30	6
7	31	9
7	32	4
7	33	7
7	34	9
7	35	5
7	36	3
7	37	1
8	9	6
8	10	6
8	11	5
8	12	8
8	13	1
8	14	3
8	15	5
8	16	5
8	17	4
8	18	4
8	19	8
8	20	3
8	21	10
8	22	7
8	23	7
8	24	7
8	25	6
8	26	6
8	27	7
8	28	7
8	29	5
8	30	6
8	31	8
8	32	4
8	33	2
8	34	4
8	35	3
8	36	2
8	37	6
9	10	6
9	11	2
9	12	5
9	13	3
9	14	4
9	15	9
9	16	12
9	17	2
9	18	6
9	19	2
9	21	6
9	22	6
9	23	8
9	24	6
9	25	5
9	26	10
9	27	7
9	28	5
9	29	4
9	30	3
9	31	5
9	32	1
9	33	6
9	34	6
9	35	4
9	36	2
9	37	6
10	11	1
10	12	12
10	14	3
10	15	10
10	16	5
10	17	4
10	18	11
10	19	7
10	20	4
10	21	11
10	22	6
10	23	10
10	24	7
10	25	3
10	26	8
10	27	3
10	28	7
10	29	2
10	30	3
10	31	7
10	32	1
10	33	7
10	34	8
10	35	4
10	36	3
10	37	3
11	12	6
11	13	2
11	14	6
11	15	2
11	16	7
11	17	6
11	18	8
11	19	4
11	20	6
11	21	3
11	22	5
11	23	10
11	24	5
11	25	1
11	26	5
11	27	3
11	28	6
11	29	6
11	30	3
11	31	2
11	33	4
11	34	5
11	35	3
11	36	7
11	37	6
12	13	4
12	14	9
12	15	11
12	16	15
12	17	7
12	18	10
12	19	6
12	20	4
12	21	12
12	22	6
12	23	7
12	24	10
12	25	5
12	26	16
12	27	6
12	28	6
12	29	4
12	30	6
12	31	4
12	32	5
12	33	3
12	34	10
12	35	6
12	36	13
13	14	3
13	15	6
13	16	3
13	17	4
13	18	1
13	19	4
13	20	2
13	21	7
13	22	1
13	23	9
13	24	7
13	25	6
13	26	7
13	27	6
13	28	2
13	29	6
13	30	7
13	31	3
13	32	1
13	33	1
13	34	6
13	35	7
13	36	4
13	37	1
14	15	4
14	16	15
14	17	2
14	18	9
14	19	5
14	20	1
14	21	10
14	22	3
14	23	11
14	24	10
14	25	7
14	26	5
14	27	2
14	28	1
14	29	2
14	30	13
14	31	3
14	32	3
14	33	2
14	34	17
14	35	5
14	36	5
14	37	4
15	16	14
15	17	3
15	18	5
15	19	7
15	20	5
15	21	12
15	22	6
15	23	13
15	24	11
15	25	6
15	26	12
15	27	4
15	28	4
15	29	3
15	30	5
15	31	3
15	32	1
15	33	5
15	34	13
15	35	10
15	36	3
15	37	5
16	17	4
16	18	15
16	19	6
16	20	5
16	21	22
16	22	11
16	23	6
16	24	5
16	25	8
16	26	10
16	27	15
16	28	5
16	29	6
16	30	5
16	31	9
16	32	8
16	33	18
16	34	7
16	35	8
16	36	6
16	37	8
17	18	10
17	19	8
17	20	3
17	21	11
17	22	4
17	23	10
17	24	2
17	25	5
17	26	12
17	27	14
17	28	7
17	29	10
17	30	5
17	31	6
17	32	5
17	33	4
17	34	9
17	35	7
17	36	8
17	37	3
18	19	5
18	20	3
18	21	14
18	22	10
18	23	10
18	24	10
18	25	10
18	26	9
18	27	12
18	28	6
18	29	7
18	30	5
18	31	13
18	32	14
18	33	8
18	34	13
18	35	7
18	36	8
18	37	7
19	20	7
19	21	7
19	22	2
19	23	6
19	24	5
19	25	4
19	26	9
19	27	2
19	28	7
19	29	4
19	30	3
19	31	3
19	32	3
19	33	4
19	34	5
19	35	5
19	36	7
19	37	5
20	21	6
20	22	2
20	23	8
20	24	3
20	25	1
20	26	4
20	27	3
20	28	1
20	29	4
20	30	3
20	31	3
20	32	3
20	33	2
20	34	8
20	35	2
20	36	1
20	37	2
21	22	8
21	23	24
21	24	11
21	25	8
21	26	15
21	27	14
21	28	5
21	29	6
21	30	6
21	31	5
21	32	8
21	33	12
21	34	11
21	35	10
21	36	7
21	37	11
22	23	10
22	24	7
22	25	2
22	26	6
22	27	2
22	28	12
22	29	6
22	30	3
22	31	3
22	32	8
22	33	7
22	34	8
22	35	4
22	36	7
22	37	3
23	24	10
23	25	8
23	26	16
23	27	9
23	28	5
23	29	3
23	30	7
23	31	6
23	32	5
23	33	5
23	34	17
23	35	5
23	36	6
23	37	4
24	25	10
24	26	7
24	27	6
24	28	4
24	29	6
24	30	3
24	31	7
24	32	7
24	33	5
24	34	6
24	35	8
24	36	10
25	26	15
25	27	5
25	28	7
25	29	11
25	30	7
25	31	6
25	32	4
25	33	8
25	34	13
25	35	10
25	36	17
26	27	5
26	28	8
26	29	6
26	30	10
26	31	4
26	32	11
26	33	8
26	34	12
26	35	4
26	36	9
26	37	6
27	28	5
27	29	10
27	30	5
27	31	6
27	32	2
27	33	6
27	34	9
27	35	5
27	36	5
27	37	7
28	29	1
28	30	6
28	31	4
28	32	5
28	33	4
28	34	9
28	35	2
28	36	5
28	37	1
29	30	8
29	31	10
29	32	4
29	33	10
29	34	5
29	35	2
29	36	9
29	37	2
30	31	5
30	32	1
30	33	4
30	34	7
30	35	7
30	36	6
30	37	2
31	32	4
31	33	6
31	34	8
31	35	10
31	36	4
31	37	4
32	33	8
32	34	6
32	35	4
32	36	4
32	37	9
33	34	16
33	35	8
33	36	6
33	37	2
34	35	15
34	36	5
34	37	3
35	36	4
35	37	1
36	37	4
