#module 0 size: 57 bs: 0.000799889
8 18 26 44 53 66 69 75 77 81 96 107 112 133 169 193 211 212 229 257 261 279 284 286 307 325 327 336 355 379 384 395 411 415 416 429 431 442 492 499 503 506 507 520 523 533 541 543 552 573 614 619 644 646 660 662 691 
#module 1 size: 25 bs: 1
21 24 116 187 191 247 266 274 302 308 366 400 419 444 471 473 524 556 562 567 600 626 664 670 675 
#module 2 size: 20 bs: 1
114 151 163 164 172 216 221 256 280 391 439 454 515 529 562 627 636 638 639 676 
#module 3 size: 22 bs: 1
38 90 157 230 232 244 245 258 267 278 329 370 426 517 553 564 576 581 595 607 609 662 
#module 4 size: 30 bs: 1
14 89 95 156 161 194 214 222 230 250 297 359 386 404 422 453 457 460 510 512 532 546 585 589 599 606 628 647 656 693 
#module 5 size: 15 bs: 1
82 144 219 326 426 466 474 497 498 533 551 584 612 618 620 
#module 6 size: 17 bs: 1
47 60 83 248 280 292 311 368 455 468 472 531 536 554 577 597 653 
#module 7 size: 17 bs: 1
6 30 50 79 87 177 234 330 344 353 381 400 425 605 672 674 684 
#module 8 size: 23 bs: 1
61 65 68 117 138 162 166 180 215 240 319 360 364 366 369 401 427 493 518 597 638 651 672 
#module 9 size: 15 bs: 1
29 48 80 106 134 171 195 375 386 551 577 645 652 660 689 
#module 10 size: 24 bs: 1
20 35 123 129 148 262 263 351 389 393 419 440 450 469 475 477 484 485 526 546 563 657 658 676 
#module 11 size: 13 bs: 1
113 150 153 175 249 342 385 476 501 611 623 642 693 
#module 12 size: 19 bs: 1
1 9 12 55 111 154 197 233 273 326 354 382 544 548 560 603 641 679 700 
#module 13 size: 22 bs: 1
31 102 141 155 158 165 235 295 299 313 340 355 367 383 440 445 508 524 534 581 588 665 
#module 14 size: 31 bs: 1
17 45 52 59 156 167 173 174 243 246 290 324 337 354 390 396 408 413 428 438 449 495 504 524 538 544 604 610 617 682 694 
#module 15 size: 19 bs: 1
121 139 190 206 267 291 298 394 403 464 486 513 525 542 557 568 582 616 678 
#module 16 size: 25 bs: 1
23 27 58 101 126 140 209 306 317 322 333 373 391 397 448 553 572 621 630 632 649 661 681 687 688 
#module 17 size: 15 bs: 1
28 40 94 201 236 252 315 345 402 417 451 506 563 596 622 
#module 18 size: 12 bs: 1
3 11 104 142 147 270 275 324 363 376 562 597 
#module 19 size: 39 bs: 1
15 25 36 46 63 70 84 98 168 170 196 217 253 287 294 309 335 338 349 377 392 410 411 420 467 470 487 493 496 502 519 565 590 617 627 654 670 688 695 
#module 20 size: 18 bs: 1
86 88 194 208 259 265 318 332 339 387 433 522 540 574 601 663 668 680 
#module 21 size: 30 bs: 1
13 72 189 192 228 239 254 269 276 277 288 319 327 335 339 405 446 479 488 490 537 547 555 566 591 624 644 650 659 697 
#module 22 size: 25 bs: 1
34 56 67 127 146 182 183 251 285 289 312 343 346 347 406 459 461 500 505 540 571 592 598 643 655 
#module 23 size: 21 bs: 1
5 73 78 119 160 178 199 226 241 348 361 388 434 452 481 575 578 608 616 631 655 
#module 24 size: 31 bs: 1
57 71 99 108 109 145 207 224 231 264 271 302 314 358 380 416 437 451 482 491 516 530 537 573 586 604 625 637 640 671 676 
#module 25 size: 23 bs: 1
10 42 64 97 115 118 130 185 198 204 205 238 243 372 377 399 418 458 511 573 582 673 699 
#module 26 size: 18 bs: 1
41 51 62 85 124 131 152 203 218 293 352 357 456 522 550 615 628 672 
#module 27 size: 16 bs: 1
49 132 188 282 300 421 436 443 500 527 558 583 596 602 620 669 
#module 28 size: 16 bs: 1
37 110 213 272 283 296 407 463 494 548 554 559 566 569 579 587 
#module 29 size: 19 bs: 1
54 92 251 323 331 365 407 432 462 472 514 528 533 545 570 610 669 690 696 
#module 30 size: 16 bs: 1
19 32 100 105 136 200 227 320 334 424 489 594 661 671 685 686 
#module 31 size: 23 bs: 1
22 74 137 149 181 184 186 268 303 304 341 423 428 483 489 516 580 593 613 635 688 692 694 
#module 32 size: 28 bs: 1
2 103 179 202 220 223 237 242 305 310 321 328 350 362 371 398 430 435 458 521 539 561 603 634 639 648 667 683 
#module 33 size: 18 bs: 1
33 91 93 120 159 176 210 225 316 409 412 441 447 509 576 633 666 698 
#module 34 size: 20 bs: 1
4 7 16 39 128 143 188 255 260 281 301 374 378 414 465 478 480 608 616 629 
#module 35 size: 10 bs: 1
43 76 122 125 135 356 535 549 677 695 
