41 60 66 135 156 172 193 314 407 584 645 680 739 851 881 973 1120 1145 1153 1276 1395 1506 1630 1667 
26 58 59 77 142 152 165 182 268 296 301 322 380 492 499 544 606 702 768 796 834 890 951 1109 1168 1187 1199 1225 1255 1257 1258 1283 1340 1437 1453 1474 1490 1497 1554 1561 1584 1590 1643 
3 42 45 75 125 181 188 210 235 257 280 318 396 439 445 453 462 476 651 661 686 693 697 711 715 745 748 791 806 822 844 857 899 924 966 1028 1045 1091 1129 1219 1277 1278 1323 1367 1396 1413 1498 1516 1530 1577 1599 1609 1634 1641 1656 
42 45 184 235 243 257 318 342 396 445 462 490 506 522 547 633 651 660 662 693 729 748 806 857 876 1010 1028 1054 1095 1128 1129 1132 1218 1225 1243 1277 1307 1317 1323 1347 1367 1385 1398 1461 1465 1535 1559 1577 1609 1622 1641 1673 
28 138 203 321 325 352 353 404 480 529 538 624 676 700 713 774 844 881 932 1009 1031 1057 1078 1086 1088 1127 1148 1197 1214 1216 1227 1288 1292 1293 1311 1331 1346 1356 1371 1424 1451 1560 1572 1676 1684 
17 51 192 210 218 223 257 327 396 445 496 651 662 748 862 1028 1129 1143 1192 1230 1277 1323 1367 1382 1412 1440 1452 1480 1609 1641 1668 
33 43 125 213 263 317 340 360 415 486 530 605 635 639 674 822 844 896 899 915 1030 1031 1054 1083 1183 1265 1293 1326 1418 1535 1560 
74 196 200 325 434 445 453 467 482 542 548 594 604 616 618 623 711 722 745 784 803 804 815 818 823 834 873 902 914 928 942 963 985 1061 1091 1122 1163 1199 1217 1280 1335 1393 1396 1400 1450 1477 1530 1547 1554 1561 1571 1634 1652 1669 1686 
90 136 151 182 269 310 314 525 543 586 785 858 871 967 987 1176 1202 1228 1306 1322 1367 1400 1419 1515 1624 1699 
90 136 151 269 310 314 525 543 586 785 858 871 967 987 1176 1202 1306 1322 1367 1400 1419 1699 
15 28 43 154 199 213 219 263 270 272 283 317 340 360 415 437 453 486 501 517 528 530 582 605 632 635 639 678 742 800 835 844 864 896 915 930 996 1030 1031 1039 1054 1066 1083 1086 1158 1183 1237 1259 1265 1281 1293 1418 1426 1432 1560 1564 1569 1617 1620 1627 1648 
137 247 248 276 396 399 457 505 587 631 633 669 697 763 770 851 911 920 959 1016 1084 1110 1153 1161 1164 1171 1199 1276 1298 1318 1348 1387 1535 1537 1542 1598 1685 1693 
44 73 167 195 229 235 278 286 295 297 304 343 500 514 600 629 633 643 653 657 689 698 708 728 730 732 827 848 906 929 983 994 1024 1033 1038 1047 1149 1180 1192 1195 1221 1238 1281 1374 1455 1538 1553 1670 
15 28 136 199 272 283 364 437 453 517 528 582 632 637 693 742 800 835 864 930 967 1031 1039 1066 1086 1155 1158 1176 1202 1237 1286 1342 1393 1432 1552 1558 1560 1569 1620 1627 1648 
100 110 368 375 469 540 563 612 669 761 801 1175 1478 1591 1595 1619 1685 
23 108 178 209 245 276 287 294 303 320 334 420 513 514 516 519 520 526 553 555 603 611 753 757 845 912 942 1077 1315 1491 1503 1558 1564 1591 1614 1680 1682 
41 84 105 115 146 188 201 214 354 370 371 385 451 457 581 601 736 887 894 895 925 973 991 1041 1045 1076 1087 1123 1126 1136 1153 1154 1159 1161 1165 1203 1223 1275 1288 1298 1311 1334 1349 1401 1407 1506 1514 1516 1530 1537 1574 1599 1649 1653 1660 1667 1689 1693 
239 265 418 521 532 578 652 749 804 872 876 992 994 1080 1138 1152 1167 1236 1341 1354 1360 1449 1458 1534 1605 1657 
40 54 120 186 200 229 286 306 315 343 360 381 396 434 467 482 487 496 500 548 552 566 600 618 629 643 653 657 694 696 698 708 722 728 730 789 815 817 824 827 829 848 870 906 922 929 963 983 1033 1038 1047 1063 1122 1144 1180 1192 1195 1235 1238 1281 1305 1310 1381 1455 1468 1529 1538 1553 1570 1667 1669 1670 1696 
46 102 108 126 128 262 274 309 518 593 599 665 705 721 775 788 803 812 822 839 901 943 956 998 1021 1080 1174 1194 1269 1280 1330 1431 1433 1442 1450 1483 1497 1612 1658 
75 211 243 244 440 609 623 650 688 721 732 783 787 873 876 891 919 991 1005 1011 1048 1093 1095 1125 1133 1201 1217 1218 1317 1335 1347 1394 1439 1450 1477 1480 1499 1515 1551 1581 1621 1629 1641 1659 
127 148 212 246 411 449 521 532 554 578 608 652 734 762 804 821 902 992 994 1015 1018 1070 1105 1152 1167 1235 1258 1306 1354 1360 1371 1399 1429 1432 
27 162 218 224 228 231 234 301 333 361 384 411 414 426 448 487 493 497 512 537 545 581 591 605 654 666 692 710 733 753 755 776 791 822 889 897 902 913 916 944 948 960 990 1012 1062 1091 1107 1112 1130 1157 1253 1280 1304 1309 1316 1333 1337 1342 1352 1362 1441 1445 1459 1472 1484 1489 1540 1550 1580 1582 1587 1600 1608 1645 1676 
121 139 176 187 202 266 305 307 324 330 331 413 456 473 480 518 541 546 551 575 627 655 656 664 729 737 752 753 764 775 824 853 854 858 874 901 923 939 953 975 1021 1029 1045 1046 1089 1101 1114 1154 1169 1177 1192 1210 1242 1431 1444 1464 1494 1502 1519 1531 1556 1564 1605 1616 1686 1692 1700 
176 187 202 266 324 330 413 480 541 656 664 737 824 853 854 874 953 975 998 1029 1045 1114 1154 1169 1494 1502 1531 1564 1605 1616 1686 1692 1700 
47 91 106 109 114 125 127 150 166 175 219 240 267 337 347 358 385 386 416 432 461 465 470 473 504 558 565 596 624 676 700 762 779 782 794 801 808 812 819 840 847 861 863 881 885 905 952 973 982 1016 1061 1088 1090 1125 1177 1291 1300 1313 1384 1404 1418 1421 1422 1439 1453 1496 1500 1515 1529 1536 1539 1583 1610 1613 1618 1630 1642 1647 1662 1667 1686 1694 
46 102 108 121 126 128 141 262 274 284 298 300 309 331 456 463 473 518 546 575 593 599 627 664 665 705 721 735 752 753 775 788 812 814 839 901 939 943 956 972 976 980 998 1021 1046 1101 1174 1182 1184 1192 1194 1242 1269 1280 1309 1330 1339 1377 1431 1433 1442 1444 1450 1483 1497 1519 1552 1556 1566 1612 1628 1658 
53 82 151 182 269 299 310 314 334 513 543 586 605 625 741 785 830 841 871 967 968 1020 1150 1166 1176 1185 1202 1228 1249 1266 1298 1306 1322 1491 1547 1614 1642 1664 1699 
75 211 243 244 322 425 440 540 557 609 650 721 732 783 873 879 891 897 919 957 972 991 1005 1011 1093 1095 1106 1125 1133 1158 1201 1217 1218 1283 1317 1347 1394 1436 1439 1480 1515 1551 1581 1621 1629 1641 1659 1660 
86 109 114 125 127 150 166 175 223 296 298 347 349 358 386 455 504 558 569 571 595 676 719 762 772 794 840 861 863 885 908 952 1061 1125 1149 1224 1291 1313 1348 1421 1484 1495 1496 1500 1520 1536 1540 1618 1686 
127 148 212 246 432 449 516 521 532 554 578 608 652 734 762 804 821 992 994 1015 1018 1070 1105 1152 1167 1235 1306 1354 1360 1371 1399 1577 
66 71 89 117 129 161 189 204 299 319 339 376 381 386 391 392 397 458 470 486 500 512 612 667 703 721 809 841 884 957 971 977 993 997 1002 1019 1030 1073 1075 1090 1106 1153 1185 1203 1206 1215 1218 1243 1251 1264 1266 1267 1367 1372 1376 1383 1408 1454 1483 1504 1508 1523 1573 1586 1636 1678 1683 1697 
93 97 134 170 206 222 249 259 315 338 356 369 421 424 428 431 470 475 476 482 561 595 637 678 687 691 707 744 760 765 772 774 778 790 797 805 817 859 880 888 937 941 955 969 1008 1013 1040 1043 1131 1158 1196 1233 1245 1248 1279 1313 1321 1328 1330 1353 1357 1383 1399 1410 1471 1509 1528 1538 1550 1580 1619 1624 1639 1688 1697 
74 99 196 242 325 381 434 455 467 482 548 594 604 618 623 684 688 722 745 761 784 803 815 818 838 921 928 942 963 985 1122 1163 1335 1349 1393 1400 1450 1477 1530 1547 1554 1581 1652 1669 
31 41 46 53 70 84 99 102 105 108 115 119 128 141 146 170 183 190 195 222 250 260 262 274 291 297 309 311 365 369 370 371 385 395 423 425 455 457 462 539 551 567 568 589 593 599 615 638 646 665 674 695 705 736 775 788 812 822 826 838 839 844 852 856 869 880 889 895 901 903 925 943 956 972 973 987 991 998 1003 1012 1021 1037 1043 1087 1096 1107 1123 1130 1131 1136 1140 1153 1154 1161 1165 1174 1194 1203 1224 1269 1275 1292 1298 1299 1309 1330 1334 1339 1348 1349 1357 1370 1373 1377 1395 1401 1410 1425 1431 1433 1441 1442 1456 1462 1464 1466 1484 1489 1505 1509 1514 1520 1521 1537 1540 1548 1574 1607 1612 1649 1653 1658 1667 1676 1679 1689 1693 
11 102 126 235 253 337 350 354 390 392 450 460 486 500 507 533 561 607 612 673 676 681 697 702 740 741 746 747 754 791 812 820 846 862 869 879 887 894 917 945 962 1034 1136 1145 1166 1185 1195 1220 1252 1268 1282 1286 1297 1348 1363 1388 1402 1422 1436 1438 1449 1463 1512 1541 1563 1570 1623 1625 1626 1650 1687 1694 
54 120 126 132 186 306 315 337 360 381 390 482 486 487 552 577 579 590 607 640 676 694 708 730 741 781 813 826 827 829 836 846 870 875 879 907 917 922 983 997 1001 1023 1044 1063 1166 1191 1195 1220 1235 1252 1282 1305 1310 1314 1363 1381 1386 1402 1416 1436 1455 1468 1480 1512 1529 1538 1562 1570 1601 1614 1623 1635 1639 1667 1687 1696 
91 93 97 206 209 249 297 302 315 338 356 424 444 462 510 597 614 625 637 638 678 691 707 765 774 817 880 888 937 952 1003 1013 1016 1096 1158 1237 1245 1299 1321 1328 1353 1357 1370 1373 1383 1399 1462 1464 1471 1505 1508 1520 1528 1538 1543 1550 1557 1558 1569 1624 1697 
14 63 104 139 192 222 344 348 397 403 421 470 486 542 617 668 672 687 706 713 743 785 809 821 828 841 860 884 941 971 1002 1058 1117 1153 1160 1182 1215 1228 1253 1266 1284 1342 1376 1425 1426 1464 1509 1573 1577 1578 1586 1666 1683 1697 
21 66 201 226 271 339 355 373 461 468 498 502 503 644 689 706 716 793 802 821 831 837 983 1011 1035 1064 1114 1124 1144 1159 1162 1185 1277 1288 1298 1324 1392 1418 1419 1425 1454 1504 1514 1537 1594 1602 1672 
71 194 489 579 679 688 712 1036 1041 1079 1136 1172 1319 1403 1439 1455 1537 
79 164 179 251 258 290 335 357 365 410 441 442 466 501 522 531 626 658 681 684 736 738 769 823 825 863 924 934 963 1022 1049 1055 1060 1092 1118 1178 1221 1246 1272 1287 1295 1304 1337 1357 1365 1397 1447 1473 1534 1555 1572 1575 1576 1597 1607 1632 1633 1691 
131 155 223 224 225 231 234 279 282 292 318 361 406 411 414 424 426 448 487 493 497 537 545 591 594 605 611 628 654 666 696 725 733 755 776 848 902 913 916 926 944 948 960 979 996 1004 1010 1012 1047 1062 1065 1091 1112 1146 1157 1173 1179 1180 1200 1207 1253 1275 1280 1281 1301 1316 1338 1352 1359 1360 1362 1366 1398 1445 1466 1472 1487 1489 1500 1532 1549 1580 1582 1587 1600 1608 1637 1645 
113 233 241 293 452 463 491 583 642 771 789 799 806 809 816 878 895 927 935 997 1027 1052 1080 1128 1139 1145 1188 1189 1203 1244 1288 1295 1327 1331 1344 1350 1386 1393 1438 1473 1477 1482 1488 1499 1520 1526 1547 1567 1575 1582 1615 1648 
56 62 95 155 161 217 223 244 256 281 361 381 391 397 527 574 577 594 640 666 693 736 750 753 781 809 813 826 832 841 875 884 907 921 971 977 1009 1023 1044 1068 1090 1106 1121 1153 1185 1197 1206 1215 1245 1264 1266 1267 1313 1314 1342 1386 1416 1464 1479 1480 1488 1521 1573 1586 1635 1639 1654 1655 1665 1676 1683 
10 13 112 119 146 154 174 195 212 220 223 283 317 362 370 374 383 390 392 422 451 471 518 528 632 657 663 701 726 758 760 767 777 792 800 835 842 847 858 862 889 930 960 986 991 995 996 1000 1026 1039 1040 1043 1076 1099 1165 1234 1259 1271 1286 1372 1405 1430 1432 1452 1463 1473 1475 1479 1489 1526 1527 1545 1557 1564 1582 1596 1599 1603 1620 1627 1636 1668 1675 1677 1679 
22 70 74 131 155 157 190 196 200 209 217 248 250 260 282 284 292 300 359 381 406 434 435 463 467 482 498 542 548 563 568 573 589 594 604 618 623 628 667 669 704 722 725 735 745 751 761 771 784 799 801 803 814 815 841 852 870 899 928 963 976 980 985 996 1002 1004 1010 1065 1074 1081 1086 1122 1128 1146 1184 1200 1210 1214 1215 1262 1263 1275 1301 1335 1338 1359 1366 1377 1450 1461 1465 1477 1487 1500 1508 1520 1521 1532 1547 1549 1552 1563 1581 1598 1607 1628 1637 1649 1652 1669 1673 
76 88 130 132 175 223 275 340 359 409 435 438 472 498 551 571 585 602 647 735 751 794 852 865 870 883 947 958 976 980 996 1002 1017 1025 1053 1081 1085 1086 1128 1147 1184 1186 1190 1210 1226 1262 1263 1308 1465 1487 1552 
122 178 329 345 372 377 393 412 464 483 485 491 549 550 610 675 755 808 814 816 833 846 950 1002 1018 1048 1056 1059 1069 1082 1094 1098 1104 1175 1178 1259 1286 1289 1325 1333 1350 1366 1386 1400 1419 1426 1499 1501 1507 1539 1548 1577 1582 1588 1613 1633 1641 1652 
16 46 75 84 102 105 107 108 111 123 128 133 141 143 173 201 205 210 227 247 250 262 274 309 367 385 402 433 457 508 518 542 547 557 560 584 593 599 614 627 648 649 665 674 684 705 714 775 787 788 803 812 839 879 897 901 933 943 949 956 972 988 1021 1055 1067 1080 1090 1111 1123 1136 1142 1153 1154 1161 1172 1174 1177 1194 1208 1241 1250 1256 1259 1269 1287 1298 1330 1334 1351 1380 1390 1391 1401 1420 1431 1433 1442 1466 1497 1514 1537 1554 1566 1570 1574 1606 1612 1627 1640 1649 1654 1656 1658 1660 1663 1680 1686 1693 
101 216 247 301 316 395 400 443 449 496 508 646 697 823 867 924 981 988 1018 1063 1070 1270 1273 1368 1416 1429 1453 
29 93 141 241 242 325 372 467 548 583 604 610 615 618 688 706 721 724 745 784 803 804 815 816 817 873 928 930 963 985 992 1104 1159 1205 1217 1279 1280 1287 1288 1328 1335 1344 1350 1400 1450 1473 1477 1483 1499 1507 1547 1557 1561 1580 1591 1669 
29 70 74 112 152 165 179 190 201 205 241 242 250 260 287 335 372 420 450 455 466 514 516 519 522 531 540 551 553 555 568 583 589 610 611 612 615 634 636 681 706 724 736 738 757 789 802 816 818 852 873 912 930 934 951 966 1049 1055 1060 1077 1104 1125 1137 1140 1205 1217 1226 1246 1272 1280 1287 1288 1304 1315 1328 1350 1357 1400 1419 1459 1473 1491 1499 1507 1520 1521 1550 1555 1557 1561 1582 1587 1591 1595 1597 1607 1608 1632 1649 1654 1655 1682 
52 116 130 158 177 221 238 252 332 341 390 393 403 405 429 464 483 485 500 535 572 612 636 641 646 673 682 692 699 791 812 846 847 857 877 891 898 945 947 989 993 1029 1059 1079 1094 1104 1141 1178 1205 1211 1227 1229 1231 1244 1256 1260 1325 1350 1351 1373 1415 1434 1435 1518 1523 1524 1527 1539 1591 1603 1636 1642 1674 1694 1698 
104 138 182 256 298 322 345 377 412 435 464 485 487 540 550 577 579 619 670 779 785 832 833 846 893 909 950 955 1002 1007 1009 1035 1056 1098 1104 1145 1155 1158 1168 1175 1191 1197 1203 1207 1240 1257 1259 1279 1286 1289 1333 1366 1379 1386 1479 1481 1539 1548 1562 1588 1591 1595 1613 1641 1651 1684 1700 
35 57 80 87 91 103 126 145 180 212 235 248 261 296 302 326 328 329 337 377 390 399 412 430 444 488 491 505 510 550 562 579 587 597 607 614 675 676 688 700 716 741 755 760 762 763 764 833 836 846 911 917 920 922 938 950 952 959 997 1002 1018 1048 1056 1082 1084 1098 1110 1145 1164 1166 1171 1173 1187 1195 1220 1239 1282 1289 1312 1318 1333 1337 1348 1357 1361 1363 1386 1387 1402 1405 1436 1438 1460 1487 1501 1512 1525 1528 1533 1534 1535 1539 1542 1543 1588 1596 1598 1613 1623 1638 1646 1664 1681 1687 
153 195 288 317 363 364 387 398 524 525 576 588 615 630 685 710 713 731 773 810 900 964 974 1050 1092 1114 1117 1119 1209 1247 1252 1271 1290 1296 1336 1342 1369 1393 1406 1423 1446 1459 1476 1486 1526 1545 1546 1582 1592 1594 1611 1617 1661 1663 1685 1695 
1 4 92 116 118 168 186 197 230 288 289 323 337 345 364 377 387 398 412 443 454 491 496 525 547 549 576 583 615 620 621 630 643 660 710 717 718 731 773 798 807 810 849 855 900 936 946 964 968 998 1023 1050 1068 1069 1071 1073 1082 1092 1098 1100 1103 1114 1132 1156 1175 1225 1247 1254 1290 1307 1313 1332 1336 1342 1343 1358 1366 1393 1406 1411 1423 1443 1457 1476 1479 1486 1493 1517 1526 1546 1547 1548 1559 1565 1582 1588 1592 1617 1622 1644 1663 1673 1678 
16 75 143 156 193 227 278 367 385 407 508 542 557 584 614 645 648 649 674 680 714 739 787 879 897 949 956 972 1073 1124 1177 1208 1276 1345 1378 1380 1420 1470 1498 1501 1554 1570 1627 1640 1660 1663 1680 
2 12 20 25 26 34 48 55 58 59 61 67 74 77 81 85 94 99 142 145 152 165 180 182 196 200 207 232 251 261 268 274 311 320 322 325 350 354 380 388 419 420 434 460 467 474 492 498 499 507 515 539 544 545 548 604 606 618 622 623 684 688 697 702 722 740 745 747 754 759 764 768 796 802 806 815 818 820 823 834 838 864 869 886 887 890 894 900 903 914 921 928 938 951 954 957 962 963 968 985 1006 1010 1087 1109 1113 1123 1130 1132 1133 1140 1160 1163 1168 1187 1193 1199 1224 1225 1232 1235 1244 1255 1257 1258 1268 1274 1275 1279 1283 1297 1299 1340 1344 1348 1349 1373 1382 1394 1395 1396 1437 1450 1451 1454 1456 1463 1474 1490 1496 1497 1504 1524 1525 1530 1540 1541 1554 1561 1563 1564 1570 1574 1579 1584 1589 1590 1593 1595 1619 1625 1626 1643 1646 1650 1663 1669 1670 1681 1686 
4 50 92 95 116 118 129 168 170 197 230 285 323 346 369 377 421 443 454 499 510 544 583 606 620 621 660 709 717 718 778 798 807 849 855 936 946 968 998 1008 1069 1071 1073 1100 1103 1156 1175 1233 1243 1247 1248 1251 1254 1289 1290 1313 1343 1358 1408 1411 1437 1443 1457 1493 1517 1547 1548 1565 1613 1619 1641 1644 1678 
9 28 69 98 105 146 199 214 297 313 370 390 392 451 460 507 517 528 529 533 567 581 582 601 616 625 632 702 711 736 740 746 747 754 800 820 835 887 894 895 925 930 932 962 973 991 1034 1039 1041 1066 1076 1087 1091 1123 1126 1127 1158 1159 1161 1165 1223 1237 1259 1268 1288 1292 1297 1311 1334 1346 1348 1388 1401 1407 1424 1432 1463 1497 1506 1511 1514 1530 1541 1546 1560 1563 1569 1599 1620 1625 1627 1649 1653 1667 
71 117 141 161 194 233 235 270 293 299 306 319 381 391 397 452 470 486 489 512 527 574 579 594 642 667 679 688 708 712 721 771 789 809 817 829 841 878 884 895 927 932 935 971 977 983 997 1027 1036 1041 1063 1079 1090 1106 1136 1139 1153 1172 1185 1188 1189 1203 1206 1215 1217 1218 1264 1266 1267 1280 1310 1319 1331 1335 1381 1393 1403 1439 1455 1464 1468 1482 1483 1520 1526 1567 1573 1582 1586 1615 1648 1669 1683 1696 
64 104 138 171 178 195 203 256 277 313 351 378 382 408 435 439 450 461 484 540 550 556 566 577 606 616 619 647 655 670 671 719 756 773 785 789 832 840 883 893 895 908 909 910 914 958 966 970 978 1009 1026 1061 1072 1135 1154 1158 1181 1191 1197 1207 1222 1239 1240 1261 1281 1287 1294 1303 1331 1364 1379 1406 1417 1476 1479 1495 1511 1515 1558 1562 1566 1568 1585 1631 1634 1651 1684 1690 1700 
7 148 197 233 345 379 430 479 510 511 536 580 590 765 774 786 795 810 843 846 918 937 969 984 1001 1056 1085 1121 1170 1273 1289 1303 1320 1348 1361 1364 1372 1460 1493 1590 1601 1604 1607 1664 1680 
53 56 62 155 168 217 223 236 281 329 336 337 352 453 455 464 487 495 509 567 620 640 669 670 693 711 723 727 736 750 759 781 813 826 832 875 893 907 909 921 1009 1018 1023 1035 1044 1051 1068 1121 1191 1203 1215 1227 1240 1245 1303 1313 1314 1330 1335 1342 1379 1386 1416 1480 1485 1488 1521 1540 1562 1605 1635 1639 1651 1655 1665 1676 1681 1684 
88 198 208 242 308 338 356 400 401 481 501 508 520 526 527 584 585 648 678 758 937 965 990 1032 1052 1054 1077 1108 1115 1151 1190 1204 1212 1233 1245 1295 1308 1321 1327 1353 1355 1467 1471 1474 1478 1508 1513 1558 1564 1575 1592 1619 1624 1640 1685 
79 88 198 208 239 242 258 290 308 357 394 401 410 442 481 501 527 585 626 658 684 769 825 863 965 990 1022 1032 1052 1054 1066 1108 1115 1118 1151 1190 1204 1212 1221 1233 1290 1295 1308 1327 1355 1365 1397 1467 1478 1508 1513 1534 1558 1572 1575 1576 1592 1619 1685 
18 36 49 57 60 66 72 83 118 124 135 153 156 159 160 169 172 185 193 195 248 289 308 314 317 328 332 363 366 393 401 407 427 429 434 481 483 500 501 512 524 527 535 570 584 585 588 645 669 673 677 680 692 696 699 710 739 745 754 758 801 812 824 836 857 868 877 891 923 945 961 974 999 1011 1048 1052 1079 1089 1093 1094 1110 1115 1117 1119 1120 1134 1141 1153 1164 1204 1209 1212 1231 1233 1252 1256 1260 1276 1281 1282 1290 1296 1308 1316 1327 1355 1363 1369 1389 1395 1409 1415 1435 1446 1447 1459 1467 1478 1492 1497 1506 1513 1518 1526 1528 1530 1533 1535 1551 1564 1575 1580 1594 1603 1611 1634 1642 1661 1674 1685 1694 1695 1698 
30 43 52 76 130 132 177 204 213 221 238 240 252 263 270 275 277 317 340 341 360 383 389 390 393 405 409 415 435 438 447 451 485 486 491 530 565 602 605 635 636 639 641 646 647 682 699 808 847 852 865 870 883 896 898 905 915 947 958 987 988 989 993 1017 1025 1030 1031 1053 1059 1083 1147 1165 1178 1183 1186 1211 1221 1226 1227 1229 1243 1244 1265 1293 1325 1326 1351 1384 1404 1418 1434 1439 1453 1515 1523 1527 1529 1535 1539 1599 1610 1630 1644 1647 1691 
8 53 56 62 95 107 111 117 123 133 161 173 210 217 237 244 250 260 270 281 299 352 391 394 402 412 433 491 547 549 560 574 640 667 684 721 736 750 755 781 783 807 809 813 826 841 875 884 892 907 921 933 946 957 971 977 988 997 1002 1023 1044 1067 1068 1069 1082 1090 1092 1098 1106 1111 1121 1133 1142 1145 1206 1215 1219 1241 1245 1250 1256 1259 1264 1267 1289 1313 1314 1333 1343 1351 1386 1390 1391 1416 1464 1466 1483 1488 1498 1521 1548 1573 1586 1605 1606 1635 1639 1644 1655 1656 1659 1665 1676 1683 1686 
33 37 43 55 68 70 85 121 145 180 190 213 236 250 260 261 263 267 297 305 307 331 336 340 365 383 395 415 423 425 456 462 486 491 518 530 546 551 568 575 589 605 627 635 638 639 669 674 695 727 735 752 753 764 844 856 864 880 914 915 922 923 938 939 954 987 1003 1012 1031 1037 1046 1051 1083 1089 1096 1101 1123 1128 1160 1183 1189 1192 1193 1242 1244 1251 1293 1299 1326 1370 1373 1394 1418 1444 1451 1462 1464 1466 1475 1494 1505 1519 1520 1525 1556 1560 1574 1593 1596 1607 1615 1646 1672 1681 1686 
6 22 65 78 87 138 196 219 267 270 273 276 278 370 399 403 417 438 446 458 465 524 559 564 592 609 613 659 668 693 720 766 780 782 811 836 852 866 870 879 892 925 1014 1034 1042 1081 1097 1116 1124 1159 1181 1182 1198 1219 1226 1263 1273 1285 1288 1314 1318 1332 1339 1377 1378 1415 1418 1427 1448 1456 1469 1470 1486 1487 1498 1501 1510 1524 1542 1546 1571 1577 1578 1617 1628 1648 1656 1663 1671 1676 1691 
22 78 131 155 157 225 248 267 270 273 276 279 284 292 300 322 345 359 406 417 435 458 463 559 564 573 592 628 704 720 725 734 735 751 771 780 799 811 814 852 866 870 892 899 976 979 980 996 1002 1004 1042 1065 1074 1081 1116 1124 1128 1146 1177 1181 1184 1198 1200 1207 1210 1219 1262 1263 1273 1285 1301 1303 1339 1359 1366 1377 1378 1398 1427 1448 1465 1466 1470 1477 1487 1498 1500 1501 1510 1532 1546 1549 1552 1577 1580 1598 1628 1637 1652 1676 
112 119 145 174 223 502 518 643 657 671 767 773 842 847 862 889 1000 1026 1160 1175 1193 1234 1372 1452 1475 1479 1489 1493 1525 1526 1545 1557 1596 1636 1668 1677 1679 
97 131 155 206 209 225 256 279 282 292 315 318 322 338 356 406 424 540 594 628 637 678 691 707 720 725 734 778 797 817 888 919 926 937 979 996 1004 1065 1146 1158 1173 1177 1200 1245 1275 1301 1321 1338 1359 1360 1366 1383 1398 1466 1487 1500 1532 1538 1549 1557 1580 1637 1651 1684 1697 
65 138 219 334 403 429 438 446 465 535 609 613 659 668 690 692 766 782 865 877 1014 1029 1072 1097 1141 1182 1226 1260 1332 1377 1378 1415 1418 1426 1435 1456 1469 1518 1524 1571 1578 1617 1648 1671 1691 1694 1698 
15 28 65 138 154 199 272 283 334 403 437 438 446 465 517 528 582 609 613 632 659 668 678 690 692 693 742 766 782 800 835 930 996 1014 1031 1039 1066 1086 1097 1148 1155 1158 1182 1226 1237 1286 1342 1377 1393 1424 1432 1456 1469 1524 1552 1558 1560 1564 1569 1571 1578 1617 1620 1627 1648 1671 1691 
5 38 87 103 113 144 249 312 326 329 384 409 432 472 473 478 516 534 551 572 602 608 675 831 833 850 881 883 889 940 947 958 982 1007 1017 1025 1053 1081 1085 1089 1117 1147 1155 1186 1209 1226 1239 1286 1296 1302 1311 1316 1326 1344 1364 1386 1409 1428 1438 1441 1446 1481 1487 1544 1577 1623 1630 1638 1647 1667 1676 
31 53 99 113 115 138 183 203 291 298 311 320 321 325 353 361 384 404 414 432 455 478 480 529 534 537 538 539 624 654 676 700 774 826 838 844 869 881 889 903 932 956 982 1007 1057 1078 1081 1085 1088 1107 1127 1130 1140 1148 1155 1157 1214 1216 1224 1227 1261 1275 1288 1292 1293 1302 1309 1311 1316 1346 1348 1349 1356 1371 1395 1424 1428 1438 1441 1445 1451 1456 1481 1484 1489 1521 1540 1544 1548 1572 1608 1645 1667 1676 1689 
103 196 223 231 234 246 301 337 411 426 453 512 524 545 554 578 581 591 605 608 623 654 692 710 711 734 762 791 804 812 819 821 897 902 913 944 948 960 990 991 994 1012 1015 1091 1105 1152 1166 1167 1195 1253 1300 1312 1316 1335 1337 1352 1354 1357 1360 1366 1371 1399 1402 1422 1446 1472 1488 1496 1512 1582 1583 1599 1610 1623 1662 1687 1694 1695 
124 138 191 215 219 255 334 438 446 465 477 609 613 659 668 690 702 766 782 865 1014 1097 1182 1225 1245 1332 1418 1456 1469 1489 1571 1578 1617 1633 1648 1671 
58 59 77 88 142 165 182 198 208 239 251 258 268 290 301 308 357 380 401 410 441 442 481 492 501 508 527 585 626 658 684 734 768 769 823 825 863 924 951 963 965 990 1022 1032 1052 1054 1108 1109 1115 1118 1151 1168 1190 1204 1212 1221 1233 1257 1258 1290 1295 1304 1308 1327 1337 1355 1365 1397 1415 1447 1467 1474 1478 1490 1513 1534 1554 1572 1575 1576 1595 1607 1682 1685 1691 
74 196 200 236 325 329 336 450 453 455 467 495 509 533 542 548 567 604 618 623 669 688 711 722 723 727 745 759 784 803 815 818 823 869 887 928 963 985 1018 1051 1091 1122 1163 1217 1227 1287 1303 1330 1335 1485 1554 1563 1571 1626 1650 1652 1669 
112 152 157 164 179 201 205 335 371 447 450 455 466 507 522 531 581 634 636 681 702 736 738 746 747 750 789 925 934 966 991 1049 1055 1060 1070 1091 1092 1125 1137 1226 1246 1272 1287 1304 1357 1407 1473 1550 1555 1597 1632 1633 1649 1654 
24 62 63 134 170 216 217 222 259 281 369 421 428 431 475 561 569 595 640 646 672 687 706 743 744 750 760 772 778 781 790 805 813 826 859 875 885 907 921 955 1008 1018 1023 1040 1043 1044 1068 1079 1121 1131 1138 1196 1207 1240 1245 1248 1279 1284 1313 1328 1330 1353 1357 1395 1410 1416 1425 1429 1480 1508 1509 1521 1605 1635 1639 1644 1655 1665 1666 1688 
24 63 134 168 170 222 259 337 369 421 428 431 468 475 476 482 561 569 584 595 617 620 640 687 706 744 772 778 790 793 805 821 859 860 907 955 1008 1040 1043 1058 1079 1131 1138 1160 1162 1191 1196 1228 1240 1245 1248 1253 1279 1330 1357 1410 1425 1480 1509 1605 1619 1639 1666 1688 
21 66 120 201 225 226 241 271 339 355 372 373 461 468 502 503 551 610 615 644 689 696 706 716 724 793 802 816 821 831 837 873 916 960 983 992 1010 1011 1035 1064 1104 1114 1124 1144 1146 1159 1162 1185 1205 1261 1277 1280 1288 1305 1324 1344 1350 1392 1418 1419 1425 1454 1473 1499 1504 1507 1550 1561 1591 1594 1602 1672 
33 43 178 213 263 270 317 340 360 382 415 450 461 484 486 556 566 605 606 635 639 655 671 674 756 844 883 896 908 915 966 978 986 1009 1030 1054 1083 1099 1116 1154 1180 1181 1183 1222 1239 1265 1281 1285 1293 1303 1326 1331 1364 1418 1495 1510 1515 1535 1560 1566 1568 1631 1675 
32 163 424 459 494 502 567 598 642 664 683 686 767 797 812 862 888 931 1078 1213 1345 1372 1394 1414 1449 1452 1456 1493 1522 1557 1574 1677 1679 1680 
91 140 186 228 264 389 403 436 523 543 719 759 771 797 882 904 1015 1041 1102 1179 1201 1329 1378 1601 
17 93 96 97 147 171 203 208 249 254 277 313 315 336 338 351 356 378 408 616 625 637 647 671 678 691 707 760 765 789 797 817 848 885 888 895 910 914 926 958 970 1013 1026 1061 1072 1135 1154 1193 1245 1261 1294 1321 1328 1353 1375 1383 1399 1417 1439 1442 1471 1506 1508 1511 1525 1538 1539 1557 1585 1593 1624 1686 1690 1697 
168 184 197 225 230 318 342 443 490 506 522 620 621 633 660 696 718 724 729 855 936 946 968 1010 1054 1069 1071 1100 1128 1132 1146 1225 1255 1307 1343 1347 1385 1398 1411 1443 1461 1535 1547 1559 1613 1622 1644 1673 
60 137 156 172 212 247 248 314 396 399 505 587 631 633 645 669 680 697 760 763 770 851 881 911 920 959 1016 1084 1110 1120 1153 1164 1171 1276 1318 1348 1387 1436 1534 1535 1542 1598 1685 
