8 15 46 64 71 73 77 81 118 137 160 305 346 354 552 602 679 
2 39 68 93 143 166 171 183 188 202 209 217 306 335 340 353 407 439 458 465 473 639 
29 110 112 116 119 121 125 145 151 193 199 217 292 323 344 363 386 421 430 432 452 475 506 508 513 530 531 545 548 564 572 585 621 646 656 663 674 
131 156 163 180 191 200 236 237 286 312 347 351 362 402 409 427 440 442 466 472 493 499 502 511 517 524 531 565 579 596 597 601 630 632 645 661 662 675 
30 32 49 61 70 80 104 113 124 167 174 176 212 254 255 260 297 298 304 309 315 326 333 378 389 397 469 479 483 496 497 500 509 516 517 522 528 529 558 559 570 600 606 619 631 657 
11 25 41 50 64 76 83 100 102 103 115 118 133 136 150 159 170 201 217 219 220 227 233 235 237 242 265 266 279 291 294 305 307 313 320 321 324 328 342 357 371 379 385 387 391 401 466 501 507 514 518 519 535 550 552 554 569 602 605 609 610 612 622 624 632 642 645 667 668 673 675 679 691 692 
19 61 72 147 160 172 186 221 230 263 281 322 330 332 345 357 384 395 428 489 524 564 591 649 
17 18 58 62 94 136 155 158 185 206 212 213 226 251 255 261 303 308 316 317 318 336 368 374 385 392 393 405 425 426 430 434 450 456 486 490 499 529 544 550 555 556 568 580 581 596 599 600 603 607 608 616 636 637 641 644 647 648 649 653 661 
32 51 69 95 98 111 142 164 198 212 214 235 275 296 301 338 346 350 352 378 386 410 414 423 429 515 517 521 524 532 539 540 551 557 582 586 588 593 594 598 627 677 681 690 
13 55 57 61 62 67 84 91 92 94 124 126 135 144 165 169 189 215 223 228 233 236 243 268 276 278 282 283 287 288 293 310 319 348 350 354 357 361 377 383 384 433 485 488 498 508 513 535 537 554 587 589 590 592 605 623 640 651 679 685 697 
22 34 40 75 89 95 98 111 123 129 135 161 165 167 169 189 196 215 223 233 234 235 268 274 277 278 282 283 284 288 293 310 316 325 327 348 350 352 353 361 377 378 384 417 419 429 442 475 481 485 488 508 535 537 543 557 558 561 575 578 583 589 590 592 612 638 640 670 671 679 695 
74 82 93 136 151 167 184 194 209 218 224 241 250 255 260 304 327 334 343 353 363 398 413 421 422 431 435 436 465 484 497 500 501 510 523 527 571 600 639 649 658 672 
2 22 28 34 40 57 58 65 75 84 89 95 96 98 103 106 108 111 115 117 123 129 135 136 143 148 153 161 165 167 169 170 173 185 189 190 195 196 199 204 205 207 209 215 216 221 222 223 224 229 233 234 235 237 238 245 247 250 252 257 258 259 264 266 268 272 274 277 278 282 283 284 285 288 293 300 304 305 306 316 321 322 325 327 335 338 340 341 345 348 350 354 358 361 372 377 378 379 380 383 385 386 387 390 395 396 401 407 408 410 411 417 419 429 432 439 442 444 449 460 464 466 475 480 481 485 487 488 491 501 504 506 507 508 510 511 512 514 519 533 535 536 537 539 543 546 550 552 554 557 558 561 562 565 566 569 574 575 578 583 584 589 590 592 593 595 601 602 603 604 610 612 617 622 623 629 632 634 638 639 640 642 644 664 669 670 671 673 675 676 678 679 680 684 686 693 695 696 
16 22 23 36 101 103 107 178 179 187 190 204 208 222 236 240 249 251 253 258 267 271 272 293 302 314 316 321 336 338 339 345 367 385 387 392 400 401 404 408 416 423 426 446 453 460 462 464 491 492 494 504 512 514 529 531 542 544 546 550 552 562 569 574 580 581 593 595 601 622 633 634 642 650 653 664 666 673 676 684 
30 32 49 61 70 80 104 113 167 174 176 190 204 207 212 222 253 254 255 258 272 289 296 298 304 314 321 326 333 338 339 345 378 389 408 432 460 462 464 466 469 479 491 497 504 509 512 516 517 522 528 529 546 558 559 562 570 574 593 595 619 631 634 657 664 684 
24 48 54 75 87 123 135 165 169 175 178 189 196 198 223 233 235 257 262 273 274 278 282 283 286 288 293 297 305 309 314 346 348 350 354 361 376 377 384 397 409 433 458 461 475 483 485 487 488 496 533 536 537 557 558 584 589 590 592 606 612 617 638 640 678 686 696 
25 45 63 83 100 102 103 118 170 190 198 201 207 217 219 222 227 236 242 253 258 265 279 291 294 307 313 320 321 324 328 338 339 342 345 357 371 391 408 409 423 460 462 464 466 468 483 491 496 504 507 512 514 518 529 546 554 574 593 595 605 609 624 632 634 635 645 664 667 675 679 684 691 692 
21 22 23 36 51 58 65 69 84 89 95 98 101 107 111 129 142 148 155 156 161 163 164 170 179 185 187 190 195 204 208 212 214 221 224 229 234 235 240 245 249 250 251 267 271 274 275 277 284 286 293 296 300 301 302 310 316 318 322 325 336 341 346 350 351 352 353 367 378 383 385 386 392 400 404 411 414 416 417 419 423 429 442 446 453 480 481 491 492 494 499 515 517 521 524 531 532 535 537 539 540 542 543 544 551 554 556 557 558 561 568 575 576 578 580 581 582 583 586 588 594 597 598 601 603 610 623 627 633 638 644 645 650 653 662 666 670 671 675 676 677 680 681 690 695 696 
28 64 65 71 73 77 81 101 103 115 136 137 179 208 229 233 237 249 266 267 293 300 302 305 336 367 379 385 387 400 401 402 404 416 426 446 453 466 491 492 494 499 501 507 514 519 531 535 539 542 550 552 569 601 602 603 610 612 622 632 633 642 650 653 666 673 680 
33 59 74 90 97 99 105 128 132 141 177 211 224 237 239 241 256 274 280 295 302 325 364 365 366 435 443 445 448 451 467 474 475 477 478 482 505 511 522 523 525 560 573 576 602 611 620 627 643 652 654 655 657 660 661 687 698 699 
4 5 9 14 33 42 45 53 59 62 67 74 90 97 99 102 105 128 132 141 239 241 256 295 301 325 364 365 433 435 445 448 451 475 482 500 501 505 508 511 522 525 536 560 573 602 605 611 627 654 655 657 661 698 699 
138 139 167 209 272 310 331 336 337 349 356 359 370 406 421 423 430 454 473 476 558 563 635 639 655 657 
6 12 17 18 40 44 75 78 94 117 119 120 123 131 135 136 140 146 152 155 156 160 162 163 169 172 174 178 180 189 191 196 200 203 215 223 226 236 248 250 251 259 270 278 282 283 286 288 289 290 303 311 312 316 325 327 347 348 350 351 361 362 369 374 375 376 377 384 385 388 390 392 393 394 402 410 412 418 425 426 430 435 440 441 442 447 450 455 456 463 470 472 488 490 493 497 498 499 502 509 511 513 524 531 537 538 543 544 547 549 550 553 556 557 564 565 578 579 581 589 590 592 596 597 599 601 612 615 616 617 618 626 628 630 632 637 638 640 645 648 653 659 661 662 665 668 675 682 686 698 
1 5 20 27 28 34 38 44 57 65 86 114 119 120 123 145 146 149 160 174 178 248 259 261 289 290 311 329 369 381 382 388 390 394 410 412 420 421 435 441 447 459 463 470 498 503 509 510 526 538 549 553 555 567 613 614 615 616 625 628 645 659 698 699 
74 82 93 136 151 167 184 190 194 207 218 222 224 236 241 250 253 255 258 260 272 289 304 321 327 334 338 339 343 345 353 363 364 398 408 413 421 422 423 431 432 435 436 460 462 464 465 484 491 497 500 501 504 510 512 523 527 546 562 571 574 593 595 600 611 634 636 639 649 658 664 667 672 684 
26 31 35 80 85 177 211 237 239 268 274 280 295 301 302 365 366 417 443 451 467 474 477 478 481 523 575 576 583 620 643 652 660 670 687 
29 110 112 116 119 121 125 145 151 193 199 217 292 323 344 363 386 430 432 452 475 506 508 513 530 531 545 548 564 572 585 621 646 656 663 674 
3 24 34 43 48 54 63 80 87 123 124 173 175 178 190 198 221 227 235 257 259 262 272 273 286 297 305 309 314 315 346 384 387 392 397 409 458 461 468 483 487 496 533 536 537 558 570 584 598 606 617 638 669 678 686 691 696 
40 101 106 109 127 134 168 178 181 190 204 207 210 222 231 236 240 253 255 258 272 289 304 314 321 338 339 345 408 423 432 460 462 464 466 491 504 510 512 516 529 542 546 562 574 580 593 595 631 633 634 664 676 684 
28 66 88 96 106 108 117 153 173 199 205 216 225 227 229 238 247 252 257 259 264 269 285 299 350 358 360 372 379 380 383 386 387 390 396 397 399 410 420 424 438 444 449 465 466 495 511 514 565 566 604 612 617 669 688 693 
33 45 59 62 74 97 99 105 128 132 141 145 224 239 241 256 295 325 364 365 435 445 448 451 454 475 482 505 511 522 525 560 571 573 602 611 627 654 655 657 661 689 698 699 
7 10 109 122 127 130 134 168 178 181 190 204 207 210 222 231 241 253 258 289 296 314 321 338 339 345 408 423 432 442 462 464 491 504 512 529 546 562 574 591 593 595 634 644 664 684 699 
20 27 28 34 37 38 56 60 65 79 86 114 119 145 146 149 154 157 182 229 232 261 290 329 355 373 381 382 388 390 403 415 420 421 427 432 437 459 471 503 507 509 510 526 567 613 614 616 625 698 699 
5 21 32 47 52 58 74 84 98 111 124 148 170 172 185 192 195 197 204 221 224 229 242 244 245 246 250 279 286 295 300 302 316 320 321 322 341 363 378 383 411 429 457 480 491 499 505 506 520 534 535 539 541 543 554 577 578 601 603 610 623 627 629 644 667 675 676 679 680 683 689 694 700 
