0	1	471.511	102	
0	2	190.229	41	
0	3	187.026	41	
0	4	308.923	71	
0	5	305.915	72	
0	6	1461.7	310	
0	7	537.239	117	
0	8	29.9852	7	
0	9	54.2041	13	
0	10	20.1275	5	
0	11	56.811	11	
0	12	89.8772	20	
0	13	70.7578	15	
0	14	60.9753	14	
0	15	121.703	26	
0	16	108.178	25	
0	17	48.4357	10	
0	18	105.148	23	
0	19	74.2217	15	
1	2	69.5993	16	
1	3	12.2161	3	
1	4	137.754	31	
1	5	157.581	36	
1	6	849.96	181	
1	7	241.48	54	
1	9	9.77994	3	
1	10	5.65765	1	
1	11	105.266	24	
1	12	83.6217	19	
1	13	77.2772	15	
1	14	81.3936	18	
1	15	81.8423	17	
1	16	92.6857	19	
1	17	67.76	14	
1	18	76.4464	16	
1	19	66.507	15	
2	3	50.5922	11	
2	4	104.055	22	
2	5	77.5299	18	
2	6	318.635	73	
2	7	98.5417	23	
2	9	2.21625	1	
2	10	14.0492	4	
2	12	3.54804	1	
2	13	31.1175	7	
2	14	71.3504	15	
2	15	9.72554	2	
2	16	25.5496	6	
2	17	37.4526	8	
2	18	33.6521	8	
2	19	24.3476	6	
3	4	74.281	17	
3	5	19.4023	5	
3	6	312.207	67	
3	7	84.4553	17	
3	8	25.1676	5	
3	10	3.76532	1	
3	11	10.9096	2	
3	12	13.9588	3	
3	13	9.49394	2	
3	14	19.3421	4	
3	15	8.73649	2	
3	16	49.3406	12	
3	17	32.0099	7	
3	18	22.2582	5	
3	19	14.7245	2	
4	5	140.441	33	
4	6	447.592	94	
4	7	287.446	63	
4	8	33.7857	8	
4	9	4.40234	1	
4	10	20.0521	5	
4	11	52.7169	11	
4	12	70.8446	15	
4	13	85.073	18	
4	14	41.6389	9	
4	15	51.9869	13	
4	16	76.3412	17	
4	17	78.1784	15	
4	18	109.77	23	
4	19	75.2492	16	
5	6	539.183	114	
5	7	180.469	38	
5	8	20.9765	6	
5	9	2.09559	1	
5	10	4.36115	1	
5	11	42.3431	9	
5	12	43.8707	10	
5	13	88.0437	18	
5	14	11.5517	2	
5	15	44.46	10	
5	16	21.4528	5	
5	17	65.6669	15	
5	18	5.02848	1	
5	19	44.2259	11	
6	7	836.524	186	
6	8	48.4607	10	
6	9	25.978	8	
6	10	77.3889	17	
6	11	261.504	52	
6	12	81.4523	18	
6	13	184.527	39	
6	14	265.623	56	
6	15	182.257	42	
6	16	154.245	34	
6	17	148.394	31	
6	18	280.329	60	
6	19	263.012	56	
7	8	31.7959	6	
7	10	30.4607	7	
7	11	143.975	32	
7	12	87.5261	20	
7	13	50.6045	12	
7	14	61.7115	14	
7	15	106.717	21	
7	16	114.638	24	
7	17	80.8239	18	
7	18	104.493	23	
7	19	126.814	26	
8	12	25.0466	5	
8	14	23.8334	5	
8	18	20.6483	4	
9	13	23.8071	5	
9	14	30.6058	7	
9	15	5.90022	1	
11	12	31.1509	6	
11	13	40.4375	10	
11	14	3.94044	1	
11	15	49.4624	11	
11	18	53.0254	11	
11	19	34.3915	7	
12	13	4.65572	1	
12	14	38.1982	8	
12	16	3.3893	1	
12	18	21.9768	5	
12	19	41.7622	9	
13	14	34.0963	7	
13	15	2.40767	1	
13	16	17.1852	4	
13	17	3.19209	1	
13	18	15.5363	3	
13	19	3.75384	1	
14	15	3.03782	1	
14	16	7.13629	2	
14	18	10.4669	2	
14	19	35.1667	8	
15	16	29.8256	6	
15	17	52.7449	11	
15	18	5.58198	1	
15	19	5.57829	1	
16	17	19.0525	5	
16	18	21.5189	4	
16	19	30.9558	7	
17	19	7.82206	2	
18	19	29.4309	6	
