22 31 89 90 93 105 114 120 125 135 141 162 175 198 207 211 221 228 229 238 255 268 270 274 275 283 285 286 288 301 307 308 324 331 415 417 421 431 443 451 458 506 511 519 521 556 562 567 570 578 592 597 598 606 621 631 648 657 678 681 684 685 700 
12 48 81 96 101 107 119 121 125 133 152 163 175 182 209 216 219 231 241 247 251 253 288 296 299 302 308 329 373 376 378 386 409 411 415 433 440 447 462 465 478 481 484 485 493 500 504 520 528 556 569 577 580 581 587 589 594 607 614 636 637 638 676 683 687 693 
13 34 58 59 66 74 79 83 84 86 88 95 108 112 115 128 133 145 151 154 156 167 169 176 181 187 199 222 225 228 246 251 252 256 276 282 294 295 301 308 312 313 317 318 320 325 326 338 346 355 365 368 380 384 388 396 397 398 402 404 408 416 422 427 428 432 434 439 450 464 467 473 479 487 500 507 509 511 513 523 528 541 548 552 563 564 571 574 593 601 603 610 614 616 618 620 622 627 628 629 645 656 667 672 677 685 691 696 697 699 
14 15 32 38 44 69 122 134 145 156 164 185 210 223 226 232 238 262 264 323 332 370 385 404 419 425 445 456 470 482 503 533 539 564 583 585 629 630 658 668 692 
20 27 28 50 65 84 95 108 110 111 130 132 143 145 147 150 159 165 169 174 178 205 213 220 222 230 251 265 275 276 293 297 302 303 305 308 309 322 337 340 345 352 358 371 376 377 380 400 420 422 427 430 432 459 463 467 472 473 478 479 493 499 500 503 507 519 529 546 549 551 557 560 561 568 573 574 587 596 611 631 632 640 641 642 644 655 661 669 675 682 691 692 694 697 
18 50 61 82 87 91 100 111 140 145 150 152 169 179 193 213 214 215 230 235 243 245 246 273 289 309 312 314 320 322 323 331 333 337 350 354 358 361 366 368 380 396 398 399 404 408 410 414 420 427 434 437 449 450 459 460 462 466 472 477 486 487 490 491 492 497 506 507 511 517 518 527 530 542 546 548 550 561 563 568 574 581 584 587 595 616 620 678 679 684 691 694 697 
4 14 22 26 30 31 40 45 48 61 62 71 80 90 93 96 101 113 114 121 133 135 141 149 153 156 157 159 161 162 163 164 170 172 175 176 181 189 190 195 199 209 212 215 217 221 228 229 237 241 244 247 248 249 252 255 261 264 268 270 280 281 286 299 303 308 310 316 321 334 335 341 342 354 360 364 367 373 376 378 382 383 385 386 397 405 409 411 415 418 421 425 431 433 438 446 447 450 452 454 459 460 464 478 480 482 492 496 511 512 514 518 522 528 531 533 535 539 540 541 544 545 547 549 553 557 559 562 571 573 583 587 589 594 596 598 602 606 607 608 614 618 622 626 627 635 637 638 646 657 658 662 676 680 682 683 684 685 691 693 
8 23 45 53 61 62 80 92 97 113 138 142 144 148 155 161 170 192 194 199 200 204 217 222 237 244 252 255 264 266 269 271 273 276 281 291 298 315 316 321 329 334 335 341 342 348 351 354 360 362 367 369 385 397 411 418 419 423 431 435 436 438 446 468 475 482 489 490 494 496 501 502 511 512 518 524 531 549 553 555 559 566 572 579 582 585 587 596 600 607 608 611 615 631 634 643 646 650 653 665 674 675 676 
37 58 74 79 86 95 99 106 111 112 115 145 150 151 153 154 160 167 172 176 181 214 215 225 230 241 246 249 273 276 289 295 303 308 312 313 318 325 326 337 350 355 364 365 368 376 380 386 388 391 393 402 404 405 406 408 416 420 422 426 428 432 434 437 450 452 459 464 472 479 480 487 496 500 506 507 509 511 512 513 523 528 529 530 532 535 541 544 546 547 550 552 563 564 568 571 574 591 593 594 595 602 603 610 614 620 628 629 630 645 652 656 672 677 679 682 686 694 696 697 
28 56 62 85 92 97 100 113 119 131 134 138 140 142 155 160 173 177 179 187 188 197 203 205 233 237 242 251 253 284 298 321 323 334 335 352 358 359 365 370 390 397 403 410 426 437 445 449 455 457 460 462 470 471 476 486 488 489 494 496 504 505 508 512 532 536 543 545 547 555 559 561 576 579 580 581 592 600 606 612 616 624 626 631 646 659 660 667 669 670 673 677 680 690 
55 59 64 67 75 79 91 102 119 135 142 144 155 156 157 160 171 188 202 204 206 212 223 224 227 234 235 242 243 260 273 277 279 285 300 309 310 311 333 338 339 351 352 358 361 377 385 387 390 403 406 411 443 444 449 462 463 465 467 469 490 497 501 519 522 526 529 532 539 543 548 574 575 580 595 605 608 621 622 624 628 634 635 642 650 663 667 668 669 673 674 688 690 691 696 
2 5 8 9 10 18 21 34 37 41 43 46 47 49 51 57 63 66 67 70 72 73 79 88 90 96 97 98 99 103 104 106 108 109 112 115 126 127 128 129 137 146 151 153 154 156 157 158 160 163 165 166 167 169 171 172 176 180 182 187 189 196 197 201 202 203 208 209 212 218 223 224 225 229 234 236 237 240 244 247 251 254 256 259 267 272 275 277 282 286 287 289 292 294 295 298 299 301 302 304 306 310 311 314 317 320 325 327 328 335 339 341 343 346 347 349 353 355 356 360 363 365 367 369 371 374 375 376 378 383 386 388 389 390 391 393 397 400 401 402 406 407 412 416 421 422 423 424 428 432 433 434 436 438 443 444 445 447 449 452 454 460 464 465 467 469 472 473 474 477 479 484 493 494 496 499 501 504 509 510 511 513 515 516 518 522 523 524 526 527 529 534 537 538 540 544 546 547 548 551 552 555 556 557 563 564 565 571 573 575 576 577 578 579 580 584 586 588 591 592 593 594 600 610 612 614 617 619 620 622 623 625 627 628 629 633 636 637 639 641 645 647 649 654 656 663 664 665 667 668 671 672 677 679 682 683 685 686 693 698 699 700 
17 20 24 28 29 35 39 46 47 49 54 59 60 63 66 68 73 76 78 83 87 92 93 94 102 103 114 116 118 120 122 125 126 131 132 133 142 146 149 154 158 170 180 182 183 187 188 191 193 196 198 203 209 211 221 223 224 229 236 239 242 248 256 262 266 268 269 270 271 272 275 278 279 280 282 283 285 286 287 290 294 299 300 301 307 313 314 324 325 326 329 331 335 336 346 350 353 356 360 362 371 374 375 376 383 384 387 388 392 393 400 404 406 407 413 415 417 423 429 439 441 442 444 445 448 449 451 452 463 464 472 473 477 479 484 491 492 493 495 497 498 499 503 506 509 510 518 525 526 527 529 531 532 538 540 543 548 551 555 564 567 568 569 572 576 578 586 590 591 592 597 598 599 602 603 604 606 610 613 615 620 622 624 629 633 635 636 641 642 645 646 652 656 657 658 660 664 665 669 671 672 673 678 679 680 681 684 685 686 687 688 689 693 695 696 699 
4 9 18 21 27 28 29 34 41 43 49 52 55 57 63 64 65 70 72 87 88 92 95 97 98 103 108 109 116 119 127 129 130 132 137 139 143 144 147 148 153 158 159 160 165 166 172 174 178 180 182 189 193 195 197 201 202 203 205 216 220 222 224 237 244 251 254 258 259 271 272 280 282 284 286 290 292 297 298 304 306 309 315 316 319 321 327 330 334 363 369 371 374 375 379 384 386 389 390 391 394 400 401 402 405 415 423 424 429 432 436 438 440 442 445 449 463 465 467 469 473 474 477 484 493 494 501 505 510 512 515 516 519 524 526 529 534 537 538 542 555 558 559 560 564 568 572 576 579 580 582 586 596 599 600 607 610 612 616 619 620 622 623 625 629 632 633 634 636 640 647 654 661 662 666 671 675 679 680 682 685 688 689 690 698 700 
15 16 17 24 28 30 33 36 40 56 71 77 81 84 85 87 89 92 94 100 104 105 109 119 125 130 131 134 135 149 152 157 158 164 173 177 179 180 184 187 188 192 194 195 202 203 205 206 207 209 216 219 222 225 227 231 233 237 238 253 260 261 266 271 272 274 277 280 282 284 287 288 290 292 296 297 299 302 304 305 311 312 318 320 329 331 334 338 340 359 360 366 370 372 375 376 379 382 385 390 391 396 399 403 410 414 415 417 419 421 426 429 437 438 443 449 451 455 456 457 459 461 470 471 476 477 478 479 481 486 488 489 492 503 505 510 514 520 521 522 526 531 532 533 534 536 540 543 545 552 553 554 555 556 558 559 561 562 564 569 570 571 573 578 581 582 584 585 599 600 612 613 616 618 621 624 626 627 633 635 636 643 648 660 666 669 670 671 673 675 678 680 681 682 684 687 688 690 
1 8 12 22 29 30 38 40 44 47 51 53 56 65 66 69 71 78 84 86 100 104 106 110 117 119 120 122 123 124 125 128 134 136 137 139 142 154 156 164 168 182 183 184 185 186 195 197 198 204 205 207 208 210 212 223 225 226 232 233 238 239 249 251 253 261 266 269 276 289 291 293 296 297 298 307 309 313 316 317 324 325 326 332 345 346 347 349 353 358 359 370 381 382 384 385 387 388 392 394 395 396 403 404 407 413 418 419 421 428 430 431 434 445 448 449 451 455 456 458 463 468 470 471 473 474 475 480 482 488 489 493 494 502 503 509 511 514 515 520 524 527 528 529 531 533 535 536 539 545 547 548 551 552 555 556 558 562 564 569 570 571 573 576 577 579 583 584 585 586 588 595 598 602 605 611 613 615 616 618 620 626 627 629 630 631 634 639 640 644 646 648 649 651 655 656 658 659 660 661 662 665 666 668 670 672 677 680 684 686 689 691 692 697 698 699 
54 72 76 84 88 90 94 97 100 104 114 118 123 130 135 137 140 152 154 164 168 173 179 182 183 188 196 201 208 231 233 236 250 253 262 264 265 267 275 294 296 300 302 305 317 320 323 325 327 328 329 331 336 344 346 347 357 362 366 386 388 390 395 408 410 412 413 414 424 428 435 448 459 460 481 483 486 488 491 498 499 501 504 509 517 519 520 523 525 529 550 552 561 565 567 569 572 575 576 577 581 588 590 595 601 604 605 615 616 617 619 621 622 623 625 629 635 639 642 646 648 649 651 653 658 661 678 679 687 689 693 695 697 699 
25 39 46 73 92 98 102 107 123 126 132 136 146 148 151 166 168 182 183 193 199 200 208 212 218 228 233 240 243 250 258 263 264 265 289 294 295 301 302 303 312 318 323 326 328 329 333 346 347 348 349 357 361 362 363 366 369 371 383 386 391 395 420 422 423 434 435 439 442 453 462 483 493 494 495 497 499 501 504 508 512 516 520 525 540 548 551 566 569 571 575 577 578 586 588 595 601 602 604 613 614 615 617 618 627 629 639 641 649 650 651 652 653 661 677 678 679 689 696 
11 14 23 28 48 55 70 74 85 90 96 101 114 119 121 125 133 137 139 144 145 155 163 170 175 176 177 179 193 197 215 241 246 247 248 250 254 275 281 286 292 294 299 302 304 308 327 338 340 350 351 352 368 369 373 376 377 378 380 397 398 400 401 404 408 409 411 420 422 426 427 433 436 440 441 447 461 462 463 476 477 478 485 487 491 493 495 500 507 515 516 522 528 529 549 552 556 557 559 563 574 576 587 589 594 596 600 607 608 610 613 616 619 625 631 634 637 638 642 643 646 647 650 652 660 669 674 676 678 682 683 697 699 
14 16 24 33 36 40 52 69 70 77 81 87 89 93 94 100 105 109 116 125 135 140 149 179 185 192 194 202 206 207 216 219 222 238 253 254 260 272 274 288 292 297 299 301 304 305 312 318 320 323 327 338 366 372 374 390 399 401 410 414 415 417 421 423 431 436 438 439 443 451 456 459 460 461 470 476 477 486 492 495 506 515 517 521 522 534 553 554 556 558 561 562 564 568 569 570 576 578 581 584 586 598 600 606 612 618 619 625 626 632 643 648 652 657 660 681 684 685 690 692 699 
3 6 16 21 24 25 29 30 33 34 36 47 52 54 55 57 59 60 63 67 68 70 71 72 74 75 76 77 78 79 81 82 87 89 90 92 93 94 104 105 107 108 109 116 118 119 120 124 127 134 137 144 148 149 155 157 160 164 166 170 171 181 184 185 191 192 193 194 195 196 197 198 200 201 202 206 207 211 219 222 225 227 228 229 234 235 236 238 239 248 249 250 253 254 258 259 260 262 263 264 265 266 267 274 275 277 278 279 283 285 288 289 292 298 300 301 303 304 306 307 310 311 312 314 317 318 324 328 329 331 336 338 339 343 344 345 349 350 353 356 363 364 374 377 381 385 389 390 392 393 394 396 401 402 403 405 406 407 413 415 417 423 424 431 433 434 435 436 438 441 442 443 444 445 448 450 451 453 454 456 458 460 461 465 469 472 474 476 477 480 481 483 489 490 491 492 493 494 495 496 498 500 502 504 505 506 508 509 511 514 515 516 521 522 525 527 528 531 533 534 535 537 541 544 547 548 552 553 554 556 558 562 565 566 567 569 570 571 572 573 576 582 584 586 589 590 591 592 597 598 600 601 602 605 608 610 612 613 614 615 616 618 619 620 621 622 623 625 626 627 628 635 642 643 645 646 647 648 650 652 653 663 664 666 674 678 679 680 681 684 685 686 687 688 689 690 693 695 696 698 
28 29 37 57 59 61 65 87 91 100 106 107 111 115 124 127 137 140 150 151 152 170 193 197 202 213 214 215 222 225 230 231 235 243 245 250 253 259 266 272 273 279 289 295 296 298 312 313 320 322 333 337 343 348 349 355 358 361 363 369 374 376 377 389 390 399 420 422 432 434 436 437 445 449 450 459 466 472 474 479 487 490 494 497 506 511 513 515 530 531 534 537 546 547 550 552 558 563 564 568 569 575 581 593 595 598 605 614 616 620 625 645 647 679 694 696 697 698 
26 38 45 61 62 71 80 112 113 122 138 145 148 156 158 159 161 180 184 190 199 203 209 210 212 213 215 216 217 222 224 225 244 252 258 261 266 271 281 282 286 287 290 327 334 335 341 342 354 360 365 367 372 374 375 380 382 385 391 392 397 402 404 415 416 425 429 431 438 442 446 454 459 483 484 487 490 492 503 505 510 512 514 518 531 533 538 539 547 549 555 556 558 559 571 573 579 582 583 587 599 601 602 607 608 614 618 626 633 636 646 658 662 671 676 680 682 692 
13 58 74 90 100 133 136 145 151 169 179 186 222 231 236 246 266 273 276 299 305 306 308 313 318 319 320 327 329 334 345 366 368 374 380 389 390 398 401 403 404 405 408 410 422 427 430 452 460 462 474 486 487 494 500 501 507 509 517 520 528 547 548 549 561 563 574 579 581 586 606 610 611 616 617 620 627 637 644 646 648 655 658 667 682 697 698 
12 36 59 66 75 83 88 95 102 114 128 133 140 145 152 156 173 179 184 187 193 195 197 212 231 236 251 253 256 260 261 264 276 282 294 296 305 317 323 325 326 329 346 366 384 387 388 398 399 410 414 426 427 428 469 473 486 488 500 504 509 513 514 517 520 521 523 528 531 533 536 539 545 548 550 552 556 558 561 571 576 581 585 602 603 608 610 616 617 621 627 629 652 656 658 667 672 673 677 678 687 688 691 693 699 
1 8 29 45 53 66 84 92 106 110 117 136 138 139 142 147 154 156 164 186 194 204 211 223 228 237 239 258 264 265 269 271 280 284 291 293 295 316 327 345 349 358 372 379 381 385 389 397 400 405 413 418 419 422 429 430 446 448 463 468 469 473 475 480 482 489 501 502 503 511 524 527 539 555 573 579 585 586 592 599 602 608 611 615 619 621 629 631 634 642 644 648 652 653 655 662 665 666 688 691 
4 19 64 67 75 79 82 122 150 154 160 171 179 182 214 215 222 223 224 225 227 230 234 245 257 260 279 285 293 311 319 322 330 337 338 348 363 366 372 376 377 384 396 401 406 414 420 423 432 434 437 440 444 449 459 466 469 472 479 481 485 493 507 514 515 519 520 529 530 542 546 548 550 551 557 559 565 567 568 569 576 577 609 628 630 659 662 663 668 688 691 694 696 697 
6 7 23 28 29 34 41 46 47 55 57 59 60 63 64 67 75 79 84 95 97 104 117 120 127 132 133 134 136 137 138 139 143 147 148 155 159 166 171 174 178 182 186 191 198 199 204 206 211 212 220 223 224 236 239 251 252 259 266 271 277 278 280 283 284 293 297 304 315 316 321 334 340 351 352 353 356 363 372 377 379 381 386 389 391 392 393 394 396 397 405 406 407 413 431 433 436 448 456 463 468 482 490 493 494 498 501 505 513 515 516 520 527 528 529 531 533 537 545 555 559 573 575 577 578 579 582 585 591 592 593 596 597 599 607 608 612 622 627 628 630 631 632 634 635 640 642 644 645 646 647 650 651 655 661 662 663 664 668 672 674 675 676 680 682 686 688 690 692 693 696 700 
20 22 24 31 43 47 60 63 68 77 78 79 82 83 86 87 89 93 108 114 116 124 128 141 148 158 162 170 180 191 192 194 196 197 198 203 208 211 218 221 229 233 237 239 242 248 250 251 255 256 267 268 270 278 282 283 286 287 290 294 301 302 307 313 314 324 326 344 347 350 353 356 360 369 372 381 386 388 392 393 394 404 406 413 417 421 426 429 439 441 442 448 458 461 465 467 469 472 476 477 479 481 484 491 495 497 503 506 510 511 513 522 523 527 531 532 538 553 554 575 578 580 588 591 592 595 597 598 602 606 607 613 615 617 622 626 631 633 635 636 643 645 646 652 654 657 658 664 666 667 671 672 686 689 693 
17 24 28 68 77 83 86 95 102 131 135 142 146 177 187 188 201 209 224 242 243 248 256 275 277 278 304 326 335 346 371 383 387 388 400 426 439 442 443 452 457 460 462 469 479 483 491 504 509 523 525 532 538 543 555 560 578 592 603 604 612 621 622 624 626 629 641 656 660 665 667 669 672 673 685 688 700 
37 47 63 90 99 100 106 112 115 124 148 149 151 153 157 167 181 182 186 197 234 241 249 277 289 295 298 303 310 313 327 338 339 343 349 355 364 365 390 393 402 405 407 416 422 432 434 436 444 445 449 450 454 459 460 464 474 480 486 496 511 513 517 535 541 544 547 563 564 568 569 574 591 593 598 614 645 663 664 679 682 686 698 
5 12 33 46 60 62 68 78 82 98 107 113 116 119 120 123 126 134 161 168 170 182 183 186 191 198 201 204 208 211 212 217 218 233 237 240 244 248 252 262 265 277 283 284 302 306 307 309 314 329 331 341 342 347 349 350 357 362 369 370 377 381 392 394 395 412 415 435 439 441 446 448 449 453 455 458 471 472 477 488 491 492 495 496 504 518 527 528 540 555 560 566 567 568 569 572 573 575 577 578 584 587 588 590 596 597 601 605 607 613 615 617 627 631 634 635 639 649 650 651 652 665 666 670 674 676 678 679 684 689 
