1 644 8 136 648 655 527 293 430 186 84 473 345 223 611 503 358 110 117 631 
129 2 9 526 654 34 41 169 43 172 685 49 700 189 580 465 467 98 103 108 237 627 
385 514 261 396 531 533 539 30 164 558 431 184 571 573 195 71 602 618 382 
512 518 281 26 161 676 549 45 61 446 62 190 199 587 80 341 342 217 607 354 367 113 244 252 
258 483 228 453 263 200 329 653 92 601 569 435 566 25 250 508 318 
192 194 643 456 553 554 522 459 461 77 399 16 299 626 476 
646 7 391 266 138 397 271 662 280 284 559 315 321 579 582 334 599 97 505 379 
3 262 525 678 300 687 54 567 695 572 331 76 590 336 344 90 94 621 498 635 
650 11 144 529 23 155 28 286 674 436 55 463 340 596 351 352 119 377 634 
386 133 409 411 163 683 175 48 433 176 447 589 594 478 96 484 101 373 247 376 121 378 637 638 
260 406 663 279 285 160 171 688 690 311 696 59 444 67 75 338 469 224 608 227 628 
545 359 488 536 455 680 205 187 370 403 85 470 471 56 667 670 
521 14 274 288 417 36 40 681 556 684 562 570 443 578 451 584 207 81 89 219 105 238 125 
448 324 196 198 239 307 211 597 278 120 283 60 413 
290 287 510 360 479 282 203 429 335 538 20 180 375 633 442 636 158 671 
257 4 19 659 542 434 565 440 313 319 64 330 82 348 609 481 485 372 122 
292 202 109 206 272 438 534 216 87 374 477 254 415 
449 547 197 390 298 620 494 51 698 474 124 605 445 
576 70 423 586 619 401 18 625 21 600 
610 5 424 328 10 267 72 557 201 623 306 501 88 412 349 
640 642 130 132 519 143 147 661 27 159 675 165 297 174 560 178 65 220 632 251 
530 150 546 420 550 50 437 694 568 322 337 466 213 214 215 472 230 111 245 506 
649 265 651 12 395 168 302 46 689 182 575 577 588 208 212 218 347 357 617 362 233 240 369 504 123 639 
641 400 146 665 540 35 39 551 183 439 193 452 73 604 102 107 499 371 118 126 383 
353 356 645 6 393 493 686 47 592 591 79 275 693 407 664 
515 612 516 166 259 104 647 42 363 139 137 622 389 537 148 57 127 63 
482 419 291 418 615 264 489 585 524 269 204 468 53 502 475 316 
248 68 613 170 491 652 495 116 24 441 314 350 191 
149 405 535 153 541 157 544 289 679 303 181 310 450 454 464 339 343 480 234 492 364 496 241 249 
384 672 256 388 326 294 83 86 603 509 
32 226 69 38 583 232 425 332 44 15 156 210 658 692 630 185 668 
513 402 151 416 37 422 167 295 432 563 564 593 225 355 99 614 106 365 112 115 
162 255 229 421 511 268 141 270 301 657 114 93 22 598 221 606 31 
131 387 135 142 17 660 532 277 669 543 673 426 555 304 177 188 457 209 624 242 
128 66 325 677 523 428 346 656 629 154 699 317 
517 520 140 152 410 414 552 296 173 561 305 179 320 581 327 460 100 486 231 616 236 366 253 
13 398 528 145 404 276 408 682 427 308 697 58 574 74 222 95 487 368 500 246 507 380 
323 548 361 490 235 333 462 497 273 691 595 243 309 312 91 
33 134 392 394 458 78 381 52 666 29 
