22 31 90 93 114 135 141 162 221 229 255 268 270 286 301 421 506 511 598 606 657 
149 153 157 181 241 249 289 303 310 339 343 364 405 450 454 464 480 496 535 541 544 679 
15 32 38 44 69 134 156 185 210 223 226 232 323 332 425 583 630 658 668 692 
56 85 119 187 205 237 359 370 403 449 455 470 471 488 489 536 545 670 680 
91 235 243 309 312 323 333 361 462 490 497 595 691 
66 83 86 128 154 187 251 256 294 301 317 325 326 346 384 388 428 473 509 523 529 548 552 603 622 629 656 672 677 699 
2 9 34 41 43 49 98 103 108 129 169 172 189 237 369 376 386 449 465 467 469 473 484 526 580 610 622 627 654 685 700 
53 204 269 291 316 418 419 468 475 482 489 502 524 585 615 
12 46 123 168 208 218 233 240 265 302 347 357 362 395 504 575 577 588 613 617 627 639 649 651 689 
4 19 122 257 319 330 348 372 440 481 485 519 542 565 609 659 
14 36 40 81 89 105 125 207 219 227 238 274 288 301 312 338 384 414 417 438 443 451 456 489 521 556 562 564 570 576 578 584 613 648 681 684 687 
16 77 192 194 299 318 372 399 461 476 481 522 553 554 626 643 
11 23 28 55 119 144 155 213 275 304 340 351 352 377 463 529 596 634 642 650 674 
111 150 213 214 215 222 230 245 322 337 376 399 420 432 437 459 466 479 506 530 546 550 568 694 
26 31 45 61 62 80 113 161 190 199 217 244 252 281 335 341 342 354 367 415 446 492 512 518 549 587 607 608 676 680 
1 30 71 104 164 184 195 212 225 261 264 382 385 387 396 431 503 514 531 533 539 558 571 573 602 618 626 627 691 
59 64 67 75 79 144 160 171 206 224 227 234 260 279 285 311 390 406 444 469 548 605 608 628 663 688 690 696 
48 96 101 121 163 175 176 247 286 373 378 409 411 433 447 478 484 589 594 637 638 683 
57 63 127 137 139 166 259 363 389 515 516 527 537 612 622 647 
3 54 76 94 262 275 300 331 336 344 492 498 525 567 569 572 590 605 621 635 642 678 679 687 695 
8 110 117 136 186 293 345 358 430 473 503 527 611 631 644 648 655 691 
25 92 200 228 250 258 263 329 434 435 442 453 483 508 566 569 601 653 
7 84 138 271 280 284 315 321 334 379 391 397 505 559 579 582 599 662 
27 50 65 95 130 132 143 147 159 165 174 178 220 251 297 309 519 560 632 640 642 661 675 
29 33 60 65 78 120 134 196 198 211 239 278 283 307 324 329 381 392 394 413 448 456 458 528 592 597 631 666 
13 51 58 74 145 169 222 246 276 308 312 318 320 368 380 396 398 404 408 427 460 487 500 507 528 549 574 667 682 697 
24 42 68 82 116 170 191 193 248 250 314 338 350 441 472 491 495 506 527 578 613 615 646 652 
5 10 72 88 97 201 229 267 306 328 349 412 424 501 557 610 623 
17 131 135 142 177 188 209 224 242 277 304 358 387 426 457 532 543 555 624 660 665 669 673 
100 107 124 140 148 152 173 179 182 197 231 236 253 266 296 298 305 313 349 366 374 390 410 434 436 445 449 474 486 494 511 517 520 547 552 558 561 564 581 616 620 646 698 
37 99 106 112 115 151 167 273 295 327 355 365 402 416 422 513 563 593 614 
20 133 158 180 203 282 287 290 360 375 429 442 479 510 538 633 636 671 
35 39 73 102 118 126 146 183 371 383 400 439 452 472 499 540 551 604 641 
18 21 52 70 87 109 202 216 254 272 292 304 374 401 415 423 438 477 534 576 586 600 612 619 625 690 
6 47 353 356 393 407 493 591 592 645 664 686 693 
