2 14 16 39 42 45 580 751 957 1057 1111 1267 1368 1634 
30 53 55 72 88 989 1043 1126 1146 1501 1536 1616 
13 21 117 138 160 189 195 244 263 521 694 945 1116 1160 1418 
49 109 112 113 181 188 323 436 454 619 723 1142 1258 1361 1413 1583 1693 
18 119 179 190 197 259 265 352 366 368 369 430 431 437 542 850 1440 1575 
29 110 253 276 337 362 401 415 427 488 522 552 731 817 823 860 870 1073 1380 1513 1606 
11 60 70 71 77 125 136 149 549 613 1247 1537 1687 
131 145 177 185 264 266 270 320 331 335 392 505 642 725 842 895 1043 1257 1559 1594 
44 48 133 217 247 260 321 409 425 437 493 615 659 826 961 1001 1029 1100 1139 1196 1221 1227 1276 1303 1322 1357 1364 1396 1424 1503 
38 101 128 198 236 237 250 251 341 372 379 434 443 459 470 489 529 595 599 693 758 804 807 812 817 853 997 1020 1023 1037 1109 1194 1254 1258 1274 1301 1323 1334 1415 1423 1435 1447 1456 1483 1506 1525 1572 1575 1585 1629 1636 1646 1681 
87 98 137 233 314 348 354 402 464 481 546 575 608 633 788 839 856 879 980 982 990 1027 1098 1104 1192 1318 1476 1500 1538 1640 
38 101 128 198 236 237 250 379 389 434 459 470 529 595 758 789 804 807 812 817 853 1020 1094 1109 1254 1258 1301 1323 1379 1423 1447 1462 1483 1493 1506 1572 1636 1646 1681 
12 50 165 183 220 286 288 375 379 389 404 448 459 470 489 494 580 626 643 706 709 721 752 762 770 789 853 883 995 1050 1070 1094 1154 1254 1288 1291 1301 1302 1379 1404 1440 1462 1493 1506 1531 1605 1626 1636 1655 1656 
78 79 83 86 90 107 166 223 227 286 295 308 316 387 388 394 395 406 414 422 428 452 482 494 539 635 637 640 652 664 666 670 705 711 741 796 832 835 852 895 951 967 1034 1076 1101 1165 1195 1211 1237 1239 1280 1284 1307 1314 1327 1329 1332 1344 1400 1413 1443 1460 1465 1481 1494 1496 1535 1567 1579 1625 1627 1664 1697 
25 173 290 397 406 545 581 645 682 732 764 815 929 935 1092 1129 1133 1179 1194 1212 1287 1300 1369 1422 1488 1536 1594 1654 1657 
5 15 52 116 144 155 177 247 248 356 405 477 515 535 597 616 632 641 670 681 710 757 832 904 991 1146 1166 1177 1191 1204 1289 1428 1434 1446 1493 1542 1572 1589 1606 1658 
67 84 122 134 142 148 175 224 227 232 318 382 401 419 420 423 434 438 458 480 491 508 530 534 553 568 613 621 661 679 704 746 777 812 881 892 897 921 942 948 1014 1047 1061 1093 1167 1222 1235 1243 1272 1274 1276 1305 1345 1347 1352 1397 1450 1455 1471 1478 1495 1537 1544 1557 1632 1639 1653 
24 65 118 177 194 208 231 334 339 346 360 412 432 442 512 584 893 926 1005 1077 1087 1214 1385 1483 1531 
27 68 73 100 233 401 411 420 426 471 483 487 495 532 579 582 596 607 679 724 797 813 873 994 1028 1060 1082 1135 1157 1180 1204 1229 1268 1281 1313 1335 1340 1353 1363 1375 1523 1556 1579 1620 
26 61 153 201 228 280 408 424 466 523 598 639 660 708 775 831 1057 1275 1473 
41 42 203 256 261 292 327 421 470 617 660 690 798 800 848 849 867 890 905 954 959 1035 1039 1041 1126 1164 1231 1244 1286 1312 1330 1350 1411 1460 1473 1570 1572 1587 1619 1649 1672 
31 199 206 211 383 413 445 647 655 660 729 754 780 828 829 834 839 889 1026 1057 1073 1175 1273 1284 1290 1330 1348 1374 1560 1577 1603 
12 90 107 165 183 220 223 286 288 295 316 375 387 389 394 395 404 406 414 422 448 489 494 539 580 626 637 640 643 652 664 706 709 741 752 762 770 789 832 853 895 951 967 995 1034 1050 1070 1094 1101 1154 1195 1237 1288 1291 1302 1327 1329 1332 1379 1404 1440 1443 1460 1462 1493 1531 1535 1567 1579 1605 1626 1627 1655 1656 1697 
17 23 33 46 76 135 196 252 312 359 373 422 594 602 632 635 667 882 924 983 987 995 996 1033 1073 1106 1176 1190 1201 1222 1245 1316 1366 1376 1503 1519 1530 1565 1586 
134 232 318 382 401 438 458 462 530 555 777 810 812 1093 1100 1167 1222 1345 1347 1370 1495 1537 1544 1613 1639 1656 
23 93 120 139 178 319 453 484 486 506 567 624 735 859 903 911 915 938 939 1019 1062 1132 1315 1318 1320 1365 1410 1427 1467 1531 1582 1592 1596 1600 1628 1675 1686 1687 
8 22 25 38 89 98 187 227 258 267 269 374 386 452 499 574 622 624 665 668 691 728 765 805 830 833 847 864 869 880 953 975 1004 1039 1093 1119 1169 1171 1178 1182 1208 1242 1290 1310 1382 1424 1429 1485 1490 1507 1555 1561 1587 1607 
126 218 268 384 455 491 497 521 555 771 841 1068 1100 1117 1152 1219 1264 1319 1364 1385 1405 1477 
156 234 277 280 291 598 677 696 768 776 895 968 1010 1056 1062 1101 1179 1279 1300 1337 1354 1363 1372 1422 1479 1547 1573 1680 1693 
130 150 207 226 354 402 406 504 514 585 612 773 805 845 938 987 1042 1088 1112 1159 1265 1339 1393 1399 1418 1538 1550 1590 1640 
102 193 203 249 260 397 440 479 636 644 669 685 700 738 749 822 851 855 863 913 1062 1065 1123 1172 1238 1322 1441 1541 1550 1574 1598 1604 1663 
37 56 74 80 104 118 128 176 236 258 278 300 396 399 401 418 450 462 463 466 472 486 506 517 526 555 566 567 568 674 718 724 726 810 814 861 905 919 925 938 953 1034 1059 1116 1118 1120 1167 1184 1226 1256 1269 1358 1370 1373 1377 1382 1392 1410 1425 1432 1463 1467 1468 1497 1551 1564 1600 1602 1610 1613 1618 1619 1628 1649 1656 1675 1693 
8 22 25 38 74 98 134 187 232 236 258 267 269 278 300 318 382 396 418 458 462 463 472 499 506 517 526 530 555 566 568 637 665 668 718 726 728 777 805 810 812 814 861 864 880 919 925 952 953 975 1034 1039 1059 1093 1100 1116 1118 1120 1167 1169 1182 1184 1226 1256 1269 1290 1310 1329 1358 1370 1373 1377 1382 1392 1410 1425 1453 1463 1468 1472 1495 1497 1535 1544 1555 1561 1564 1587 1602 1607 1613 1618 1649 1656 1693 
7 81 100 124 167 402 493 643 753 772 811 914 936 1116 1121 1145 1240 1336 1408 1453 1474 1496 1644 
95 171 199 221 274 301 357 439 533 544 575 586 604 657 720 748 806 809 840 908 949 962 1024 1101 1130 1137 1161 1165 1258 1295 1338 1345 1385 1447 1469 1526 1616 1627 1631 1678 
69 94 161 235 279 302 353 398 420 467 577 583 606 659 699 714 742 793 907 1049 1061 1111 1120 1174 1190 1213 1223 1263 1273 1323 1386 1450 1464 1471 1505 1641 1682 1688 
6 65 162 163 169 276 281 299 303 323 325 380 412 416 425 512 521 536 562 584 593 602 604 609 735 745 791 793 839 893 898 1000 1015 1022 1069 1072 1077 1085 1087 1105 1156 1214 1247 1378 1391 1407 1413 1433 1436 1447 1461 1484 1539 1554 1580 1614 1669 1673 
43 73 100 390 437 476 509 510 536 543 618 623 655 670 732 735 835 995 1005 1033 1056 1058 1076 1103 1104 1106 1127 1143 1331 1374 1401 1441 1501 1525 1578 1584 
66 126 127 146 247 340 365 401 426 537 675 722 836 857 862 877 969 984 991 1028 1082 1124 1135 1148 1204 1206 1212 1230 1233 1313 1324 1335 1388 1424 1498 1505 1515 1540 1560 1595 1607 1620 1649 1683 
28 58 63 130 159 164 222 273 363 368 369 447 500 542 910 1495 1513 1555 1587 1683 1691 
170 283 330 371 565 575 646 687 714 781 785 787 827 846 871 923 928 999 1038 1056 1083 1114 1142 1155 1180 1209 1271 1303 1317 1374 1410 1451 1483 1485 1509 1546 1597 1679 1685 
75 96 123 255 385 405 446 509 549 551 559 572 610 707 714 767 772 818 846 887 937 953 959 973 1107 1225 1311 1322 1442 1449 1520 1604 
79 83 86 126 166 227 238 295 308 316 388 399 428 452 482 494 529 539 635 637 640 655 666 670 705 711 796 834 835 852 1076 1124 1128 1206 1211 1237 1239 1280 1284 1297 1307 1314 1329 1344 1400 1406 1413 1417 1465 1481 1494 1496 1535 1579 1625 1658 1664 
73 102 193 203 249 260 397 437 440 476 479 510 543 618 636 644 669 685 700 732 735 738 749 818 822 835 851 913 1062 1065 1103 1106 1123 1127 1172 1227 1238 1322 1331 1401 1441 1541 1550 1574 1584 1598 1604 1663 1695 
147 203 218 249 260 268 297 333 336 343 469 478 547 620 712 743 763 774 784 864 934 942 1036 1040 1081 1084 1158 1197 1205 1275 1371 1395 1490 1518 1537 1575 1670 
141 219 304 490 506 564 625 643 715 716 753 761 772 866 888 902 922 986 1053 1144 1153 1248 1256 1358 1469 1482 1501 1524 1540 1559 1645 1650 1666 1669 1689 
19 20 49 51 98 100 109 112 113 114 132 179 181 188 213 218 236 240 257 287 300 322 341 342 361 390 436 443 454 473 476 489 496 510 543 573 587 588 592 618 619 623 645 655 670 693 694 697 715 756 769 781 782 794 823 825 838 863 939 940 951 960 997 1005 1037 1056 1058 1078 1103 1104 1106 1108 1127 1142 1143 1146 1153 1184 1211 1217 1220 1235 1258 1292 1334 1351 1355 1359 1361 1384 1387 1388 1390 1401 1403 1413 1415 1427 1435 1456 1469 1473 1491 1492 1522 1524 1525 1527 1532 1548 1551 1575 1578 1579 1584 1585 1600 1602 1608 1612 1623 1627 1629 1643 1657 1667 1688 
73 181 216 290 367 400 444 525 545 581 648 672 682 764 815 929 935 941 1003 1013 1080 1091 1092 1125 1129 1133 1153 1160 1179 1180 1194 1203 1287 1300 1331 1369 1422 1488 1536 1550 1594 1654 1657 
158 209 275 293 410 466 570 573 658 662 678 713 717 792 825 925 991 1153 1160 1217 1257 1403 1490 1648 
99 129 150 157 186 233 336 370 394 451 454 461 546 589 628 801 817 867 912 964 1140 1151 1152 1282 1296 1309 1324 1396 1397 1438 1499 1505 1521 1568 1594 1612 1614 1627 1665 
7 184 230 298 412 509 740 744 751 812 832 857 925 939 1007 1064 1097 1111 1187 1212 1225 1247 1255 1257 1331 1338 1341 1368 1390 1392 1409 1423 1438 1459 1472 1476 1510 1515 1546 1551 1595 1607 1622 1648 1658 1662 
47 121 143 155 176 258 261 294 328 403 450 466 475 549 555 614 617 660 671 678 684 701 798 800 826 844 849 858 890 894 905 918 925 931 959 963 992 1035 1041 1089 1115 1152 1164 1277 1286 1323 1328 1329 1350 1381 1393 1411 1448 1473 1494 1570 1572 1592 1600 1610 1619 1657 
85 111 115 155 168 393 474 501 503 559 674 739 781 822 943 946 956 993 1046 1104 1134 1136 1149 1162 1167 1249 1274 1294 1337 1390 1416 1417 1457 1525 1546 1566 1588 1695 
78 108 230 236 304 379 417 459 536 559 572 603 650 736 767 795 804 836 857 862 887 932 937 949 952 991 1011 1030 1050 1083 1107 1133 1141 1148 1212 1225 1233 1311 1358 1377 1409 1417 1423 1440 1447 1457 1459 1475 1476 1506 1515 1536 1572 1595 1606 1611 1636 1637 1659 1681 
7 9 35 63 65 100 124 167 184 246 298 315 391 412 457 493 509 632 643 680 718 740 744 751 760 779 811 812 823 832 914 925 936 939 957 966 1007 1063 1064 1097 1111 1121 1145 1162 1173 1187 1207 1240 1247 1253 1255 1257 1267 1293 1299 1304 1331 1336 1338 1341 1361 1363 1388 1390 1391 1392 1408 1409 1421 1423 1438 1457 1459 1472 1474 1492 1510 1533 1546 1551 1563 1567 1593 1602 1607 1622 1644 1648 1658 1662 
147 203 218 249 260 268 297 333 336 343 469 478 547 598 620 712 743 763 774 784 864 934 1014 1036 1040 1081 1084 1158 1197 1205 1275 1371 1395 1490 1518 1537 1575 1670 1694 
31 63 192 241 306 438 507 541 578 580 656 723 786 802 983 989 1032 1083 1113 1168 1193 1330 1349 1350 1372 1437 1485 1517 1591 1617 1641 1670 1691 1699 
245 292 355 485 564 591 605 690 822 848 870 871 896 929 974 1005 1018 1039 1045 1073 1110 1126 1131 1198 1199 1220 1233 1248 1345 1347 1367 1368 1380 1394 1495 1529 1559 1571 1583 1634 1647 1652 1656 
3 62 69 97 272 313 330 429 441 446 518 527 528 544 565 575 646 673 683 687 753 766 785 827 871 878 885 923 930 932 993 999 1030 1038 1055 1056 1095 1114 1155 1161 1180 1188 1209 1250 1271 1290 1306 1317 1396 1410 1451 1452 1466 1476 1483 1485 1486 1504 1509 1544 1546 1558 1578 1585 1597 1599 1630 1668 1679 1685 
36 92 179 236 242 251 282 304 311 341 352 372 397 443 473 489 571 599 603 604 650 693 715 720 778 788 795 810 826 835 864 940 952 966 987 997 1011 1023 1037 1083 1120 1141 1143 1189 1192 1194 1211 1219 1273 1274 1333 1334 1415 1435 1456 1467 1469 1475 1480 1512 1525 1575 1585 1604 1611 1612 1616 1629 1637 1643 1659 1687 1696 
210 324 349 377 422 492 554 679 719 720 746 759 855 891 951 988 1072 1107 1137 1154 1542 1643 
98 114 132 213 218 240 257 287 322 342 361 454 496 570 573 587 588 592 619 645 694 697 715 756 769 781 782 794 825 838 863 939 951 960 1078 1108 1146 1153 1211 1217 1292 1351 1355 1359 1384 1387 1388 1390 1403 1427 1473 1491 1522 1524 1532 1548 1551 1578 1579 1602 1608 1612 1623 1627 1643 1657 1667 1688 
7 9 35 63 65 246 315 391 446 457 632 680 760 779 823 957 966 1063 1162 1173 1207 1253 1267 1293 1299 1304 1361 1363 1388 1391 1421 1457 1492 1533 1563 1567 1593 1602 
1 50 298 309 338 375 381 434 438 467 470 489 690 694 721 765 833 883 899 938 954 977 1075 1098 1111 1150 1185 1228 1232 1300 1342 1364 1386 1389 1412 1414 1441 1470 1487 1524 1548 1553 1562 1563 1571 1576 
144 239 345 405 478 563 590 732 737 872 928 944 957 1043 1074 1147 1182 1210 1267 1270 1522 1563 
85 111 115 155 168 393 474 479 501 503 559 674 739 781 822 943 946 956 993 1046 1104 1134 1136 1149 1162 1167 1249 1274 1294 1337 1390 1416 1417 1457 1525 1546 1566 1588 1685 1695 
39 41 42 203 245 256 292 298 309 327 338 355 381 421 434 438 467 470 485 489 564 591 605 690 721 822 848 867 871 883 896 899 929 938 954 974 977 1005 1018 1039 1041 1045 1073 1075 1110 1111 1126 1131 1150 1185 1198 1199 1220 1228 1231 1232 1233 1244 1312 1330 1342 1345 1347 1350 1364 1368 1380 1389 1394 1412 1414 1441 1460 1470 1487 1495 1524 1529 1553 1559 1562 1571 1576 1583 1587 1634 1647 1649 1652 1656 1672 
59 69 78 118 342 454 619 659 717 819 853 868 926 958 970 979 1084 1142 1182 1186 1217 1220 1315 1338 1402 1470 1489 1503 1552 1608 1614 1633 
38 89 144 227 258 276 374 386 452 574 622 624 691 765 830 833 847 869 953 1004 1119 1171 1178 1208 1242 1402 1424 1429 1485 1490 1507 
180 204 243 313 378 425 441 493 518 531 544 673 723 793 846 850 901 945 947 989 1044 1095 1122 1162 1243 1250 1262 1264 1285 1377 1383 1445 1486 1571 1581 1668 1679 1698 
41 42 103 181 203 256 260 268 292 297 327 333 336 349 351 421 423 435 469 470 491 508 534 547 554 561 598 620 679 690 712 719 743 746 759 763 774 848 864 867 891 897 923 934 942 948 954 988 1014 1036 1040 1041 1084 1126 1158 1197 1205 1231 1244 1272 1276 1305 1312 1330 1350 1352 1371 1395 1432 1450 1455 1460 1518 1537 1557 1575 1587 1632 1649 1672 
32 40 105 202 212 214 284 286 289 529 801 1235 1380 1404 1672 
23 31 37 54 89 225 271 297 368 449 560 695 698 863 865 868 884 971 1055 1075 1079 1098 1102 1193 1261 1315 1356 1368 1397 1452 1458 1508 1601 1621 1638 1642 1661 1670 1672 1684 
25 89 146 219 238 298 317 490 506 511 534 556 625 643 654 715 716 753 761 772 866 867 888 902 922 926 964 972 983 984 986 1053 1072 1117 1124 1128 1144 1163 1206 1230 1248 1256 1297 1324 1358 1388 1393 1406 1422 1425 1482 1494 1496 1498 1501 1524 1540 1559 1645 1650 1666 1683 1689 
4 104 150 172 229 322 329 364 429 478 491 548 569 688 734 820 824 886 944 966 1012 1021 1075 1154 1210 1298 1337 1382 1420 1438 1459 1508 1522 1527 1528 1543 1544 1601 1609 1630 1674 
44 128 296 336 344 375 394 519 540 559 611 630 702 727 755 790 909 920 976 978 985 998 1024 1031 1048 1051 1054 1143 1161 1243 1266 1321 1454 1513 1514 1542 1583 1589 1592 1678 
151 262 280 326 332 372 376 468 474 502 503 538 568 576 613 663 676 686 739 750 778 816 835 946 981 1009 1058 1104 1106 1117 1189 1200 1274 1308 1331 1333 1340 1398 1401 1492 1512 1525 1566 1584 1615 1669 1687 1696 
82 245 268 300 354 355 399 485 520 564 591 605 690 694 848 871 896 906 917 927 929 974 1018 1039 1045 1110 1126 1131 1170 1198 1199 1219 1220 1233 1236 1241 1246 1278 1297 1345 1347 1367 1368 1380 1394 1426 1439 1495 1529 1559 1571 1583 1634 1641 1647 1651 1652 1656 1676 
64 199 307 350 406 433 467 525 546 631 635 652 689 724 747 799 945 967 1076 1084 1093 1181 1183 1184 1194 1215 1252 1297 1303 1346 1392 1425 1430 1444 1511 1549 1555 1567 1648 1677 
23 31 37 54 89 182 225 255 271 297 310 368 407 449 524 560 623 695 698 703 733 774 805 854 863 865 868 875 876 884 933 950 965 971 1016 1055 1067 1075 1079 1098 1102 1138 1190 1192 1193 1216 1261 1315 1325 1343 1356 1360 1361 1368 1397 1431 1452 1453 1458 1502 1508 1534 1560 1621 1638 1642 1661 1668 1670 1672 1683 1684 1690 
37 91 152 174 182 255 310 407 524 623 703 733 774 805 854 875 876 933 949 950 965 1016 1067 1138 1190 1192 1216 1325 1343 1360 1361 1404 1431 1453 1502 1508 1534 1560 1589 1683 1690 
44 57 154 191 200 249 254 255 256 285 358 412 494 550 634 651 692 765 788 801 807 843 874 916 928 1008 1055 1086 1090 1218 1224 1233 1234 1260 1283 1432 1512 1671 1692 
106 140 205 305 347 465 525 557 600 601 627 638 717 730 803 821 837 929 1002 1025 1052 1066 1096 1205 1256 1259 1275 1318 1326 1362 1372 1402 1418 1419 1516 1545 1569 1635 1660 1694 
31 63 192 241 306 438 507 541 578 580 656 723 786 802 910 983 989 1032 1083 1113 1168 1330 1349 1350 1372 1437 1469 1485 1517 1591 1617 1641 1670 1691 1699 
10 34 114 130 132 215 218 240 256 257 287 361 456 460 496 498 513 516 558 588 592 602 624 629 645 649 653 674 694 697 715 756 769 781 782 783 794 808 825 850 900 951 955 960 1006 1017 1071 1099 1146 1202 1211 1251 1292 1351 1384 1387 1390 1403 1473 1491 1524 1548 1551 1624 1627 1657 1667 1688 1700 
