1	21 
2	17 
3	17 
4	9 
5	2 
6	26 
7	37 
8	30 
9	17 
10	15 
11	43 
12	32 
13	4 
14	44 
15	27 
16	21 
17	17 
18	4 
19	14 
20	8 
21	5 
22	4 
23	42 
24	17 
25	3 6 10 25 33 
26	27 
27	6 
28	14 15 24 26 33 
29	30 
30	20 
31	31 
32	43 
33	38 
34	25 
35	3 
36	6 
37	13 
38	30 
39	27 
40	21 
41	17 
42	17 
43	18 
44	3 
45	11 22 24 27 37 
46	34 
47	44 
48	1 6 14 23 33 
49	30 
50	2 
51	39 
52	28 
53	43 
54	5 
55	25 
56	33 
57	5 
58	15 17 22 33 34 
59	27 
60	39 
61	6 
62	41 
63	15 
64	8 
65	4 11 24 33 39 
66	43 
67	34 
68	14 
69	3 15 18 23 37 
70	43 
71	36 
72	25 
73	4 
74	30 
75	12 16 18 26 42 
76	7 
77	43 
78	14 
79	28 
80	36 
81	8 
82	2 
83	11 
84	38 
85	35 
86	3 15 24 35 44 
87	32 
88	20 
89	14 
90	23 
91	19 
92	10 
93	10 
94	2 20 23 29 39 
95	13 
96	10 
97	14 
98	2 9 10 12 31 
99	4 10 16 40 43 
100	40 
101	10 14 21 23 39 
102	35 
103	15 
104	13 
105	39 
106	1 
107	23 
108	5 6 9 12 42 
109	17 
110	17 
111	23 
112	43 
113	5 11 21 28 31 
114	36 
115	1 
116	5 
117	36 
118	20 35 37 40 44 
119	15 21 24 29 39 
120	32 
121	27 
122	8 
123	18 
124	10 
125	34 
126	30 
127	19 
128	2 4 9 20 34 
129	33 
130	7 
131	38 
132	3 9 13 16 23 
133	43 
134	9 
135	6 12 18 19 33 
136	42 
137	14 
138	33 37 39 40 44 
139	23 
140	44 
141	32 
142	25 
143	34 
144	6 13 29 37 44 
145	12 
146	27 
147	29 
148	5 
149	3 9 25 29 34 
150	29 
151	1 11 31 33 41 
152	21 
153	26 
154	24 
155	35 
156	22 
157	28 
158	29 
159	9 
160	42 
161	44 
162	14 
163	37 
164	5 8 11 27 30 
165	29 
166	11 22 25 33 35 
167	18 
168	1 
169	13 20 26 31 38 
170	16 
171	2 23 29 36 37 
172	41 
173	1 6 11 30 37 
174	13 24 29 38 44 
175	1 9 10 18 21 
176	18 
177	7 
178	29 
179	34 
180	32 
181	9 15 19 23 34 
182	31 
183	36 
184	2 4 16 27 29 
185	9 17 18 22 28 
186	20 
187	18 
188	20 
189	11 
190	10 
191	21 
192	42 
193	26 
194	9 14 18 25 33 
195	30 
196	35 
197	40 
198	34 
199	20 
200	28 
201	24 
202	37 
203	30 
204	9 
205	19 
206	20 
207	4 
208	20 
209	2 
210	1 11 28 29 40 
211	40 
212	29 
213	4 
214	14 
215	4 6 23 25 40 
216	3 
217	41 
218	39 
219	16 
220	13 
221	25 
222	27 
223	11 26 39 41 44 
224	41 
225	4 
226	23 
227	19 
228	1 
229	16 
230	16 
231	33 
232	9 
233	37 
234	21 22 25 30 42 
235	20 
236	7 
237	30 
238	12 
239	2 
240	37 
241	16 
242	21 26 29 30 36 
243	10 
244	13 
245	28 
246	10 
247	2 
248	15 
249	15 
250	33 
251	16 
252	36 
253	4 12 25 26 40 
254	40 
255	3 
256	14 30 33 36 37 
257	13 25 27 33 44 
258	18 21 36 41 42 
259	9 
260	22 
261	3 
262	36 
263	1 
264	27 
265	15 
266	1 
267	30 
268	8 
269	29 
270	21 24 31 38 41 
271	8 13 24 43 44 
272	34 
273	2 
274	15 
275	31 
276	25 
277	35 
278	24 
279	4 19 26 30 39 
280	21 
281	9 
282	39 
283	13 
284	7 
285	9 16 22 39 40 
286	9 13 24 38 39 
287	35 
288	18 
289	12 
290	8 
291	1 
292	33 
293	10 
294	36 
295	9 15 23 31 33 
296	31 
297	26 
298	28 
299	12 
300	8 11 22 27 32 
301	10 13 19 31 38 
302	13 
303	34 
304	32 
305	39 
306	8 
307	10 13 39 40 41 
308	41 
309	27 
310	6 
311	29 
312	33 
313	22 
314	34 
315	6 
316	2 14 29 32 44 
317	37 
318	4 
319	34 
320	10 
321	30 
322	26 
323	25 
324	3 
325	4 
326	40 
327	2 11 20 27 33 
328	10 15 25 30 32 
329	44 
330	40 
331	12 
332	31 
333	2 10 30 42 43 
334	15 
335	3 
336	33 
337	27 
338	25 
339	32 
340	3 
341	40 
342	1 
343	1 
344	18 
345	22 
346	6 
347	8 
348	18 
349	16 
350	36 
351	32 
352	6 9 13 21 30 
353	35 
354	1 24 36 38 40 
355	2 
356	4 12 36 38 41 
357	33 
358	40 
359	29 
360	25 
361	29 
362	7 
363	11 
364	26 
365	27 
366	19 
367	11 
368	44 
369	16 
370	31 
371	9 11 17 19 30 
372	14 
373	42 
374	3 6 18 29 31 
375	31 
376	24 
377	10 
378	23 
379	1 9 17 35 40 
380	2 5 27 32 41 
381	31 
382	28 
383	37 
384	18 36 37 38 39 
385	20 
386	33 
387	9 
388	32 
389	23 
390	24 
391	9 
392	37 
393	16 
394	34 
395	5 22 23 29 36 
396	35 
397	3 6 15 33 36 
398	1 3 18 37 39 
399	12 
400	8 22 29 33 39 
401	16 
402	22 
403	11 
404	13 
405	11 
406	11 12 20 35 43 
407	2 
408	8 
409	2 
410	3 
411	25 
412	1 2 10 14 40 
413	36 
414	1 14 21 33 42 
415	20 
416	18 
417	24 
418	26 
419	29 
420	9 
421	44 
422	4 16 23 25 39 
423	21 
424	33 
425	7 10 14 29 44 
426	5 
427	9 
428	2 
429	4 
430	9 
431	5 8 15 22 39 
432	8 10 21 26 42 
433	24 
434	16 
435	6 10 19 20 27 
436	37 
437	2 
438	28 
439	21 
440	14 
441	41 
442	27 
443	6 26 33 40 41 
444	25 
445	4 
446	7 13 22 24 38 
447	1 
448	28 
449	37 
450	6 
451	2 6 7 22 30 
452	3 14 18 22 31 
453	6 
454	2 
455	14 
456	1 7 12 15 38 
457	22 
458	4 10 14 19 28 
459	39 
460	30 
461	7 9 18 22 24 
462	6 13 27 29 32 
463	1 
464	33 
465	11 
466	10 22 23 29 39 
467	22 
468	23 
469	2 6 28 35 43 
470	12 
471	5 
472	27 
473	39 
474	20 
475	4 8 10 12 13 
476	9 13 16 34 37 
477	10 
478	42 
479	16 
480	21 
481	28 
482	27 
483	14 
484	1 2 6 33 40 
485	6 
486	7 
487	32 
488	1 7 24 28 38 
489	22 
490	41 
491	3 4 5 31 40 
492	6 
493	16 
494	4 8 12 38 39 
495	19 
496	2 
497	4 
498	19 
499	29 
500	3 5 7 15 34 
501	2 
502	18 
503	1 5 29 41 42 
504	32 
505	39 
506	10 
507	12 
508	2 11 23 26 44 
509	14 
510	23 
511	10 
512	21 
513	21 
514	5 
515	1 21 35 37 39 
516	4 
517	11 
518	14 
519	10 
520	42 
521	8 
522	11 
523	22 
524	16 
525	9 13 14 18 23 
526	29 
527	14 18 21 22 30 
528	41 
529	11 
530	3 
531	5 23 28 35 37 
532	16 
533	13 
534	15 
535	7 11 12 23 29 
536	5 
537	29 
538	4 
539	7 10 13 16 28 
540	7 
541	2 20 27 41 43 
542	18 
543	8 30 33 34 39 
544	14 
545	2 5 25 30 34 
546	5 
547	33 
548	44 
549	1 
550	42 
551	41 
552	10 
553	13 
554	33 
555	10 
556	37 
557	42 
558	7 
559	6 
560	2 
561	27 
562	41 
563	13 
564	6 
565	6 
566	29 
567	14 25 30 31 32 
568	4 17 22 24 27 
569	23 
570	25 
571	9 11 18 30 32 
572	12 16 23 30 41 
573	12 
574	29 
575	15 
576	13 
577	41 
578	13 
579	16 
580	30 
581	19 
582	19 
583	32 
584	3 5 7 12 30 
585	4 
586	4 9 22 26 43 
587	4 
588	13 
589	4 5 18 31 41 
590	2 
591	12 13 35 38 39 
592	1 
593	4 27 32 39 44 
594	15 
595	3 15 16 18 39 
596	7 
597	24 
598	21 
599	1 
600	11 
601	9 
602	6 
603	1 
604	14 15 20 24 42 
605	27 
606	33 
607	23 
608	30 
609	4 
610	13 
611	3 5 6 15 25 
612	11 
613	22 24 28 29 41 
614	10 
615	3 13 19 22 23 
616	14 18 21 25 30 
617	13 
618	23 
619	30 
620	1 19 23 33 36 
621	22 
622	6 
623	4 
624	30 
625	27 
626	8 16 21 23 29 
627	4 26 30 33 35 
628	22 
629	11 
630	2 
631	16 
632	1 
633	37 
634	41 
635	30 
636	1 12 19 30 41 
637	41 
638	16 
639	2 
640	44 
641	5 
642	11 19 21 26 40 
643	19 
644	6 
645	1 
646	6 
647	4 
648	4 15 34 35 40 
649	16 
650	22 
651	11 
652	11 
653	41 
654	10 12 15 21 42 
655	13 
656	37 
657	11 
658	1 
659	15 
660	14 
661	1 5 18 29 37 
662	19 
663	7 
664	19 
665	2 9 10 37 42 
666	27 
667	23 
668	14 
669	9 14 21 27 29 
670	1 12 22 41 42 
671	6 
672	30 
673	6 13 17 39 41 
674	3 8 9 14 24 
675	14 
676	42 
677	44 
678	1 
679	29 
680	1 7 9 14 25 
681	12 25 28 35 41 
682	33 
683	3 
684	12 
685	10 16 19 32 42 
686	11 
687	33 
688	18 20 23 27 37 
689	44 
690	42 
691	19 23 24 32 33 
692	7 
693	23 27 28 40 41 
694	37 
695	9 
696	3 
697	4 
698	4 
699	42 
700	10 29 30 34 44 
