0	1	28.2443	6	
0	3	39.5494	9	
0	5	29.2208	6	
0	6	9.31815	2	
0	7	29.2461	6	
0	8	16.0341	4	
0	9	28.0513	6	
0	10	19.3509	4	
0	17	7.93363	2	
0	18	4.23694	1	
0	20	44.5445	10	
0	21	8.82045	2	
0	24	23.1717	5	
0	26	30.9536	7	
0	27	4.77217	1	
0	28	4.23769	1	
0	30	21.4206	5	
0	31	5.17672	1	
0	32	4.89772	1	
0	33	10.4166	2	
0	36	25.3064	5	
0	40	42.7577	9	
0	42	19.5519	5	
0	43	20.9275	5	
0	45	18.2604	4	
0	46	37.9658	7	
0	47	26.572	5	
0	48	3.81856	1	
0	49	28.867	6	
0	50	20.2431	4	
0	52	8.07673	1	
0	53	20.5918	5	
0	54	3.69431	1	
1	2	17.8274	4	
1	4	14.9852	3	
1	6	23.1284	5	
1	7	7.80202	2	
1	8	7.21955	2	
1	9	25.182	5	
1	11	14.1876	4	
1	12	11.828	2	
1	13	7.92446	2	
1	17	32.6926	7	
1	18	8.1257	2	
1	20	30.1807	7	
1	21	6.4091	1	
1	22	6.17825	1	
1	23	9.12609	2	
1	24	27.0374	6	
1	25	18.7533	4	
1	26	28.3401	6	
1	27	84.4755	18	
1	30	5.54728	1	
1	31	41.0262	9	
1	32	3.49541	1	
1	33	67.9634	14	
1	35	27.9946	7	
1	37	27.8882	6	
1	38	2.55545	1	
1	39	24.6302	5	
1	40	6.54372	1	
1	41	27.572	6	
1	42	24.8726	5	
1	43	37.1455	9	
1	44	29.5503	7	
1	47	55.3702	11	
1	48	20.2734	5	
1	49	13.0152	3	
1	50	6.97635	2	
1	51	8.5347	2	
1	52	28.8355	6	
1	54	26.9838	5	
2	4	22.4105	5	
2	7	3.85289	1	
2	11	11.727	3	
2	12	25.6439	5	
2	20	12.0422	4	
2	21	4.59035	1	
2	23	9.47506	2	
2	35	20.8143	4	
2	36	20.5535	4	
2	40	2.80657	1	
2	41	4.50641	1	
2	42	5.87142	1	
2	46	23.5988	5	
2	50	26.7898	5	
3	4	9.80495	2	
3	5	4.25936	1	
3	6	5.21868	1	
3	7	30.9264	6	
3	8	45.0676	10	
3	9	11.5679	2	
3	12	5.90104	1	
3	15	23.8093	5	
3	17	23.9574	5	
3	19	27.0548	5	
3	21	40.5691	8	
3	22	12.613	3	
3	23	3.21358	1	
3	24	6.74269	1	
3	25	4.81112	1	
3	30	10.1757	2	
3	31	4.19448	1	
3	33	7.27532	2	
3	38	4.66465	1	
3	39	29.1932	6	
3	40	7.30965	1	
3	41	29.6002	6	
3	42	17.0654	4	
3	43	3.75779	1	
3	44	18.8163	4	
3	45	6.80782	1	
3	46	27.6581	6	
3	47	5.20998	1	
3	48	4.31923	1	
3	49	15.1233	3	
3	50	2.90044	1	
3	51	4.60415	1	
3	52	8.4937	2	
3	53	4.9146	1	
3	54	2.80787	1	
4	5	28.4349	6	
4	6	46.1965	9	
4	7	7.40828	2	
4	9	18.365	4	
4	11	5.78353	1	
4	12	65.1881	14	
4	13	2.71145	1	
4	14	21.3125	5	
4	15	47.2912	10	
4	17	14.0953	3	
4	18	11.9771	3	
4	20	12.1033	3	
4	21	10.7923	3	
4	22	4.90555	1	
4	23	21.745	5	
4	24	15.651	3	
4	26	3.6323	1	
4	27	21.9202	4	
4	28	4.74041	1	
4	30	42.2108	9	
4	31	27.5132	6	
4	33	10.7736	2	
4	35	11.5708	2	
4	36	4.2944	1	
4	37	5.77982	1	
4	39	40.9031	9	
4	40	22.8259	4	
4	41	6.9641	2	
4	42	29.5173	7	
4	43	31.0362	7	
4	44	3.73778	1	
4	45	22.0996	5	
4	46	10.4959	3	
4	47	22.3213	5	
4	48	29.8079	6	
4	49	29.3338	6	
4	50	4.8533	1	
4	51	76.0932	16	
4	52	24.8793	5	
4	54	12.7034	3	
5	8	7.46712	2	
5	10	23.8219	5	
5	12	7.56406	2	
5	15	28.74	7	
5	16	3.7391	1	
5	19	3.31669	1	
5	20	4.04047	1	
5	21	9.2506	2	
5	22	4.46035	1	
5	23	5.66911	1	
5	26	9.72801	2	
5	27	34.1725	7	
5	29	26.4871	5	
5	30	38.9929	8	
5	31	37.3171	7	
5	33	20.065	4	
5	34	1.64854	1	
5	35	6.38974	1	
5	36	5.5756	1	
5	38	5.24356	1	
5	39	12.5415	2	
5	40	28.2555	6	
5	41	45.1783	9	
5	42	6.76795	2	
5	43	35.1802	8	
5	44	27.8685	6	
5	45	6.99799	2	
5	47	30.1686	6	
5	48	42.4314	10	
5	49	9.20853	2	
5	50	19.1364	4	
5	51	37.1363	7	
5	53	2.05457	1	
5	54	3.59776	1	
6	7	4.68913	1	
6	8	9.27098	2	
6	12	4.11656	1	
6	14	4.29463	1	
6	20	8.47444	2	
6	22	11.3065	2	
6	23	3.19796	1	
6	26	28.7158	6	
6	27	13.1432	3	
6	28	6.38235	1	
6	30	24.5059	6	
6	31	3.56313	1	
6	32	7.8398	2	
6	37	6.55283	1	
6	38	21.4668	5	
6	39	26.9971	6	
6	40	25.8154	6	
6	41	6.50148	2	
6	42	7.96983	2	
6	44	11.077	2	
6	47	34.291	7	
6	48	43.2741	9	
6	49	37.6318	8	
6	50	27.7816	6	
6	51	13.612	3	
6	53	4.43097	1	
7	9	42.8685	9	
7	10	5.11858	1	
7	11	19.3261	5	
7	13	3.21079	1	
7	15	4.14141	1	
7	17	48.8069	9	
7	19	22.3895	5	
7	21	31.2237	6	
7	22	4.71643	1	
7	23	7.36883	1	
7	24	64.2362	14	
7	25	2.38649	1	
7	26	8.59306	2	
7	28	4.20796	1	
7	31	16.5309	3	
7	32	5.32502	1	
7	33	17.2925	3	
7	35	10.8082	2	
7	36	51.8472	10	
7	37	5.4225	1	
7	38	26.2665	6	
7	40	26.3451	6	
7	41	4.39135	1	
7	42	35.4087	7	
7	43	10.0025	2	
7	44	4.13395	1	
7	45	7.62825	2	
7	46	6.76626	1	
7	47	5.62737	1	
7	48	33.682	7	
7	49	5.24803	1	
7	51	43.63	9	
7	52	8.1993	2	
7	54	9.29945	2	
8	11	2.82175	1	
8	12	17.6825	4	
8	13	17.1066	4	
8	14	2.7634	1	
8	17	21.2517	4	
8	20	2.37981	1	
8	22	4.63814	1	
8	23	29.9112	6	
8	24	13.1984	3	
8	25	2.8971	1	
8	26	8.33996	2	
8	28	23.4555	5	
8	30	43.8172	9	
8	31	4.18617	1	
8	36	3.81776	1	
8	39	41.6476	9	
8	40	21.3706	4	
8	42	8.76307	2	
8	43	2.50475	1	
8	45	1.84667	1	
8	47	9.70553	2	
8	48	4.97957	1	
8	50	20.1099	4	
8	51	4.34109	1	
8	52	8.16269	2	
8	54	3.53256	1	
9	11	1.90408	1	
9	12	17.4232	4	
9	13	21.2332	5	
9	15	19.2962	4	
9	16	20.144	4	
9	17	19.7416	4	
9	19	19.301	4	
9	20	32.7299	7	
9	21	11.8575	3	
9	22	2.8157	1	
9	23	22.2805	4	
9	24	21.1375	4	
9	28	37.8312	8	
9	29	6.39807	2	
9	30	3.12515	1	
9	31	23.2046	5	
9	33	7.17895	2	
9	35	2.2805	1	
9	37	6.43281	1	
9	38	16.9059	4	
9	39	16.8373	4	
9	40	23.6871	5	
9	41	18.7262	4	
9	42	27.7004	6	
9	44	8.04475	2	
9	45	26.3124	6	
9	46	24.9278	5	
9	48	3.59388	1	
9	49	22.77	5	
9	50	20.355	5	
9	51	53.9075	11	
9	52	38.6404	8	
9	53	3.23957	1	
10	12	22.0296	5	
10	15	4.07282	1	
10	16	18.1449	5	
10	19	17.7657	4	
10	25	4.18455	1	
10	27	3.47391	1	
10	28	16.9325	4	
10	29	20.5698	5	
10	30	28.0863	6	
10	31	4.94337	1	
10	33	21.4869	5	
10	36	19.0761	4	
10	38	4.43312	1	
10	41	20.3762	4	
10	43	18.8394	4	
10	45	15.1656	4	
10	48	5.34545	2	
10	49	4.13465	1	
10	51	20.7043	5	
10	52	4.64586	1	
11	23	16.4011	4	
11	31	3.36423	1	
11	33	2.29583	1	
11	35	4.58192	1	
11	40	7.02907	2	
11	47	4.2179	1	
11	48	5.15417	1	
11	49	22.7091	5	
11	50	4.03671	1	
11	51	16.6924	4	
12	13	14.5951	4	
12	14	5.88328	1	
12	15	20.4226	5	
12	17	25.5206	5	
12	19	20.7014	4	
12	20	17.2009	4	
12	22	20.2001	4	
12	23	4.73257	1	
12	25	0.627256	1	
12	26	2.07151	1	
12	27	13.7683	3	
12	28	13.5217	3	
12	29	4.19678	1	
12	30	19.5412	5	
12	31	4.90841	1	
12	32	24.7989	5	
12	34	22.7209	5	
12	35	27.2093	5	
12	38	6.89245	2	
12	39	39.6161	8	
12	40	11.3687	2	
12	41	26.9483	6	
12	42	2.47609	1	
12	43	30.0925	6	
12	44	7.30689	2	
12	45	5.31895	1	
12	46	32.396	6	
12	47	19.4624	4	
12	48	27.3477	6	
12	49	42.1897	9	
12	50	44.1707	9	
12	51	3.88534	1	
12	52	41.3337	9	
12	53	13.6272	3	
12	54	28.0852	5	
13	14	14.9891	4	
13	15	17.0163	4	
13	16	18.0196	4	
13	17	18.8248	4	
13	22	18.2649	4	
13	23	19.484	4	
13	27	2.56638	1	
13	28	20.8286	5	
13	30	32.7162	8	
13	31	37.3859	8	
13	33	24.9909	6	
13	34	16.7615	4	
13	35	5.22527	1	
13	40	3.55282	1	
13	42	20.9597	4	
13	46	14.5616	3	
13	47	5.02404	1	
13	51	6.76187	2	
14	15	5.8402	1	
14	17	18.5567	4	
14	18	42.7842	9	
14	22	5.78567	1	
14	25	20.7532	5	
14	27	20.8262	5	
14	28	36.2759	7	
14	32	22.7059	5	
14	33	2.01941	1	
14	35	17.8832	4	
14	36	15.2504	4	
14	39	16.1343	4	
14	44	3.59132	1	
14	46	27.064	6	
14	47	16.722	4	
14	50	2.07773	1	
14	51	5.20544	1	
15	17	25.623	5	
15	18	33.9525	6	
15	21	23.426	5	
15	23	18.4339	4	
15	25	7.19803	2	
15	27	5.34096	1	
15	29	2.05765	1	
15	30	6.19372	1	
15	31	27.6393	5	
15	33	8.76803	2	
15	34	3.78105	1	
15	35	7.72728	2	
15	37	26.3894	5	
15	39	6.36768	2	
15	40	26.2209	5	
15	42	22.7916	5	
15	43	4.72039	1	
15	44	22.1979	5	
15	47	5.44462	1	
15	49	31.1137	7	
15	50	30.8698	6	
15	52	5.53364	1	
15	53	16.5352	4	
15	54	4.42127	1	
16	19	17.6489	4	
16	21	2.0119	1	
16	22	20.9164	4	
16	23	5.6779	1	
16	24	17.5332	4	
16	26	15.9039	3	
16	28	42.6925	9	
16	29	18.962	4	
16	31	5.11316	1	
16	32	2.54983	1	
16	34	3.7262	1	
16	36	16.4876	4	
16	41	8.60094	2	
16	49	38.5002	9	
16	50	6.07345	1	
16	52	19.7158	4	
16	53	6.09191	1	
17	18	32.1611	6	
17	19	2.19243	1	
17	20	23.5834	5	
17	21	23.4785	4	
17	23	13.806	3	
17	25	4.97061	1	
17	26	5.36156	1	
17	27	40.4771	9	
17	28	41.9582	9	
17	30	5.67226	1	
17	31	18.599	5	
17	32	15.3872	3	
17	33	5.77702	1	
17	34	4.69032	1	
17	35	27.8789	6	
17	36	5.06358	1	
17	37	25.615	5	
17	39	42.6429	9	
17	40	6.80578	1	
17	41	33.7939	8	
17	42	4.10778	1	
17	43	4.42887	1	
17	44	31.3831	7	
17	45	7.52805	2	
17	46	32.3649	7	
17	47	12.6515	3	
17	48	51.4012	11	
17	49	25.8921	5	
17	50	24.7529	5	
17	51	24.4391	6	
17	52	6.92642	2	
17	53	9.04571	2	
17	54	28.8206	8	
18	20	21.2539	4	
18	21	8.77365	2	
18	23	21.5061	5	
18	25	25.5484	5	
18	26	6.05298	1	
18	28	27.1595	5	
18	30	18.3942	4	
18	31	29.5694	6	
18	32	3.30429	1	
18	33	26.0199	5	
18	34	22.9601	5	
18	35	26.3432	5	
18	36	4.83893	1	
18	37	5.82751	1	
18	39	12.7828	3	
18	40	13.6533	3	
18	42	5.35005	1	
18	43	8.25787	2	
18	44	11.0574	2	
18	45	8.90036	2	
18	46	21.2203	4	
18	47	9.2964	2	
18	48	17.0618	4	
18	49	10.8273	3	
18	51	10.5109	2	
18	52	9.62729	2	
18	53	7.61345	1	
18	54	6.44162	1	
19	20	4.26102	1	
19	22	2.78041	1	
19	23	4.6084	1	
19	31	3.56665	1	
19	33	4.13726	1	
19	37	9.09471	3	
19	38	29.0277	7	
19	39	7.47574	2	
19	40	5.86908	1	
19	44	25.9768	6	
19	45	20.2726	4	
19	46	2.50392	1	
19	49	15.1552	3	
19	50	3.58361	1	
19	52	21.9193	5	
19	54	4.47036	1	
20	21	3.50376	1	
20	22	6.2448	1	
20	26	36.679	7	
20	27	4.72418	1	
20	28	12.1554	3	
20	30	27.2437	5	
20	31	36.4629	7	
20	32	55.0385	13	
20	33	14.8496	3	
20	34	4.96408	1	
20	37	3.50003	1	
20	38	28.1629	6	
20	39	16.9722	4	
20	40	38.734	9	
20	41	4.35266	1	
20	42	3.65162	1	
20	43	57.5997	13	
20	44	22.9319	5	
20	45	19.2934	4	
20	46	5.34291	1	
20	47	8.11464	1	
20	48	19.3857	4	
20	49	11.5535	3	
20	50	5.60641	1	
20	51	35.4482	7	
20	53	20.4432	5	
20	54	28.1709	6	
21	22	21.2798	5	
21	23	6.2322	2	
21	25	24.9361	6	
21	27	7.52311	2	
21	28	13.0938	3	
21	30	13.0582	4	
21	31	15.9945	4	
21	32	17.8971	5	
21	33	23.102	5	
21	35	14.4602	3	
21	36	19.4122	4	
21	37	31.8041	6	
21	38	37.0184	8	
21	39	4.21109	1	
21	40	3.87444	1	
21	41	34.0363	7	
21	42	29.7611	7	
21	43	6.59213	1	
21	44	9.75383	2	
21	46	7.57568	2	
21	47	0.555564	1	
21	48	2.8375	1	
21	49	29.9544	6	
21	52	8.43532	2	
21	53	14.3728	3	
21	54	27.8447	5	
22	26	2.82425	1	
22	27	4.58599	1	
22	28	2.95421	1	
22	30	9.13875	2	
22	33	21.5721	5	
22	34	4.10168	1	
22	36	4.6873	1	
22	37	6.01319	1	
22	38	5.13681	1	
22	40	3.21402	1	
22	41	17.5064	5	
22	43	7.17755	1	
22	44	14.0859	4	
22	45	5.29874	1	
22	46	34.29	7	
22	47	20.9622	4	
22	48	6.10449	2	
22	50	8.27868	1	
22	51	5.11712	1	
22	52	8.70377	2	
23	24	4.48082	1	
23	25	4.64171	1	
23	27	5.3712	1	
23	28	37.2522	8	
23	29	12.0355	3	
23	30	31.9648	6	
23	31	38.8803	8	
23	32	6.39288	1	
23	33	24.273	5	
23	34	4.67677	1	
23	36	5.35439	1	
23	37	10.3601	3	
23	38	9.08563	2	
23	39	11.6256	2	
23	40	5.79603	1	
23	41	28.7653	6	
23	42	22.8482	5	
23	43	2.07481	1	
23	44	5.30205	1	
23	45	20.2792	4	
23	46	28.9271	6	
23	47	12.2095	3	
23	48	10.759	2	
23	49	11.1619	3	
23	50	35.404	7	
23	51	7.64655	2	
23	52	19.686	4	
23	54	5.12815	1	
24	26	17.0324	5	
24	27	15.8705	3	
24	28	25.7021	5	
24	30	23.2232	5	
24	33	4.5512	1	
24	36	8.55481	2	
24	37	4.79551	1	
24	38	26.17	5	
24	40	6.0889	2	
24	41	18.8996	5	
24	43	25.904	5	
24	44	4.94538	1	
24	45	4.08811	1	
24	47	14.5427	4	
24	48	13.5334	3	
24	49	18.76	4	
24	50	6.17112	2	
24	51	1.9236	1	
24	52	8.19531	2	
25	29	18.8772	4	
25	30	3.73158	1	
25	32	5.38366	1	
25	35	28.3575	6	
25	36	5.16915	1	
25	37	4.66417	1	
25	39	17.5903	4	
25	40	6.42371	2	
25	41	4.72476	1	
25	43	20.6654	4	
25	44	26.6936	6	
25	48	12.897	3	
25	49	13.2808	3	
25	51	7.77948	2	
26	27	1.93186	1	
26	28	6.80399	1	
26	30	34.5624	6	
26	31	21.4149	4	
26	32	10.4389	2	
26	36	4.9552	1	
26	37	27.6426	5	
26	38	25.1057	5	
26	40	26.1848	5	
26	41	4.09251	1	
26	42	7.83424	2	
26	44	50.7437	11	
26	45	15.0516	3	
26	47	27.0161	6	
26	49	49.9899	11	
26	50	18.7884	4	
26	51	5.0946	1	
26	52	4.65471	1	
26	53	29.6474	6	
26	54	3.18925	1	
27	29	3.35658	1	
27	30	40.1975	9	
27	31	18.9984	4	
27	32	57.6958	12	
27	33	31.6164	6	
27	35	39.1449	8	
27	36	14.889	3	
27	37	10.7706	2	
27	39	4.54605	1	
27	40	6.54827	1	
27	41	9.23239	2	
27	43	3.79167	1	
27	44	3.63243	1	
27	46	29.9823	5	
27	47	26.0909	6	
27	49	18.8124	4	
27	51	9.96813	2	
27	52	53.011	11	
27	53	46.5345	9	
27	54	4.73044	1	
28	30	5.6265	1	
28	31	18.6459	4	
28	32	2.79656	1	
28	33	17.1041	4	
28	34	15.8264	3	
28	35	9.50816	2	
28	36	26.1123	5	
28	37	31.9597	6	
28	38	22.1342	5	
28	39	27.9722	6	
28	41	16.2633	4	
28	42	25.81	5	
28	43	3.03049	1	
28	44	7.11232	1	
28	45	45.5859	10	
28	46	31.0519	6	
28	47	8.47299	2	
28	48	3.18388	1	
28	49	54.1806	11	
28	50	25.3088	5	
28	51	4.61535	1	
28	52	41.4992	10	
28	53	26.5158	5	
29	30	31.6648	7	
29	36	4.10603	1	
29	39	28.0119	7	
29	40	19.8426	4	
29	41	22.3752	5	
29	43	4.61788	1	
29	44	22.923	5	
29	45	10.0107	2	
29	49	5.09853	1	
30	31	49.0089	10	
30	32	27.983	6	
30	36	25.6189	5	
30	37	29.2161	6	
30	38	19.5855	5	
30	39	12.67	3	
30	40	68.0934	14	
30	41	13.0043	3	
30	42	26.0316	6	
30	43	30.4392	6	
30	44	6.3572	1	
30	45	19.5542	5	
30	46	16.6528	4	
30	48	11.87	3	
30	49	5.29617	1	
30	50	4.19746	1	
30	51	23.6291	5	
30	53	9.74168	2	
31	33	24.1676	5	
31	37	6.18583	1	
31	38	5.34637	1	
31	39	29.6171	6	
31	40	9.95704	2	
31	41	31.9583	6	
31	42	44.2471	10	
31	43	10.9484	2	
31	44	23.3356	5	
31	45	7.47963	1	
31	46	5.27355	1	
31	47	16.5116	3	
31	48	24.0126	5	
31	50	28.0429	6	
31	51	23.571	5	
31	52	5.73742	1	
31	53	6.99922	2	
31	54	24.7424	6	
32	35	29.1094	6	
32	36	21.3136	5	
32	39	34.1068	8	
32	40	7.69192	2	
32	43	17.2361	4	
32	44	22.2891	5	
32	46	35.6263	8	
32	48	24.23	6	
32	50	35.6901	8	
32	52	2.21804	1	
32	53	15.4813	4	
32	54	24.7084	5	
33	34	39.6865	9	
33	35	4.44212	1	
33	36	19.5457	4	
33	38	37.9703	9	
33	39	9.61156	2	
33	40	21.8839	5	
33	41	6.47479	2	
33	42	21.2191	4	
33	43	18.0331	4	
33	44	25.4111	5	
33	45	29.503	6	
33	47	41.8648	8	
33	48	6.127	1	
33	49	31.3268	6	
33	50	22.5666	5	
33	51	22.3973	5	
33	53	2.29858	1	
34	38	29.1892	6	
34	39	3.48191	1	
34	41	12.6564	3	
34	42	15.0707	4	
34	44	17.4491	4	
34	46	13.9691	4	
34	48	15.5154	4	
34	50	14.7886	3	
34	54	26.1333	5	
35	36	28.1421	7	
35	38	23.0054	5	
35	39	2.86454	1	
35	40	10.8402	3	
35	41	28.4864	6	
35	42	20.2241	4	
35	43	42.4587	9	
35	44	6.04941	1	
35	46	25.1844	6	
35	47	5.8238	1	
35	48	4.45182	1	
35	49	3.49366	1	
35	50	45.4803	9	
35	51	8.38043	2	
35	52	44.9735	10	
35	53	15.1792	4	
35	54	18.3178	4	
36	37	20.6549	5	
36	38	16.5682	4	
36	39	21.1935	4	
36	40	65.8832	13	
36	42	53.1764	11	
36	43	21.2735	4	
36	44	11.6774	2	
36	45	21.5387	4	
36	46	7.21045	2	
36	47	6.06297	1	
36	49	25.3623	5	
36	50	35.36	7	
36	51	4.18982	1	
36	52	15.4026	3	
36	53	9.11875	2	
36	54	13.0563	3	
37	38	35.1148	8	
37	39	13.4692	3	
37	40	3.10482	1	
37	41	20.0417	4	
37	42	42.0014	9	
37	43	23.4599	5	
37	44	27.8413	5	
37	47	47.7512	10	
37	48	23.4851	5	
37	49	4.55727	1	
37	50	18.6948	4	
37	51	27.2633	6	
37	52	18.7268	4	
37	53	9.19134	2	
38	39	3.56363	1	
38	40	6.64706	1	
38	41	2.75326	1	
38	42	11.8259	2	
38	43	25.1776	5	
38	45	19.7756	5	
38	49	25.3388	5	
38	50	18.6368	4	
38	51	21.6156	4	
38	52	33.6686	8	
38	53	30.084	6	
38	54	29.6269	6	
39	40	33.6175	7	
39	41	4.70745	1	
39	42	27.1788	6	
39	44	31.3516	6	
39	45	33.3076	7	
39	46	16.938	4	
39	48	40.7821	9	
39	49	14.6894	3	
39	50	13.6301	3	
39	51	2.95855	1	
39	52	19.8001	4	
39	53	23.982	6	
39	54	13.8251	3	
40	41	3.80956	1	
40	42	5.74891	1	
40	43	30.5596	6	
40	44	26.748	6	
40	45	10.2973	2	
40	46	6.97034	1	
40	47	6.45527	1	
40	48	4.22458	1	
40	49	55.52	11	
40	52	17.951	4	
40	53	2.19236	1	
40	54	16.6394	3	
41	42	6.18686	1	
41	43	6.22453	1	
41	44	26.7855	7	
41	45	22.0562	5	
41	47	28.5549	7	
41	49	14.0645	3	
41	50	9.39549	2	
41	51	2.41766	1	
41	52	4.60503	1	
41	54	20.4258	5	
42	44	5.68689	1	
42	45	21.3976	5	
42	46	12.4697	2	
42	47	47.311	10	
42	49	15.8612	3	
42	50	25.3129	6	
42	53	18.8531	4	
42	54	27.0707	6	
43	44	15.6682	4	
43	45	18.5945	4	
43	47	9.7208	2	
43	48	34.2241	8	
43	50	5.25789	1	
43	51	14.2537	3	
43	52	47.8717	10	
43	54	2.30775	1	
44	45	42.7598	9	
44	46	2.60712	2	
44	47	2.90907	1	
44	48	20.4414	4	
44	49	2.58255	1	
44	50	4.72815	1	
44	51	49.2199	10	
44	52	27.4651	6	
44	53	32.559	6	
45	46	10.0333	3	
45	48	29.7494	6	
45	49	35.114	8	
45	50	3.88736	1	
45	51	46.857	11	
45	52	69.3239	16	
45	53	31.2583	6	
45	54	7.59088	2	
46	47	36.923	8	
46	49	3.22808	1	
46	50	6.01918	1	
46	51	12.284	3	
46	52	3.50665	1	
46	53	23.7794	5	
47	48	4.89119	1	
47	49	8.49798	2	
47	50	6.74673	1	
47	51	37.8013	9	
47	52	2.67831	1	
47	53	6.99424	1	
47	54	7.00415	2	
48	49	51.5973	12	
48	50	23.8882	6	
48	51	29.2927	6	
48	52	3.72705	1	
48	53	16.8621	4	
48	54	2.68976	1	
49	50	16.9165	4	
49	51	3.80759	1	
49	52	5.63798	1	
49	53	6.63877	1	
50	51	46.6151	9	
50	53	4.55817	2	
50	54	31.1266	6	
51	52	29.6946	6	
51	53	40.2068	8	
51	54	27.2922	5	
52	53	46.9688	9	
52	54	37.0162	7	
53	54	39.5801	10	
