20 74 80 86 88 98 109 114 117 135 210 211 304 308 360 390 402 413 417 430 434 448 486 544 578 621 656 
21 26 80 87 90 110 112 132 134 149 150 160 178 182 194 198 212 239 241 257 271 302 306 319 323 354 362 370 376 377 404 411 466 471 473 479 488 489 496 522 526 539 561 570 578 593 602 635 649 669 675 
22 48 69 78 97 120 131 143 170 203 210 224 225 325 352 372 380 399 431 452 457 487 499 500 528 530 538 556 559 577 613 622 626 637 639 649 660 663 681 
14 27 39 57 58 63 69 85 90 106 116 123 125 133 166 176 202 213 236 254 255 272 278 300 308 309 313 344 361 364 383 399 401 413 432 442 450 470 475 494 506 507 521 522 544 558 563 584 591 626 654 656 658 662 667 680 685 
9 30 45 58 63 67 73 89 100 102 107 138 146 151 153 163 184 199 234 258 266 269 317 330 336 342 355 367 369 371 382 398 505 558 582 586 587 589 590 598 614 623 633 655 676 677 
17 82 114 122 156 211 219 221 231 238 248 282 294 297 304 314 324 331 363 396 433 450 502 509 590 595 607 668 
8 10 13 31 43 54 121 141 159 196 198 216 249 281 320 327 341 347 358 366 397 399 429 451 456 459 464 468 474 492 508 525 532 546 565 629 653 693 
2 21 53 66 80 81 82 87 90 91 110 112 134 150 160 170 207 237 241 247 249 251 254 279 284 287 300 302 306 307 308 313 323 344 371 376 377 395 411 432 440 445 457 462 466 470 474 475 476 480 500 509 522 526 570 578 587 596 607 621 634 635 649 669 674 675 681 683 691 
5 12 27 33 57 71 85 89 100 123 130 167 170 179 194 202 207 220 222 228 231 232 255 264 274 279 297 300 306 308 313 316 327 334 344 359 365 384 388 411 422 432 440 445 449 469 470 475 480 490 510 511 521 525 547 548 557 561 571 594 600 602 615 620 629 638 647 648 658 670 682 683 685 695 697 700 
19 26 87 89 99 110 112 132 134 149 150 160 178 219 239 241 257 271 282 299 302 306 319 323 330 333 354 362 377 386 393 402 404 411 444 466 471 473 479 488 489 496 522 526 537 539 555 561 565 569 570 573 578 593 602 615 635 649 652 662 669 675 
7 25 71 77 84 89 97 130 174 175 187 193 194 200 215 220 222 236 262 264 308 311 316 327 334 350 351 358 394 406 427 429 445 456 482 490 493 518 543 547 565 582 594 596 620 645 651 670 672 675 700 
18 23 28 37 52 56 72 94 96 97 104 108 137 139 140 145 146 149 153 157 158 161 167 174 175 181 185 186 190 191 193 194 200 202 213 215 217 220 230 233 245 252 257 275 289 295 311 315 323 339 350 351 358 377 379 385 394 397 405 406 412 424 425 427 430 437 445 456 458 463 465 473 477 482 483 486 494 511 514 540 551 555 558 576 581 582 585 588 589 590 596 598 604 614 631 641 643 644 645 651 654 656 668 675 689 697 
4 83 86 98 109 124 177 210 215 229 235 284 333 338 360 376 390 407 408 417 448 456 465 474 501 503 508 509 533 537 538 
8 10 13 25 31 43 54 77 79 106 116 121 141 159 166 176 196 198 216 224 236 249 262 272 278 281 291 308 309 320 327 341 347 358 359 364 366 383 397 399 413 429 451 456 459 461 464 468 474 490 492 493 497 506 507 508 521 522 525 532 543 546 565 584 591 620 629 650 653 658 662 667 672 693 
3 34 51 59 104 139 155 164 193 197 205 209 214 218 263 280 296 318 329 361 370 410 415 419 436 438 446 473 484 494 512 519 523 534 535 551 564 571 575 616 628 646 650 
34 49 51 59 72 92 101 104 105 108 119 145 149 155 161 164 167 186 191 193 204 205 209 218 227 230 233 246 253 257 261 263 267 276 280 281 283 287 289 291 295 296 323 329 361 362 385 392 397 410 419 424 425 426 436 437 438 446 454 458 473 484 486 495 512 519 523 534 535 540 544 545 551 557 564 575 576 582 590 594 599 625 631 645 647 651 654 675 685 688 695 
6 17 44 82 89 92 96 99 101 105 122 126 127 133 144 148 152 154 161 165 169 178 186 192 201 211 212 217 219 223 238 239 246 250 257 259 261 267 270 271 282 292 295 296 298 299 300 303 319 326 330 331 333 346 354 362 363 373 375 378 386 391 392 393 396 397 400 402 404 409 422 425 429 433 440 444 454 467 471 472 479 488 489 496 515 518 520 537 544 546 550 555 560 561 565 569 573 574 576 583 593 594 597 599 602 605 606 608 611 615 632 651 652 654 657 658 659 664 668 673 682 686 688 690 692 700 
15 16 44 58 61 65 69 76 98 115 127 128 139 177 213 215 229 235 244 312 323 328 338 339 360 365 376 390 392 407 408 417 421 431 448 465 485 501 503 513 518 524 529 533 538 578 606 609 617 619 626 629 666 676 686 
14 19 27 56 57 85 137 138 140 153 158 168 190 202 213 278 315 339 345 379 383 385 413 421 432 458 511 514 521 525 529 548 581 584 585 588 591 600 604 614 620 623 643 644 648 651 656 665 667 685 689 697 
17 47 70 95 126 133 146 154 169 189 192 208 217 231 240 250 257 259 270 272 284 294 295 305 328 336 346 349 373 375 378 386 418 422 425 430 440 442 447 460 479 507 516 518 520 546 562 583 592 597 601 615 618 632 652 654 657 658 659 673 681 682 687 688 699 700 
9 32 70 86 125 173 180 197 214 220 224 226 236 255 281 296 321 370 374 376 378 387 422 441 444 495 550 554 566 587 589 612 616 628 635 646 650 655 
126 133 154 169 192 217 250 257 259 270 295 346 373 375 378 422 425 440 460 518 520 544 546 583 597 602 632 652 654 657 658 659 664 668 673 682 688 
7 25 62 63 68 72 77 79 84 97 118 125 133 144 145 147 154 168 174 175 183 188 191 193 194 200 215 220 224 236 243 248 249 250 256 260 262 275 283 287 291 309 311 325 327 330 345 346 348 350 351 353 358 359 373 384 386 387 394 406 426 427 429 443 445 447 449 454 455 456 461 465 481 482 486 490 493 497 502 506 517 518 526 536 540 541 543 549 551 563 565 582 586 588 596 603 610 616 620 625 627 630 633 635 636 645 647 650 651 672 675 678 684 688 694 
19 37 50 64 97 108 122 134 136 145 147 156 161 186 191 211 221 231 233 238 248 273 275 283 289 314 324 331 359 363 377 381 396 405 424 425 437 449 453 458 463 490 498 502 525 537 540 553 576 595 647 654 682 688 697 
19 62 63 64 72 95 97 108 125 133 136 147 154 156 161 168 186 188 189 191 193 221 231 233 240 243 248 250 256 260 273 275 289 314 323 324 325 327 341 345 348 349 353 373 377 381 385 386 387 397 424 425 427 443 449 453 455 456 458 473 481 490 497 498 502 516 517 526 536 537 540 541 549 551 553 564 581 595 603 610 615 616 625 627 633 635 636 647 652 672 678 682 684 688 694 700 
38 46 77 84 86 152 171 187 192 198 204 219 227 230 253 262 266 283 287 309 343 345 395 400 402 416 450 490 493 518 543 609 621 626 672 684 697 699 
1 7 25 30 33 39 45 50 63 67 68 69 72 73 77 79 84 89 99 102 108 116 118 126 143 144 145 147 148 149 154 161 166 167 169 176 178 183 191 192 193 201 213 219 224 228 233 236 239 249 250 256 257 258 259 262 270 271 282 283 287 289 291 295 299 308 309 319 323 325 330 332 333 345 346 350 354 359 361 362 364 369 371 375 377 378 383 385 386 388 392 393 401 402 404 413 422 424 425 426 429 437 440 442 443 447 450 454 455 458 460 461 469 470 471 473 479 486 489 490 493 494 496 497 506 507 510 518 520 522 536 537 539 540 541 543 544 546 548 551 560 561 563 564 565 573 574 576 582 583 586 588 590 591 593 597 599 602 603 615 620 623 625 626 630 632 638 641 647 650 651 652 654 656 657 658 659 662 663 667 668 672 673 675 676 682 684 687 688 690 
11 29 32 35 36 40 44 49 50 55 60 70 79 84 85 93 113 127 129 135 142 143 144 147 149 154 162 163 172 179 182 202 204 209 227 230 253 265 277 290 300 303 310 314 319 322 325 328 337 345 349 357 368 371 375 383 387 403 411 434 435 460 478 500 527 531 532 539 545 547 552 557 563 568 569 572 579 580 586 596 603 620 623 624 625 645 655 657 670 680 683 685 686 687 695 698 700 
2 38 46 53 66 80 81 84 86 90 91 106 116 125 133 134 170 171 176 187 192 198 207 237 247 249 251 254 266 272 278 279 284 287 300 307 308 309 313 343 344 364 371 377 395 399 400 401 402 411 416 432 440 442 445 450 462 470 474 475 476 480 494 500 506 507 509 516 522 563 584 587 591 596 607 609 621 634 649 658 667 674 683 691 697 699 
59 79 116 124 179 195 206 207 251 268 293 297 335 336 340 356 361 375 389 414 415 420 454 504 507 508 529 542 547 594 642 661 671 679 
44 58 61 65 69 103 127 139 152 213 312 323 328 338 392 421 431 485 513 524 529 606 609 617 619 626 666 676 686 688 
17 42 47 70 95 146 189 208 231 240 284 294 305 328 336 345 349 371 373 386 418 430 442 447 460 507 516 562 568 572 580 592 601 615 618 652 681 687 699 700 
24 75 135 169 212 241 250 255 259 266 270 286 288 292 303 332 333 346 409 425 440 447 467 471 472 488 515 520 526 544 550 558 569 583 589 597 602 608 611 632 640 657 659 664 673 676 682 688 692 
14 27 39 46 57 58 63 84 85 90 106 116 123 125 133 166 167 171 176 187 202 213 231 236 255 262 272 278 283 308 309 343 345 356 357 361 364 383 399 400 401 413 416 442 450 470 493 494 495 506 507 510 521 522 525 544 558 563 584 585 591 626 654 656 658 662 665 667 672 685 689 699 
12 14 19 27 33 47 57 70 85 89 95 99 100 123 124 134 146 178 179 189 195 202 206 207 208 219 228 231 232 239 240 251 255 257 264 268 271 274 282 284 293 294 297 299 305 306 319 326 328 330 333 335 336 340 349 354 356 357 359 361 362 365 371 375 381 384 386 388 389 393 402 404 414 415 418 420 422 430 440 444 447 454 458 469 471 473 479 489 496 504 506 507 510 511 516 521 522 529 537 539 542 545 547 548 555 557 561 562 565 569 571 573 583 592 593 594 600 601 602 615 618 629 638 642 647 648 652 658 661 662 670 671 679 682 683 695 697 699 
19 49 50 56 64 72 97 108 134 136 137 138 140 145 153 156 158 161 168 186 190 191 193 202 204 219 221 227 230 231 233 248 253 257 273 275 281 289 295 314 315 324 339 345 359 377 379 381 383 385 424 425 437 449 453 458 473 490 498 502 511 514 525 529 537 540 545 553 564 576 581 582 585 588 590 595 604 620 623 638 643 644 647 651 654 656 665 675 682 688 689 697 699 
32 40 88 129 135 142 144 162 163 172 202 209 265 304 314 337 368 403 434 478 527 545 552 557 563 579 621 623 624 670 698 
41 42 62 63 96 103 111 123 124 125 133 163 168 170 242 243 250 251 260 282 285 294 301 341 348 353 373 378 423 427 428 431 437 439 442 449 481 491 517 526 541 549 551 567 571 588 607 610 627 633 636 678 684 694 696 
41 42 82 96 103 111 122 123 124 163 168 170 211 238 240 242 248 251 282 285 294 297 301 304 314 331 341 363 378 396 423 427 428 431 437 439 442 450 491 509 567 571 588 590 606 607 633 668 696 
5 12 33 49 79 100 123 129 130 142 149 159 162 163 172 179 202 204 219 222 224 227 228 230 232 253 264 265 274 281 297 304 306 314 316 327 334 337 347 350 358 359 365 368 384 385 388 400 403 422 434 440 469 478 492 493 510 511 521 527 543 545 547 548 552 557 563 571 579 582 600 602 615 623 624 629 638 645 647 648 653 658 670 672 682 683 689 693 695 697 698 699 700 
6 17 44 47 70 84 93 95 112 113 127 143 144 148 152 154 165 182 192 201 208 223 277 290 298 300 303 305 310 322 326 328 345 357 371 375 386 391 397 411 418 426 429 433 435 444 454 460 488 516 531 532 547 555 560 568 569 572 574 576 580 586 596 599 605 652 655 680 683 685 686 687 690 700 
