256 1 650 536 291 426 50 183 443 447 68 325 455 588 461 603 625 497 630 118 
130 194 700 5 71 620 334 308 89 316 222 
384 228 548 510 388 264 100 648 232 12 365 422 274 469 600 638 
166 39 584 106 364 591 176 401 272 563 116 278 667 413 
2 134 649 522 395 674 681 307 691 66 587 462 80 470 476 249 237 371 500 247 377 634 
514 643 644 137 138 140 665 158 168 689 56 315 190 581 585 339 345 604 379 511 
512 3 263 519 523 534 535 280 410 155 34 419 164 551 51 436 438 59 446 318 575 329 205 218 484 494 
261 383 521 267 525 14 276 283 27 287 544 167 685 695 57 186 576 85 92 101 104 105 495 246 119 506 123 255 
4 390 537 538 284 417 177 448 333 83 86 474 98 360 235 508 376 124 509 
672 224 675 262 7 651 236 429 77 493 565 25 543 
128 609 578 503 229 518 76 15 16 465 338 115 244 501 533 407 408 629 
645 394 406 427 174 175 311 445 193 582 456 200 596 215 220 350 351 482 358 
642 389 268 661 542 671 414 415 547 420 293 679 195 454 206 335 594 340 356 361 375 504 
129 265 142 527 144 403 670 545 162 552 172 557 434 698 579 202 209 337 478 623 368 624 
6 391 397 17 148 152 165 298 555 300 560 433 690 574 326 201 599 605 223 96 
260 517 133 154 541 549 678 684 694 188 62 63 348 481 353 610 490 627 243 636 125 
8 10 141 13 653 31 159 43 693 54 320 451 196 327 459 464 468 341 216 347 492 366 121 
416 192 450 38 171 46 400 402 84 309 343 697 187 
9 269 398 655 146 151 677 558 184 317 199 589 342 355 614 234 107 505 367 633 382 
258 67 163 102 73 266 586 330 45 336 369 153 58 30 
294 297 331 396 282 590 238 304 363 82 211 314 248 122 668 607 
321 226 612 197 646 616 296 554 173 370 180 628 566 374 214 441 635 444 
32 35 36 387 40 11 303 147 532 179 55 539 60 29 
160 26 132 198 110 302 112 241 306 466 21 150 87 570 669 
259 520 654 270 657 658 659 673 546 169 688 583 460 597 346 602 632 250 126 
64 449 97 324 453 231 136 553 359 682 273 498 275 595 502 221 156 381 
486 74 109 621 430 656 114 210 20 117 88 
640 515 135 526 664 24 409 286 288 292 550 692 569 75 332 467 212 472 608 611 488 
418 516 70 615 618 47 592 305 562 240 208 373 601 442 507 349 189 95 
641 18 405 23 412 28 157 37 295 52 181 185 463 598 217 477 94 483 245 631 252 
480 344 683 251 207 81 432 411 53 475 279 440 313 90 91 254 
386 393 652 271 19 404 662 299 561 178 573 319 593 471 479 354 99 489 362 239 496 
322 290 580 357 680 143 687 113 435 531 277 182 310 568 572 93 
513 392 139 524 529 666 676 421 44 686 431 312 61 65 323 69 328 213 606 485 617 619 626 127 
131 399 528 530 660 22 663 170 556 559 48 577 452 457 203 78 352 225 613 487 622 499 372 120 380 637 639 
33 385 227 230 204 79 49 699 149 281 219 253 
161 289 257 647 72 425 233 424 108 458 145 564 437 473 540 191 
567 103 423 41 42 491 428 301 111 242 439 696 378 571 285 
