0	1	12
0	2	8
0	3	12
0	4	3
0	5	4
0	6	12
0	7	5
0	8	13
0	9	4
0	10	17
0	11	11
0	12	3
0	13	8
0	14	8
0	15	12
0	16	6
0	17	3
0	18	9
0	19	12
0	20	12
0	21	4
0	22	9
0	23	10
0	24	10
0	25	2
0	26	9
0	27	20
0	28	11
0	29	10
0	30	6
1	2	2
1	3	5
1	4	5
1	5	3
1	6	4
1	7	6
1	8	2
1	9	2
1	10	7
1	11	13
1	12	3
1	13	8
1	14	8
1	15	7
1	16	1
1	17	2
1	18	5
1	19	11
1	20	4
1	21	10
1	22	4
1	23	11
1	24	3
1	25	3
1	26	10
1	27	14
1	28	1
1	29	4
1	30	5
2	3	5
2	4	6
2	5	1
2	6	8
2	7	7
2	8	6
2	9	3
2	10	4
2	11	10
2	12	4
2	13	8
2	14	7
2	15	9
2	16	1
2	17	3
2	18	9
2	19	10
2	20	6
2	21	4
2	22	8
2	23	7
2	24	4
2	25	8
2	26	9
2	27	8
2	28	7
2	29	3
2	30	3
3	4	12
3	5	4
3	6	6
3	7	11
3	8	8
3	9	7
3	10	16
3	11	8
3	12	1
3	13	8
3	14	12
3	15	20
3	16	2
3	17	4
3	18	9
3	19	13
3	20	11
3	21	8
3	22	16
3	23	12
3	24	7
3	25	3
3	26	8
3	27	26
3	28	8
3	29	6
3	30	10
4	5	4
4	6	5
4	7	12
4	8	7
4	9	11
4	10	9
4	11	17
4	12	6
4	13	12
4	14	11
4	15	9
4	16	10
4	17	7
4	18	9
4	19	12
4	20	12
4	21	7
4	22	7
4	23	18
4	24	5
4	25	8
4	26	4
4	27	37
4	28	9
4	29	8
4	30	7
5	6	6
5	7	6
5	8	5
5	9	1
5	10	1
5	11	1
5	13	6
5	14	3
5	15	10
5	16	3
5	17	3
5	18	3
5	19	6
5	20	7
5	21	2
5	22	3
5	23	4
5	24	4
5	25	3
5	26	6
5	27	7
5	28	8
5	29	7
5	30	4
6	7	11
6	8	17
6	9	9
6	10	11
6	11	10
6	12	2
6	13	15
6	14	15
6	15	8
6	16	3
6	17	7
6	18	6
6	19	6
6	20	10
6	21	15
6	22	4
6	23	11
6	24	6
6	25	5
6	26	5
6	27	31
6	28	4
6	29	5
6	30	7
7	8	17
7	9	2
7	10	6
7	11	15
7	12	5
7	13	6
7	14	12
7	15	11
7	16	2
7	17	6
7	18	7
7	19	7
7	20	8
7	21	12
7	22	15
7	23	9
7	24	6
7	25	7
7	26	4
7	27	19
7	28	16
7	29	6
7	30	3
8	9	7
8	10	7
8	11	6
8	12	7
8	13	13
8	14	10
8	15	9
8	16	9
8	17	2
8	18	7
8	19	8
8	20	13
8	21	5
8	22	8
8	23	7
8	24	7
8	25	12
8	26	10
8	27	28
8	28	6
8	29	11
8	30	12
9	10	10
9	11	7
9	12	8
9	13	8
9	14	11
9	15	3
9	16	5
9	17	1
9	18	10
9	19	8
9	20	9
9	21	3
9	22	10
9	23	5
9	24	9
9	25	10
9	26	5
9	27	14
9	28	7
9	29	5
9	30	8
10	11	10
10	12	2
10	13	6
10	14	9
10	15	11
10	16	3
10	17	6
10	18	15
10	19	11
10	20	13
10	21	9
10	22	12
10	23	8
10	24	9
10	25	5
10	26	11
10	27	12
10	28	3
10	29	6
10	30	6
11	12	6
11	13	14
11	14	16
11	15	9
11	16	2
11	17	10
11	18	11
11	19	14
11	20	7
11	21	5
11	22	20
11	23	6
11	24	8
11	25	6
11	26	16
11	27	28
11	28	14
11	29	7
11	30	5
12	13	2
12	14	4
12	15	2
12	17	3
12	18	2
12	19	15
12	20	2
12	21	7
12	22	4
12	23	11
12	24	3
12	25	2
12	26	3
12	27	11
12	28	2
12	29	1
12	30	2
13	14	17
13	15	5
13	16	4
13	17	5
13	18	7
13	19	17
13	20	14
13	21	5
13	22	12
13	23	7
13	24	10
13	25	5
13	26	5
13	27	19
13	28	10
13	29	5
13	30	4
14	15	12
14	16	4
14	17	1
14	18	9
14	19	7
14	20	12
14	21	7
14	22	5
14	23	9
14	24	8
14	25	5
14	26	12
14	27	33
14	28	5
14	29	11
14	30	8
15	16	8
15	17	3
15	18	7
15	19	7
15	20	11
15	21	10
15	22	12
15	23	6
15	24	7
15	25	4
15	26	6
15	27	25
15	28	14
15	29	5
15	30	6
16	17	5
16	18	2
16	19	1
16	20	5
16	21	3
16	22	10
16	23	8
16	24	3
16	25	5
16	26	11
16	27	8
16	28	4
16	29	2
16	30	1
17	18	9
17	19	5
17	20	5
17	21	11
17	22	3
17	23	7
17	24	2
17	25	3
17	26	2
17	27	13
17	28	4
17	29	2
17	30	1
18	19	10
18	20	15
18	21	10
18	22	4
18	23	18
18	24	7
18	25	4
18	26	9
18	27	22
18	28	8
18	29	10
18	30	8
19	20	12
19	21	7
19	22	17
19	23	16
19	24	9
19	25	4
19	26	10
19	27	32
19	28	6
19	29	8
19	30	5
20	21	11
20	22	12
20	23	14
20	24	7
20	25	6
20	26	11
20	27	29
20	28	8
20	29	6
20	30	9
21	22	9
21	23	13
21	24	6
21	25	4
21	26	9
21	27	15
21	28	3
21	29	5
21	30	8
22	23	19
22	24	7
22	25	8
22	26	7
22	27	32
22	28	9
22	29	9
22	30	3
23	24	8
23	25	7
23	26	9
23	27	25
23	28	12
23	29	5
23	30	10
24	25	2
24	26	11
24	27	23
24	28	14
24	29	6
24	30	11
25	26	9
25	27	10
25	28	3
25	29	4
25	30	3
26	27	26
26	28	6
26	29	5
26	30	8
27	28	23
27	29	19
27	30	10
28	29	9
28	30	13
29	30	6
