51 60 71 80 105 114 117 119 138 171 183 218 223 242 252 256 258 262 282 285 294 305 350 354 356 384 395 397 400 413 422 431 459 466 468 473 494 505 515 591 593 595 620 673 
4 33 37 45 58 75 76 84 85 95 98 102 104 108 128 130 131 132 134 135 144 145 147 149 150 155 156 158 159 165 166 168 169 174 175 177 178 181 185 190 194 196 204 212 220 228 232 236 238 244 255 257 259 260 263 266 269 271 277 281 283 284 285 286 287 289 293 295 299 300 301 302 307 311 313 331 335 340 342 343 345 352 353 354 356 359 362 371 379 387 391 395 396 398 399 400 402 404 406 410 419 420 425 427 430 431 440 446 447 451 456 457 461 462 463 466 467 469 470 475 476 486 488 489 499 500 503 506 507 515 518 519 523 525 526 527 530 531 533 535 537 539 540 544 549 553 558 563 566 568 570 571 572 573 574 576 578 584 586 588 591 592 596 599 601 603 610 613 617 620 621 626 627 628 632 636 645 648 650 654 655 658 661 663 665 668 669 670 673 674 675 678 679 680 681 684 692 695 696 
76 130 177 236 284 362 446 451 461 486 535 539 540 558 596 663 680 692 
25 33 84 92 93 96 98 99 101 105 108 124 131 135 145 171 175 184 190 209 218 238 239 243 246 247 253 273 282 289 293 299 301 305 307 320 328 331 333 355 356 377 380 399 407 409 412 422 425 428 432 435 437 451 454 458 459 466 470 473 475 477 494 496 501 506 507 511 519 533 535 539 543 552 555 560 572 573 584 590 591 614 630 636 639 654 665 667 670 681 684 685 700 
85 86 102 118 154 155 166 196 277 287 353 379 396 406 469 515 531 591 627 648 681 
37 95 104 119 132 144 147 150 158 165 169 171 174 178 184 210 212 220 244 257 269 271 283 286 288 301 302 307 311 316 344 352 359 361 374 402 404 419 446 462 466 475 476 499 502 525 526 533 537 539 542 552 553 563 566 574 576 578 588 591 610 613 615 617 655 661 673 679 700 
1 16 38 40 43 75 101 113 119 123 126 134 135 147 150 152 156 158 165 166 167 175 176 178 187 191 210 212 234 237 242 249 258 260 267 269 270 274 279 280 285 288 300 311 313 344 345 348 352 359 361 372 374 384 395 398 402 414 416 419 423 432 435 439 451 452 457 460 461 462 466 467 470 480 483 489 499 502 512 513 515 523 525 526 527 534 537 542 543 566 568 571 574 580 581 582 586 589 594 595 598 608 616 619 620 621 626 628 635 636 642 643 650 654 659 660 661 662 664 669 670 672 679 688 
13 18 22 62 73 99 128 151 170 172 174 184 207 213 215 217 219 224 225 229 230 241 251 253 258 270 279 307 308 318 325 347 349 356 369 370 375 381 393 401 422 429 434 441 445 458 475 476 479 490 491 493 494 497 516 524 528 532 538 541 546 551 562 568 572 577 579 585 586 587 589 593 595 609 623 626 627 631 634 636 637 638 640 647 648 649 653 670 677 685 689 693 697 698 
2 3 9 17 24 41 42 43 51 52 58 60 69 75 79 84 85 94 100 101 102 105 109 110 113 118 123 131 138 154 155 157 163 166 167 174 175 176 181 185 187 194 196 197 200 201 202 210 211 218 233 240 245 248 253 254 258 274 277 278 279 282 286 287 288 298 305 307 317 322 326 330 341 344 348 353 358 364 371 376 379 382 383 390 392 396 400 406 412 416 417 418 422 425 431 433 436 438 443 448 449 452 456 458 459 461 466 469 473 481 486 488 491 502 505 515 525 527 531 534 539 542 543 556 568 571 575 584 589 591 593 594 596 597 611 613 627 633 637 642 648 656 659 663 673 681 688 692 693 694 
6 28 75 119 147 150 153 158 165 166 169 178 193 194 210 212 223 234 242 253 269 276 279 290 297 305 311 322 323 338 347 359 360 361 364 395 408 411 418 419 422 432 443 444 462 466 473 499 503 505 508 521 526 537 545 566 570 574 586 611 626 627 642 669 679 
48 106 115 151 168 173 175 210 228 263 266 285 291 321 326 330 341 342 343 354 358 379 387 398 410 412 414 447 456 463 484 488 503 515 549 565 592 599 601 603 620 624 632 635 636 645 658 661 670 678 680 695 
19 28 48 68 78 89 97 101 137 144 152 162 194 214 234 256 258 280 316 372 412 414 423 425 436 439 440 444 449 452 455 458 480 483 485 509 512 513 518 525 527 531 544 556 567 598 604 616 633 656 660 663 668 669 674 675 680 688 694 
23 65 75 108 136 160 192 234 258 285 294 333 350 373 413 414 432 467 478 479 489 503 520 550 554 557 604 628 631 649 650 654 665 670 676 682 685 687 690 699 
25 28 48 56 58 65 129 138 151 166 190 194 231 250 254 256 292 312 327 330 334 336 357 358 386 397 414 424 443 450 453 464 484 485 492 543 547 554 564 565 602 606 622 627 644 671 673 682 687 691 
25 27 36 48 61 94 108 128 144 173 186 215 289 310 315 346 352 374 385 392 397 415 435 436 443 449 450 451 453 462 463 469 474 476 484 485 486 492 556 559 564 565 602 603 611 622 633 640 644 646 656 661 671 673 677 678 689 694 
7 45 69 78 83 89 113 118 138 144 163 164 171 173 189 202 223 233 235 240 256 266 303 317 327 343 363 367 371 382 383 384 392 395 398 403 405 406 426 436 438 448 449 458 465 471 476 481 500 507 508 509 514 515 517 522 529 531 536 539 546 556 571 584 600 604 611 612 629 633 641 642 645 651 652 656 657 661 665 677 681 686 688 694 
24 41 42 46 58 67 90 109 110 125 128 143 149 179 181 198 272 290 303 306 314 319 347 371 378 389 394 408 464 476 493 500 521 543 545 568 569 607 618 620 648 673 700 
25 35 44 69 86 119 132 149 168 178 216 248 255 261 274 324 328 334 335 340 342 374 397 398 410 419 447 452 479 491 499 500 530 534 549 575 584 594 595 611 615 636 638 645 649 659 674 683 696 
4 10 21 25 28 31 33 35 43 44 54 57 58 63 69 71 75 80 84 86 98 103 108 114 116 117 119 123 128 129 131 132 134 135 148 149 151 156 159 167 169 171 175 176 178 181 182 183 185 187 194 216 226 231 232 234 242 243 248 249 250 252 255 256 258 260 261 262 265 270 274 275 281 285 288 292 294 295 296 300 301 312 313 324 328 332 334 335 336 340 344 345 348 350 354 356 357 370 371 374 375 376 380 381 384 386 387 391 395 397 398 400 401 402 410 413 416 417 420 424 426 427 430 431 433 446 451 452 456 457 467 471 477 486 489 491 500 502 503 511 514 523 525 530 531 534 536 542 545 546 547 554 567 568 571 575 584 589 594 595 596 597 601 604 606 611 615 620 621 628 641 648 650 652 654 659 661 663 665 674 680 682 683 687 688 692 695 696 
33 45 51 65 71 77 80 84 86 99 100 112 114 117 118 119 131 133 138 154 174 183 197 201 210 211 215 252 253 254 262 270 271 278 285 286 294 298 301 307 324 326 330 335 340 341 350 354 356 358 376 379 382 384 390 397 410 412 413 417 433 438 443 446 448 461 481 484 488 491 494 500 530 531 556 568 584 597 604 613 642 648 656 683 691 693 694 696 
13 18 19 22 25 31 34 55 68 72 73 78 89 90 97 98 99 101 107 108 111 128 134 137 139 142 149 156 159 162 166 171 178 181 182 184 194 204 207 213 214 215 221 225 226 232 234 237 253 256 257 259 260 270 272 275 276 279 281 285 295 296 297 303 313 316 318 322 323 325 328 332 338 345 352 356 360 364 370 372 375 378 381 387 389 391 394 395 402 411 412 413 418 420 422 425 427 429 430 440 444 445 452 455 457 458 461 466 467 468 475 476 483 489 491 494 497 508 509 510 513 516 518 523 525 527 529 531 532 535 538 544 545 567 568 569 570 572 585 586 587 589 593 601 604 607 609 611 613 616 618 620 621 623 626 627 628 642 647 648 650 660 665 667 668 669 674 675 680 681 688 691 693 695 697 698 
28 33 37 45 51 58 60 62 65 71 75 80 84 95 98 100 104 105 114 117 119 131 132 135 138 144 145 151 154 156 169 171 172 174 181 183 197 201 211 217 218 220 223 224 238 244 252 253 254 256 258 260 262 270 278 279 282 283 285 286 289 294 299 300 301 302 305 307 308 313 326 330 331 341 345 350 352 354 356 358 376 377 384 390 395 397 398 399 400 402 404 406 413 417 431 433 435 441 446 452 456 457 458 459 461 466 467 470 473 475 476 488 489 490 491 494 495 503 505 506 507 511 515 519 523 525 527 528 533 535 541 551 552 553 555 562 563 568 572 573 576 577 578 581 582 584 586 588 589 591 593 595 597 604 610 613 615 617 620 621 628 634 636 637 642 643 650 653 655 662 664 665 670 673 674 679 681 684 685 691 693 
11 32 53 66 70 77 99 112 133 271 333 369 393 406 422 434 469 493 524 532 541 579 586 638 685 
30 88 94 118 128 169 171 186 188 199 206 208 235 258 275 311 327 370 375 381 385 406 415 419 435 452 474 491 497 541 550 556 574 604 609 623 656 676 685 688 690 694 699 
5 50 82 92 93 94 96 98 99 118 119 124 128 144 147 150 158 165 169 171 175 178 184 186 190 209 212 226 239 242 243 246 247 254 269 273 293 307 311 316 320 326 327 328 330 333 341 355 358 359 361 365 377 380 385 389 395 406 407 409 412 415 419 425 428 432 435 437 451 454 466 468 469 474 475 477 482 484 496 499 501 503 506 508 511 519 526 537 539 541 545 552 555 560 561 566 574 590 604 605 611 614 630 639 642 646 654 661 665 667 669 679 685 688 700 
12 74 87 120 141 146 180 195 203 234 257 264 300 304 306 309 316 327 328 337 339 351 365 371 380 388 442 460 462 472 482 487 504 532 561 567 571 580 583 593 605 619 625 666 670 672 685 691 
91 127 135 175 181 205 227 279 288 301 344 348 366 371 416 435 458 495 498 502 542 571 581 582 595 615 620 636 642 643 662 664 685 691 
43 69 75 98 123 135 145 156 166 167 175 176 185 187 194 238 253 258 260 288 289 299 313 331 344 345 348 374 384 398 399 402 406 416 423 431 452 456 457 461 467 470 475 489 502 507 523 525 527 535 542 572 573 584 589 591 595 613 615 616 621 628 636 650 654 661 670 684 688 
75 99 132 139 170 184 219 229 230 241 251 285 324 335 338 340 349 369 393 394 401 410 422 434 476 479 491 493 524 530 532 539 572 579 595 615 626 631 638 649 652 683 685 696 
14 33 37 47 76 84 86 95 104 118 130 131 138 140 144 161 169 174 177 220 223 236 244 257 271 283 284 286 301 302 316 329 362 368 404 421 425 446 451 453 456 461 475 476 486 488 500 508 533 535 539 540 548 553 558 563 565 576 578 584 587 588 593 596 610 615 617 622 640 646 655 663 673 677 680 689 692 694 700 
48 69 90 94 101 107 111 132 139 171 181 209 215 226 295 320 349 378 386 389 395 422 437 466 468 503 508 510 525 528 531 535 552 554 569 572 577 585 607 609 614 615 618 620 626 630 634 637 653 667 687 688 691 693 
14 20 47 49 64 81 86 118 122 138 140 144 161 164 174 207 223 257 268 271 290 297 300 306 314 316 321 322 329 347 364 368 380 400 408 418 421 425 429 431 432 443 445 475 487 494 504 508 521 538 543 548 583 586 587 593 608 609 626 640 647 674 677 689 697 698 700 
25 28 48 56 58 65 129 135 138 151 166 181 190 194 214 231 250 256 257 272 292 294 295 303 312 314 319 327 334 336 350 357 386 394 397 400 403 413 414 424 443 464 484 518 534 543 547 554 562 575 577 606 612 620 627 653 660 682 686 687 691 700 
8 25 29 38 49 71 74 77 80 112 114 117 126 133 149 164 173 183 195 203 234 237 242 246 252 256 262 267 276 279 282 294 300 316 320 321 323 328 333 338 339 350 352 360 371 380 384 411 413 444 451 460 462 470 487 504 527 532 543 545 555 567 570 571 572 580 583 584 593 608 614 616 619 624 627 635 636 672 676 680 681 685 690 691 699 700 
94 119 144 147 149 150 152 158 165 171 174 178 184 210 212 242 269 311 316 359 361 374 395 400 402 419 423 425 439 462 466 467 480 499 503 512 513 526 535 537 566 574 598 613 621 626 628 642 654 661 669 679 695 700 
31 84 98 113 131 135 151 169 182 270 275 289 295 296 298 301 332 370 374 375 381 382 384 385 399 415 438 448 452 470 474 481 491 494 507 522 567 573 589 591 612 613 651 681 684 693 
62 172 203 217 223 224 258 270 308 321 352 380 441 443 490 503 528 541 551 562 572 577 580 584 589 608 613 619 624 634 635 636 637 653 670 673 681 693 
45 65 83 101 111 113 151 164 166 173 189 210 223 263 264 280 300 327 352 363 365 367 371 378 403 405 406 414 422 423 435 439 442 465 468 480 482 508 510 513 517 522 529 535 549 569 571 598 599 600 605 607 612 618 625 626 629 632 642 651 652 657 658 661 666 667 670 686 693 
15 26 30 39 45 59 88 118 121 128 146 159 164 169 184 186 188 199 203 206 208 222 232 235 257 259 264 271 279 281 290 300 306 309 327 328 337 339 347 363 365 380 385 387 391 406 408 415 427 435 442 462 472 474 482 487 504 521 528 541 551 561 568 571 580 583 586 593 604 605 608 625 626 634 666 669 670 672 680 688 691 693 695 
33 41 51 60 65 84 94 99 100 101 105 106 115 118 119 131 138 168 173 175 197 210 211 215 218 223 228 253 254 263 266 279 282 285 286 291 305 307 326 330 341 342 343 354 358 374 379 384 398 400 404 412 414 422 431 439 443 447 459 463 466 473 484 491 494 503 505 512 513 515 543 549 564 591 592 593 595 599 603 620 622 632 636 640 644 645 646 648 658 670 671 673 677 678 680 689 693 
10 21 22 25 27 31 36 48 54 57 58 61 62 63 69 73 85 86 98 99 100 102 103 106 108 113 115 116 118 119 128 135 144 145 148 151 155 164 166 168 169 172 175 182 196 197 207 209 210 211 213 215 217 223 224 225 228 238 247 248 249 253 254 263 265 266 270 274 275 277 279 285 287 289 291 295 296 299 301 307 308 310 312 315 318 325 326 330 331 332 334 341 342 343 346 352 353 354 356 357 358 370 374 375 379 380 381 395 396 397 398 399 406 412 426 429 431 437 441 443 445 447 450 451 452 453 454 456 457 458 462 463 464 469 470 471 484 485 488 489 490 491 492 494 496 497 500 503 507 514 515 516 528 531 534 536 538 545 546 549 551 559 560 562 564 565 567 573 575 577 584 585 587 589 590 591 592 593 594 595 599 602 603 604 611 621 622 623 627 632 634 636 637 639 641 642 644 645 646 647 648 653 654 658 659 661 670 671 673 678 681 682 684 697 698 
20 23 28 33 45 64 65 75 77 81 83 84 86 112 113 119 122 131 133 136 145 154 156 160 164 166 169 173 174 185 186 189 192 201 210 234 238 258 260 268 270 271 278 285 286 289 290 299 300 301 306 313 327 331 333 345 347 354 356 358 363 367 371 373 376 384 390 399 400 402 403 405 406 408 414 417 431 432 433 446 451 456 457 461 465 466 467 470 475 478 481 488 489 494 503 507 508 517 520 521 522 523 529 535 543 550 557 568 571 572 573 584 591 597 600 604 612 613 615 621 626 628 629 636 642 650 651 652 654 657 665 670 674 676 684 685 686 691 699 
