13 57 80 82 85 96 97 99 100 108 109 121 139 162 172 190 194 206 220 224 226 236 244 260 261 264 267 291 298 302 314 323 348 352 358 359 374 394 403 414 416 451 464 470 480 482 486 513 516 525 529 530 533 537 542 554 557 567 568 573 580 582 586 602 604 614 616 623 629 632 637 640 647 659 678 696 698 
25 43 58 63 70 84 89 98 107 112 115 152 194 196 206 207 214 217 230 232 234 253 267 287 294 309 335 338 349 351 359 377 398 404 409 410 411 413 420 422 453 457 460 467 471 475 479 487 495 496 500 502 503 510 512 519 520 532 552 565 567 583 584 585 589 590 595 599 602 605 606 608 627 628 646 647 649 654 656 665 670 692 693 695 
14 55 73 88 89 91 95 99 115 119 128 134 143 161 194 199 201 210 214 217 222 228 241 243 250 252 255 290 311 323 339 342 345 348 349 359 361 386 388 404 410 412 414 417 432 434 452 457 460 464 481 494 496 503 506 508 510 512 527 532 551 564 567 572 577 578 581 585 589 593 599 602 606 622 628 631 633 646 647 656 675 680 693 697 
56 58 61 67 98 114 144 146 151 163 164 172 182 183 189 216 221 226 236 252 256 280 285 289 302 312 315 322 323 345 346 347 353 362 365 369 391 398 401 402 406 409 413 417 439 454 459 461 493 500 505 506 515 519 529 533 540 562 571 589 592 596 598 622 627 636 638 639 643 649 652 676 680 687 
21 24 41 44 51 62 66 69 81 85 88 107 116 124 131 133 145 152 175 187 191 201 203 209 212 218 224 232 246 247 257 264 266 271 274 293 302 307 308 314 320 327 352 356 357 358 362 366 375 386 395 400 419 427 437 438 444 456 462 471 473 482 494 499 507 512 524 532 533 549 550 556 562 565 567 575 586 600 610 612 615 625 626 627 628 637 646 656 661 662 664 665 672 675 676 685 
8 28 57 71 82 87 99 108 109 116 126 145 160 220 224 231 264 271 302 314 352 358 380 388 389 416 419 434 437 443 451 482 491 494 516 530 546 551 573 578 586 597 604 614 625 631 637 640 671 676 693 
2 5 7 37 41 55 56 66 69 73 78 93 103 108 109 114 119 145 151 154 160 164 172 179 184 197 199 202 205 206 216 220 221 223 226 231 233 237 242 255 256 265 269 272 281 282 303 305 310 317 321 328 339 350 354 358 361 362 371 374 382 391 398 415 418 419 422 430 435 437 439 454 455 458 468 478 481 494 515 521 531 539 542 544 548 550 561 563 567 573 575 578 582 584 586 601 603 604 619 625 627 630 631 634 636 637 638 639 640 641 648 655 660 664 667 673 676 679 683 687 691 693 700 
31 40 47 60 83 90 92 95 98 99 119 125 143 152 163 204 214 219 222 228 230 248 250 269 278 280 290 292 297 311 313 319 326 327 339 348 359 368 393 404 426 435 440 445 446 453 454 455 457 459 460 468 472 478 484 500 510 512 522 531 532 536 542 546 553 554 561 563 574 577 585 588 589 595 596 597 599 601 612 624 627 631 636 638 647 650 653 660 665 677 680 684 687 693 697 
5 41 78 91 93 102 119 120 141 146 158 160 178 179 190 199 202 208 210 223 226 235 237 241 242 248 265 283 299 305 310 313 315 321 328 349 350 361 362 371 383 388 398 409 422 428 430 434 437 441 444 447 452 481 491 509 521 527 534 539 540 550 561 575 578 582 588 605 608 610 616 623 631 634 639 643 648 650 651 655 667 670 672 683 698 
8 18 26 46 53 60 74 75 77 83 84 86 88 92 96 112 142 147 168 169 170 193 211 218 229 244 248 259 261 270 279 284 286 292 295 298 311 319 325 336 344 347 355 363 376 379 384 411 415 416 429 431 433 440 441 442 454 455 458 466 468 484 492 499 503 506 519 520 523 531 536 539 541 543 545 552 573 582 584 597 599 614 618 619 644 646 648 653 660 662 663 668 691 
15 22 25 38 45 58 63 69 74 84 98 100 107 112 116 122 133 137 149 165 170 173 176 181 184 186 193 196 207 210 217 219 220 239 243 253 257 268 276 287 294 303 304 307 309 310 335 338 341 349 377 391 392 404 410 412 413 420 423 426 428 435 436 442 444 467 470 473 474 476 479 483 487 489 493 496 498 502 506 509 514 516 519 520 532 565 580 590 591 593 600 602 612 613 620 621 627 633 635 648 650 654 662 670 671 680 686 688 692 694 695 
2 5 11 19 31 32 33 35 37 38 43 57 61 72 74 76 78 79 82 90 91 93 97 100 102 103 104 105 112 120 125 130 135 136 141 142 147 148 154 155 157 158 159 165 172 176 187 189 191 200 202 210 223 225 226 227 228 235 236 237 239 242 244 245 247 254 258 269 270 274 275 276 277 278 283 288 289 295 299 305 310 313 316 319 320 321 323 324 327 328 329 330 334 339 340 349 350 353 355 356 361 362 363 366 367 370 371 376 383 398 405 408 411 415 419 420 424 426 428 430 435 440 441 444 445 446 447 450 455 458 459 469 471 473 474 477 488 489 490 491 493 497 498 508 509 511 514 517 521 523 524 525 534 535 537 538 539 540 547 549 555 556 557 559 561 562 563 564 576 581 588 594 595 597 603 604 607 608 609 610 612 618 622 623 626 630 633 634 639 640 648 650 658 659 661 665 666 667 669 670 675 677 683 685 686 697 698 
3 13 15 21 24 25 31 35 40 43 46 51 57 62 63 68 71 72 76 82 84 90 98 99 102 109 116 117 121 122 123 124 125 130 131 138 139 141 147 148 150 152 155 157 158 162 165 166 169 170 178 180 187 189 191 192 196 201 202 203 207 218 224 228 229 231 235 239 240 244 245 246 247 249 253 254 258 266 269 271 274 276 277 279 287 288 289 291 292 293 294 299 302 308 313 315 319 320 329 335 338 339 340 345 349 351 352 355 356 357 358 360 361 364 366 367 369 370 373 380 383 385 392 400 402 405 406 410 411 416 419 426 427 431 432 440 442 444 445 446 450 456 464 467 469 470 471 473 476 477 479 482 487 488 490 491 496 501 502 513 514 516 517 518 519 521 522 525 529 530 534 537 538 542 544 547 549 550 553 555 556 561 565 566 567 576 577 581 586 588 590 591 592 593 595 599 600 602 605 607 609 611 614 615 616 617 623 624 625 626 627 628 630 632 637 639 640 644 650 651 654 658 659 660 664 665 671 675 676 677 678 682 687 688 695 697 
18 26 33 53 61 65 68 69 77 81 91 94 117 133 138 162 166 169 176 180 193 195 207 212 213 215 217 225 239 240 257 261 279 286 295 298 307 319 360 364 368 369 370 373 374 375 384 395 400 401 402 407 427 429 431 442 492 493 497 499 503 506 507 508 509 518 520 535 539 545 552 560 576 614 618 626 636 648 651 652 662 664 666 672 681 687 
10 26 27 42 49 52 59 64 82 96 97 101 106 113 115 118 130 132 134 147 150 153 175 185 188 198 202 204 205 238 243 246 249 282 287 289 300 324 327 338 342 347 352 354 362 372 377 384 385 399 413 418 421 425 428 431 436 443 458 464 474 476 495 496 498 500 501 511 513 527 533 544 553 558 573 582 583 587 596 611 612 620 621 623 642 644 645 652 654 669 673 681 682 693 699 
4 5 7 16 19 21 28 29 32 39 40 43 48 49 51 55 62 66 73 76 78 80 93 94 101 103 105 106 109 110 112 122 123 124 125 128 131 132 134 135 136 143 144 150 152 153 160 171 172 175 178 188 195 197 199 200 201 212 217 218 223 226 227 232 236 237 239 241 242 247 249 252 255 256 260 263 267 275 281 282 283 289 293 300 301 307 315 317 323 329 331 334 340 341 342 345 348 349 356 357 366 368 371 372 374 375 378 379 385 386 390 399 402 409 414 417 421 422 424 434 436 437 443 445 451 452 455 458 461 464 465 476 478 480 481 485 486 490 491 493 494 500 501 506 516 522 527 533 535 537 549 550 551 553 558 559 563 569 575 577 578 579 583 587 594 596 608 610 611 615 616 620 622 623 628 629 631 632 636 642 645 652 655 656 658 660 669 671 672 677 678 683 685 686 689 695 
14 17 19 28 32 33 34 38 45 52 55 59 64 78 86 93 95 105 113 128 136 137 149 152 153 156 161 163 164 167 173 174 175 178 181 186 188 194 200 205 214 216 217 218 220 222 225 227 230 235 236 243 246 247 250 256 257 272 290 297 303 304 310 320 323 324 329 331 334 337 341 342 352 354 355 357 359 361 365 373 385 388 390 391 396 408 409 412 413 419 423 424 428 434 438 441 447 449 453 457 460 471 476 483 487 489 495 501 504 508 510 511 512 517 522 524 529 532 535 538 542 544 546 550 556 560 564 576 577 580 585 589 593 594 599 602 604 606 610 613 617 628 632 633 635 636 642 647 649 656 669 671 677 679 682 683 685 686 688 689 692 693 694 698 700 
31 34 39 44 47 56 61 67 68 82 83 117 119 127 138 144 146 154 162 166 172 180 182 183 197 200 215 219 234 240 242 248 251 256 272 280 285 289 311 312 316 320 326 334 343 346 347 360 364 366 368 369 382 383 391 400 401 402 406 424 426 427 445 455 459 461 466 468 472 474 493 497 498 500 505 515 518 522 531 533 534 540 544 545 546 548 551 563 568 571 576 584 592 594 595 597 598 600 603 605 612 618 620 638 641 643 651 652 653 655 658 661 672 677 679 685 686 
1 5 9 12 17 19 20 23 27 33 35 40 42 43 44 45 47 49 54 55 56 57 60 66 67 69 71 73 75 78 81 83 85 90 91 92 96 97 99 107 108 109 110 111 115 118 119 120 126 129 132 133 136 140 142 147 148 151 154 156 157 159 160 161 172 174 176 178 179 185 188 194 197 198 199 200 202 203 206 208 209 210 211 213 219 224 225 227 229 230 231 233 236 237 238 241 242 243 244 245 248 251 255 257 258 262 263 264 271 272 273 278 282 283 284 291 292 296 298 300 306 307 311 314 316 317 319 322 323 325 326 330 331 334 336 337 341 342 347 348 351 352 354 355 358 361 365 368 370 372 380 382 386 388 389 390 391 393 394 395 396 397 407 408 409 412 413 415 416 418 421 424 426 427 432 434 436 437 438 439 440 441 443 444 447 448 449 450 451 452 453 455 457 458 462 463 472 475 477 481 482 484 485 489 491 494 495 498 500 506 507 509 510 512 513 514 515 516 517 520 522 523 525 526 527 528 530 531 533 535 536 537 538 541 542 543 544 545 546 548 550 553 554 557 558 559 560 563 566 568 569 570 572 573 576 577 578 579 581 582 583 584 585 586 587 594 595 597 602 603 607 608 609 610 616 617 619 620 621 623 625 630 631 632 633 636 637 639 640 641 645 646 648 649 653 655 657 658 661 662 666 669 671 673 677 678 679 680 685 686 687 690 691 693 696 699 700 
14 36 45 63 70 84 89 95 98 111 164 194 211 214 217 222 230 250 284 290 294 297 313 335 338 339 344 359 379 386 398 404 410 411 422 435 453 457 460 469 470 477 487 493 496 502 510 512 529 532 546 564 565 567 585 588 589 590 593 595 599 604 606 608 617 628 647 654 656 665 680 682 
58 114 141 151 163 164 172 180 189 204 206 216 221 226 256 280 289 302 323 349 351 352 391 398 409 413 439 454 478 493 495 504 511 515 529 562 586 596 627 636 637 638 639 649 674 676 680 
1 9 12 16 23 33 39 43 45 54 55 56 58 61 65 68 79 82 93 101 103 107 111 113 117 126 130 140 143 144 150 153 154 159 162 166 174 175 176 179 180 182 197 209 215 219 225 228 233 236 249 250 255 260 267 272 273 278 296 297 301 306 316 317 319 322 323 326 327 330 331 333 340 341 342 345 348 353 354 359 360 364 365 369 371 373 378 381 382 385 388 391 395 397 401 407 409 414 416 426 427 428 431 432 441 447 448 452 457 462 463 464 465 466 472 474 476 478 480 484 486 493 497 498 501 509 514 517 518 522 527 528 532 533 535 545 548 551 553 560 561 564 566 570 572 576 580 584 599 603 608 610 611 612 616 618 620 621 629 630 632 633 634 638 641 642 644 649 651 657 661 666 667 671 672 679 681 683 684 685 687 688 690 693 695 696 700 
23 27 33 43 54 58 81 101 115 120 126 140 185 190 208 209 210 225 267 306 316 317 322 323 331 333 361 365 370 373 380 384 388 391 395 397 409 416 428 432 441 444 447 448 457 458 462 470 486 499 507 509 514 517 528 533 545 553 558 570 572 583 610 621 624 630 632 633 646 649 657 661 666 669 671 680 681 688 690 695 696 698 
21 28 57 65 71 93 100 102 109 116 121 139 141 145 155 158 159 165 176 187 190 191 203 207 220 224 231 236 247 264 266 271 274 299 302 308 313 314 320 329 338 352 355 358 366 383 390 392 394 400 409 418 426 432 437 441 444 447 451 460 467 471 473 482 491 494 502 508 513 517 524 525 530 534 537 542 550 551 556 557 567 568 581 582 586 593 600 613 614 616 623 625 626 628 630 635 637 640 651 662 664 665 666 670 671 675 676 678 698 699 
6 13 30 39 43 48 50 64 72 75 76 79 80 85 87 97 122 124 125 135 157 159 171 177 189 198 228 234 239 243 244 248 251 254 269 276 284 288 293 325 330 344 353 354 356 357 365 375 377 381 390 394 399 400 403 405 415 425 446 454 456 462 466 486 488 499 507 523 524 526 529 540 541 543 547 555 556 557 563 566 582 591 604 605 607 615 619 623 624 643 644 645 648 650 652 659 660 667 672 674 675 684 687 689 695 697 
25 36 59 101 111 130 140 156 159 167 170 174 176 216 222 223 242 246 267 278 333 337 373 396 410 411 415 431 438 449 467 477 495 497 504 524 538 544 553 563 582 603 604 608 617 621 623 630 632 633 641 666 667 672 679 681 688 
19 28 32 45 58 59 73 100 101 105 125 126 136 140 156 169 178 179 185 200 220 227 230 246 255 258 290 297 306 317 320 324 331 333 334 337 345 356 391 396 397 408 413 424 428 438 448 449 481 489 493 495 504 514 528 535 550 594 600 617 621 632 649 655 657 661 671 677 681 682 685 686 687 688 
22 31 38 45 74 100 102 103 111 137 141 149 154 155 158 165 170 173 178 179 181 184 186 197 202 208 220 223 235 237 242 248 268 293 295 299 303 304 313 321 337 341 350 355 362 367 383 390 409 418 422 423 428 430 433 445 483 487 489 497 506 516 520 521 523 524 534 539 561 564 580 581 588 593 602 603 604 605 613 620 630 632 634 635 640 665 667 681 682 683 688 692 694 
29 33 39 43 48 55 57 79 80 84 87 106 122 128 134 143 144 147 161 171 175 195 197 216 217 221 230 234 239 250 255 275 280 329 330 344 353 373 375 378 381 386 390 400 414 422 425 453 456 461 463 466 486 493 494 499 510 512 520 532 535 540 551 560 577 587 589 605 606 625 628 643 645 646 652 656 660 674 675 684 689 695 
3 8 25 42 51 62 65 68 84 97 107 112 114 122 130 131 138 141 151 152 163 164 170 180 182 198 206 207 209 212 215 216 218 221 238 256 267 269 275 277 280 285 287 289 293 294 309 310 315 319 323 327 335 338 349 351 352 357 364 372 377 391 392 399 402 407 413 418 420 439 454 470 473 479 487 496 502 503 511 515 518 522 527 529 538 550 562 565 572 573 583 590 615 627 628 631 636 638 639 646 651 654 670 672 673 679 680 697 699 
3 8 13 28 29 48 61 72 80 83 97 106 107 112 117 121 128 134 139 143 147 162 189 190 192 195 203 204 206 216 220 227 228 236 239 240 244 248 252 254 267 269 275 276 277 280 288 289 291 292 294 298 309 310 311 323 329 335 339 351 368 369 373 375 386 390 394 401 403 405 409 411 420 427 439 444 446 451 455 461 464 467 468 470 479 486 488 490 497 513 525 529 535 536 542 545 547 551 553 554 555 557 561 567 568 576 577 582 590 591 595 597 600 601 602 603 604 616 623 624 625 632 639 650 651 652 659 660 666 677 678 684 687 689 697 698 
20 35 45 56 70 73 87 91 93 119 123 129 148 159 160 167 173 176 178 234 241 255 258 262 263 291 311 343 344 348 351 368 381 385 387 389 393 400 412 416 419 425 426 434 437 440 441 443 450 452 456 466 469 475 477 481 484 485 489 491 495 500 526 527 540 544 546 563 578 592 604 605 610 616 617 622 631 632 651 653 655 657 658 661 674 676 694 698 
4 27 42 49 54 64 82 90 97 101 115 118 132 142 143 156 167 173 174 176 178 179 182 185 188 198 199 204 205 208 222 230 238 243 273 282 290 300 324 330 331 352 354 372 377 379 396 397 399 408 412 413 418 421 425 426 432 434 436 438 443 449 450 458 460 462 464 474 478 484 495 498 500 504 511 514 524 527 528 533 538 551 553 558 563 570 573 578 581 582 583 596 601 602 604 612 617 620 631 645 666 669 673 675 686 690 693 696 699 
8 13 25 34 36 43 74 75 76 83 90 96 112 125 153 157 161 178 204 211 219 232 235 244 245 247 258 267 278 281 283 284 288 292 322 325 329 336 344 350 356 366 368 370 379 405 411 412 413 426 444 453 455 465 468 473 498 500 506 508 517 523 531 536 538 539 541 543 549 553 554 564 573 581 595 600 601 607 609 617 619 630 644 646 653 662 665 670 677 682 683 688 691 
61 65 68 94 95 117 123 138 148 162 166 178 180 189 215 236 240 262 263 298 319 326 351 360 364 366 369 370 373 389 393 401 403 406 416 427 469 475 477 484 485 493 518 526 540 545 554 568 576 597 598 632 638 639 648 651 657 658 661 672 676 687 
21 24 34 44 52 56 60 63 67 81 110 146 182 183 187 191 203 221 232 247 266 273 274 289 302 308 312 320 327 343 346 347 354 362 366 396 400 406 408 413 419 438 449 459 461 468 471 473 495 500 504 505 519 524 529 533 536 538 544 550 556 562 567 571 575 577 592 595 598 600 610 626 639 643 655 658 664 665 675 682 683 
6 27 30 41 50 51 62 64 70 79 85 86 87 88 105 123 124 131 136 152 165 177 188 194 200 203 208 218 222 227 230 234 251 259 265 293 295 299 318 320 330 332 333 334 339 340 352 353 354 357 365 375 377 381 387 390 399 400 424 425 431 433 454 456 466 468 469 475 489 492 496 499 508 509 522 524 534 540 547 550 572 574 594 601 604 605 615 646 649 660 661 663 666 668 671 672 674 677 680 684 685 695 698 699 
29 36 46 48 58 63 70 76 84 88 98 112 122 125 130 134 135 168 170 171 189 196 206 207 208 234 253 259 265 287 294 309 313 318 332 335 338 339 349 356 376 387 392 404 410 431 433 441 445 467 470 487 491 493 496 502 519 522 535 538 540 549 553 565 574 577 584 590 591 599 608 617 622 627 645 654 663 668 677 680 687 689 695 
18 26 30 44 53 54 66 69 77 81 92 107 121 130 133 168 169 179 193 201 212 221 229 251 254 256 257 261 269 277 279 286 292 295 298 307 315 319 323 327 331 333 340 345 355 356 365 368 384 394 395 400 416 417 425 429 431 432 442 446 450 454 456 462 468 486 488 492 499 503 506 507 514 515 520 528 533 536 537 545 547 552 554 563 570 596 601 604 614 644 646 650 659 660 662 674 681 684 690 696 
34 38 44 56 67 75 76 86 90 96 110 112 127 144 146 157 182 183 211 218 229 230 232 244 245 247 251 258 269 277 278 281 284 285 287 289 312 316 319 325 327 329 336 343 346 347 362 370 379 406 415 426 453 458 459 471 478 505 517 523 538 541 543 548 553 571 573 576 581 582 592 595 598 601 603 607 609 617 619 630 631 637 643 644 646 648 658 660 662 665 691 
9 37 40 49 57 73 78 110 119 132 161 174 178 188 199 203 204 209 213 236 237 241 260 272 273 282 283 296 300 321 323 328 342 348 354 355 372 382 386 407 409 421 423 434 435 436 443 445 452 462 463 464 472 475 481 490 494 500 512 514 515 521 527 528 531 532 533 544 548 553 554 558 559 560 566 569 570 576 578 579 580 583 587 602 608 610 613 620 631 633 637 641 648 652 667 669 679 690 692 696 700 
8 18 20 26 35 39 45 53 56 77 84 123 129 144 148 159 169 170 193 195 217 220 224 229 253 255 261 262 263 264 268 279 286 326 351 355 384 389 393 416 419 429 431 440 442 450 456 461 469 475 477 484 485 492 499 503 510 520 525 526 544 545 546 552 563 565 566 577 585 593 597 605 614 632 637 652 657 658 660 661 662 676 689 694 
28 46 82 91 113 130 137 139 149 150 153 175 176 181 182 184 186 192 210 212 219 220 225 228 239 249 254 268 272 276 277 288 297 303 306 319 333 340 342 352 361 383 385 388 426 444 450 452 457 466 470 474 476 483 484 488 490 491 498 501 509 520 525 547 551 555 561 564 566 580 584 591 596 611 612 613 623 624 629 633 635 639 642 644 650 659 692 693 694 697 
18 26 28 34 39 53 77 82 84 91 110 129 142 144 159 161 169 176 193 213 219 225 238 261 263 279 286 295 296 326 340 355 365 368 375 384 404 407 412 416 423 426 429 431 441 442 444 457 463 466 473 474 475 484 492 494 495 497 498 499 503 508 509 520 533 545 551 552 559 566 569 579 584 587 612 614 618 620 633 637 648 658 660 662 685 698 
