69 70 74 75 76 77 78
58 59 60 61 62 112 113 338
134 135 136 253 263 337 346
107 108 109 110 415 416 417 418
85 86 89 95 98 174 175 345 425
341 342 343 459 460
116 117 119 133 216 218 305 322 477
269 270 271 484 485
282 283 284 499 500 501
288 289 290 303 506 838
319 320 321 462 506
508 509 776 777 778 779 781
511 512 513 514
534 535 536 537
222 223 224 251 252 575
357 358 361 591 598
199 200 221 258 259 450 602
256 257 294 295 383 630
204 205 214 215 273 360 634 882
238 239 272 340 400 493 557 583 697 947
190 191 236 237 264 349 350 397 594 699 700 708
191 225 226 228 236 363 364 397 652 653 654 708 879 880
384 385 405 517 518 604 641 711 925
211 212 243 315 428 442 579 599 600 601 618 720 896 951
668 669 751 858 859 886
674 675 689 710 761 846
528 747 748 765 860 944
291 292 399 419 562 564 595 632 686 741 766
471 472 581 585 770 935
395 559 638 680 681 753 793 826 889
90 91 137 165 166 172 173 183 260 261 268 275 400 444 451 495 607 613 635 713 767 768 769 795 927
797 798 866 867
799 800 868 869
801 802 871 872
254 255 335 378 448 449 489 510 631 702 805 833 849
277 278 286 306 307 413 414 448 449 489 510 806 841 842 855
188 189 209 217 304 445 808 809 883 884
810 811 887 888
392 393 420 462 543 610 656 750 813 814 821 828
764 819 820 823 854
395 396 426 429 480 507 559 583 638 680 681 728 753 793 826 889
50 51 63 68 92 150 196 248 249 250 329 356 424 446 457 466 477 567 695 727 831
445 479 520 521 522 597 659 684 688 716 726 760 785 833 881
50 51 63 68 92 96 97 101 102 114 120 150 163 196 197 248 249 293 298 329 356 432 441 446 457 458 466 477 596 727 787 834
300 309 310 311 333 339 388 389 421 476 481 496 532 538 606 647 660 664 676 696 701 703 738 745 786 836
839 840 923 933
46 47 54 73 81 379 526 527 546 547 548 549 550 551 556 561 573 709 729 835 850
3 4 5 6 12 13 14 24 29 42 52 93 148 154 301 302 316 375 391 505 555 565 587 623 631 660 663 703 718 728 730 740 755 773 852 853 890
27 45 72 84 118 120 160 161 163 164 179 180 197 219 266 276 409 439 440 495 498 503 557 645 678 718 719 754 787 857
103 104 140 167 186 213 425 431 437 455 558 566 572 577 679 704 707 731 732 807 815 827 830 843 861
17 18 35 36 66 67 71 83 88 100 106 121 122 129 138 139 143 144 147 151 152 153 168 169 170 171 181 186 187 201 207 220 227 229 230 231 279 285 299 317 318 325 326 327 328 333 334 336 347 352 353 367 368 371 372 373 375 389 403 404 406 438 447 450 473 475 478 481 482 483 487 496 504 505 523 532 538 574 580 587 589 594 605 606 611 625 631 640 657 660 671 687 688 691 702 703 715 718 721 722 723 728 734 742 749 771 783 788 792 836 853 863 877 901 915 943 949 958
1 2 16 23 32 33 37 41 82 128 130 142 158 159 177 178 197 206 208 232 247 267 274 308 359 362 410 430 433 434 443 464 465 467 468 469 470 474 477 479 495 497 528 529 554 560 576 586 588 590 593 597 603 609 620 642 643 645 646 667 686 688 690 693 694 698 726 741 746 756 763 764 774 785 794 796 821 833 845 878 930 931 940 954 957
3 4 90 91 131 132 133 137 165 166 169 170 171 172 173 181 182 183 202 203 220 227 240 260 261 268 275 279 280 285 300 325 331 333 334 339 367 371 375 386 388 389 403 427 444 450 451 475 482 490 491 492 495 504 505 515 524 525 530 533 538 542 545 570 587 605 606 607 612 613 619 631 636 639 647 660 661 666 676 687 696 701 703 709 718 728 730 742 744 745 759 772 782 786 788 791 795 803 804 836 890 905 915 927 962
411 412 413 414 494 615 616 627 706 757 758 806 855 873 882 892 893 919
123 124 125 127 202 203 244 265 339 394 398 399 411 412 419 481 494 504 541 545 587 627 631 683 706 717 718 744 757 788 791 836 873 892 893 919
48 49 84 96 97 114 115 128 141 162 165 166 172 173 176 197 247 262 275 314 355 376 377 390 439 440 454 464 465 467 468 469 477 479 495 497 529 538 539 540 560 576 583 588 593 597 603 609 610 639 642 643 645 646 661 667 670 673 682 688 690 693 698 712 716 726 737 739 741 743 746 760 762 763 764 774 785 786 787 794 796 813 814 821 828 832 833 845 851 856 878 897 900 929 930 931 940 948 957
79 80 94 145 149 155 156 157 184 185 192 193 194 195 198 234 235 242 281 296 323 324 331 332 351 354 374 375 383 387 407 422 423 456 479 488 502 516 519 520 530 531 533 541 542 544 569 582 584 587 592 594 624 626 628 629 631 637 648 649 650 651 658 660 662 672 673 715 718 724 725 733 735 736 775 784 786 789 790 812 816 818 836 881 902
79 80 94 133 147 148 149 155 156 157 169 170 171 181 182 192 193 198 202 203 220 227 234 240 279 280 281 285 300 323 324 325 331 332 333 334 339 367 371 374 375 386 387 388 389 401 402 403 427 450 456 475 479 481 482 488 490 492 495 496 502 504 505 519 520 524 525 530 532 533 538 541 542 544 545 565 570 582 584 587 588 605 606 607 612 614 617 621 623 631 633 636 637 640 644 647 658 660 661 664 666 667 671 673 676 687 692 696 701 703 709 715 718 724 728 730 734 738 742 744 745 752 754 759 767 768 769 772 782 784 786 788 791 792 816 829 836 837 905 926 936 941 955 962
892 906 913 960
370 552 553 568 595 736 764 909 910
312 313 365 366 370 435 436 452 665 714 764 874 891 909 910 937
254 255 335 378 408 448 449 505 510 631 685 702 705 728 805 833 862 904 915
25 26 28 30 31 34 39 40 43 44 48 49 53 65 99 105 111 115 118 126 141 160 161 164 179 180 210 219 241 245 246 262 266 287 297 314 344 348 376 377 380 382 439 440 453 461 493 495 503 539 540 557 563 571 578 622 677 682 719 725 754 787 817 822 832 916 924
79 80 94 145 146 149 155 156 157 169 170 184 185 192 193 194 195 198 234 235 242 281 296 323 324 330 333 351 354 367 369 374 381 387 388 389 407 422 423 450 456 463 475 479 488 502 504 519 530 531 533 538 541 542 544 560 569 582 584 587 592 594 624 626 628 629 631 637 647 658 660 662 671 672 673 696 703 715 718 721 722 723 724 725 730 733 735 736 744 775 782 784 791 812 816 818 902 922 926
30 31 34 40 44 53 99 126 287 297 344 380 382 453 461 557 563 571 578 677 924
7 8 9 10 11 15 19 20 55 56 57 64 169 170 171 182 193 202 220 227 231 240 279 280 285 324 325 331 332 333 339 367 371 375 388 389 402 450 475 481 482 488 495 496 502 504 505 519 520 524 530 532 533 538 541 545 584 587 605 606 614 631 633 640 644 647 660 666 671 673 676 692 696 701 702 703 715 718 721 722 723 724 725 728 730 738 742 744 767 768 769 775 780 786 788 789 790 791 836 837 844 853 915 917 926
16 23 37 178 267 362 399 419 430 464 465 467 468 469 477 479 495 497 528 529 560 576 588 593 597 603 609 620 642 643 645 646 661 667 670 673 686 688 690 693 694 698 716 726 737 741 742 743 746 760 762 763 764 766 782 785 786 794 796 821 833 845 851 856 878 897 900 905 912 930 932 946 948 954
398 399 419 464 465 467 468 469 477 479 486 497 576 588 593 597 609 620 642 643 646 661 667 670 686 690 694 698 716 717 726 737 741 742 743 746 762 763 766 782 786 796 851 897 905 932 952
21 22 27 38 45 72 84 87 96 97 114 118 128 160 161 162 164 165 166 169 170 173 176 179 180 219 227 233 247 266 275 276 285 333 355 376 377 390 409 439 440 451 454 467 481 482 495 498 503 504 505 538 541 542 557 583 587 608 622 629 631 639 640 655 660 678 682 701 702 712 718 719 724 725 739 741 754 787 804 817 822 828 916 936
