499 283 501 500 282 284
337 346 263 253 136 135 134
581 585 770 472 935 991 471
613 635 261 183 713 137 444 91 275 90 260 400
992 808 993 884 883 994
412 627 494 411 706 683 265 757
995 996 860 747 748 765 997
396 793 429 426 480 507 998 826 638
121 657 999 229 749 299 482 404 230 1000 943 129 207 483 122 473 783
1001 1002 1003 1004 1005 1006 1007 1008 717
718 300 545 202 427 490 203 1009 339 280
764 1010 366 479 971 593 741 604 465 688
5 6 14 93 154 24 42 13 4 3 29 773 12 663 52
302 555 852 391 316 301
211 984 720 896 579 428 243 1011 951 212 1012 1013 442 1014 315 618
492 170 640 367 945 182 279 325 962 169 403 752 621 220 402 171 612 936 734 692 617 666 570 401 181 607 759 481 240 525 334 227
960 906 1015 1016 1017 1018 892 1019
1020 825 1021 824 1022 1023 1024 894 1025 956 944 1026
144 151 138 406 771 574 326 143 187 352 153 36 447 186 35 139 327 201 487 523 372 347 373 336 328 580 152
703 591 358 361 598 357
213 827 953 1027 104 807 1028 707 455 103 437 1029 431 1030 1031 140 1032 572 1033 731 732 577 1034 843 558 1035 167 679 1036 830 1037 1038 566 861 704 815 1039 1040
510 841 1041 1042 307 1043 278 842 286 306 277
1044 1045 1046 1047 1048 1049 1050 1051 1052 1053 1054 1055 1056
835 549 54 1057 81 73 850 573 379 1058 551 546 1059 1060 1061 1062 47 1063 526 527 561 1064 550 1065 729 1066 556 1067 548 1068 1069 1070 1071 46 547 1072
495 355 712 439 1073 739 440
1074 1075 1076 1077 1078 1079
775 594 1080 450 736 584 488 673 725 631 519 374 1081 351 533
221 199 602 200 258 259
39 49 111 115 348 241 105 26 25 48 210 314 493 28 262 245 832 141 43 246 65
1082 605 1083 1084 375 1085 1086 1087 386 371
392 656 1088 393 420 750 543
59 61 60 113 62 112 58 338
127 123 394 124 125 244
957 1089 1090 1091 1092 1093
1094 1095 485 484 1096 270 1097 271 269
106 147 88 18 17 71 83 67 66 100 231 353
669 668 1098 886 1099 1100 751 1101 858 1102 859
457 92 1103 695 150 250 831 424 68 50 51 466 196 356 63
738 333 389 664 388 837 647 496 636
461 34 344 571 287 44 382 30 99 297 453 53 557 563 126 578 677 31 380 924 40 1104
74 69 75 70 77 76 78
226 364 880 653 228 1105 652 225 879 654 363
515 166 491 173 132 131 165 172 619
161 498 503 219 160 409 276 179
702 671 475 505 587 504
1106 1107 1108 1109 1110 1111 1112 1113
223 224 252 222 575 251 1114
11 15 19 9 20 10 7 844 64 8 57 56 55
21 118 84 87 678 655 72 22 38 45 164 233 266 27 180
569 323 902 198 193 235 369 281 242 185 149 94 354 330 662 1115 155 624 658 592 1116 195 194 407 192 234 381 146 637 80 157 79 324 296 387 184
512 1117 514 513 1118 511
128 114 162 97 390 96 176
359 1 41 362 23 232 142 33 267 2 37 82 178 16 32 474 430 177 130
414 615 413 1119 616 1120 1121 806
360 215 634 273 204 214 205
903 541 1122 950 755 1123 715 1124
685 255 254 335 408 378 862
293 441 102 163 120 959 432 101 298 458 596 197
257 256 295 630 294 1125 1126
1127 342 341 343 459 460
846 710 674 1128 675 761 689
86 89 85 98 95 175 345
478 1129 625 589 901 317 691 318
672 516 383 626 422 423
676 644 1130 696 788 742 538 520 754 687 908
781 778 509 776 777 508 779
942 312 365 937 874 452 313 665
117 133 216 322 218 116 119 305
350 191 237 236 190 349 264
340 947 239 1131 272 697 238
1132 661 737 464 899 576 468
1133 217 188 809 1134 189 304 209
811 888 810 1135 887 1136
1137 1138 436 1139 435 1140
1141 522 1142 521 659 684
108 418 415 416 107 417 110 109
1143 981 1144 982 1145 980
310 311 1146 421 1147 309 476
864 865 870 969 970 1148
329 446 727 248 249 477
1149 590 756 434 443 208 554 274 410 433 308 159 158
