1	2	0.904
3	4	0.904
5	6	0.904
7	8	0.899
9	8	0.899
9	7	0.899
10	11	0.899
12	3	0.898
13	14	0.896
15	11	0.893
1	16	0.893
17	18	0.891
19	20	0.891
8	11	0.891
7	11	0.891
9	11	0.891
21	22	0.891
15	10	0.89
12	5	0.89
12	4	0.889
10	8	0.889
10	7	0.889
9	10	0.889
23	1	0.888
12	24	0.887
5	4	0.887
15	20	0.887
23	16	0.886
20	11	0.886
12	14	0.885
9	15	0.884
15	8	0.884
15	7	0.884
15	19	0.883
10	20	0.883
13	3	0.881
12	6	0.881
16	2	0.881
25	26	0.878
22	27	0.877
19	11	0.877
20	8	0.876
7	20	0.876
9	20	0.876
4	6	0.876
3	5	0.875
28	25	0.875
12	13	0.875
23	2	0.875
29	3	0.874
30	31	0.874
10	19	0.874
32	33	0.873
30	34	0.873
21	27	0.873
35	36	0.873
13	4	0.872
3	24	0.871
23	37	0.87
38	27	0.87
26	39	0.87
40	34	0.869
3	14	0.869
33	1	0.868
25	39	0.867
16	37	0.867
19	8	0.866
19	7	0.866
9	19	0.866
3	6	0.866
29	4	0.866
14	6	0.865
5	14	0.863
12	29	0.863
1	41	0.862
29	42	0.862
4	24	0.862
14	24	0.862
14	4	0.86
5	24	0.86
25	43	0.86
39	43	0.859
44	31	0.859
45	22	0.859
46	47	0.858
31	34	0.858
48	49	0.857
50	51	0.857
52	14	0.857
2	41	0.857
26	43	0.857
53	31	0.856
53	34	0.856
46	54	0.856
52	5	0.855
13	6	0.855
13	29	0.854
44	53	0.854
55	10	0.854
47	54	0.853
13	5	0.853
1	37	0.853
38	22	0.852
55	11	0.852
10	56	0.852
10	57	0.852
52	12	0.851
45	21	0.851
44	34	0.851
58	59	0.851
60	59	0.851
61	59	0.851
62	59	0.851
50	63	0.851
2	37	0.851
56	11	0.851
13	24	0.851
10	64	0.851
28	65	0.85
66	67	0.85
52	4	0.85
24	6	0.85
50	68	0.85
57	11	0.849
15	55	0.849
64	11	0.849
69	70	0.848
15	57	0.847
16	41	0.847
15	56	0.847
71	18	0.847
15	64	0.846
71	17	0.846
21	38	0.846
5	42	0.845
12	42	0.845
60	58	0.845
61	58	0.845
61	60	0.845
62	58	0.845
62	60	0.845
62	61	0.845
55	8	0.845
55	7	0.845
9	55	0.845
32	1	0.845
52	13	0.844
23	33	0.844
28	26	0.844
45	72	0.844
73	46	0.843
73	47	0.843
56	8	0.843
56	7	0.843
9	56	0.843
23	41	0.843
57	8	0.842
57	7	0.842
9	57	0.842
45	27	0.842
69	74	0.842
69	75	0.842
69	76	0.842
69	77	0.842
69	78	0.842
79	80	0.842
55	20	0.842
46	81	0.842
28	39	0.842
8	64	0.841
7	64	0.841
9	64	0.841
33	2	0.841
29	24	0.841
66	17	0.841
23	82	0.841
57	20	0.84
71	83	0.839
56	20	0.839
29	5	0.839
82	41	0.839
20	64	0.839
29	14	0.839
21	84	0.839
85	86	0.838
17	67	0.838
28	43	0.838
27	87	0.838
52	6	0.838
66	18	0.838
66	88	0.837
84	27	0.837
44	30	0.837
73	54	0.836
89	85	0.836
55	19	0.836
42	6	0.836
83	88	0.836
70	74	0.835
70	75	0.835
70	76	0.835
70	77	0.835
70	78	0.835
81	54	0.835
18	67	0.835
19	57	0.834
90	91	0.834
33	16	0.834
52	3	0.834
89	86	0.833
53	30	0.833
31	40	0.833
29	6	0.833
19	64	0.832
50	92	0.832
56	19	0.832
3	42	0.832
93	5	0.831
94	80	0.831
95	85	0.831
96	97	0.83
33	41	0.829
63	68	0.829
95	86	0.828
98	85	0.828
88	67	0.827
75	74	0.827
76	74	0.827
76	75	0.827
77	74	0.827
77	75	0.827
77	76	0.827
78	74	0.827
78	75	0.827
78	76	0.827
78	77	0.827
47	81	0.826
99	44	0.826
65	26	0.826
88	100	0.825
98	89	0.825
12	93	0.825
101	102	0.825
103	104	0.825
52	24	0.825
53	40	0.824
95	89	0.824
22	84	0.824
65	39	0.824
65	43	0.824
4	42	0.824
63	51	0.823
66	100	0.823
32	2	0.823
30	40	0.822
105	65	0.822
83	106	0.822
66	83	0.822
98	86	0.821
14	42	0.821
66	71	0.82
107	108	0.82
107	109	0.82
107	110	0.82
68	51	0.82
25	65	0.82
43	111	0.82
112	113	0.82
98	95	0.819
42	24	0.818
44	40	0.818
97	114	0.818
115	48	0.817
93	6	0.817
116	117	0.817
67	100	0.817
27	118	0.817
52	93	0.817
22	87	0.816
73	81	0.816
32	16	0.816
82	2	0.815
45	87	0.815
1	82	0.815
88	106	0.815
116	119	0.815
83	67	0.814
120	102	0.814
109	108	0.813
110	108	0.813
110	109	0.813
105	43	0.813
38	84	0.812
119	117	0.812
45	84	0.812
18	83	0.811
13	42	0.811
17	83	0.811
96	114	0.81
21	87	0.809
39	48	0.808
38	87	0.808
45	38	0.808
121	122	0.808
32	23	0.808
123	124	0.807
123	125	0.807
126	30	0.807
93	3	0.807
37	41	0.806
71	67	0.806
123	127	0.806
96	128	0.806
21	118	0.805
129	122	0.805
22	72	0.805
16	82	0.804
92	51	0.803
56	64	0.803
130	1	0.802
131	132	0.802
56	57	0.802
97	128	0.802
55	64	0.802
119	133	0.801
55	57	0.801
134	135	0.801
136	135	0.801
136	134	0.801
137	91	0.801
84	118	0.8
117	133	0.799
26	48	0.799
138	139	0.799
124	127	0.798
125	127	0.798
93	14	0.798
93	4	0.798
125	124	0.798
21	72	0.798
52	29	0.797
130	33	0.797
99	34	0.797
39	111	0.797
140	103	0.797
113	59	0.796
112	59	0.796
17	88	0.796
33	37	0.795
18	88	0.795
17	100	0.795
82	37	0.794
141	115	0.794
71	88	0.793
28	111	0.793
130	2	0.792
1	142	0.792
143	144	0.791
145	146	0.791
71	147	0.791
29	148	0.791
63	92	0.791
99	40	0.79
90	137	0.79
145	149	0.79
27	72	0.79
63	150	0.789
22	118	0.789
151	152	0.788
65	111	0.788
113	58	0.788
113	60	0.788
113	61	0.788
113	62	0.788
112	58	0.788
112	60	0.788
112	61	0.788
112	62	0.788
153	144	0.787
154	5	0.787
141	48	0.787
68	92	0.786
115	49	0.786
153	143	0.785
116	133	0.785
155	94	0.785
13	93	0.785
126	34	0.785
50	150	0.784
156	157	0.784
114	128	0.783
52	42	0.783
158	159	0.783
154	93	0.782
99	31	0.782
160	161	0.782
18	100	0.782
97	162	0.781
163	102	0.781
83	100	0.781
71	106	0.781
38	164	0.781
22	164	0.781
165	166	0.781
129	121	0.781
25	48	0.78
104	167	0.78
154	6	0.78
168	143	0.78
38	118	0.78
17	106	0.78
18	106	0.779
93	42	0.778
169	170	0.778
171	170	0.778
32	37	0.777
172	173	0.777
21	164	0.777
174	175	0.777
99	53	0.777
154	12	0.777
126	31	0.777
162	176	0.777
155	80	0.777
105	28	0.777
32	41	0.777
130	16	0.776
66	106	0.776
147	18	0.776
177	178	0.776
160	179	0.775
22	180	0.775
142	2	0.775
157	80	0.774
96	162	0.774
27	164	0.774
181	182	0.774
33	82	0.774
84	87	0.773
183	91	0.773
52	154	0.772
21	180	0.772
184	185	0.772
186	187	0.772
175	85	0.771
188	189	0.77
190	191	0.77
192	193	0.77
194	195	0.77
63	196	0.77
114	176	0.769
29	93	0.769
197	102	0.769
140	104	0.769
37	178	0.769
147	17	0.769
175	86	0.768
145	198	0.768
163	197	0.768
126	53	0.768
130	23	0.768
199	200	0.768
105	111	0.768
201	36	0.767
130	32	0.767
67	106	0.767
183	137	0.766
202	203	0.766
204	205	0.766
206	1	0.766
156	80	0.766
122	207	0.765
158	208	0.765
100	106	0.764
173	166	0.764
142	16	0.764
84	72	0.764
209	188	0.764
98	175	0.764
25	210	0.764
43	48	0.763
180	72	0.763
162	128	0.763
140	167	0.763
211	212	0.763
45	164	0.763
72	87	0.763
120	101	0.762
175	89	0.762
99	30	0.762
150	92	0.762
28	48	0.762
39	210	0.762
103	213	0.762
154	3	0.762
214	215	0.762
116	216	0.762
209	189	0.761
180	27	0.761
105	26	0.761
189	217	0.76
206	142	0.76
218	116	0.76
101	197	0.76
188	217	0.759
94	79	0.759
26	111	0.759
201	35	0.759
148	24	0.758
175	95	0.758
160	219	0.758
114	162	0.758
25	111	0.758
206	23	0.757
220	169	0.756
3	148	0.756
154	4	0.756
199	221	0.756
200	221	0.756
222	223	0.755
224	223	0.755
224	222	0.755
105	39	0.755
225	226	0.755
33	142	0.755
216	133	0.755
97	176	0.755
154	14	0.755
170	227	0.755
23	142	0.755
218	117	0.755
228	226	0.754
216	117	0.754
229	230	0.754
147	231	0.754
130	232	0.754
233	38	0.753
84	164	0.753
164	118	0.753
185	234	0.753
156	79	0.752
105	25	0.752
157	195	0.751
206	2	0.751
103	167	0.751
130	41	0.751
184	235	0.751
154	24	0.751
38	72	0.75
26	210	0.75
218	133	0.75
218	119	0.75
236	237	0.75
238	239	0.749
172	166	0.749
13	148	0.749
68	150	0.749
96	176	0.748
216	119	0.748
209	217	0.748
129	230	0.748
142	37	0.747
240	182	0.747
147	83	0.747
28	241	0.747
192	80	0.747
179	161	0.747
242	194	0.746
155	235	0.746
228	225	0.746
243	211	0.746
204	215	0.746
204	214	0.746
155	184	0.746
229	122	0.746
148	4	0.745
150	51	0.745
233	22	0.745
16	232	0.745
230	122	0.744
123	244	0.744
245	246	0.744
97	247	0.744
248	249	0.744
45	118	0.744
206	16	0.743
72	118	0.743
184	94	0.743
90	183	0.742
250	150	0.742
192	79	0.742
120	163	0.742
154	13	0.741
251	252	0.741
157	79	0.741
16	178	0.741
121	230	0.741
244	127	0.741
130	37	0.741
111	241	0.74
23	178	0.74
135	253	0.74
134	253	0.74
136	253	0.74
130	178	0.74
165	172	0.74
50	196	0.739
193	80	0.739
254	255	0.739
220	170	0.739
152	187	0.739
96	247	0.738
185	94	0.738
233	21	0.738
176	128	0.737
2	178	0.737
256	257	0.737
174	85	0.737
2	232	0.736
94	157	0.736
71	100	0.736
45	233	0.736
156	94	0.736
121	229	0.736
174	86	0.735
258	259	0.735
235	94	0.735
231	18	0.735
45	180	0.735
205	215	0.735
214	205	0.735
260	261	0.734
130	177	0.734
246	262	0.734
149	198	0.734
82	177	0.734
244	124	0.733
244	125	0.733
128	247	0.733
231	17	0.733
233	27	0.732
25	115	0.732
263	135	0.732
263	134	0.732
263	136	0.732
206	41	0.732
194	79	0.732
174	89	0.732
163	101	0.732
120	197	0.731
264	190	0.731
23	177	0.731
182	171	0.731
26	115	0.731
130	82	0.731
142	41	0.73
180	118	0.73
12	148	0.73
174	95	0.73
87	118	0.73
71	231	0.729
194	80	0.729
65	48	0.729
265	244	0.728
259	200	0.728
168	144	0.727
180	266	0.727
148	42	0.727
155	185	0.727
142	267	0.726
268	172	0.726
234	94	0.726
269	270	0.726
271	270	0.726
238	272	0.726
204	273	0.726
162	247	0.725
1	232	0.725
274	159	0.724
91	275	0.724
219	276	0.724
165	173	0.724
153	152	0.723
104	213	0.723
82	178	0.723
141	49	0.723
180	84	0.723
144	152	0.722
174	98	0.722
39	241	0.722
195	80	0.722
32	82	0.722
196	150	0.721
239	272	0.721
114	247	0.721
66	147	0.721
277	278	0.721
44	126	0.72
171	279	0.72
280	202	0.72
281	80	0.72
130	267	0.72
219	161	0.72
282	283	0.72
284	283	0.72
284	282	0.72
142	82	0.72
126	40	0.719
170	285	0.719
278	286	0.719
277	286	0.719
155	234	0.718
268	165	0.718
287	126	0.718
14	148	0.718
151	186	0.717
196	68	0.717
148	6	0.717
170	279	0.717
25	241	0.717
243	212	0.717
129	207	0.717
38	180	0.716
220	227	0.716
288	289	0.716
288	290	0.716
153	187	0.716
291	292	0.716
293	102	0.715
179	219	0.715
259	221	0.715
294	295	0.715
235	296	0.714
140	213	0.714
130	142	0.714
147	67	0.714
205	273	0.713
126	297	0.713
72	164	0.713
101	298	0.713
250	92	0.713
206	82	0.712
23	232	0.712
224	252	0.712
224	251	0.712
252	223	0.712
252	222	0.712
251	223	0.712
251	222	0.712
28	210	0.712
290	289	0.712
206	37	0.712
245	262	0.712
230	299	0.711
146	198	0.711
43	210	0.711
1	178	0.711
111	48	0.711
298	102	0.711
274	158	0.71
300	203	0.71
301	302	0.71
288	303	0.709
151	187	0.709
16	177	0.708
258	200	0.708
188	304	0.708
218	305	0.708
232	41	0.707
160	276	0.707
189	304	0.707
196	51	0.707
306	307	0.707
144	151	0.706
155	195	0.706
79	195	0.706
50	250	0.706
82	308	0.706
309	310	0.706
311	309	0.706
39	115	0.705
312	313	0.705
1	177	0.705
262	314	0.705
159	208	0.705
315	211	0.705
287	31	0.705
192	94	0.704
41	178	0.704
156	184	0.704
316	302	0.704
317	318	0.704
319	320	0.704
319	321	0.704
199	258	0.704
79	193	0.704
146	149	0.704
250	51	0.703
39	49	0.703
129	229	0.703
155	157	0.703
168	153	0.703
152	186	0.703
26	49	0.702
5	148	0.702
28	115	0.702
90	275	0.702
235	192	0.702
184	80	0.702
265	127	0.702
25	141	0.701
216	322	0.701
323	324	0.701
325	171	0.701
227	285	0.701
231	83	0.701
184	296	0.7
279	227	0.7
232	37	0.7
289	303	0.7
290	303	0.7
250	68	0.7
155	79	0.7
121	207	0.699
139	326	0.699
233	87	0.699
63	250	0.699
25	49	0.699
293	197	0.698
265	123	0.698
229	207	0.698
220	171	0.697
327	328	0.697
155	193	0.697
249	329	0.696
311	310	0.696
26	141	0.696
194	157	0.696
268	166	0.696
2	177	0.695
183	260	0.695
181	240	0.695
65	241	0.695
308	274	0.695
287	53	0.695
278	307	0.695
278	306	0.695
277	307	0.695
277	306	0.695
235	185	0.694
146	330	0.694
321	320	0.694
185	296	0.694
182	279	0.694
176	247	0.694
155	296	0.694
331	332	0.693
257	295	0.693
264	191	0.693
265	124	0.693
265	125	0.693
304	217	0.693
23	267	0.693
1	267	0.693
258	221	0.692
184	79	0.692
170	333	0.692
209	304	0.692
180	87	0.692
184	157	0.692
177	41	0.691
334	227	0.691
138	326	0.691
201	152	0.69
254	335	0.69
286	307	0.69
286	306	0.69
91	260	0.69
145	330	0.689
199	259	0.689
336	152	0.689
169	279	0.689
156	192	0.689
231	67	0.689
16	267	0.689
253	337	0.688
294	257	0.688
338	59	0.688
280	203	0.688
66	231	0.687
339	203	0.687
340	272	0.687
341	342	0.686
343	342	0.686
343	341	0.686
339	300	0.686
169	227	0.686
177	37	0.686
182	170	0.686
287	344	0.686
246	314	0.685
345	85	0.685
94	296	0.685
98	345	0.684
345	86	0.684
26	241	0.684
201	151	0.684
171	334	0.684
346	263	0.683
143	187	0.683
334	170	0.683
192	157	0.683
101	293	0.682
155	281	0.682
142	232	0.682
196	92	0.682
156	281	0.682
327	347	0.682
235	80	0.682
180	164	0.681
115	348	0.681
132	268	0.68
131	268	0.68
185	80	0.68
94	193	0.68
281	193	0.679
220	334	0.679
43	241	0.679
349	350	0.679
43	115	0.679
315	212	0.678
147	88	0.678
163	298	0.678
153	151	0.678
256	295	0.678
192	281	0.678
34	297	0.677
129	299	0.677
287	34	0.677
116	322	0.677
328	347	0.676
338	58	0.676
338	60	0.676
338	61	0.676
338	62	0.676
267	37	0.676
235	351	0.676
171	285	0.676
352	36	0.675
163	293	0.675
192	195	0.675
231	353	0.675
33	267	0.675
345	89	0.674
156	354	0.674
91	261	0.674
118	355	0.674
301	316	0.674
28	49	0.673
183	275	0.673
271	269	0.673
235	281	0.673
233	84	0.673
356	102	0.672
94	351	0.672
161	276	0.672
268	173	0.672
281	79	0.672
308	208	0.672
220	240	0.672
194	94	0.671
184	234	0.671
202	300	0.671
133	322	0.671
357	358	0.671
359	1	0.671
2	267	0.671
340	239	0.671
215	360	0.671
214	360	0.671
361	358	0.67
359	142	0.67
339	280	0.669
233	164	0.669
39	141	0.669
340	238	0.669
218	216	0.668
210	48	0.668
287	30	0.668
169	171	0.668
32	177	0.668
117	322	0.668
195	193	0.668
30	297	0.667
37	362	0.667
256	294	0.667
363	364	0.667
94	281	0.667
65	210	0.667
183	261	0.667
82	232	0.667
229	299	0.666
116	305	0.666
23	362	0.665
33	177	0.665
16	362	0.665
365	366	0.665
240	171	0.665
220	279	0.665
367	227	0.665
167	213	0.665
137	275	0.664
137	261	0.664
33	232	0.664
339	202	0.663
327	368	0.663
28	141	0.663
43	49	0.663
146	369	0.662
234	80	0.662
245	314	0.662
345	95	0.662
287	40	0.662
201	187	0.662
182	325	0.662
351	296	0.661
242	79	0.66
195	296	0.66
335	255	0.66
105	48	0.66
163	356	0.66
312	370	0.66
121	299	0.66
133	305	0.66
280	300	0.66
185	157	0.659
220	371	0.659
372	373	0.659
235	374	0.659
367	170	0.659
273	215	0.658
214	273	0.658
248	329	0.658
308	41	0.658
119	322	0.658
6	375	0.658
369	149	0.657
359	2	0.657
171	227	0.657
274	208	0.657
234	195	0.657
117	305	0.657
155	192	0.656
352	35	0.656
376	377	0.656
12	375	0.656
185	195	0.656
184	192	0.656
120	298	0.656
190	350	0.656
192	194	0.656
264	349	0.656
1	362	0.656
179	276	0.655
279	285	0.655
324	80	0.655
33	178	0.654
99	126	0.654
105	210	0.654
137	260	0.654
143	152	0.654
378	255	0.653
254	378	0.653
153	201	0.653
210	348	0.652
149	330	0.652
147	352	0.652
3	375	0.652
379	54	0.651
99	380	0.651
381	330	0.651
325	170	0.651
382	380	0.65
257	383	0.65
153	36	0.65
142	362	0.65
384	385	0.649
256	383	0.649
94	195	0.649
386	325	0.649
366	370	0.649
364	226	0.649
363	226	0.649
181	171	0.648
387	193	0.648
111	49	0.647
388	389	0.647
390	128	0.647
181	279	0.647
263	253	0.647
185	79	0.646
220	367	0.646
119	305	0.646
391	302	0.645
392	393	0.645
123	394	0.645
359	33	0.645
354	281	0.645
184	195	0.644
315	243	0.644
192	351	0.643
266	72	0.643
395	396	0.643
71	353	0.643
241	48	0.643
397	191	0.643
2	362	0.642
99	297	0.641
4	375	0.641
398	399	0.641
387	80	0.641
147	100	0.641
235	193	0.64
400	239	0.64
182	169	0.64
260	275	0.64
236	191	0.639
325	279	0.639
401	402	0.639
264	350	0.639
206	359	0.639
235	234	0.639
142	178	0.639
90	261	0.639
240	170	0.639
371	170	0.639
287	99	0.638
361	357	0.638
230	207	0.638
156	194	0.637
32	267	0.637
346	135	0.637
346	134	0.637
346	136	0.637
240	169	0.637
367	169	0.637
403	240	0.636
5	375	0.636
238	400	0.636
195	374	0.636
364	225	0.636
363	225	0.636
195	324	0.636
359	16	0.635
240	334	0.635
390	114	0.635
404	207	0.635
145	369	0.635
405	385	0.635
384	405	0.635
156	195	0.634
406	328	0.634
155	351	0.634
141	348	0.634
120	356	0.634
82	267	0.634
143	186	0.633
156	242	0.633
407	195	0.633
184	351	0.632
406	327	0.632
240	279	0.632
386	171	0.632
390	96	0.631
156	235	0.631
124	394	0.631
125	394	0.631
371	169	0.631
378	408	0.631
39	348	0.631
390	97	0.63
32	232	0.63
179	409	0.63
143	151	0.63
233	118	0.63
281	157	0.63
372	327	0.63
354	79	0.629
372	347	0.629
23	359	0.629
48	348	0.629
153	186	0.629
267	41	0.629
409	161	0.629
235	157	0.628
32	178	0.627
34	380	0.627
191	350	0.627
45	266	0.627
351	79	0.627
204	360	0.627
313	366	0.627
31	297	0.627
132	173	0.626
131	173	0.626
90	260	0.626
25	348	0.626
24	375	0.626
410	208	0.626
411	412	0.626
155	374	0.626
192	387	0.625
312	366	0.625
351	80	0.625
413	414	0.624
135	337	0.624
134	337	0.624
136	337	0.624
144	187	0.624
285	333	0.624
107	415	0.624
107	416	0.624
107	417	0.624
107	418	0.624
299	207	0.623
254	408	0.623
397	236	0.623
399	419	0.623
308	158	0.623
115	241	0.622
40	297	0.622
293	298	0.622
155	194	0.622
122	299	0.622
235	79	0.622
420	392	0.622
181	325	0.622
82	362	0.622
197	298	0.621
143	336	0.62
281	195	0.62
152	36	0.62
153	35	0.62
351	157	0.62
313	370	0.62
328	373	0.619
421	310	0.619
421	311	0.619
336	186	0.619
386	170	0.618
201	186	0.618
47	379	0.618
65	49	0.618
53	297	0.617
228	364	0.617
363	228	0.617
359	41	0.616
205	360	0.616
422	423	0.616
35	152	0.616
351	193	0.616
50	424	0.616
79	324	0.616
103	425	0.616
395	426	0.616
29	375	0.615
427	300	0.615
44	297	0.615
169	334	0.615
242	80	0.615
387	281	0.615
141	210	0.614
424	92	0.614
160	409	0.614
424	51	0.613
101	356	0.613
287	44	0.613
231	88	0.613
182	386	0.613
219	409	0.613
242	354	0.613
428	211	0.613
408	255	0.613
334	285	0.613
46	379	0.613
44	380	0.612
156	185	0.612
429	396	0.612
192	324	0.611
356	298	0.611
32	430	0.611
53	380	0.611
242	195	0.611
431	425	0.609
182	334	0.608
415	108	0.608
416	108	0.608
109	415	0.608
109	416	0.608
110	415	0.608
110	416	0.608
417	108	0.608
417	109	0.608
417	110	0.608
418	108	0.608
418	109	0.608
418	110	0.608
181	170	0.608
41	362	0.608
397	190	0.608
424	68	0.608
163	432	0.608
120	432	0.607
325	169	0.607
231	106	0.607
420	393	0.606
84	355	0.606
324	193	0.606
433	208	0.606
236	190	0.606
235	195	0.606
145	185	0.606
184	198	0.606
194	193	0.606
352	231	0.606
185	351	0.605
312	365	0.605
266	87	0.605
1	430	0.605
194	296	0.605
347	368	0.604
434	208	0.604
323	195	0.604
168	152	0.604
387	351	0.603
132	172	0.602
131	172	0.602
157	296	0.602
32	359	0.602
435	436	0.602
296	80	0.601
437	431	0.601
26	348	0.601
438	144	0.601
144	336	0.601
439	440	0.601
182	285	0.601
235	198	0.601
394	127	0.601
441	102	0.601
182	227	0.601
227	333	0.601
242	296	0.6
115	210	0.6
327	373	0.6
206	267	0.6
323	79	0.6
192	296	0.599
42	375	0.599
359	37	0.599
294	383	0.599
33	362	0.598
348	49	0.598
132	165	0.598
131	165	0.598
352	17	0.598
35	151	0.598
387	94	0.598
442	211	0.597
339	427	0.597
105	49	0.597
443	208	0.597
336	187	0.597
183	444	0.597
234	79	0.596
188	445	0.596
198	330	0.596
446	248	0.596
431	213	0.596
323	80	0.596
65	141	0.595
201	352	0.595
63	424	0.595
2	430	0.595
104	425	0.595
425	213	0.594
428	212	0.594
189	445	0.594
206	362	0.594
144	186	0.594
207	36	0.593
240	325	0.593
447	352	0.593
169	333	0.593
448	449	0.593
145	184	0.593
450	231	0.593
242	157	0.592
49	314	0.592
354	80	0.592
148	375	0.592
111	115	0.592
451	165	0.592
240	227	0.592
451	172	0.592
452	370	0.592
190	349	0.591
237	190	0.591
99	453	0.591
301	391	0.591
187	36	0.591
344	126	0.591
446	249	0.59
376	454	0.59
455	213	0.59
383	295	0.59
209	445	0.59
323	194	0.59
156	351	0.59
428	315	0.59
184	374	0.589
323	94	0.589
242	94	0.589
335	378	0.589
352	18	0.589
354	157	0.588
445	217	0.588
261	275	0.588
354	194	0.588
335	408	0.587
147	353	0.587
237	191	0.587
206	178	0.587
242	351	0.587
115	314	0.587
23	430	0.587
220	325	0.587
387	79	0.586
206	177	0.586
22	266	0.586
152	368	0.585
90	444	0.585
18	353	0.585
453	34	0.585
21	266	0.585
324	456	0.585
354	94	0.585
184	193	0.585
155	387	0.584
91	444	0.584
94	324	0.584
365	313	0.584
437	213	0.584
386	334	0.583
184	194	0.583
196	457	0.583
400	272	0.583
206	232	0.583
120	458	0.583
145	235	0.582
367	334	0.582
391	316	0.582
40	380	0.582
121	36	0.582
372	328	0.582
149	234	0.582
140	455	0.582
459	342	0.582
341	459	0.582
343	459	0.582
460	342	0.582
460	341	0.582
460	343	0.582
207	35	0.582
126	461	0.581
442	243	0.58
184	242	0.58
359	82	0.58
369	198	0.58
33	430	0.579
2	308	0.579
196	250	0.579
177	308	0.579
451	166	0.579
234	296	0.579
369	184	0.578
145	234	0.578
320	462	0.578
321	462	0.578
83	353	0.578
171	333	0.578
403	182	0.578
455	431	0.578
132	166	0.578
131	166	0.578
319	462	0.578
103	455	0.577
365	370	0.577
137	444	0.577
381	463	0.577
163	441	0.577
403	181	0.577
464	465	0.576
386	169	0.576
442	212	0.576
66	352	0.576
146	463	0.575
315	442	0.575
245	141	0.575
240	386	0.575
266	27	0.575
196	466	0.575
140	437	0.575
454	377	0.575
197	356	0.574
451	268	0.574
16	430	0.574
194	324	0.573
151	36	0.573
71	352	0.573
97	467	0.573
31	453	0.573
194	281	0.573
94	374	0.573
458	102	0.572
296	193	0.572
376	440	0.572
421	309	0.572
168	138	0.571
103	437	0.571
367	285	0.571
461	31	0.571
325	285	0.571
104	437	0.57
453	40	0.57
101	432	0.57
312	452	0.57
245	115	0.57
36	368	0.569
185	324	0.569
367	333	0.569
406	347	0.569
198	234	0.569
468	469	0.568
149	185	0.567
234	194	0.567
328	368	0.567
168	139	0.567
138	144	0.567
159	470	0.567
471	472	0.567
185	374	0.567
164	355	0.567
397	237	0.566
141	241	0.566
229	473	0.566
185	198	0.565
323	192	0.565
308	178	0.565
145	296	0.565
441	197	0.564
32	474	0.564
181	401	0.564
308	159	0.564
475	139	0.564
311	476	0.564
476	310	0.564
185	242	0.563
122	36	0.563
407	234	0.563
43	348	0.563
369	330	0.563
53	453	0.563
35	187	0.563
398	419	0.563
248	477	0.563
318	478	0.563
469	479	0.563
192	354	0.562
103	431	0.562
44	453	0.562
181	386	0.562
395	480	0.562
197	432	0.562
334	279	0.562
481	170	0.562
114	467	0.561
482	404	0.561
53	461	0.561
344	31	0.561
230	473	0.561
430	37	0.56
313	452	0.56
308	433	0.56
327	36	0.56
401	279	0.56
144	201	0.56
185	407	0.559
122	473	0.559
185	194	0.559
404	483	0.559
484	270	0.559
485	270	0.559
390	247	0.559
30	453	0.559
206	430	0.559
93	375	0.559
372	36	0.559
432	102	0.559
32	362	0.558
486	399	0.558
461	34	0.558
146	381	0.558
426	480	0.558
352	83	0.558
17	353	0.557
434	159	0.557
266	84	0.557
430	41	0.557
447	487	0.557
143	201	0.556
458	298	0.556
340	400	0.556
220	182	0.555
352	327	0.555
463	149	0.554
234	374	0.554
129	36	0.554
192	488	0.553
352	368	0.553
489	448	0.553
280	427	0.553
79	488	0.553
146	184	0.552
145	381	0.551
434	158	0.551
395	429	0.551
139	144	0.551
344	53	0.551
245	49	0.551
470	208	0.55
202	427	0.55
96	467	0.55
160	266	0.55
490	300	0.55
140	431	0.55
31	380	0.549
323	456	0.549
323	157	0.549
491	132	0.549
491	131	0.549
387	488	0.549
492	171	0.549
104	431	0.549
372	35	0.548
249	477	0.548
196	249	0.548
26	493	0.548
149	235	0.548
44	461	0.548
65	493	0.548
428	243	0.548
354	488	0.547
156	387	0.547
373	347	0.547
323	185	0.547
184	149	0.547
412	494	0.547
443	158	0.547
30	380	0.547
184	354	0.547
355	495	0.547
475	138	0.547
344	34	0.547
496	389	0.546
443	159	0.546
168	326	0.546
398	486	0.546
157	374	0.545
35	327	0.545
469	497	0.545
120	441	0.545
182	401	0.545
498	276	0.545
122	404	0.545
496	388	0.545
128	467	0.545
193	456	0.544
235	324	0.544
451	173	0.543
427	203	0.542
499	283	0.542
500	283	0.542
501	283	0.542
282	499	0.542
282	500	0.542
282	501	0.542
284	499	0.542
284	500	0.542
284	501	0.542
235	502	0.542
35	368	0.541
121	35	0.541
371	171	0.541
220	181	0.541
145	155	0.541
105	493	0.54
503	179	0.54
504	505	0.54
195	456	0.54
30	461	0.539
433	158	0.539
23	308	0.539
352	67	0.539
155	369	0.539
506	289	0.539
506	290	0.539
16	308	0.539
497	479	0.539
235	387	0.538
240	285	0.538
48	314	0.538
104	455	0.537
429	507	0.537
130	308	0.537
508	509	0.537
232	308	0.536
354	193	0.536
339	490	0.536
448	510	0.536
371	279	0.536
187	368	0.535
146	235	0.535
280	490	0.535
28	493	0.535
247	467	0.535
511	512	0.535
513	512	0.535
513	511	0.535
514	512	0.535
514	511	0.535
514	513	0.535
491	515	0.535
156	296	0.535
179	266	0.535
481	169	0.534
516	423	0.534
323	234	0.533
506	303	0.533
492	334	0.533
354	351	0.533
488	193	0.533
463	330	0.533
129	473	0.533
455	425	0.533
517	405	0.533
518	405	0.533
155	242	0.532
293	356	0.532
461	40	0.532
144	35	0.532
195	519	0.532
236	264	0.532
489	449	0.532
176	467	0.532
181	227	0.532
332	520	0.532
308	37	0.531
349	191	0.531
155	407	0.531
387	194	0.531
521	522	0.53
344	30	0.53
21	355	0.53
476	309	0.53
523	71	0.53
157	324	0.529
403	325	0.529
325	333	0.529
35	186	0.529
242	193	0.529
237	264	0.529
235	488	0.529
154	375	0.529
146	296	0.529
153	336	0.528
153	352	0.528
33	474	0.528
524	525	0.528
186	36	0.528
155	198	0.528
162	467	0.527
396	426	0.527
168	151	0.527
407	79	0.526
141	262	0.526
234	324	0.526
219	266	0.525
526	379	0.525
527	379	0.525
352	100	0.525
155	149	0.525
440	377	0.525
506	288	0.525
528	529	0.525
323	530	0.525
381	531	0.524
388	532	0.524
344	40	0.524
533	193	0.524
145	531	0.524
198	374	0.523
534	535	0.523
536	535	0.523
536	534	0.523
537	535	0.523
537	534	0.523
537	536	0.523
198	94	0.523
145	94	0.522
181	334	0.522
25	493	0.522
374	80	0.522
262	49	0.521
367	538	0.521
73	379	0.521
539	540	0.521
181	285	0.52
82	430	0.52
192	374	0.52
492	169	0.52
323	155	0.52
440	495	0.52
541	542	0.52
43	493	0.519
543	393	0.519
141	246	0.519
452	366	0.519
379	81	0.518
246	115	0.518
484	269	0.518
484	271	0.518
269	485	0.518
271	485	0.518
328	36	0.518
515	132	0.518
515	131	0.518
369	374	0.518
481	227	0.518
544	235	0.518
440	355	0.517
437	425	0.517
387	533	0.517
184	407	0.517
435	366	0.517
195	530	0.516
202	545	0.515
141	314	0.515
1	308	0.515
546	54	0.515
547	54	0.515
548	54	0.515
549	54	0.515
550	54	0.515
551	54	0.515
441	356	0.515
281	351	0.515
122	35	0.514
492	220	0.514
319	506	0.514
369	296	0.514
317	478	0.514
481	367	0.514
468	479	0.514
320	506	0.513
321	506	0.513
194	530	0.513
121	373	0.513
168	336	0.513
544	184	0.513
552	553	0.512
234	502	0.512
208	554	0.512
545	203	0.512
371	367	0.512
555	316	0.512
194	456	0.512
121	372	0.511
324	296	0.511
523	147	0.511
324	530	0.511
146	531	0.511
530	80	0.511
99	382	0.511
149	296	0.51
331	520	0.51
556	54	0.51
144	36	0.51
105	557	0.51
296	502	0.509
279	333	0.509
140	558	0.509
352	187	0.509
145	463	0.509
229	36	0.509
396	559	0.509
145	560	0.509
16	474	0.508
561	54	0.508
503	160	0.508
449	510	0.508
562	292	0.508
207	201	0.508
99	563	0.508
65	557	0.507
158	470	0.507
564	292	0.506
384	517	0.506
384	518	0.506
517	385	0.506
518	385	0.506
148	565	0.506
140	566	0.505
234	281	0.505
387	296	0.505
275	444	0.505
180	355	0.505
488	80	0.505
50	567	0.505
552	568	0.505
143	36	0.505
143	35	0.504
121	404	0.504
192	533	0.504
330	234	0.503
438	151	0.503
569	79	0.502
38	355	0.502
167	558	0.502
324	502	0.502
103	558	0.502
381	149	0.502
441	293	0.502
352	88	0.502
526	54	0.501
527	54	0.501
402	570	0.501
567	68	0.501
438	153	0.501
447	35	0.501
567	51	0.5
242	387	0.5
571	126	0.5
266	118	0.5
245	48	0.5
369	235	0.5
140	572	0.5
22	355	0.5
246	49	0.5
202	490	0.499
167	566	0.499
376	355	0.499
115	262	0.499
103	566	0.498
492	279	0.498
447	36	0.498
558	213	0.498
353	106	0.498
492	170	0.498
168	201	0.498
35	328	0.497
155	502	0.497
229	35	0.497
54	573	0.497
23	474	0.497
94	530	0.497
101	458	0.497
574	152	0.497
404	201	0.496
403	386	0.496
223	575	0.496
222	575	0.496
224	575	0.496
556	46	0.496
220	403	0.496
146	560	0.496
262	48	0.496
213	566	0.495
440	454	0.495
155	330	0.494
576	479	0.494
104	558	0.493
389	532	0.493
167	572	0.493
281	488	0.493
235	354	0.493
138	143	0.493
490	203	0.493
129	35	0.493
507	396	0.493
31	563	0.492
356	432	0.492
369	234	0.492
79	530	0.492
27	355	0.492
140	577	0.492
31	578	0.491
325	401	0.491
324	374	0.491
274	470	0.491
579	211	0.491
355	454	0.491
143	580	0.491
121	473	0.49
472	581	0.49
104	566	0.49
281	582	0.49
162	583	0.49
1	474	0.49
182	371	0.49
207	483	0.49
555	301	0.49
184	569	0.49
94	488	0.49
481	220	0.49
185	584	0.489
555	302	0.489
422	516	0.489
351	324	0.489
330	296	0.488
585	472	0.488
486	419	0.488
185	502	0.488
16	586	0.487
587	504	0.487
196	248	0.487
523	18	0.487
406	368	0.487
424	196	0.486
588	464	0.486
150	466	0.486
401	570	0.486
589	318	0.486
143	139	0.486
590	158	0.486
434	274	0.486
386	333	0.486
468	497	0.486
94	502	0.485
450	147	0.485
357	591	0.485
330	531	0.485
196	329	0.485
352	372	0.485
280	545	0.485
487	231	0.485
47	546	0.485
547	47	0.485
548	47	0.485
549	47	0.485
550	47	0.485
551	47	0.485
157	530	0.485
530	170	0.485
592	157	0.485
145	374	0.485
281	374	0.484
487	18	0.484
240	371	0.484
571	31	0.484
593	464	0.484
352	106	0.484
569	80	0.484
567	63	0.484
146	155	0.484
482	483	0.484
411	494	0.483
438	139	0.483
387	502	0.483
474	2	0.482
235	594	0.482
433	274	0.482
568	595	0.481
556	47	0.481
101	596	0.481
479	597	0.481
79	456	0.481
53	578	0.481
557	493	0.481
329	477	0.481
407	80	0.481
372	368	0.48
235	569	0.48
578	34	0.48
544	296	0.48
403	169	0.48
462	393	0.48
381	198	0.48
80	519	0.48
149	374	0.48
598	357	0.48
248	457	0.479
46	546	0.479
46	547	0.479
548	46	0.479
549	46	0.479
550	46	0.479
551	46	0.479
561	47	0.479
291	562	0.479
365	435	0.479
347	36	0.479
599	600	0.479
601	600	0.479
601	599	0.479
44	563	0.478
146	185	0.478
396	480	0.478
544	192	0.478
492	227	0.478
392	462	0.478
249	457	0.478
401	171	0.477
23	586	0.477
323	374	0.477
553	568	0.477
523	17	0.477
157	582	0.477
242	584	0.477
602	200	0.477
443	274	0.476
447	17	0.476
603	464	0.476
155	582	0.476
361	591	0.476
317	589	0.476
156	592	0.476
167	437	0.476
438	138	0.475
405	604	0.475
129	404	0.475
524	605	0.475
523	352	0.474
563	34	0.474
407	157	0.474
571	53	0.474
181	402	0.474
561	46	0.474
606	333	0.474
192	530	0.474
403	227	0.474
182	607	0.474
545	300	0.474
198	351	0.473
608	355	0.473
544	193	0.473
192	456	0.473
487	17	0.473
157	594	0.473
26	557	0.473
598	361	0.473
374	582	0.472
609	576	0.472
474	37	0.472
184	584	0.472
447	18	0.472
333	538	0.472
492	285	0.472
525	334	0.471
53	382	0.471
184	594	0.471
352	347	0.471
481	333	0.471
44	578	0.471
527	47	0.471
603	465	0.47
544	185	0.47
235	533	0.47
373	36	0.47
334	607	0.47
47	573	0.47
498	219	0.47
157	519	0.469
450	353	0.469
367	606	0.469
610	392	0.469
571	34	0.469
186	368	0.468
610	420	0.468
523	353	0.468
94	519	0.468
358	591	0.467
582	519	0.467
611	152	0.467
230	36	0.467
44	382	0.467
182	333	0.467
156	569	0.467
374	193	0.467
266	161	0.466
586	37	0.466
149	560	0.466
592	281	0.466
354	594	0.466
590	274	0.466
153	447	0.466
192	569	0.466
540	314	0.466
79	533	0.465
169	612	0.465
526	47	0.465
613	137	0.465
530	182	0.465
46	573	0.465
184	330	0.465
323	351	0.465
544	502	0.464
121	201	0.464
403	171	0.464
463	369	0.463
614	332	0.463
122	201	0.463
414	615	0.463
414	616	0.463
96	583	0.463
571	44	0.463
533	80	0.463
43	557	0.463
503	161	0.462
602	221	0.462
193	502	0.462
63	466	0.462
227	617	0.462
143	326	0.462
492	367	0.462
541	502	0.462
192	502	0.462
197	596	0.462
471	585	0.461
369	407	0.461
146	94	0.461
151	368	0.461
447	187	0.461
600	618	0.461
599	618	0.461
601	618	0.461
356	458	0.461
544	198	0.461
489	510	0.461
613	91	0.46
308	443	0.46
73	546	0.46
73	547	0.46
73	548	0.46
73	549	0.46
550	73	0.46
551	73	0.46
526	46	0.46
527	46	0.46
155	519	0.46
185	569	0.46
92	466	0.46
563	40	0.46
439	355	0.46
382	34	0.459
481	285	0.459
471	581	0.459
323	502	0.459
482	207	0.459
433	159	0.459
73	556	0.458
596	102	0.458
40	578	0.458
352	152	0.458
571	30	0.458
97	583	0.458
373	368	0.458
274	41	0.458
507	559	0.458
281	519	0.457
544	234	0.457
447	67	0.457
546	81	0.457
547	81	0.457
548	81	0.457
549	81	0.457
550	81	0.457
551	81	0.457
153	138	0.457
619	491	0.457
146	374	0.457
450	352	0.457
614	331	0.457
587	505	0.457
580	187	0.456
144	326	0.456
590	159	0.456
492	524	0.456
242	234	0.456
613	183	0.456
561	73	0.456
410	308	0.456
438	152	0.456
296	519	0.456
556	81	0.455
468	576	0.455
389	333	0.455
403	170	0.455
234	488	0.455
530	193	0.454
68	466	0.454
50	466	0.454
336	35	0.454
352	328	0.453
246	48	0.453
170	538	0.453
498	161	0.453
199	602	0.453
574	187	0.453
111	557	0.453
561	81	0.453
598	358	0.453
487	67	0.452
30	563	0.452
620	529	0.452
240	621	0.452
622	440	0.452
201	368	0.452
623	565	0.452
185	530	0.452
182	402	0.452
35	347	0.452
79	624	0.452
611	186	0.452
128	583	0.452
410	554	0.451
367	607	0.451
30	578	0.451
433	41	0.451
146	351	0.45
352	186	0.45
402	279	0.45
530	171	0.45
469	464	0.45
352	353	0.449
352	151	0.449
502	80	0.449
184	488	0.449
94	594	0.449
481	538	0.448
73	573	0.448
330	94	0.448
613	90	0.447
625	478	0.447
584	296	0.447
184	530	0.447
158	554	0.447
293	596	0.447
569	94	0.447
492	325	0.446
382	40	0.446
167	577	0.446
569	157	0.446
626	422	0.446
627	412	0.446
628	629	0.445
257	630	0.445
153	580	0.445
631	504	0.445
525	285	0.445
474	41	0.445
81	573	0.445
539	314	0.444
468	597	0.444
395	507	0.444
323	407	0.444
82	433	0.444
454	495	0.444
481	334	0.443
498	160	0.443
193	519	0.443
121	328	0.443
234	519	0.442
525	171	0.442
457	102	0.442
632	292	0.442
487	147	0.442
332	633	0.441
580	186	0.441
291	564	0.441
585	581	0.441
155	569	0.441
390	467	0.441
562	564	0.441
157	584	0.441
192	594	0.441
198	531	0.441
527	73	0.44
318	625	0.44
634	273	0.44
634	204	0.439
331	633	0.439
156	594	0.439
195	582	0.439
463	198	0.439
397	350	0.439
530	285	0.438
101	457	0.438
66	523	0.438
155	530	0.438
481	279	0.438
544	541	0.438
185	330	0.438
169	617	0.437
526	81	0.437
610	393	0.437
446	477	0.437
530	169	0.436
624	80	0.436
441	458	0.436
329	466	0.435
279	617	0.435
156	488	0.435
464	576	0.435
153	139	0.435
167	455	0.434
635	91	0.434
266	276	0.434
611	151	0.434
447	406	0.434
198	502	0.434
481	371	0.433
369	594	0.433
336	36	0.433
496	636	0.433
636	388	0.433
153	327	0.433
299	35	0.433
198	541	0.432
323	637	0.432
150	457	0.432
553	595	0.432
579	243	0.432
395	638	0.431
505	450	0.431
235	582	0.431
447	151	0.43
227	538	0.43
240	367	0.43
612	170	0.43
429	426	0.429
324	488	0.429
638	480	0.428
450	83	0.428
371	617	0.428
639	165	0.428
103	572	0.428
634	205	0.427
220	538	0.427
523	231	0.426
256	630	0.426
640	170	0.426
410	443	0.426
582	193	0.426
639	172	0.426
207	372	0.426
450	71	0.425
641	604	0.425
642	643	0.425
481	644	0.425
299	36	0.425
482	122	0.425
645	646	0.425
647	333	0.425
592	79	0.424
104	572	0.424
648	649	0.424
650	649	0.424
650	648	0.424
651	649	0.424
651	648	0.424
651	650	0.424
434	410	0.424
639	166	0.424
652	226	0.424
653	226	0.424
654	226	0.424
386	612	0.424
434	308	0.423
213	572	0.423
155	594	0.422
607	170	0.422
159	554	0.422
404	35	0.422
530	240	0.422
655	87	0.422
504	450	0.421
325	612	0.421
351	530	0.421
296	594	0.421
63	457	0.421
103	577	0.421
401	170	0.421
524	367	0.42
607	285	0.42
530	227	0.42
323	519	0.42
145	351	0.42
281	533	0.42
220	617	0.42
393	656	0.419
122	657	0.419
229	201	0.419
369	195	0.419
658	519	0.419
171	612	0.419
68	457	0.418
406	35	0.418
447	327	0.418
407	281	0.418
177	433	0.418
659	522	0.418
609	597	0.418
39	557	0.417
196	356	0.417
407	324	0.417
334	612	0.417
170	606	0.417
181	371	0.417
50	457	0.416
603	529	0.416
544	195	0.416
169	607	0.416
230	35	0.416
558	425	0.416
129	657	0.416
413	615	0.415
413	616	0.415
611	336	0.415
652	225	0.415
653	225	0.415
654	225	0.415
658	80	0.414
447	100	0.414
457	51	0.414
94	584	0.414
285	538	0.414
177	586	0.414
577	213	0.414
468	646	0.414
248	466	0.414
583	247	0.413
387	658	0.413
404	36	0.413
541	584	0.413
425	566	0.413
660	538	0.413
169	640	0.413
530	334	0.413
242	456	0.412
129	201	0.412
291	632	0.412
658	193	0.412
635	137	0.412
155	658	0.412
429	559	0.412
245	348	0.411
469	576	0.411
398	661	0.411
184	662	0.411
249	466	0.411
469	465	0.411
410	433	0.411
118	440	0.411
464	479	0.411
446	457	0.411
235	592	0.411
354	234	0.41
595	292	0.41
149	407	0.41
592	80	0.41
635	90	0.41
468	465	0.41
663	93	0.41
168	36	0.41
156	584	0.409
392	543	0.409
406	36	0.409
544	387	0.409
156	374	0.409
367	617	0.408
607	227	0.408
664	496	0.408
324	533	0.408
82	586	0.408
469	597	0.407
281	594	0.407
473	657	0.407
367	525	0.407
170	617	0.407
492	333	0.407
192	582	0.407
171	570	0.407
660	631	0.406
163	457	0.406
462	506	0.406
220	612	0.406
312	665	0.406
447	66	0.406
122	372	0.405
198	560	0.405
544	488	0.405
355	377	0.405
436	366	0.405
38	655	0.405
525	170	0.404
146	594	0.404
607	605	0.404
329	457	0.404
156	530	0.403
666	171	0.403
239	493	0.403
475	144	0.403
145	407	0.402
574	201	0.402
238	493	0.402
447	231	0.402
574	368	0.402
588	667	0.402
668	669	0.401
495	377	0.401
463	560	0.401
334	538	0.4
570	279	0.4
588	670	0.4
220	640	0.4
145	502	0.4
447	186	0.4
79	658	0.4
627	411	0.399
622	355	0.398
488	658	0.398
659	521	0.398
639	173	0.398
671	450	0.398
626	423	0.398
120	457	0.398
530	279	0.398
376	439	0.398
423	672	0.398
94	624	0.397
475	168	0.397
516	672	0.397
464	497	0.397
376	495	0.397
580	201	0.397
606	227	0.396
525	605	0.396
169	538	0.396
230	201	0.396
559	480	0.396
386	402	0.395
235	541	0.395
291	595	0.395
567	196	0.395
155	592	0.394
422	673	0.394
351	582	0.394
544	351	0.394
674	675	0.394
389	676	0.394
155	533	0.394
677	297	0.394
324	637	0.394
587	631	0.393
530	220	0.393
486	661	0.393
399	661	0.393
667	464	0.393
447	201	0.393
658	582	0.392
523	201	0.392
655	27	0.392
198	407	0.392
323	387	0.392
678	72	0.391
104	679	0.391
608	440	0.391
446	196	0.391
525	227	0.391
149	351	0.391
643	609	0.39
367	612	0.39
371	401	0.39
679	425	0.39
605	285	0.39
317	625	0.39
220	525	0.39
323	541	0.39
229	372	0.39
121	482	0.39
388	333	0.39
352	406	0.39
82	208	0.389
593	479	0.389
680	681	0.389
541	374	0.389
682	314	0.388
79	584	0.388
586	178	0.388
103	679	0.388
234	530	0.387
631	505	0.387
636	389	0.387
529	465	0.387
402	171	0.387
308	554	0.387
493	272	0.387
447	328	0.387
129	373	0.387
683	411	0.387
531	560	0.387
323	488	0.387
684	522	0.387
149	502	0.386
543	656	0.386
530	519	0.386
608	439	0.386
254	685	0.386
464	467	0.386
369	157	0.386
198	542	0.386
150	356	0.386
308	362	0.386
686	410	0.386
168	35	0.385
638	426	0.385
201	327	0.385
229	483	0.385
145	541	0.385
679	213	0.384
383	630	0.384
279	621	0.384
475	438	0.384
388	676	0.384
371	640	0.384
153	574	0.384
481	687	0.384
544	569	0.383
367	640	0.383
588	465	0.383
334	570	0.383
171	621	0.383
468	609	0.383
120	596	0.383
522	688	0.383
689	675	0.383
423	673	0.383
690	670	0.382
691	478	0.382
367	687	0.382
104	577	0.382
692	279	0.382
487	71	0.382
665	313	0.382
569	234	0.382
185	592	0.382
167	679	0.382
122	373	0.382
693	642	0.382
469	694	0.381
407	193	0.381
569	193	0.381
50	695	0.381
296	582	0.381
389	696	0.38
336	368	0.38
697	239	0.38
690	698	0.38
129	328	0.38
622	439	0.379
169	606	0.379
192	624	0.379
232	274	0.379
193	594	0.379
483	201	0.379
667	465	0.379
156	407	0.379
530	456	0.379
351	456	0.379
699	700	0.379
521	684	0.379
524	334	0.379
587	660	0.378
169	621	0.378
169	644	0.377
171	538	0.377
687	545	0.377
171	617	0.377
695	51	0.377
374	658	0.376
487	35	0.376
469	467	0.376
168	580	0.376
701	606	0.376
171	640	0.376
533	658	0.376
643	576	0.376
492	386	0.376
118	495	0.375
184	624	0.375
185	624	0.375
409	266	0.375
702	255	0.375
228	652	0.375
228	653	0.375
228	654	0.375
683	412	0.375
703	671	0.374
420	462	0.374
63	356	0.374
181	333	0.374
691	318	0.374
666	170	0.373
184	541	0.373
423	383	0.373
439	118	0.373
703	504	0.373
488	541	0.373
92	356	0.373
530	367	0.373
592	94	0.373
528	620	0.373
704	103	0.373
492	371	0.373
637	519	0.373
586	267	0.373
92	695	0.372
665	365	0.372
515	268	0.372
438	201	0.372
640	227	0.371
570	170	0.371
586	362	0.371
254	705	0.371
285	617	0.371
706	411	0.371
690	609	0.371
603	667	0.371
603	588	0.37
184	533	0.37
647	389	0.37
707	103	0.37
592	582	0.37
278	510	0.369
277	510	0.369
397	708	0.369
145	584	0.369
94	658	0.369
468	464	0.369
709	280	0.369
530	502	0.368
697	238	0.368
68	695	0.368
220	606	0.368
622	495	0.368
666	325	0.368
281	502	0.368
45	678	0.368
356	51	0.367
647	606	0.367
647	538	0.367
675	710	0.367
711	604	0.367
354	519	0.367
262	540	0.367
635	275	0.366
140	704	0.366
420	656	0.366
376	712	0.366
541	296	0.366
317	450	0.366
50	356	0.366
646	597	0.365
522	445	0.365
197	457	0.365
198	584	0.365
701	481	0.365
641	405	0.365
146	542	0.365
642	576	0.365
324	624	0.365
713	91	0.365
700	236	0.364
699	236	0.364
609	479	0.364
141	493	0.364
640	285	0.364
386	570	0.364
503	266	0.364
435	714	0.364
706	412	0.363
530	538	0.363
468	667	0.363
169	401	0.363
140	707	0.363
474	586	0.363
637	456	0.363
700	237	0.362
699	237	0.362
169	692	0.362
579	212	0.362
715	541	0.362
487	36	0.361
666	386	0.361
530	333	0.361
419	661	0.361
655	84	0.36
230	373	0.36
156	624	0.36
275	173	0.36
178	694	0.36
371	538	0.36
293	457	0.359
588	716	0.359
401	285	0.359
399	717	0.359
220	644	0.359
690	576	0.359
29	565	0.359
254	702	0.359
153	326	0.359
203	718	0.358
701	333	0.358
185	560	0.358
719	440	0.358
720	211	0.358
642	479	0.358
544	519	0.358
280	718	0.357
721	722	0.357
721	723	0.357
607	333	0.357
386	607	0.357
398	717	0.357
308	470	0.357
402	170	0.357
603	468	0.357
155	624	0.356
724	725	0.356
670	609	0.356
324	541	0.356
645	688	0.356
693	726	0.355
626	673	0.355
632	595	0.355
544	533	0.355
352	373	0.354
156	519	0.354
588	593	0.354
619	132	0.354
619	131	0.354
369	542	0.354
170	621	0.354
329	727	0.354
144	352	0.354
676	333	0.354
37	694	0.354
462	543	0.354
235	560	0.353
178	469	0.353
168	574	0.353
369	662	0.353
365	436	0.353
728	631	0.353
475	504	0.353
198	488	0.353
525	325	0.353
299	328	0.352
703	631	0.352
194	637	0.352
296	542	0.352
552	595	0.352
354	584	0.352
156	662	0.352
590	308	0.352
483	36	0.352
335	685	0.352
481	325	0.352
115	493	0.351
729	46	0.351
185	541	0.351
367	676	0.351
525	333	0.351
701	538	0.351
565	730	0.351
439	454	0.35
371	687	0.35
121	327	0.35
156	533	0.35
644	227	0.35
637	530	0.35
184	592	0.35
466	101	0.35
612	285	0.35
140	731	0.35
140	732	0.35
646	497	0.349
296	456	0.349
450	67	0.349
281	733	0.349
734	227	0.349
469	609	0.348
606	285	0.348
235	733	0.348
611	201	0.348
66	450	0.348
624	193	0.348
676	532	0.348
729	47	0.348
192	541	0.347
544	407	0.347
152	327	0.347
704	104	0.347
232	586	0.347
435	370	0.346
702	631	0.346
339	709	0.346
475	143	0.346
410	470	0.346
371	612	0.346
628	735	0.346
482	201	0.345
524	607	0.345
530	371	0.345
702	378	0.345
296	560	0.345
386	525	0.344
664	388	0.344
707	104	0.344
629	198	0.344
180	179	0.344
234	736	0.344
647	367	0.344
685	255	0.344
557	238	0.344
647	170	0.344
587	538	0.344
386	621	0.343
234	624	0.343
35	231	0.343
207	657	0.343
450	35	0.343
13	565	0.343
468	694	0.342
520	633	0.341
235	542	0.341
146	662	0.341
169	402	0.341
464	737	0.341
220	524	0.341
482	36	0.34
467	576	0.34
593	469	0.34
279	606	0.34
274	178	0.34
670	576	0.339
729	73	0.339
483	35	0.339
704	167	0.339
82	158	0.338
504	671	0.338
202	718	0.338
389	738	0.338
202	687	0.338
712	739	0.338
3	565	0.337
740	623	0.337
663	5	0.337
207	352	0.337
502	542	0.336
608	118	0.336
688	589	0.336
707	167	0.336
516	383	0.336
705	335	0.336
608	495	0.336
687	203	0.336
317	353	0.335
702	504	0.335
279	734	0.335
711	641	0.335
729	81	0.335
614	520	0.335
557	272	0.335
584	542	0.335
530	607	0.335
740	565	0.335
671	353	0.335
530	325	0.335
371	606	0.335
697	400	0.335
196	477	0.334
713	90	0.334
703	660	0.334
716	464	0.334
687	300	0.334
663	154	0.334
617	333	0.333
678	266	0.333
661	741	0.333
185	736	0.333
723	722	0.333
157	658	0.333
557	239	0.333
701	367	0.333
531	296	0.333
286	510	0.333
332	742	0.332
184	542	0.332
743	670	0.332
325	640	0.332
640	333	0.332
557	48	0.332
705	255	0.332
482	35	0.331
711	405	0.331
637	80	0.331
655	118	0.331
644	333	0.331
663	6	0.331
40	557	0.331
325	570	0.33
339	165	0.33
475	153	0.33
647	744	0.33
524	676	0.329
745	738	0.329
746	737	0.329
481	676	0.329
317	691	0.329
4	565	0.329
662	157	0.329
709	202	0.329
467	479	0.329
280	687	0.329
34	557	0.329
611	35	0.328
389	745	0.328
743	588	0.328
714	436	0.328
37	469	0.328
623	730	0.328
662	94	0.328
260	173	0.327
143	523	0.327
631	538	0.327
389	744	0.326
473	36	0.326
492	605	0.326
616	615	0.326
145	736	0.326
180	160	0.326
666	285	0.326
747	748	0.326
530	386	0.325
496	676	0.325
422	383	0.325
23	433	0.325
170	644	0.325
389	538	0.325
612	333	0.324
323	584	0.324
37	497	0.324
374	542	0.324
594	542	0.324
574	36	0.324
466	197	0.324
647	388	0.323
731	167	0.323
732	167	0.323
749	229	0.323
331	724	0.323
544	530	0.323
149	736	0.323
407	456	0.322
475	505	0.322
193	733	0.322
643	479	0.322
198	736	0.322
234	560	0.322
523	187	0.322
524	538	0.322
497	576	0.321
660	718	0.321
750	420	0.321
521	688	0.321
688	317	0.321
541	718	0.321
751	669	0.32
678	84	0.32
713	275	0.32
609	465	0.319
481	752	0.319
680	753	0.319
644	532	0.319
720	212	0.319
323	542	0.319
530	606	0.319
480	583	0.318
339	166	0.318
180	219	0.318
719	754	0.318
153	523	0.318
157	637	0.318
334	644	0.318
198	519	0.318
148	755	0.318
709	54	0.317
670	464	0.317
497	737	0.317
683	494	0.317
687	170	0.317
372	231	0.316
86	425	0.316
438	35	0.316
756	274	0.316
317	231	0.316
126	677	0.316
351	542	0.316
477	576	0.316
757	412	0.315
414	758	0.315
660	170	0.315
171	605	0.314
593	497	0.314
487	187	0.314
734	285	0.314
728	504	0.314
147	36	0.314
479	694	0.314
457	477	0.313
519	456	0.313
505	231	0.313
147	35	0.313
570	759	0.312
466	102	0.312
580	36	0.312
528	465	0.312
236	708	0.312
647	660	0.312
30	677	0.312
688	760	0.312
2	274	0.311
376	118	0.311
403	367	0.311
142	694	0.311
85	425	0.311
381	184	0.311
584	531	0.311
528	603	0.311
243	720	0.311
89	425	0.311
450	36	0.311
469	737	0.311
339	718	0.31
192	662	0.31
677	34	0.31
717	419	0.31
761	675	0.309
701	676	0.309
762	763	0.309
371	644	0.308
709	203	0.308
369	194	0.308
712	454	0.308
235	736	0.307
709	47	0.307
324	647	0.306
523	186	0.306
30	557	0.306
115	682	0.306
330	80	0.305
331	742	0.305
620	465	0.305
497	597	0.305
661	588	0.305
388	744	0.304
678	164	0.304
642	726	0.304
84	495	0.304
532	333	0.304
98	425	0.304
666	334	0.304
540	49	0.304
16	274	0.303
588	576	0.303
764	646	0.303
708	191	0.303
220	621	0.303
533	456	0.303
325	692	0.303
765	748	0.303
713	400	0.303
605	170	0.303
579	618	0.303
334	759	0.303
330	387	0.303
539	49	0.302
153	372	0.302
642	609	0.302
220	687	0.302
766	686	0.302
661	716	0.302
285	621	0.302
767	768	0.302
769	768	0.302
769	767	0.302
471	770	0.301
627	706	0.301
544	584	0.301
36	231	0.301
587	702	0.301
82	410	0.301
145	662	0.301
249	727	0.301
741	603	0.301
749	122	0.301
771	347	0.301
220	692	0.301
324	542	0.301
587	450	0.301
688	318	0.3
603	593	0.3
664	389	0.3
671	231	0.3
686	433	0.3
198	662	0.3
158	41	0.299
182	759	0.299
702	505	0.299
198	387	0.299
530	660	0.299
126	557	0.299
629	541	0.299
731	103	0.299
732	103	0.299
766	419	0.298
129	749	0.298
772	403	0.298
687	227	0.298
171	644	0.298
395	583	0.298
718	631	0.298
183	173	0.298
593	467	0.297
709	46	0.297
524	171	0.297
557	161	0.297
438	36	0.297
300	606	0.297
404	352	0.296
692	170	0.296
698	609	0.296
147	372	0.296
496	333	0.296
603	469	0.296
240	759	0.295
488	456	0.295
94	531	0.295
208	41	0.295
439	719	0.295
737	479	0.295
681	753	0.295
629	149	0.294
660	285	0.294
52	773	0.294
774	763	0.294
702	538	0.294
666	660	0.293
733	80	0.293
198	594	0.293
645	764	0.293
775	456	0.293
371	607	0.293
719	495	0.293
495	467	0.293
482	473	0.293
508	776	0.293
508	777	0.293
508	778	0.293
508	779	0.293
574	352	0.292
274	37	0.292
539	48	0.292
645	597	0.292
530	584	0.292
587	637	0.292
297	557	0.292
614	780	0.292
646	479	0.292
94	733	0.292
587	533	0.291
538	504	0.291
682	439	0.291
631	450	0.29
164	495	0.29
508	781	0.29
749	121	0.29
660	333	0.29
318	450	0.29
171	734	0.289
84	608	0.289
351	782	0.289
473	483	0.289
396	583	0.289
169	687	0.288
505	147	0.288
400	493	0.288
206	433	0.288
618	211	0.288
724	673	0.287
670	465	0.287
622	118	0.287
475	587	0.287
180	276	0.287
82	694	0.287
234	658	0.287
686	419	0.286
487	328	0.286
207	783	0.286
481	738	0.286
557	160	0.286
690	468	0.285
611	36	0.284
234	784	0.284
638	559	0.284
647	636	0.284
692	227	0.284
667	576	0.284
381	234	0.284
785	716	0.283
570	227	0.283
402	692	0.283
381	94	0.283
557	340	0.283
324	775	0.283
541	533	0.283
662	79	0.282
467	465	0.282
689	674	0.282
387	782	0.282
709	73	0.282
458	457	0.282
643	597	0.282
149	584	0.282
776	509	0.282
777	509	0.282
778	509	0.282
779	509	0.282
153	487	0.281
466	293	0.281
94	560	0.281
735	629	0.281
339	606	0.281
666	220	0.281
318	231	0.281
660	505	0.281
362	694	0.281
557	179	0.281
772	182	0.281
609	467	0.281
247	495	0.28
786	465	0.28
588	479	0.28
114	787	0.28
155	733	0.28
509	781	0.28
323	775	0.28
202	788	0.28
427	606	0.279
660	171	0.279
738	532	0.279
475	631	0.279
504	231	0.279
701	285	0.278
487	347	0.278
532	696	0.278
731	104	0.278
732	104	0.278
726	479	0.278
663	42	0.278
728	730	0.277
323	784	0.277
686	208	0.277
766	399	0.277
466	477	0.277
530	594	0.276
647	227	0.276
153	406	0.276
180	439	0.276
621	333	0.276
324	660	0.276
182	605	0.275
317	671	0.275
171	759	0.275
400	91	0.275
332	724	0.275
670	593	0.274
339	788	0.274
789	790	0.274
791	545	0.273
347	231	0.273
741	467	0.273
524	333	0.273
792	532	0.273
156	782	0.273
203	788	0.273
481	386	0.272
170	734	0.272
388	644	0.272
540	48	0.272
395	793	0.271
794	597	0.271
6	755	0.27
399	686	0.27
587	482	0.27
670	698	0.27
741	588	0.269
389	792	0.269
704	425	0.269
752	227	0.269
129	783	0.269
751	668	0.269
538	505	0.269
660	375	0.269
423	648	0.268
477	479	0.268
795	172	0.268
662	80	0.268
524	606	0.268
796	694	0.268
746	497	0.268
797	798	0.267
799	800	0.267
801	802	0.267
773	5	0.267
281	784	0.267
122	783	0.267
97	787	0.267
719	118	0.266
333	744	0.266
803	172	0.266
584	658	0.266
660	640	0.266
804	165	0.266
165	300	0.266
707	425	0.266
388	606	0.266
718	725	0.266
335	805	0.266
483	352	0.266
541	725	0.266
730	631	0.266
792	333	0.266
26	314	0.265
327	771	0.265
468	796	0.265
721	475	0.265
701	738	0.265
756	159	0.264
724	541	0.264
806	414	0.264
496	738	0.263
244	419	0.263
784	193	0.263
773	6	0.263
400	90	0.263
629	725	0.263
773	4	0.263
496	696	0.263
103	807	0.263
243	618	0.263
544	736	0.262
559	793	0.262
605	538	0.262
468	645	0.262
559	583	0.262
724	542	0.262
629	724	0.262
716	465	0.262
587	671	0.262
647	784	0.262
808	809	0.261
810	811	0.261
542	479	0.261
666	333	0.261
333	696	0.261
450	347	0.261
324	733	0.261
757	494	0.26
94	736	0.26
756	308	0.26
94	637	0.26
647	745	0.259
280	742	0.259
789	775	0.259
374	456	0.259
464	643	0.259
120	466	0.258
804	166	0.258
96	787	0.258
597	694	0.258
642	763	0.257
637	812	0.257
496	792	0.257
716	760	0.257
557	409	0.257
761	674	0.257
813	814	0.256
752	279	0.256
351	531	0.256
203	606	0.256
629	488	0.256
33	433	0.256
803	165	0.255
94	784	0.255
588	597	0.255
795	173	0.255
584	456	0.254
545	744	0.254
689	710	0.254
331	505	0.253
815	213	0.253
14	755	0.253
703	730	0.253
115	539	0.253
202	606	0.253
422	648	0.253
469	746	0.253
529	464	0.253
771	368	0.252
588	794	0.252
541	816	0.251
413	806	0.251
541	519	0.251
701	786	0.251
605	606	0.251
491	173	0.251
318	353	0.251
716	593	0.251
622	725	0.251
738	333	0.251
742	633	0.251
143	487	0.251
388	538	0.251
589	450	0.25
520	724	0.25
647	220	0.25
795	166	0.25
659	688	0.249
13	755	0.249
166	300	0.249
145	733	0.249
603	479	0.249
745	696	0.249
332	644	0.249
785	760	0.248
786	609	0.248
155	784	0.247
469	726	0.247
323	647	0.247
807	425	0.247
267	694	0.247
103	815	0.246
803	173	0.246
701	754	0.246
647	502	0.246
482	450	0.246
560	497	0.245
816	542	0.245
677	380	0.245
636	333	0.245
791	202	0.245
219	439	0.245
82	443	0.245
332	505	0.245
179	439	0.245
207	347	0.245
666	371	0.245
153	450	0.245
701	647	0.244
530	784	0.244
817	377	0.244
19	614	0.244
23	469	0.244
220	734	0.243
198	818	0.243
482	352	0.243
497	465	0.243
541	531	0.243
642	597	0.243
219	787	0.243
149	488	0.243
468	560	0.243
772	325	0.242
275	166	0.242
819	820	0.242
389	644	0.242
265	419	0.242
104	186	0.242
687	285	0.242
543	821	0.242
331	644	0.242
647	181	0.241
606	786	0.241
463	235	0.241
145	818	0.24
743	465	0.24
400	275	0.24
23	497	0.24
822	377	0.24
823	820	0.24
734	333	0.24
82	554	0.24
170	676	0.24
821	656	0.24
249	356	0.239
824	825	0.239
330	281	0.239
21	608	0.239
37	479	0.238
743	667	0.238
580	352	0.238
450	327	0.238
472	770	0.238
804	173	0.238
475	703	0.237
49	682	0.237
395	826	0.237
168	523	0.237
178	497	0.237
383	672	0.237
254	631	0.237
275	172	0.237
637	533	0.237
692	333	0.236
827	103	0.236
782	80	0.236
482	631	0.236
520	505	0.236
657	36	0.236
372	353	0.236
481	792	0.236
40	26	0.236
807	104	0.236
170	759	0.236
477	642	0.235
645	469	0.235
169	676	0.235
180	503	0.235
587	530	0.235
481	754	0.235
660	533	0.235
789	786	0.235
738	786	0.235
764	479	0.235
367	389	0.234
750	392	0.234
796	469	0.234
828	813	0.234
140	807	0.234
703	450	0.234
815	425	0.233
468	764	0.233
629	374	0.233
796	497	0.233
829	532	0.233
156	733	0.233
752	285	0.233
339	742	0.233
789	725	0.232
741	468	0.232
82	469	0.232
419	127	0.232
593	560	0.232
557	276	0.232
504	147	0.232
629	502	0.232
682	440	0.231
693	576	0.231
819	823	0.231
741	716	0.231
530	542	0.23
790	725	0.23
165	203	0.229
193	782	0.229
761	710	0.228
765	747	0.228
792	227	0.228
178	479	0.228
688	597	0.228
180	495	0.228
94	782	0.228
198	582	0.228
584	582	0.227
367	744	0.227
791	203	0.227
643	737	0.227
782	594	0.227
661	464	0.227
830	104	0.227
831	51	0.227
92	831	0.226
745	786	0.226
411	265	0.226
412	265	0.226
794	576	0.226
684	688	0.226
196	727	0.226
262	832	0.226
559	826	0.226
50	831	0.225
468	794	0.225
762	497	0.225
177	694	0.225
275	454	0.225
763	479	0.225
754	495	0.224
475	728	0.224
715	542	0.224
140	830	0.223
208	178	0.223
203	744	0.223
367	696	0.223
688	833	0.223
790	786	0.223
323	816	0.223
560	469	0.223
220	676	0.222
118	377	0.222
724	718	0.222
587	324	0.222
587	519	0.222
202	742	0.222
593	495	0.222
827	140	0.222
170	792	0.221
594	318	0.221
275	355	0.221
772	279	0.221
684	445	0.221
530	605	0.221
834	197	0.22
140	815	0.22
167	186	0.22
835	54	0.22
403	792	0.219
531	519	0.219
386	606	0.219
637	594	0.219
91	173	0.219
453	557	0.219
145	533	0.218
20	614	0.218
532	836	0.218
828	739	0.218
828	712	0.218
728	701	0.218
793	826	0.218
388	837	0.218
741	469	0.218
148	730	0.217
288	838	0.217
785	688	0.217
794	479	0.217
590	41	0.217
839	840	0.217
841	278	0.217
277	841	0.217
842	278	0.217
842	277	0.217
541	775	0.217
647	193	0.217
161	439	0.217
796	479	0.217
614	742	0.217
505	83	0.216
404	523	0.216
756	41	0.216
659	445	0.216
166	203	0.216
519	542	0.216
419	741	0.216
140	843	0.216
844	8	0.215
844	7	0.215
844	9	0.215
164	719	0.215
629	351	0.215
35	353	0.215
845	646	0.215
716	467	0.214
673	667	0.214
643	465	0.214
775	542	0.214
660	744	0.214
638	793	0.214
689	846	0.214
84	622	0.214
847	848	0.213
796	667	0.213
448	849	0.213
730	660	0.213
752	170	0.213
830	167	0.213
693	479	0.212
495	469	0.212
850	54	0.212
48	682	0.212
784	456	0.212
545	836	0.212
851	469	0.212
391	852	0.211
714	366	0.211
34	26	0.211
371	738	0.211
153	373	0.211
129	406	0.211
724	502	0.211
468	178	0.211
587	853	0.21
324	560	0.21
854	820	0.21
414	706	0.21
146	818	0.21
160	787	0.21
202	676	0.21
147	201	0.209
629	184	0.209
35	18	0.209
468	37	0.209
775	790	0.209
72	439	0.209
505	352	0.209
672	673	0.208
178	667	0.208
631	836	0.208
413	758	0.208
146	533	0.208
278	855	0.208
277	855	0.208
541	658	0.208
475	660	0.208
715	375	0.208
36	17	0.208
144	450	0.207
247	454	0.207
746	726	0.207
819	854	0.207
149	519	0.207
2	469	0.207
852	302	0.207
822	376	0.207
255	631	0.207
148	623	0.207
661	670	0.207
47	835	0.206
754	440	0.206
149	733	0.206
853	505	0.206
688	450	0.205
688	716	0.205
660	450	0.205
856	593	0.205
157	782	0.205
857	718	0.205
467	726	0.205
858	668	0.205
859	668	0.205
860	748	0.205
745	333	0.204
94	647	0.204
544	662	0.204
247	355	0.204
167	861	0.204
862	378	0.204
657	35	0.204
444	607	0.204
752	169	0.204
817	376	0.204
163	787	0.204
477	593	0.204
828	814	0.204
82	434	0.203
482	702	0.203
620	464	0.202
671	71	0.202
675	846	0.202
587	836	0.202
488	718	0.202
560	479	0.202
611	863	0.202
661	782	0.202
690	477	0.201
688	646	0.201
864	865	0.201
866	798	0.201
867	798	0.201
797	866	0.201
797	867	0.201
868	800	0.201
799	868	0.201
869	800	0.201
869	799	0.201
864	870	0.201
802	871	0.201
801	871	0.201
872	802	0.201
872	801	0.201
660	502	0.201
308	469	0.201
477	643	0.201
628	198	0.2
809	189	0.2
281	736	0.2
494	873	0.2
772	227	0.2
169	636	0.2
182	660	0.2
750	656	0.2
313	874	0.2
754	333	0.2
875	876	0.199
477	467	0.199
877	317	0.199
785	597	0.199
764	469	0.199
156	736	0.199
202	744	0.199
303	838	0.199
376	164	0.199
120	787	0.198
726	763	0.198
681	559	0.198
323	736	0.198
469	878	0.198
587	647	0.198
362	479	0.198
722	475	0.198
723	475	0.198
753	559	0.198
388	829	0.198
467	597	0.197
275	495	0.197
46	835	0.197
746	479	0.197
879	226	0.197
880	226	0.197
686	741	0.197
631	725	0.197
171	792	0.197
15	614	0.196
718	836	0.196
881	516	0.196
850	46	0.196
169	696	0.196
414	882	0.196
594	317	0.195
718	502	0.195
827	167	0.195
883	809	0.195
884	809	0.195
847	885	0.195
886	669	0.195
810	887	0.195
810	888	0.195
889	681	0.195
728	482	0.194
169	837	0.194
890	857	0.194
636	170	0.194
482	538	0.194
764	878	0.194
661	742	0.194
260	172	0.194
818	234	0.193
495	464	0.193
362	497	0.193
764	820	0.193
198	816	0.193
891	435	0.192
220	636	0.192
857	754	0.192
819	764	0.192
885	848	0.192
751	886	0.192
808	883	0.192
808	884	0.192
887	811	0.192
888	811	0.192
889	680	0.192
645	760	0.191
170	696	0.191
646	763	0.191
481	836	0.191
822	817	0.191
467	737	0.19
468	477	0.19
718	538	0.19
845	645	0.19
203	676	0.19
858	669	0.19
859	669	0.19
860	747	0.19
254	805	0.189
234	647	0.189
745	606	0.189
226	708	0.189
809	217	0.189
332	736	0.189
892	893	0.189
879	225	0.189
880	225	0.189
494	265	0.189
787	540	0.188
741	495	0.188
332	538	0.188
229	450	0.188
818	94	0.188
865	870	0.188
849	510	0.188
673	542	0.188
332	502	0.188
660	193	0.187
843	103	0.187
762	479	0.187
850	81	0.187
539	787	0.187
220	742	0.187
805	833	0.187
614	644	0.187
532	538	0.186
589	231	0.186
894	825	0.186
388	836	0.186
895	822	0.186
334	742	0.186
878	479	0.186
243	896	0.186
103	861	0.186
482	371	0.185
170	744	0.185
645	754	0.185
785	588	0.185
335	631	0.185
423	584	0.185
743	897	0.185
604	898	0.184
544	816	0.184
197	787	0.184
686	308	0.183
755	375	0.183
437	186	0.183
688	726	0.183
728	450	0.183
660	715	0.183
497	763	0.183
660	725	0.183
329	356	0.183
851	786	0.183
718	788	0.183
741	897	0.183
225	708	0.182
739	128	0.182
899	667	0.181
204	882	0.181
388	786	0.181
403	696	0.181
299	352	0.181
333	786	0.181
701	644	0.181
522	881	0.18
900	497	0.18
647	386	0.18
851	597	0.18
667	597	0.18
901	318	0.18
587	606	0.18
192	902	0.179
715	718	0.179
339	173	0.179
517	604	0.179
518	604	0.179
116	477	0.179
587	481	0.179
647	374	0.179
725	542	0.178
79	902	0.178
104	861	0.178
837	389	0.178
693	467	0.177
496	538	0.177
507	728	0.177
143	372	0.177
475	147	0.177
413	706	0.177
323	903	0.176
133	202	0.176
446	356	0.176
331	502	0.176
541	631	0.175
468	495	0.175
881	445	0.175
541	836	0.175
442	896	0.175
904	408	0.175
741	529	0.174
833	726	0.174
331	538	0.174
660	488	0.174
905	742	0.174
605	676	0.174
544	784	0.174
892	906	0.174
205	882	0.174
757	873	0.173
670	597	0.173
856	464	0.173
367	570	0.173
902	80	0.173
741	560	0.173
690	497	0.173
390	439	0.173
371	375	0.173
718	754	0.173
170	375	0.173
170	738	0.173
544	907	0.173
891	436	0.173
836	504	0.172
481	908	0.172
594	589	0.172
590	82	0.172
587	231	0.172
594	350	0.172
631	375	0.172
909	764	0.172
910	764	0.172
422	584	0.171
640	702	0.171
911	609	0.171
481	495	0.171
608	247	0.171
660	696	0.171
122	450	0.171
661	467	0.17
275	608	0.17
862	255	0.17
783	36	0.17
468	698	0.17
647	533	0.17
728	538	0.17
645	716	0.17
912	479	0.17
788	505	0.17
371	792	0.17
413	882	0.17
892	913	0.169
587	495	0.169
857	645	0.169
395	681	0.169
280	676	0.169
914	741	0.169
603	698	0.169
395	753	0.169
521	520	0.169
743	593	0.168
323	812	0.168
195	775	0.168
646	465	0.168
754	377	0.168
851	479	0.168
594	264	0.168
161	608	0.168
34	210	0.168
730	375	0.168
728	915	0.167
421	496	0.167
164	916	0.167
439	314	0.167
614	917	0.167
177	554	0.167
676	786	0.167
786	643	0.167
756	82	0.167
821	609	0.166
528	748	0.166
843	104	0.166
760	833	0.166
703	538	0.166
568	764	0.166
477	670	0.166
646	560	0.166
918	646	0.166
147	373	0.166
892	919	0.166
183	607	0.165
762	774	0.165
594	190	0.165
275	377	0.165
627	757	0.165
901	317	0.164
920	921	0.164
40	210	0.164
323	922	0.164
923	839	0.164
791	333	0.164
832	48	0.164
552	764	0.163
733	456	0.163
826	583	0.163
377	538	0.163
183	166	0.163
924	34	0.162
202	836	0.162
718	742	0.162
660	671	0.162
177	443	0.162
606	504	0.162
155	902	0.161
376	739	0.161
688	877	0.161
786	469	0.161
117	477	0.161
27	719	0.161
192	816	0.161
747	528	0.161
905	782	0.161
754	285	0.16
925	604	0.16
877	450	0.16
430	497	0.16
538	375	0.16
740	148	0.16
745	538	0.16
926	169	0.16
352	771	0.16
141	832	0.16
837	333	0.16
672	648	0.16
927	261	0.16
181	742	0.159
331	673	0.159
240	837	0.159
928	921	0.159
477	929	0.159
448	631	0.159
232	159	0.159
544	587	0.159
874	366	0.159
639	495	0.159
170	837	0.158
741	794	0.158
541	375	0.158
661	905	0.158
670	897	0.158
541	479	0.158
645	726	0.158
543	631	0.157
584	718	0.157
925	641	0.157
220	837	0.157
468	930	0.157
906	913	0.157
636	334	0.156
718	519	0.156
128	439	0.156
701	530	0.156
926	325	0.156
772	333	0.156
931	642	0.156
331	788	0.156
390	739	0.155
229	231	0.155
19	780	0.155
932	620	0.155
411	791	0.155
839	933	0.155
712	355	0.155
631	533	0.155
934	197	0.155
606	532	0.155
919	893	0.155
84	454	0.154
471	935	0.154
924	53	0.154
593	878	0.154
133	203	0.154
930	465	0.154
36	100	0.154
927	260	0.154
741	477	0.153
90	607	0.153
94	902	0.153
834	101	0.153
166	495	0.152
936	170	0.152
477	133	0.152
16	479	0.152
667	737	0.152
794	465	0.152
495	725	0.152
365	937	0.152
821	479	0.152
766	741	0.151
2	667	0.151
924	40	0.151
718	193	0.151
938	822	0.151
939	483	0.151
730	718	0.151
184	715	0.15
660	853	0.15
449	631	0.15
926	791	0.15
647	791	0.15
605	687	0.15
541	673	0.15
816	456	0.149
411	744	0.149
878	576	0.149
96	439	0.149
940	763	0.148
221	450	0.148
851	576	0.148
833	597	0.148
530	812	0.148
169	744	0.148
37	646	0.148
82	667	0.147
937	366	0.147
614	502	0.147
834	466	0.146
931	477	0.146
936	227	0.146
941	331	0.146
258	450	0.146
156	784	0.146
79	775	0.146
935	770	0.146
923	840	0.146
942	874	0.146
200	450	0.146
894	824	0.146
440	538	0.145
932	465	0.145
220	854	0.145
129	943	0.145
23	667	0.145
238	583	0.145
748	944	0.145
367	945	0.145
673	479	0.145
660	775	0.145
782	742	0.144
495	538	0.144
682	495	0.144
946	465	0.144
530	718	0.144
496	606	0.144
267	497	0.144
881	423	0.144
947	400	0.144
863	201	0.144
703	744	0.144
948	467	0.143
666	375	0.143
943	207	0.143
239	583	0.143
949	372	0.143
192	715	0.143
481	736	0.143
465	694	0.143
900	593	0.143
412	791	0.143
504	352	0.143
266	787	0.142
309	496	0.142
157	950	0.142
877	353	0.142
951	211	0.142
813	631	0.142
791	389	0.142
180	916	0.142
399	952	0.142
953	104	0.142
915	631	0.142
488	631	0.142
529	954	0.142
743	741	0.142
930	576	0.142
949	327	0.142
626	584	0.142
169	742	0.142
587	788	0.141
40	493	0.141
407	531	0.141
593	948	0.141
451	495	0.141
936	169	0.141
72	440	0.141
909	370	0.141
910	370	0.141
840	933	0.141
941	332	0.141
331	955	0.141
956	825	0.141
482	606	0.141
482	170	0.14
661	897	0.14
688	469	0.14
537	708	0.14
892	873	0.14
544	818	0.14
629	955	0.14
640	375	0.14
782	456	0.139
587	80	0.139
541	733	0.139
703	715	0.139
300	786	0.139
851	763	0.139
728	606	0.139
464	946	0.139
482	640	0.139
832	539	0.139
559	637	0.139
762	929	0.139
742	170	0.139
622	247	0.139
947	239	0.138
678	219	0.138
280	542	0.138
351	647	0.138
904	335	0.138
412	744	0.138
593	929	0.138
754	170	0.138
631	510	0.138
149	784	0.138
786	467	0.138
332	955	0.138
957	763	0.137
331	792	0.137
528	954	0.137
958	328	0.137
458	959	0.137
234	922	0.137
890	375	0.137
912	597	0.137
390	576	0.137
892	960	0.137
910	909	0.137
851	465	0.137
495	560	0.137
875	456	0.137
20	780	0.136
961	497	0.136
42	391	0.136
562	686	0.136
765	944	0.136
370	746	0.136
893	873	0.136
741	247	0.136
115	439	0.136
42	302	0.136
958	368	0.135
833	479	0.135
687	389	0.135
33	756	0.135
553	736	0.135
962	696	0.135
292	686	0.135
333	836	0.134
963	792	0.134
568	736	0.134
693	961	0.134
964	876	0.134
965	876	0.134
522	520	0.134
477	495	0.134
528	468	0.134
220	738	0.134
966	967	0.134
968	967	0.134
968	966	0.134
864	969	0.134
970	969	0.134
971	972	0.134
973	972	0.134
973	971	0.134
974	975	0.134
976	975	0.134
976	974	0.134
977	978	0.134
979	978	0.134
979	977	0.134
970	864	0.134
980	981	0.134
982	981	0.134
982	980	0.134
759	333	0.133
960	906	0.133
431	186	0.133
545	631	0.133
118	916	0.133
166	169	0.133
806	855	0.133
197	576	0.133
414	983	0.133
172	169	0.133
529	698	0.133
686	469	0.133
173	169	0.132
984	896	0.132
726	465	0.132
197	468	0.132
165	169	0.132
940	774	0.132
780	917	0.132
930	479	0.132
814	505	0.132
845	468	0.131
42	301	0.131
952	419	0.131
323	715	0.131
743	786	0.131
339	786	0.131
440	725	0.131
962	169	0.13
985	377	0.13
588	796	0.13
791	169	0.13
396	728	0.13
915	505	0.129
496	788	0.129
34	39	0.129
822	986	0.129
40	25	0.129
957	774	0.129
475	482	0.129
987	709	0.129
709	542	0.129
718	673	0.129
703	696	0.129
3	890	0.128
610	813	0.128
768	495	0.128
767	495	0.128
769	495	0.128
955	718	0.128
275	84	0.128
957	929	0.128
785	468	0.128
914	709	0.128
413	855	0.128
145	922	0.127
128	495	0.127
830	425	0.127
686	745	0.127
785	576	0.127
149	988	0.127
4	890	0.127
604	989	0.126
990	604	0.126
376	538	0.126
932	464	0.126
938	895	0.126
639	355	0.126
926	333	0.126
243	951	0.126
588	673	0.126
335	833	0.126
468	821	0.125
741	782	0.125
610	814	0.125
