1 2 130 267 142 16 23 32 33 37 41 430 177 178 694 586 206 82 474 359 232 362
3 4 5 6 773 12 13 14 148 663 24 154 29 42 52 93 755 375 890
64 7 8 9 10 11 844 15 19 20 55 56 57
523 17 18 147 660 915 671 702 447 703 66 67 450 836 71 587 83 853 88 728 352 353 100 231 487 106 631 504 505
266 655 916 21 22 27 164 38 678 45 180 439 440 454 72 719 84 87 857 985 608 355 233 622 495 754 118 376 377
262 141 25 26 539 28 540 39 682 43 557 48 49 314 832 65 210 348 105 493 111 241 115 245 246
924 30 287 31 34 677 40 297 44 563 53 571 578 453 461 344 99 126 380 382
138 139 143 144 151 152 153 35 36 168 438 186 187 574 580 326 201 336 475 863 611
526 527 546 547 548 549 550 551 556 46 47 561 54 573 835 73 81 850 729 379
68 196 424 457 695 50 51 466 831 150 567 250 92 63
112 113 338 58 59 60 61 62
69 70 74 75 76 77 78
387 902 519 775 903 905 907 782 784 530 658 533 662 407 789 281 790 155 156 157 541 542 544 922 296 812 816 950 184 185 569 192 193 194 195 323 324 582 456 584 715 79 80 592 594 733 94 351 736 354 488 234 235 624 242 374 502 637
98 345 174 175 85 86 89 95
260 261 613 635 137 713 275 183 90 91 444 927
96 97 128 162 390 583 176 114 467 787 247
834 163 356 197 101 102 293 934 298 458 432 596 120 441 959
140 167 679 425 807 558 431 815 437 566 953 827 572 830 704 577 707 455 843 213 731 732 861 103 104
416 417 418 107 108 109 110 415
322 133 305 116 117 119 216 218
129 482 483 229 230 299 473 749 939 207 783 657 943 404 121 122
265 394 244 123 124 125 127
131 132 165 166 451 515 803 804 491 172 173 268 619 795 639
134 263 136 135 337 346 253
198 330 463 560 145 146 369 531 149 818 988 381
554 590 208 433 274 434 308 756 470 410 443 158 159
160 161 498 179 276 503 409 219
640 386 644 772 647 524 525 908 401 402 403 279 792 538 666 285 676 936 169 170 171 945 692 181 182 570 701 963 325 837 333 334 220 605 606 607 734 481 227 612 744 617 492 621 367 240 752 371 759
304 209 217 188 189 445
350 708 264 236 237 397 699 700 349 190 191
258 259 199 200 602 221
545 709 202 203 300 427 490 687 718 914 339 788 791 280 987 926
360 204 205 273 214 215 634
896 579 428 720 211 212 243 951 984 442 315
224 575 251 252 222 223
225 226 228 363 364 652 653 654 879 880
238 239 272 400 947 340 697
329 727 248 249 477 446
705 833 805 904 685 335 862 408 378 254 255
256 257 294 295 630 383
484 485 269 270 271
841 842 306 307 277 278 286
499 500 501 282 283 284
288 289 290 838 303 506
291 292 562 564 632
391 555 301 302 852 316
421 309 310 311 476
452 937 874 365 366 942 370 665 312 313
318 901 589 877 625 691 317 478
320 321 462 319
771 327 328 368 372 373 406 949 347 958
742 520 331 332 941 724 725 633 955
459 460 341 342 343
357 358 361 591 598
384 385 517 518 405
738 962 388 389 745 696 496 786 532 664 636 829
610 420 392 393 750 656 821 543
480 426 395 793 826 638
507 396 429 559
419 741 486 717 398 399 686 661 952 766
706 683 494 627 757 411 412
806 615 616 882 983 758 855 413 414
672 673 516 422 423 881 626
891 714 435 436
448 449 489 849 510
899 900 528 529 785 794 667 932 688 946 948 954 588 716 464 465 593 856 603 737 746 620 760
897 642 643 645 646 909 910 911 912 918 796 670 930 931 690 693 698 576 961 845 851 468 469 597 726 479 609 743 878 497 764
770 581 935 585 471 472
776 777 778 779 781 508 509
512 513 514 511
521 522 659 684
536 537 534 535
552 553 568 595
730 740 565 623
600 601 618 599
641 898 711 989 604 925 990
780 917 614
628 629 735
648 649 650 651
751 886 858 859 668 669
674 675 710 846 689 761
680 681 753 889
739 712 813 814 828
721 722 723
747 748 944 860 765
929 774 940 762 763 957
768 769 767
866 867 797 798
800 868 869 799
872 801 802 871
808 809 883 884
888 810 811 887
938 817 822 986 895
819 820 854 823
824 825 956 894
840 923 933 839
848 885 847
864 865 870 969 970
873 893 919
964 875 876 965
960 913 906 892
920 921 928
968 966 967
971 972 973
976 974 975
977 978 979
980 981 982
