58 59 60 61 62 112 113 338
69 70 74 75 76 77 78
85 86 89 95 98 174 175 345 425
107 108 109 110 415 416 417 418
116 117 119 133 216 218 305 322 477
134 135 136 253 263 337 346
222 223 224 251 252 575
269 270 271 484 485
282 283 284 499 500 501
341 342 343 459 460
357 358 361 591 598
384 385 405 517 518 604 641 711 898 925 989 990
265 411 412 494 627 683 706 757
471 472 581 585 770 935
508 509 776 777 778 779 781
511 512 513 514
534 535 536 537
668 669 751 858 859 886
674 675 689 710 761 846
797 798 866 867
799 800 868 869
801 802 871 872
810 811 887 888
819 820 823 854
839 840 923 933
847 848 885
966 967 968
971 972 973
974 975 976
977 978 979
980 981 982
160 161 179 219 266 276 409 498 503 557
188 189 209 217 304 445 521 522 659 684 688 808 809 883 884
291 292 552 553 562 564 568 595 632
864 865 870 969 970
873 892 893 906 913 919 960
30 31 34 40 44 53 99 126 287 297 344 380 382 453 461 557 563 571 578 677 924
190 191 236 237 264 349 350 397 594 699 700 708
225 226 228 363 364 652 653 654 879 880
277 278 286 306 307 448 449 489 510 841 842 849 855
370 764 909 910
17 18 66 67 71 83 88 100 106 147 231 352 353 523
254 255 335 378 408 685 702 705 805 862 904
1 2 16 23 32 33 37 41 82 130 142 158 159 177 178 206 208 232 267 274 308 359 362 410 430 433 434 443 470 474 554 586 590 694 756
46 47 54 73 81 379 526 527 546 547 548 549 550 551 556 561 573 709 729 835 850 914 987
103 104 140 167 186 213 425 431 437 455 558 566 572 577 679 704 707 731 732 807 815 827 830 843 861 953
822 895 938 986
824 825 894 956
3 4 5 6 12 13 14 24 29 42 52 93 148 154 301 302 316 375 391 555 565 623 663 730 740 755 773 852 857 890
123 124 125 127 244 265 394 398 399 419 486 661 686 717 741 766 905 952
211 212 243 315 428 442 579 599 600 601 618 720 896 951 984
256 257 294 295 383 422 423 516 626 630 648 649 650 651 672 673 881
317 318 478 589 625 691 877 901
7 8 9 10 11 15 19 20 55 56 57 64 780 844
35 36 121 122 129 201 207 229 230 299 327 328 347 352 368 372 373 404 406 473 482 483 657 749 771 783 939 943 949 958
204 205 214 215 273 360 413 414 615 616 634 706 758 806 855 882 983
25 26 28 39 43 48 49 65 90 105 111 115 141 210 238 239 241 245 246 262 272 314 340 348 400 493 539 540 557 682 697 713 832 947
96 97 114 128 162 176 247 390 467 739 787
395 396 426 429 480 507 559 583 638 680 681 753 793 826 889
464 465 467 468 469 477 479 497 529 560 576 588 593 597 603 609 620 642 643 645 646 661 667 670 688 690 693 698 716 726 737 741 743 746 760 762 763 764 774 785 786 794 796 833 845 851 856 878 897 899 900 911 912 918 929 930 931 932 940 946 948 954 957 961
528 747 748 765 860 944
21 22 27 38 45 72 84 87 118 137 164 180 233 261 266 275 355 376 377 439 440 444 454 495 608 622 635 655 678 712 719 725 754 767 768 769 817 916 985
35 36 138 139 143 144 151 152 153 168 186 187 201 326 327 328 336 347 352 368 372 373 406 438 447 475 487 574 580 611 721 722 723 863
199 200 221 258 259 450 475 482 504 505 538 587 602 631 660 671 702 703 728 788 853 915
50 51 63 68 92 101 102 120 150 163 196 197 248 249 250 293 298 329 356 424 432 441 446 457 458 466 477 567 596 695 727 831 834 934 959
91 131 132 165 166 172 173 183 260 268 300 339 451 491 515 613 619 639 795 803 804 927
288 289 290 303 319 320 321 392 393 420 462 506 543 610 656 750 813 814 821 828 838
312 313 365 366 370 435 436 452 665 714 874 891 937 942
169 170 171 181 182 202 203 220 227 240 279 280 285 309 310 311 325 331 332 333 334 367 371 386 388 389 401 402 403 421 427 476 481 490 492 496 520 524 525 530 532 538 545 570 605 606 607 612 614 617 621 633 636 640 644 647 660 664 666 676 687 692 696 701 734 738 742 744 745 752 754 759 772 791 792 829 836 837 908 917 926 936 941 945 955 962 963
79 80 94 145 146 149 155 156 157 184 185 192 193 194 195 198 234 235 242 281 296 323 324 330 351 354 369 374 381 387 407 456 463 488 502 519 530 531 533 541 542 544 560 569 582 584 592 594 624 628 629 637 647 658 662 715 718 724 733 735 736 775 782 784 789 790 812 816 818 875 876 902 903 907 922 950 964 965 988
920
921
928
