4 83 86 98 109 124 177 210 235 284 333 360 376 390 417 448 456 474 508 509 533 537 538 
19 37 50 64 97 122 134 136 147 156 186 211 221 231 238 248 273 275 283 314 324 331 359 363 381 396 405 425 449 453 458 463 490 498 502 525 537 553 595 682 697 
22 48 69 78 97 120 131 143 170 203 210 224 225 325 352 372 380 399 431 452 457 487 499 500 528 530 538 556 559 577 613 622 626 637 639 649 660 663 681 
9 30 45 58 63 67 73 89 100 102 107 138 146 151 153 163 184 199 234 258 266 269 317 330 336 342 355 367 369 371 382 398 505 558 582 586 587 589 590 598 614 623 633 655 676 677 
38 46 84 86 152 171 187 192 198 204 219 227 230 253 266 309 343 395 400 402 416 450 490 609 621 626 697 699 
12 21 26 49 79 80 87 89 90 99 110 112 132 134 145 149 150 160 178 182 194 198 204 212 219 227 230 239 241 253 257 271 282 299 302 306 319 323 332 333 354 362 376 377 386 393 402 404 411 444 466 471 473 479 488 489 496 522 526 537 539 545 555 557 561 565 569 570 573 578 593 615 635 645 649 652 662 669 675 695 
18 23 28 37 52 72 94 96 97 104 108 139 140 145 146 157 158 161 167 174 175 181 185 186 190 191 193 194 200 215 217 220 230 233 245 252 257 275 289 295 311 323 339 350 351 358 377 379 383 385 394 397 405 406 412 424 425 427 430 437 445 456 458 463 473 477 482 483 486 493 494 511 514 529 540 551 555 558 576 581 582 585 588 589 590 596 598 604 614 631 641 643 644 645 651 654 656 668 675 689 697 
20 74 80 86 88 98 109 114 117 135 177 210 211 215 229 235 304 338 360 390 402 407 408 417 430 434 448 465 486 501 503 533 538 578 621 656 
6 17 44 82 96 114 122 127 144 148 152 165 192 201 211 217 219 223 238 248 282 294 297 298 300 303 304 314 326 331 363 391 396 400 426 429 433 444 450 454 488 509 555 560 574 576 590 599 605 606 607 668 686 690 
41 42 82 96 103 111 122 123 124 156 163 168 170 211 219 221 231 238 240 242 248 251 282 285 294 297 301 304 314 324 331 341 363 378 396 423 427 428 431 437 439 442 450 491 502 509 567 571 588 590 595 606 607 633 668 696 
8 10 13 25 31 43 54 77 84 121 141 159 196 198 216 249 262 281 283 320 327 341 345 347 358 366 397 399 429 451 459 464 468 474 490 492 493 506 508 518 525 532 543 546 565 620 629 653 672 675 684 693 
3 34 51 59 72 104 108 139 145 155 161 164 191 193 197 205 209 214 218 263 276 280 296 318 329 361 370 410 415 419 424 436 438 446 473 484 494 512 519 523 534 535 540 551 564 571 575 616 628 646 647 650 654 672 675 
14 19 27 56 57 85 137 138 140 153 158 168 190 202 213 315 339 345 379 383 385 421 458 511 514 521 525 529 548 581 585 588 600 604 614 620 623 643 644 648 651 656 665 685 689 697 
39 63 77 84 90 106 116 125 132 133 143 160 166 176 213 236 262 272 278 283 287 308 309 325 361 364 383 399 401 413 432 442 450 470 490 494 506 507 521 522 543 544 558 563 584 591 603 620 625 626 654 656 658 662 667 669 672 
95 108 126 133 154 161 169 189 191 192 217 233 240 250 257 259 270 295 346 349 373 375 378 422 425 440 458 460 472 516 518 520 540 544 546 550 583 597 602 608 611 615 632 652 654 657 658 659 664 668 673 682 688 
12 19 21 26 27 33 47 49 79 87 89 99 100 110 112 123 129 132 134 142 149 150 160 162 163 172 178 179 189 202 204 208 219 224 227 228 230 232 239 241 253 257 264 265 271 274 281 282 297 299 302 304 305 306 314 319 323 330 333 337 350 354 358 359 362 365 368 370 373 376 377 384 385 386 388 393 400 402 403 404 411 422 434 440 444 466 469 471 473 478 479 489 496 510 511 521 522 526 527 537 539 545 547 548 552 555 557 561 563 565 569 570 571 573 578 579 582 593 600 601 602 615 623 624 629 635 638 645 647 648 649 652 658 662 669 670 675 682 683 689 695 697 698 699 700 
9 32 70 86 125 173 180 197 214 220 224 226 236 255 281 296 321 370 374 376 378 387 422 441 444 495 550 554 566 587 589 612 616 628 635 646 650 655 
17 42 47 70 95 126 133 146 154 169 189 192 208 231 240 250 257 259 270 272 284 289 294 295 305 328 336 346 349 373 375 378 386 418 422 425 430 440 442 447 460 507 516 518 520 544 546 562 583 592 597 601 602 615 618 632 652 654 657 658 659 668 673 681 682 687 688 699 700 
49 72 92 101 104 105 108 119 145 149 161 167 186 188 191 193 204 209 227 230 233 243 246 253 257 260 261 267 276 281 283 287 289 291 295 323 327 377 385 392 397 424 425 426 437 454 458 473 486 495 540 541 544 545 551 557 564 576 581 582 590 594 599 625 631 636 645 647 651 654 675 678 685 688 695 
19 50 56 64 72 97 108 134 136 137 138 140 145 149 153 156 158 161 167 168 186 190 191 193 202 213 221 231 233 248 257 273 275 289 295 314 315 319 324 339 345 359 362 377 379 381 383 385 404 424 425 437 449 453 458 471 473 489 490 498 502 511 514 525 529 537 540 553 564 576 581 585 588 590 595 604 620 623 638 643 644 645 647 651 654 656 665 675 682 688 689 697 
44 58 61 65 69 103 127 139 152 213 256 260 275 312 323 325 328 338 392 421 431 455 481 485 513 517 524 529 536 541 549 564 603 606 609 617 619 626 630 636 666 676 684 686 688 694 
7 19 25 33 64 68 77 79 84 97 118 134 136 144 147 156 174 175 183 186 193 194 200 215 220 221 224 231 236 248 249 256 262 273 275 283 287 291 309 311 314 324 325 330 345 350 351 358 359 381 384 388 392 394 406 425 426 427 429 443 445 447 449 453 454 455 456 458 461 465 482 486 490 493 497 498 502 506 518 536 537 541 543 548 553 563 565 582 586 588 595 596 603 620 625 630 645 647 651 672 675 682 684 
1 7 25 30 33 39 45 50 62 63 67 68 69 72 73 77 79 84 89 92 97 99 101 102 105 106 108 116 118 119 125 126 133 143 144 145 147 148 149 154 161 166 167 168 169 174 175 176 178 183 186 188 192 193 194 200 201 202 209 213 215 217 219 220 224 233 236 239 243 246 248 249 250 256 257 258 259 260 261 262 267 270 275 276 283 287 289 291 295 299 308 309 311 319 323 325 327 330 333 341 345 346 348 350 351 353 354 358 359 362 364 369 371 373 375 378 383 386 387 392 393 394 397 401 402 404 406 413 422 424 425 426 427 429 437 440 442 443 445 447 449 450 454 455 456 460 461 465 470 471 473 479 481 482 486 489 490 493 494 495 496 497 502 506 507 517 518 520 521 522 526 536 537 539 540 541 543 544 546 549 551 555 560 561 563 564 565 569 573 574 576 582 583 584 586 588 591 593 594 596 597 599 601 602 603 610 616 620 623 625 626 627 630 632 633 635 636 645 647 650 651 652 654 656 657 659 662 663 667 672 673 675 676 678 684 685 688 690 694 695 
11 29 32 35 36 40 44 50 55 60 70 84 87 93 112 113 127 129 135 142 143 144 147 148 152 154 162 163 172 179 182 201 202 209 265 277 290 298 300 302 303 310 314 322 328 337 345 349 357 368 371 375 383 387 391 403 411 434 435 460 478 488 500 527 531 532 539 545 547 552 557 560 563 568 569 572 579 580 586 596 605 623 624 649 655 657 669 670 680 683 685 686 687 698 700 
2 21 53 66 80 81 90 91 110 134 150 170 194 207 237 241 247 249 251 254 279 284 287 300 302 306 307 308 313 323 344 371 376 377 395 411 432 440 445 457 462 466 470 474 475 476 480 488 500 509 522 570 587 596 607 621 634 635 649 669 674 681 683 691 
59 79 116 124 179 195 206 207 251 268 293 297 335 336 340 356 361 375 389 414 415 420 454 504 507 508 529 542 547 594 642 661 671 679 
15 16 44 58 61 65 69 76 115 127 128 139 213 215 229 235 244 312 323 328 338 339 365 376 392 407 408 421 431 465 485 501 503 513 518 524 529 533 538 578 606 609 617 619 626 629 666 676 686 688 
44 70 84 85 93 112 113 127 143 154 182 189 277 290 294 300 310 319 322 328 345 349 357 371 375 411 430 435 460 516 531 532 547 568 569 572 580 586 592 596 601 655 680 681 683 685 686 687 699 700 
5 12 14 27 33 57 58 71 85 89 100 113 123 130 167 179 182 194 202 207 220 222 228 231 232 255 264 274 297 300 308 316 327 328 334 344 345 357 359 365 371 381 383 384 388 411 422 432 440 445 449 469 475 490 506 510 511 521 525 531 545 547 548 557 568 571 572 580 586 594 600 602 615 620 629 638 647 648 658 670 680 683 685 686 687 695 697 700 
24 75 135 169 212 241 250 255 259 266 270 286 288 292 303 332 333 346 409 425 440 447 467 471 472 488 515 520 526 544 546 550 558 569 583 589 597 602 608 611 632 640 657 659 664 673 676 682 688 692 
38 46 53 81 82 84 86 90 91 170 171 187 192 198 207 251 254 266 279 287 300 308 309 313 343 344 395 400 402 411 416 432 440 445 450 470 474 475 480 509 584 596 607 609 621 683 697 699 
8 10 13 31 43 54 90 106 116 121 125 133 141 159 176 196 198 216 240 249 272 278 281 284 305 308 320 327 328 341 347 349 358 364 366 397 399 401 418 429 442 450 451 456 459 460 464 468 474 492 494 506 507 508 516 525 532 562 563 565 584 591 592 618 629 653 658 667 681 693 699 
14 27 39 49 57 58 69 85 90 92 100 101 104 105 106 116 119 123 125 133 166 167 176 186 202 204 209 213 219 227 228 230 231 232 236 246 253 255 261 264 267 272 274 276 278 283 287 297 306 308 309 356 357 359 361 364 365 383 384 388 392 399 401 413 440 442 450 469 470 494 495 506 507 510 511 521 522 525 544 545 548 557 561 563 571 575 576 584 591 594 600 602 615 626 629 638 647 648 654 656 658 662 667 670 682 683 685 695 699 
32 40 88 129 135 142 144 162 163 172 202 209 265 304 314 337 368 403 434 478 527 545 552 557 563 579 621 623 624 670 698 
19 62 63 110 112 125 133 154 156 168 188 191 243 248 250 260 275 323 327 341 346 348 353 373 386 387 427 449 456 481 490 517 526 541 549 551 553 570 610 616 627 633 635 636 652 669 675 678 684 688 694 700 
41 42 96 103 111 123 124 163 168 170 242 251 260 282 285 294 301 341 378 423 427 428 431 437 439 442 449 491 517 541 549 567 571 588 607 633 678 696 
5 7 25 49 71 77 84 89 97 130 174 175 187 193 194 200 204 215 220 222 227 230 236 253 262 264 281 308 311 316 327 334 350 351 358 385 394 406 427 429 437 445 456 469 482 490 493 518 543 547 565 582 594 596 620 645 651 670 672 675 700 
17 47 63 70 95 106 113 116 125 146 166 189 208 231 240 272 278 284 290 294 300 305 308 328 336 345 349 361 364 373 386 401 413 418 430 435 442 447 460 479 507 516 521 531 544 562 568 572 580 583 584 591 592 601 615 618 626 652 654 662 667 680 681 687 699 700 
6 17 44 72 89 96 99 108 126 127 133 134 144 145 148 152 154 161 165 167 169 178 191 192 201 217 219 223 232 233 239 249 250 257 259 270 271 277 282 289 291 292 295 296 298 299 300 303 306 310 319 323 325 326 330 333 346 354 357 362 371 373 375 377 385 386 391 393 396 397 404 422 424 425 426 429 433 435 437 440 444 454 458 471 473 479 488 489 496 518 520 522 531 536 537 539 540 545 546 551 555 560 561 565 569 573 574 576 583 590 593 597 599 602 605 615 632 641 647 651 652 654 657 658 659 662 668 673 675 682 686 688 690 700 
