1 8 522 11 654 281 539 45 436 573 445 215 749 497 625 504 250 636 126 767 
768 255 653 145 26 666 540 674 421 422 808 684 690 183 577 578 707 459 94 223 740 872 107 627 637 639 
769 2 259 891 14 19 673 423 173 686 818 50 437 184 831 448 458 209 853 470 473 739 868 236 623 113 116 375 888 122 379 
384 900 646 784 275 161 35 291 549 550 809 44 429 841 858 732 736 486 102 616 750 376 763 
3 778 154 795 677 166 679 558 304 694 326 199 587 210 728 349 617 874 747 106 879 123 766 
513 898 389 273 657 536 665 159 294 167 815 688 446 449 454 714 588 332 594 85 863 225 738 624 
4 644 396 403 670 418 804 687 48 303 691 576 581 597 347 220 865 867 876 239 241 753 
896 534 23 278 794 672 41 298 427 812 52 695 699 67 204 478 100 229 358 618 875 506 
780 152 179 821 572 704 837 201 460 83 211 474 485 359 234 109 240 881 500 629 761 764 510 511 
258 5 6 408 284 285 33 168 305 439 66 715 859 350 481 226 737 883 378 251 
652 400 662 816 560 62 838 200 334 591 471 599 90 354 101 364 878 885 630 380 
163 356 453 517 137 74 555 844 203 143 882 87 89 890 796 
407 451 325 262 232 9 202 299 300 426 584 16 274 595 214 247 
477 385 99 440 775 391 110 718 752 370 404 21 54 150 157 697 276 733 
897 642 515 7 528 428 177 696 314 701 64 68 836 77 726 600 222 746 108 112 114 243 756 887 
643 260 773 139 782 789 25 282 806 551 174 561 824 825 191 452 712 725 608 502 508 
13 141 271 527 411 28 415 419 42 683 51 307 308 567 55 192 722 735 622 501 246 635 254 
140 529 20 791 416 807 296 430 178 564 320 196 585 719 221 607 609 105 620 244 889 
512 10 397 526 656 272 409 156 543 164 169 810 43 59 709 842 720 348 744 745 492 754 
129 650 781 279 664 29 544 675 292 424 47 435 180 820 698 322 579 345 731 91 351 353 755 633 892 894 
18 146 151 669 413 545 176 49 306 565 570 571 703 593 341 854 344 95 612 634 638 
772 774 405 406 799 160 803 548 547 685 569 444 197 583 330 76 337 741 365 242 119 248 765 
708 869 134 456 553 12 301 333 671 338 213 373 693 58 475 541 287 
640 131 649 265 530 661 797 40 700 840 848 81 855 734 870 366 494 762 125 
641 386 261 647 269 655 295 557 559 450 586 717 461 79 218 487 363 237 758 377 
32 257 193 249 233 170 75 78 238 302 592 598 185 476 60 158 
518 520 138 394 402 678 682 814 447 324 72 590 207 723 469 479 871 496 115 886 118 505 381 
132 264 523 525 15 22 24 442 188 195 462 466 98 355 228 231 498 499 895 
395 268 290 318 319 835 69 70 205 463 465 468 596 86 96 482 503 484 361 490 759 124 
128 34 710 777 589 336 17 626 819 117 149 186 286 31 
535 663 667 38 554 556 689 562 53 822 61 198 839 80 467 727 857 217 352 742 104 757 120 509 
387 267 785 532 533 537 288 289 692 315 190 705 321 833 71 849 82 601 605 480 489 495 628 631 121 382 383 
142 658 676 297 811 312 827 706 323 711 88 861 93 864 483 613 491 877 880 884 
770 771 390 521 266 786 147 788 790 538 800 801 546 813 434 566 189 702 834 716 343 860 862 230 743 111 374 
519 155 27 542 798 37 175 309 316 829 830 327 331 847 339 724 604 606 97 610 866 235 632 893 
514 398 144 787 30 417 802 162 431 438 823 568 313 317 580 328 206 729 602 603 360 751 368 369 372 507 253 127 
256 270 660 277 148 412 36 171 172 441 443 63 194 846 851 472 621 367 371 
224 227 165 357 614 136 329 680 46 464 856 212 182 310 342 283 
611 135 263 457 455 488 524 552 619 651 208 362 340 245 346 252 
130 899 516 388 645 783 280 793 39 681 311 187 73 843 850 852 216 219 493 
133 393 779 531 792 410 668 414 420 805 425 432 181 57 826 575 832 713 845 335 84 730 92 760 
392 648 776 399 401 659 153 293 433 817 563 56 828 574 65 582 721 615 103 873 748 
