#module 0 size: 233 bs: 0.000239993
3 23 55 69 146 147 151 161 167 170 176 185 198 215 217 230 239 246 270 271 278 290 302 303 307 312 317 320 323 333 337 345 347 348 367 371 373 379 389 397 404 407 414 416 420 441 446 448 452 455 456 469 477 479 487 494 500 505 512 515 516 519 523 526 530 538 541 542 546 548 549 551 563 565 568 571 576 579 585 586 589 593 595 596 597 599 606 607 610 614 616 618 619 620 633 637 642 645 647 648 649 651 654 661 668 673 678 682 686 688 697 702 704 705 710 716 718 729 739 744 745 750 753 756 758 760 761 764 771 775 777 781 792 793 794 806 808 812 813 821 823 833 841 844 853 857 858 860 866 870 871 872 876 879 887 888 889 892 921 929 930 934 936 937 941 944 957 958 962 966 972 975 1001 1007 1014 1020 1025 1030 1036 1037 1039 1040 1041 1044 1046 1053 1062 1063 1069 1083 1085 1088 1089 1090 1094 1103 1109 1113 1120 1121 1122 1129 1130 1132 1138 1139 1141 1144 1151 1154 1167 1169 1171 1172 1176 1181 1189 1192 1196 1198 1202 1205 1206 1212 1215 1219 1265 1267 1274 1287 1292 1295 1297 
#module 1 size: 137 bs: 0.00278749
31 83 86 116 121 129 142 144 148 173 182 193 202 212 225 230 238 247 277 279 280 292 295 297 314 319 327 344 346 355 360 362 367 393 415 416 417 428 430 435 439 451 459 468 492 514 518 521 527 556 564 574 581 582 591 598 599 611 622 642 659 660 672 674 679 699 708 717 723 725 727 728 729 730 734 738 741 743 757 764 766 814 820 845 846 869 878 882 905 908 919 927 930 932 933 940 945 951 965 973 995 997 1013 1019 1022 1026 1047 1055 1064 1078 1079 1083 1111 1124 1125 1136 1145 1150 1158 1172 1173 1177 1185 1199 1218 1221 1239 1246 1248 1263 1271 1272 1273 1285 1290 1295 1299 
#module 2 size: 56 bs: 0.000134863
26 113 118 119 159 168 188 201 206 214 229 236 243 249 261 269 304 309 362 386 402 418 431 437 442 463 525 527 563 567 592 629 632 698 706 707 784 816 821 835 918 948 952 974 975 1031 1088 1127 1128 1140 1151 1153 1188 1251 1293 1296 
#module 3 size: 43 bs: 0.0043952
11 63 72 75 95 101 102 128 132 180 193 205 219 266 268 288 391 608 617 646 685 694 703 744 768 778 787 821 860 896 899 949 975 979 983 1010 1042 1068 1118 1159 1205 1225 1244 
#module 4 size: 106 bs: 0.00100607
19 40 48 93 95 98 127 147 155 156 178 179 187 193 199 213 251 286 295 303 308 323 353 356 361 368 372 394 432 434 454 467 478 479 482 496 511 535 559 566 587 616 624 638 651 656 657 662 663 674 701 709 726 731 732 803 804 822 825 830 839 846 855 859 861 873 883 895 902 907 912 957 959 964 974 976 1000 1012 1021 1023 1024 1031 1043 1059 1065 1067 1068 1070 1096 1097 1115 1119 1137 1147 1166 1175 1179 1191 1195 1204 1224 1261 1275 1278 1286 1287 
#module 5 size: 111 bs: 0.000112848
1 4 5 15 21 24 28 30 37 38 53 56 61 66 71 81 85 90 91 98 99 110 112 122 125 136 139 150 151 169 191 203 216 298 306 310 333 336 345 358 369 371 372 380 381 387 397 398 438 445 447 463 474 480 483 490 535 540 562 570 577 580 596 600 602 605 615 618 625 635 636 652 653 681 696 714 732 740 742 751 755 762 773 785 801 843 848 865 905 914 917 920 923 933 950 956 980 985 1029 1044 1045 1060 1146 1153 1176 1200 1237 1238 1264 1276 1289 
#module 6 size: 432 bs: 0.00423195
9 20 27 35 42 43 50 62 65 73 74 77 78 79 80 84 89 92 100 103 104 106 109 114 115 120 126 131 137 140 145 146 149 151 152 156 158 162 164 165 167 171 172 175 183 186 188 189 190 195 196 197 200 205 208 210 211 218 222 224 226 229 231 233 235 240 242 244 246 247 249 253 254 255 258 259 262 263 265 266 267 271 273 274 276 281 283 284 289 291 294 301 302 305 313 315 316 318 320 328 330 332 339 340 341 343 349 350 351 354 355 363 364 365 366 367 369 370 375 377 378 383 384 385 388 390 391 392 395 400 401 403 407 408 410 413 419 421 424 425 426 429 436 441 446 448 453 454 461 462 464 466 470 471 472 475 476 481 483 485 486 489 491 493 495 497 498 499 500 501 502 503 504 506 509 510 513 515 517 520 522 527 529 534 536 539 542 546 547 554 557 560 561 563 568 569 571 572 575 584 587 590 593 601 603 608 611 612 617 620 621 623 626 627 629 630 631 639 641 642 646 655 656 658 660 662 666 667 671 672 688 692 693 695 698 704 710 711 712 719 720 721 725 733 736 746 747 754 758 765 766 768 769 772 774 789 790 791 792 798 800 801 805 809 811 813 815 817 818 824 827 828 829 833 836 837 840 842 844 850 852 858 860 863 864 865 867 869 875 881 885 886 888 890 891 900 903 905 913 915 916 918 921 922 926 928 929 930 931 934 937 939 940 942 946 947 955 957 960 961 967 968 969 971 973 978 981 982 983 984 987 989 991 992 996 998 1001 1003 1006 1008 1015 1017 1018 1032 1033 1036 1037 1047 1049 1050 1051 1052 1054 1066 1071 1073 1074 1077 1081 1087 1098 1099 1100 1102 1105 1107 1108 1110 1114 1117 1119 1121 1133 1134 1135 1139 1142 1143 1151 1153 1154 1155 1156 1163 1164 1165 1167 1168 1172 1174 1176 1178 1182 1183 1186 1190 1192 1194 1196 1199 1200 1203 1207 1217 1221 1222 1223 1227 1230 1240 1241 1250 1255 1256 1259 1262 1264 1266 1268 1269 1270 1279 1280 1281 1284 1285 1287 1288 1291 1294 1298 1300 
#module 7 size: 174 bs: 0.00359005
7 10 13 14 29 39 44 47 51 52 59 60 64 68 76 82 87 94 97 98 123 154 179 181 192 194 204 207 223 227 228 229 234 241 248 252 256 257 260 275 277 287 293 296 323 326 329 341 342 362 376 384 390 396 399 404 405 409 412 420 431 435 437 440 443 449 450 454 455 456 457 465 467 472 481 485 488 507 524 533 535 550 552 557 558 561 568 578 583 599 620 625 627 630 634 640 643 644 669 677 687 689 690 700 724 729 735 737 748 749 751 752 763 767 768 770 782 788 796 802 808 834 838 839 849 855 874 877 883 894 897 898 909 924 931 935 938 940 943 967 986 988 1001 1003 1005 1009 1016 1036 1038 1044 1048 1058 1060 1069 1090 1104 1106 1112 1148 1152 1159 1160 1166 1193 1202 1208 1213 1214 1216 1228 1232 1249 1269 1277 
#module 8 size: 14 bs: 1
32 33 45 49 57 105 134 135 138 596 811 831 1097 1159 
#module 9 size: 14 bs: 1
2 18 34 41 46 88 108 111 133 141 177 247 645 1162 
#module 10 size: 13 bs: 1
6 8 17 22 25 36 54 67 96 341 431 651 655 
#module 11 size: 35 bs: 1
117 166 225 411 423 435 467 528 544 553 555 625 665 724 779 800 819 851 906 930 953 994 996 1009 1034 1054 1056 1082 1093 1121 1136 1157 1235 1269 1283 
#module 12 size: 35 bs: 1
58 121 157 299 300 321 325 389 422 430 444 508 532 613 674 724 751 831 910 911 963 970 993 1023 1057 1060 1075 1086 1180 1197 1201 1210 1211 1229 1233 
#module 13 size: 39 bs: 1
70 117 155 167 174 264 272 333 433 473 505 510 537 588 594 604 609 628 650 707 715 732 807 847 864 980 999 1002 1072 1084 1091 1095 1126 1150 1162 1242 1257 1260 1282 
#module 14 size: 32 bs: 1
163 209 277 303 331 334 352 374 468 484 532 608 691 776 795 831 832 883 890 918 966 973 1011 1140 1162 1170 1217 1220 1231 1234 1236 1256 
#module 15 size: 39 bs: 1
12 40 153 166 237 244 245 250 282 302 406 439 456 458 531 545 565 664 683 783 810 854 856 868 893 954 956 996 1004 1016 1035 1047 1061 1069 1116 1134 1161 1209 1243 
#module 16 size: 33 bs: 1
16 124 204 205 220 268 324 382 390 420 432 434 446 557 573 646 675 684 707 713 722 759 820 904 925 1016 1027 1065 1080 1090 1092 1149 1295 
#module 17 size: 23 bs: 1
107 266 268 285 311 427 611 629 644 662 670 786 801 826 956 977 1031 1083 1134 1166 1226 1253 1254 
#module 18 size: 30 bs: 1
143 184 221 335 359 460 505 587 680 766 770 780 797 799 880 901 937 967 1009 1023 1065 1068 1097 1101 1131 1136 1139 1187 1199 1291 
#module 19 size: 34 bs: 1
130 160 232 322 338 357 430 437 472 483 485 515 532 543 676 770 815 839 846 862 884 921 966 990 1017 1028 1076 1123 1184 1245 1247 1252 1258 1283 
