0	1	129.014	29	
0	2	140.735	31	
0	3	85.335	20	
0	5	32.3174	7	
0	6	8.85136	2	
0	8	14.9381	3	
0	9	91.4321	20	
0	10	21.5505	5	
0	11	56.6079	12	
0	12	72.761	16	
0	13	24.092	5	
0	14	44.3585	11	
0	15	6.03676	1	
0	16	4.55912	1	
0	17	5.34889	1	
0	18	53.6016	11	
0	19	74.1736	16	
0	20	21.5797	4	
0	22	68.6828	15	
0	23	22.7666	5	
0	24	29.6323	6	
0	25	27.6391	6	
0	26	71.8211	15	
1	2	71.7971	17	
1	3	196.176	42	
1	4	34.0332	8	
1	5	28.2273	6	
1	6	6.77812	2	
1	7	6.09139	2	
1	8	17.0477	3	
1	9	59.1425	13	
1	10	53.7803	11	
1	11	125.733	26	
1	12	39.4874	9	
1	13	60.8054	13	
1	14	56.1815	13	
1	15	32.8618	8	
1	17	18.9292	4	
1	18	50.4397	11	
1	19	110.666	23	
1	20	3.4081	1	
1	21	9.45391	2	
1	22	67.4787	15	
1	23	17.7805	4	
1	24	78.166	16	
1	25	39.2388	8	
1	26	56.8116	12	
2	3	93.8128	22	
2	4	5.99548	1	
2	5	102.565	25	
2	6	43.614	9	
2	7	15.8867	4	
2	8	15.9373	3	
2	9	25.6608	6	
2	10	22.3178	5	
2	11	52.2294	10	
2	12	48.2167	10	
2	13	92.303	19	
2	14	47.28	10	
2	15	29.4679	6	
2	16	28.2459	6	
2	17	36.3335	8	
2	18	93.0657	21	
2	19	52.7017	12	
2	20	13.3463	4	
2	21	88.1244	18	
2	22	66.3204	14	
2	23	27.6151	7	
2	24	108.485	22	
2	25	76.0577	16	
2	26	55.9309	13	
3	4	17.5053	4	
3	5	49.549	10	
3	6	12.2757	3	
3	7	22.8638	6	
3	8	65.302	14	
3	9	49.4252	10	
3	10	49.1587	12	
3	11	63.4485	13	
3	12	65.6608	15	
3	13	59.5695	12	
3	14	64.5817	14	
3	15	21.1089	5	
3	16	47.391	10	
3	17	77.8028	16	
3	18	54.5493	12	
3	19	154.908	33	
3	20	36.3602	9	
3	21	69.1191	15	
3	22	131.876	30	
3	23	58.3822	13	
3	24	35.1095	8	
3	25	43.0969	9	
3	26	79.6402	17	
4	5	21.3661	4	
4	8	16.1937	4	
4	11	26.0016	6	
4	12	5.33717	1	
4	13	6.64651	1	
4	14	30.7612	6	
4	18	4.55298	1	
4	19	2.1669	1	
4	20	15.8487	5	
4	21	21.9351	5	
4	22	13.9019	4	
4	24	32.884	7	
4	25	21.9781	5	
4	26	10.538	2	
5	6	13.9881	3	
5	7	20.7168	5	
5	8	7.5827	2	
5	10	37.0004	8	
5	12	53.2175	10	
5	13	21.4511	4	
5	14	24.0917	5	
5	15	28.6609	6	
5	16	4.64368	1	
5	17	26.6829	6	
5	18	33.3484	7	
5	19	6.70396	1	
5	20	20.7964	5	
5	21	10.1925	2	
5	22	28.1557	6	
5	23	18.4717	5	
5	24	35.4894	8	
5	25	43.0116	9	
5	26	57.5	11	
6	7	2.00352	1	
6	8	6.43301	1	
6	9	8.06795	2	
6	10	24.5705	5	
6	11	15.9278	3	
6	12	12.8784	3	
6	13	39.5029	9	
6	14	27.2073	7	
6	15	28.3493	5	
6	16	26.0657	5	
6	17	31.024	7	
6	18	61.061	13	
6	19	41.2499	8	
6	20	13.394	3	
6	21	56.5194	12	
6	22	21.336	5	
6	23	2.31278	1	
6	24	3.70568	1	
6	25	41.7045	8	
6	26	8.88462	2	
7	8	13.5786	3	
7	10	10.0649	2	
7	11	24.2876	5	
7	12	38.2655	8	
7	13	30.5238	6	
7	14	4.46846	1	
7	15	2.93575	1	
7	16	2.09258	1	
7	17	2.56955	1	
7	18	10.2312	2	
7	19	21.693	4	
7	21	4.90394	1	
7	22	14.6063	4	
7	23	20.8155	5	
7	24	4.37886	1	
7	25	7.48905	2	
8	9	7.44392	2	
8	10	24.0594	5	
8	12	7.56237	1	
8	14	26.2397	6	
8	15	11.2573	3	
8	17	6.09408	2	
8	18	11.9725	2	
8	19	5.08629	1	
8	20	58.7456	12	
8	21	28.3743	7	
8	22	34.7215	7	
8	23	7.45632	2	
8	24	14.7325	4	
8	25	14.6246	3	
8	26	5.80807	1	
9	10	41.9132	9	
9	11	29.4997	6	
9	12	15.1633	4	
9	13	17.1444	4	
9	14	16.5116	4	
9	15	31.9549	7	
9	17	22.3892	5	
9	18	42.4121	10	
9	19	23.1502	5	
9	20	13.1618	3	
9	21	20.1226	4	
9	22	37.5927	8	
9	23	38.0176	7	
9	24	11.2432	2	
9	26	2.45886	1	
10	11	10.9208	2	
10	12	31.2716	6	
10	13	41.2911	9	
10	14	25.3833	5	
10	17	20.7139	5	
10	18	44.691	10	
10	19	27.8055	6	
10	20	32.0746	7	
10	21	18.289	4	
10	22	5.2134	1	
10	24	12.8536	3	
10	25	5.40004	1	
10	26	46.7531	9	
11	12	9.46609	2	
11	13	12.0888	3	
11	14	43.3038	9	
11	15	20.2897	4	
11	16	15.8681	4	
11	17	24.1744	5	
11	18	33.9721	7	
11	19	61.7168	13	
11	20	15.7498	3	
11	21	11.6361	2	
11	22	4.35638	1	
11	23	4.92669	1	
11	24	4.75179	1	
11	25	12.125	3	
11	26	107.44	21	
12	13	62.3351	12	
12	14	30.0312	6	
12	15	52.317	10	
12	18	30.3186	7	
12	19	26.5549	6	
12	20	13.1303	3	
12	21	8.19312	2	
12	22	4.55709	1	
12	23	7.11733	1	
12	24	28.7083	7	
12	25	42.5298	9	
12	26	56.7876	11	
13	14	36.5796	8	
13	15	5.21583	1	
13	16	2.85259	1	
13	17	26.7006	6	
13	18	7.33469	1	
13	19	66.186	14	
13	20	6.01274	1	
13	21	38.9435	9	
13	22	3.04422	1	
13	24	27.2235	5	
13	25	32.1587	7	
13	26	78.7187	16	
14	15	30.3745	7	
14	16	3.79232	1	
14	17	18.8742	4	
14	18	13.6807	3	
14	19	31.1314	6	
14	20	26.0242	6	
14	21	21.0365	5	
14	22	9.27237	2	
14	23	10.7311	2	
14	24	20.1353	5	
14	25	10.0737	2	
14	26	31.3281	7	
15	16	6.81354	1	
15	17	5.54288	1	
15	18	11.6851	3	
15	19	23.23	5	
15	20	24.8887	6	
15	21	7.49608	2	
15	22	24.6331	5	
15	24	7.1331	2	
15	25	24.918	5	
15	26	24.7667	5	
16	17	3.09464	1	
16	18	55.8189	13	
16	19	34.1073	7	
16	21	3.6393	1	
16	22	3.552	1	
16	24	37.8619	8	
16	25	33.9441	8	
16	26	17.9035	4	
17	18	31.527	7	
17	19	4.42057	1	
17	20	8.91177	3	
17	21	37.4444	7	
17	22	48.1752	10	
17	23	47.4745	9	
17	24	31.4984	7	
17	25	35.9359	7	
17	26	8.74768	1	
18	19	58.0515	12	
18	20	11.4437	2	
18	21	67.1124	14	
18	22	24.0482	6	
18	24	6.74634	1	
18	25	42.3316	10	
18	26	25.4565	5	
19	20	29.4154	7	
19	21	26.6031	6	
19	22	36.4057	8	
19	23	4.89654	1	
19	24	27.0662	7	
19	25	45.5421	10	
19	26	57.8774	12	
20	21	20.8281	5	
20	22	49.5298	10	
20	23	7.08393	1	
20	24	69.2422	15	
20	25	44.4126	10	
20	26	33.2909	7	
21	22	60.3457	14	
21	23	9.70208	2	
21	24	50.776	10	
21	25	60.3168	13	
21	26	22.7965	5	
22	23	2.57244	1	
22	24	42.9853	8	
22	25	11.8414	2	
22	26	55.4875	11	
23	24	16.3087	3	
23	25	56.2831	12	
23	26	6.8078	2	
24	25	54.058	12	
24	26	73.6544	15	
25	26	17.9207	4	
