0	1	3
0	3	4
0	4	2
0	5	1
0	6	2
0	7	2
0	8	1
0	10	1
0	11	5
0	12	3
0	13	2
0	14	4
0	15	2
0	16	2
0	17	3
0	18	6
0	19	2
0	20	1
0	21	4
0	22	1
0	23	2
0	24	1
0	25	4
0	26	1
0	27	2
0	28	1
0	29	1
0	31	1
0	33	3
0	34	1
0	35	4
0	36	2
0	37	2
0	38	1
0	39	1
0	40	4
0	41	1
0	42	5
0	43	5
0	44	6
0	45	6
0	46	4
0	47	5
0	50	5
0	51	4
0	52	4
0	53	1
0	55	1
0	56	5
0	57	1
0	58	7
0	59	3
0	60	3
0	61	3
0	62	2
0	63	1
0	65	3
0	66	2
0	67	3
0	68	3
0	69	2
0	70	4
0	71	2
1	2	8
1	3	2
1	4	2
1	5	3
1	6	8
1	7	5
1	8	2
1	9	1
1	11	5
1	12	2
1	13	2
1	14	1
1	15	2
1	16	3
1	17	5
1	18	5
1	19	4
1	20	5
1	21	4
1	23	2
1	24	1
1	25	2
1	27	1
1	28	1
1	29	2
1	30	2
1	31	2
1	32	3
1	33	3
1	34	1
1	35	1
1	36	5
1	37	6
1	38	2
1	40	1
1	41	1
1	42	5
1	43	6
1	44	2
1	45	2
1	46	3
1	47	1
1	48	1
1	49	5
1	50	1
1	51	2
1	52	1
1	53	3
1	54	4
1	56	2
1	57	5
1	58	3
1	59	3
1	60	2
1	61	2
1	62	6
1	63	1
1	64	5
1	65	5
1	66	1
1	67	4
1	68	2
1	69	4
1	70	1
1	71	1
2	3	6
2	4	1
2	5	3
2	6	4
2	7	3
2	8	3
2	9	1
2	10	4
2	11	5
2	12	7
2	13	4
2	14	2
2	15	4
2	16	10
2	17	4
2	18	4
2	19	5
2	20	5
2	21	1
2	22	1
2	23	1
2	24	2
2	25	2
2	27	4
2	28	2
2	29	2
2	30	4
2	31	7
2	32	3
2	33	1
2	34	4
2	35	3
2	36	5
2	37	3
2	38	2
2	39	1
2	40	6
2	41	2
2	42	1
2	43	2
2	44	7
2	45	3
2	46	4
2	47	3
2	48	3
2	49	2
2	50	2
2	51	4
2	52	4
2	53	2
2	54	3
2	55	1
2	56	6
2	57	3
2	58	4
2	59	6
2	60	4
2	61	3
2	62	4
2	63	4
2	64	2
2	65	2
2	66	2
2	67	5
2	68	4
2	69	3
2	70	7
2	71	2
3	4	3
3	5	2
3	7	4
3	9	1
3	10	2
3	11	3
3	12	2
3	13	4
3	14	1
3	15	1
3	17	2
3	18	4
3	19	1
3	20	3
3	21	1
3	22	1
3	23	2
3	24	2
3	25	2
3	26	1
3	27	2
3	28	2
3	29	2
3	30	4
3	31	1
3	32	1
3	33	4
3	34	6
3	35	1
3	36	6
3	37	3
3	38	2
3	39	1
3	40	3
3	41	2
3	42	7
3	43	4
3	44	5
3	45	4
3	46	1
3	47	4
3	48	4
3	49	2
3	50	2
3	51	2
3	52	2
3	53	2
3	54	4
3	56	3
3	57	2
3	58	5
3	59	4
3	60	3
3	61	2
3	62	2
3	63	1
3	64	2
3	65	4
3	67	1
3	68	2
3	69	1
3	70	2
3	71	1
4	5	2
4	6	6
4	7	3
4	8	2
4	9	1
4	10	7
4	11	1
4	12	6
4	13	3
4	14	1
4	15	6
4	16	6
4	17	4
4	18	1
4	19	2
4	20	4
4	21	4
4	22	1
4	23	2
4	24	4
4	25	5
4	26	1
4	27	4
4	28	2
4	29	1
4	31	4
4	32	5
4	33	2
4	34	1
4	35	2
4	36	5
4	37	1
4	38	2
4	39	2
4	40	2
4	41	2
4	42	3
4	43	3
4	44	2
4	45	2
4	46	3
4	47	2
4	48	2
4	49	2
4	50	2
4	51	1
4	52	1
4	53	1
4	54	1
4	55	1
4	56	2
4	57	6
4	58	3
4	59	5
4	60	1
4	61	1
4	62	3
4	63	4
4	65	3
4	66	1
4	67	3
4	68	2
4	70	2
4	71	3
5	6	1
5	7	3
5	8	2
5	11	4
5	12	2
5	13	2
5	14	6
5	15	3
5	16	3
5	17	3
5	18	3
5	19	3
5	20	3
5	21	2
5	22	1
5	23	1
5	24	2
5	25	1
5	26	1
5	27	3
5	28	2
5	29	2
5	32	4
5	33	2
5	34	1
5	35	4
5	36	7
5	37	1
5	38	2
5	39	2
5	40	1
5	42	2
5	43	2
5	44	2
5	45	3
5	46	5
5	47	1
5	48	1
5	49	1
5	50	4
5	51	1
5	52	2
5	53	1
5	54	1
5	55	2
5	56	3
5	57	4
5	58	4
5	59	8
5	60	3
5	61	1
5	62	1
5	63	9
5	64	1
5	65	2
5	67	3
5	68	3
5	69	2
5	70	3
6	7	2
6	8	1
6	9	2
6	10	2
6	11	4
6	12	3
6	14	4
6	15	5
6	16	5
6	17	3
6	18	4
6	19	1
6	20	3
6	21	2
6	22	1
6	23	2
6	24	7
6	25	1
6	26	4
6	27	7
6	28	2
6	29	4
6	30	2
6	31	3
6	32	2
6	33	4
6	34	2
6	35	3
6	36	3
6	37	1
6	38	4
6	39	1
6	40	3
6	41	2
6	42	7
6	43	4
6	44	3
6	45	2
6	46	5
6	47	2
6	48	7
6	49	1
6	50	1
6	51	2
6	52	2
6	53	4
6	54	3
6	56	1
6	57	1
6	58	3
6	60	2
6	61	1
6	62	2
6	63	1
6	64	3
6	65	3
6	67	3
6	68	6
6	69	3
6	70	5
7	8	3
7	9	5
7	10	1
7	11	2
7	12	6
7	13	5
7	14	6
7	15	6
7	16	7
7	17	5
7	18	3
7	19	3
7	20	6
7	21	4
7	22	4
7	23	3
7	24	3
7	25	4
7	26	2
7	27	2
7	28	5
7	29	13
7	30	6
7	31	8
7	32	3
7	33	6
7	34	2
7	35	6
7	36	4
7	37	5
7	38	4
7	39	2
7	40	5
7	42	4
7	43	1
7	44	8
7	45	6
7	46	8
7	47	9
7	48	5
7	49	3
7	50	1
7	51	3
7	52	7
7	53	3
7	54	1
7	55	2
7	56	2
7	57	4
7	58	5
7	59	3
7	60	4
7	61	5
7	62	4
7	63	4
7	64	6
7	65	6
7	66	2
7	67	3
7	68	6
7	70	4
7	71	1
8	9	2
8	10	5
8	11	1
8	12	2
8	13	3
8	14	1
8	15	2
8	16	2
8	17	2
8	19	1
8	20	2
8	21	6
8	22	2
8	23	3
8	24	5
8	25	1
8	26	5
8	27	5
8	28	4
8	29	5
8	31	6
8	32	2
8	33	1
8	34	1
8	35	3
8	36	6
8	37	2
8	38	1
8	39	1
8	40	2
8	41	1
8	42	1
8	43	3
8	44	5
8	45	4
8	47	2
8	49	6
8	50	1
8	51	5
8	52	3
8	53	3
8	54	2
8	55	2
8	57	2
8	58	2
8	59	2
8	60	4
8	61	8
8	62	4
8	63	2
8	64	1
8	65	2
8	66	3
8	67	4
8	68	9
8	69	1
8	70	7
8	71	1
9	10	2
9	12	1
9	13	2
9	14	3
9	15	4
9	16	4
9	17	6
9	18	3
9	19	3
9	20	3
9	21	2
9	22	1
9	23	1
9	24	2
9	25	5
9	26	3
9	27	3
9	28	4
9	29	3
9	30	3
9	31	2
9	32	2
9	33	1
9	34	2
9	35	3
9	36	3
9	37	4
9	38	2
9	40	1
9	41	2
9	42	6
9	43	3
9	44	8
9	45	1
9	46	8
9	47	1
9	48	2
9	51	2
9	52	3
9	53	5
9	54	1
9	55	1
9	56	1
9	57	1
9	58	4
9	59	4
9	60	11
9	61	3
9	62	4
9	65	8
9	66	3
9	67	3
9	68	7
9	69	1
9	70	7
9	71	1
10	11	3
10	12	3
10	13	1
10	15	3
10	16	4
10	17	5
10	18	5
10	19	3
10	20	3
10	21	1
10	22	1
10	23	3
10	24	4
10	25	1
10	26	4
10	27	6
10	28	4
10	29	1
10	30	2
10	31	2
10	32	4
10	34	2
10	35	1
10	36	1
10	38	1
10	39	1
10	40	1
10	41	6
10	42	7
10	43	4
10	44	4
10	45	4
10	46	6
10	47	4
10	48	2
10	49	2
10	50	1
10	51	7
10	52	6
10	53	3
10	56	4
10	58	5
10	59	1
10	60	3
10	61	3
10	62	1
10	63	1
10	64	3
10	65	1
10	66	1
10	67	4
10	68	1
10	69	2
10	70	7
10	71	1
11	12	6
11	13	4
11	14	6
11	15	2
11	16	1
11	17	2
11	18	4
11	19	1
11	20	3
11	21	2
11	22	2
11	23	1
11	24	6
11	25	1
11	26	3
11	27	5
11	28	5
11	29	1
11	30	1
11	31	1
11	32	2
11	33	2
11	34	4
11	35	1
11	36	3
11	37	6
11	38	7
11	39	8
11	40	2
11	41	7
11	42	9
11	43	1
11	44	7
11	45	6
11	46	6
11	47	2
11	49	1
11	50	4
11	51	4
11	52	6
11	53	5
11	54	1
11	55	4
11	56	1
11	57	3
11	58	1
11	59	4
11	60	4
11	61	5
11	62	3
11	63	3
11	64	1
11	65	2
11	66	1
11	67	5
11	68	3
11	69	1
11	70	4
12	13	2
12	14	4
12	15	7
12	16	5
12	17	3
12	18	6
12	19	11
12	20	7
12	21	2
12	22	1
12	23	2
12	24	6
12	26	3
12	27	7
12	28	1
12	29	2
12	30	2
12	31	3
12	32	7
12	33	2
12	34	10
12	35	4
12	36	6
12	37	4
12	38	4
12	39	4
12	40	3
12	41	3
12	42	8
12	43	4
12	44	8
12	45	4
12	46	10
12	47	5
12	49	6
12	50	2
12	51	3
12	52	6
12	53	3
12	54	4
12	55	5
12	56	4
12	57	5
12	58	6
12	59	12
12	60	4
12	61	1
12	62	4
12	63	1
12	64	1
12	65	2
12	66	4
12	67	7
12	68	2
12	69	3
12	70	4
12	71	3
13	14	7
13	15	1
13	16	5
13	17	3
13	18	6
13	19	9
13	20	4
13	21	5
13	22	4
13	23	2
13	24	2
13	25	2
13	27	6
13	28	2
13	29	3
13	30	2
13	31	2
13	32	4
13	33	2
13	34	9
13	35	4
13	36	3
13	37	3
13	38	1
13	40	2
13	41	1
13	42	6
13	43	3
13	44	2
13	45	3
13	46	2
13	47	7
13	48	3
13	49	4
13	50	3
13	51	6
13	52	7
13	53	3
13	55	3
13	56	5
13	57	1
13	58	4
13	59	4
13	60	1
13	61	4
13	62	3
13	63	2
13	64	2
13	66	4
13	67	5
13	68	10
13	69	1
13	70	6
13	71	2
14	15	3
14	16	1
14	17	1
14	18	1
14	19	3
14	20	2
14	21	4
14	23	4
14	24	2
14	25	3
14	26	2
14	28	1
14	29	6
14	31	3
14	32	4
14	33	2
14	34	3
14	35	1
14	36	2
14	37	1
14	38	1
14	39	2
14	40	1
14	41	1
14	42	3
14	43	2
14	44	5
14	45	1
14	46	3
14	47	3
14	48	2
14	49	1
14	50	1
14	51	5
14	52	5
14	53	2
14	54	3
14	56	3
14	57	4
14	58	3
14	59	2
14	60	6
14	61	8
14	62	4
14	63	1
14	65	3
14	66	2
14	67	4
14	68	4
14	69	2
14	70	3
14	71	1
15	16	12
15	17	9
15	18	7
15	19	4
15	20	6
15	21	11
15	22	1
15	23	1
15	24	3
15	25	4
15	26	5
15	27	8
15	28	6
15	29	11
15	30	4
15	31	7
15	32	15
15	33	3
15	34	5
15	35	5
15	36	7
15	37	2
15	38	3
15	39	1
15	40	2
15	42	8
15	43	6
15	44	4
15	45	6
15	46	8
15	47	5
15	48	1
15	49	4
15	50	4
15	51	4
15	52	5
15	53	3
15	54	1
15	55	4
15	56	2
15	57	2
15	58	4
15	59	10
15	60	15
15	61	6
15	62	7
15	63	4
15	64	2
15	65	4
15	66	2
15	67	2
15	68	3
15	69	3
15	70	11
15	71	4
16	17	3
16	18	4
16	19	1
16	20	7
16	21	6
16	23	3
16	24	1
16	25	4
16	27	4
16	28	3
16	29	6
16	30	4
16	31	7
16	32	2
16	34	4
16	35	5
16	36	7
16	37	3
16	38	3
16	39	4
16	40	6
16	41	3
16	42	4
16	43	2
16	44	14
16	45	7
16	46	6
16	47	8
16	48	1
16	49	7
16	50	1
16	51	5
16	52	18
16	53	3
16	54	3
16	55	2
16	56	5
16	57	4
16	58	5
16	59	8
16	60	8
16	61	11
16	62	3
16	63	1
16	65	2
16	66	3
16	67	3
16	68	4
16	69	5
16	70	4
16	71	6
17	18	3
17	19	3
17	20	1
17	21	1
17	22	3
17	23	3
17	24	9
17	25	3
17	26	5
17	27	6
17	28	9
17	29	3
17	30	6
17	31	2
17	32	6
17	33	3
17	34	4
17	35	3
17	36	3
17	37	2
17	38	4
17	39	2
17	40	7
17	41	4
17	42	7
17	43	7
17	44	2
17	45	5
17	46	1
17	47	4
17	48	2
17	49	5
17	50	7
17	51	7
17	52	5
17	53	9
17	54	3
17	55	1
17	56	4
17	57	2
17	58	4
17	59	2
17	60	9
17	61	2
17	62	4
17	63	1
17	64	1
17	65	6
17	66	1
17	67	7
17	68	4
17	69	4
17	70	4
17	71	4
18	19	7
18	20	2
18	21	9
18	22	3
18	23	2
18	24	3
18	25	2
18	26	1
18	27	9
18	28	5
18	29	1
18	30	2
18	31	4
18	32	3
18	33	2
18	34	5
18	35	5
18	36	4
18	37	4
18	38	2
18	39	4
18	40	6
18	41	3
18	42	8
18	43	7
18	44	8
18	45	7
18	46	9
18	47	6
18	48	9
18	49	5
18	50	5
18	51	4
18	52	4
18	53	9
18	54	1
18	55	3
18	56	5
18	57	2
18	58	3
18	59	4
18	60	7
18	61	3
18	62	7
18	63	1
18	64	2
18	65	2
18	66	2
18	67	6
18	68	3
18	69	1
18	70	10
18	71	3
19	20	1
19	21	7
19	23	2
19	24	3
19	26	1
19	27	5
19	28	2
19	29	1
19	30	3
19	31	5
19	32	1
19	33	1
19	34	6
19	35	6
19	36	5
19	39	3
19	40	1
19	41	1
19	42	3
19	43	3
19	44	2
19	45	1
19	46	3
19	47	4
19	49	2
19	50	2
19	51	1
19	52	3
19	53	1
19	56	1
19	57	2
19	58	3
19	59	5
19	60	5
19	61	3
19	62	2
19	63	3
19	64	4
19	65	3
19	66	2
19	67	7
19	68	3
19	69	5
19	70	4
19	71	1
20	21	9
20	22	3
20	23	3
20	24	5
20	25	4
20	26	4
20	27	3
20	28	5
20	29	5
20	30	2
20	31	5
20	32	2
20	33	4
20	34	8
20	35	3
20	36	6
20	37	5
20	38	2
20	39	2
20	40	3
20	41	3
20	42	8
20	43	11
20	44	7
20	45	3
20	46	6
20	47	5
20	48	5
20	49	6
20	50	1
20	51	4
20	52	2
20	53	4
20	55	4
20	56	3
20	57	1
20	58	3
20	59	2
20	60	4
20	61	5
20	62	3
20	63	4
20	64	2
20	65	7
20	66	1
20	67	2
20	68	9
20	69	1
20	70	3
20	71	2
21	22	2
21	23	6
21	24	2
21	25	5
21	26	1
21	27	11
21	28	4
21	29	4
21	30	1
21	31	2
21	32	2
21	33	4
21	34	2
21	35	5
21	36	3
21	37	2
21	38	4
21	40	2
21	41	1
21	42	7
21	43	8
21	44	4
21	45	1
21	46	6
21	47	6
21	49	1
21	50	2
21	51	3
21	52	6
21	53	5
21	54	3
21	55	2
21	56	1
21	57	1
21	58	6
21	59	2
21	60	2
21	61	3
21	62	2
21	64	1
21	65	3
21	66	6
21	67	4
21	68	3
21	69	2
21	70	7
21	71	6
22	23	1
22	24	1
22	25	2
22	26	1
22	27	6
22	28	3
22	29	2
22	30	1
22	32	2
22	33	4
22	34	3
22	35	2
22	36	2
22	37	5
22	38	1
22	41	1
22	42	3
22	43	1
22	44	4
22	45	2
22	46	2
22	47	1
22	48	1
22	49	3
22	50	4
22	52	1
22	53	3
22	54	1
22	56	3
22	57	1
22	58	2
22	59	3
22	60	3
22	61	1
22	62	2
22	63	4
22	64	2
22	65	2
22	66	1
22	67	1
22	68	1
22	70	1
22	71	2
23	24	6
23	25	2
23	26	1
23	27	2
23	28	3
23	29	6
23	30	3
23	31	1
23	32	3
23	33	5
23	34	2
23	36	4
23	37	1
23	38	2
23	39	1
23	40	1
23	41	1
23	42	4
23	43	4
23	44	6
23	45	3
23	46	2
23	48	2
23	49	1
23	50	2
23	51	4
23	52	4
23	53	5
23	54	1
23	55	1
23	56	2
23	57	1
23	59	2
23	60	9
23	61	2
23	62	3
23	63	5
23	64	1
23	65	4
23	66	1
23	67	5
23	68	4
23	70	5
23	71	1
24	25	1
24	27	4
24	28	5
24	29	5
24	30	2
24	31	4
24	32	7
24	33	2
24	34	7
24	35	4
24	36	4
24	37	6
24	38	1
24	39	5
24	40	2
24	41	2
24	42	2
24	43	3
24	44	5
24	45	1
24	46	5
24	47	1
24	48	4
24	49	1
24	50	3
24	51	6
24	52	4
24	53	5
24	54	5
24	56	2
24	57	2
24	58	5
24	59	9
24	60	1
24	61	5
24	62	4
24	64	3
24	65	2
24	66	1
24	67	2
24	68	3
24	69	1
24	70	4
24	71	5
25	26	4
25	27	1
25	29	4
25	30	3
25	31	2
25	32	1
25	33	3
25	34	1
25	35	1
25	36	7
25	37	2
25	38	1
25	39	2
25	40	1
25	41	3
25	42	1
25	43	1
25	45	2
25	46	2
25	47	2
25	49	2
25	50	2
25	51	3
25	52	3
25	53	5
25	55	1
25	56	1
25	57	2
25	58	1
25	60	5
25	61	3
25	62	3
25	64	1
25	65	2
25	67	4
25	68	1
25	69	2
25	70	1
25	71	1
26	27	4
26	28	3
26	29	4
26	30	4
26	31	3
26	32	2
26	33	1
26	34	1
26	35	1
26	36	1
26	37	2
26	38	1
26	39	1
26	40	2
26	42	2
26	43	1
26	44	4
26	45	2
26	46	3
26	47	3
26	50	1
26	51	7
26	52	2
26	53	2
26	54	2
26	55	3
26	56	2
26	57	4
26	58	4
26	59	4
26	60	3
26	61	3
26	62	3
26	63	1
26	65	1
26	69	3
27	28	5
27	29	5
27	30	1
27	32	4
27	33	2
27	34	8
27	35	12
27	36	7
27	37	6
27	38	6
27	39	1
27	40	6
27	41	1
27	42	6
27	43	5
27	44	4
27	45	7
27	46	5
27	47	5
27	48	1
27	49	5
27	50	5
27	51	8
27	52	3
27	53	2
27	54	1
27	55	2
27	56	4
27	57	2
27	58	4
27	59	4
27	60	8
27	61	7
27	62	7
27	63	4
27	64	3
27	65	2
27	66	2
27	67	5
27	68	5
27	69	4
27	70	9
27	71	5
28	29	8
28	30	1
28	31	3
28	32	1
28	33	3
28	34	2
28	35	8
28	36	5
28	37	6
28	38	1
28	39	1
28	40	1
28	41	2
28	42	2
28	43	8
28	44	6
28	45	1
28	46	3
28	47	5
28	48	5
28	49	4
28	50	5
28	51	2
28	52	3
28	53	8
28	54	5
28	55	3
28	56	2
28	57	6
28	58	5
28	59	3
28	60	5
28	61	6
28	62	5
28	63	5
28	65	2
28	66	6
28	67	6
28	68	8
28	69	1
28	70	1
28	71	5
29	30	2
29	31	2
29	32	4
29	33	6
29	34	5
29	35	8
29	36	5
29	37	9
29	38	4
29	39	2
29	40	5
29	41	2
29	42	4
29	43	9
29	44	7
29	45	6
29	46	9
29	47	10
29	48	5
29	49	7
29	50	5
29	51	4
29	52	8
29	53	1
29	54	1
29	55	3
29	56	1
29	57	7
29	58	6
29	59	6
29	60	3
29	61	7
29	62	11
29	63	7
29	64	4
29	65	4
29	66	3
29	67	3
29	68	5
29	69	3
29	70	6
29	71	1
30	31	9
30	32	1
30	33	1
30	34	2
30	35	6
30	36	1
30	37	10
30	38	1
30	39	2
30	40	1
30	42	1
30	43	3
30	44	4
30	46	2
30	47	4
30	48	1
30	49	4
30	50	1
30	51	6
30	52	3
30	53	1
30	54	2
30	55	2
30	58	5
30	59	5
30	60	3
30	61	2
30	62	1
30	63	1
30	64	2
30	65	2
30	66	2
30	67	1
30	68	3
30	69	3
30	70	4
30	71	2
31	32	3
31	33	2
31	34	7
31	35	2
31	36	3
31	37	3
31	38	4
31	39	1
31	40	4
31	41	1
31	42	8
31	43	6
31	44	7
31	45	4
31	46	1
31	47	8
31	48	3
31	49	4
31	50	3
31	51	4
31	52	6
31	53	5
31	54	1
31	55	2
31	57	3
31	58	8
31	59	1
31	60	2
31	61	3
31	62	6
31	63	4
31	65	6
31	66	5
31	67	7
31	68	4
31	69	1
31	70	1
31	71	1
32	33	1
32	34	5
32	35	2
32	36	3
32	37	2
32	38	1
32	40	3
32	41	1
32	42	2
32	43	1
32	44	1
32	45	4
32	46	5
32	47	4
32	48	5
32	49	4
32	50	6
32	51	2
32	52	4
32	53	6
32	54	3
32	57	5
32	58	5
32	59	6
32	60	4
32	62	4
32	63	1
32	64	3
32	65	3
32	66	2
32	67	6
32	68	4
32	69	3
32	70	6
32	71	4
33	34	5
33	35	2
33	36	3
33	37	2
33	38	3
33	41	1
33	42	2
33	45	2
33	46	3
33	47	6
33	48	4
33	49	1
33	50	1
33	51	1
33	52	1
33	53	4
33	55	1
33	56	1
33	57	5
33	58	4
33	60	3
33	61	2
33	63	2
33	65	4
33	66	1
33	68	7
33	69	1
33	70	4
33	71	1
34	36	4
34	37	2
34	38	7
34	39	2
34	40	1
34	41	1
34	42	4
34	43	4
34	44	1
34	45	6
34	46	6
34	47	3
34	48	1
34	49	9
34	50	3
34	51	3
34	52	8
34	53	4
34	54	1
34	56	4
34	58	1
34	59	4
34	60	2
34	61	3
34	62	6
34	63	3
34	64	1
34	65	1
34	66	6
34	67	5
34	68	8
34	69	3
34	70	6
35	36	8
35	37	1
35	38	2
35	39	5
35	40	4
35	41	6
35	42	3
35	43	7
35	44	8
35	45	3
35	46	7
35	47	4
35	48	3
35	49	6
35	50	2
35	51	6
35	52	8
35	53	7
35	54	4
35	55	6
35	56	2
35	57	5
35	58	8
35	59	2
35	60	3
35	61	5
35	62	6
35	63	1
35	64	1
35	65	2
35	66	2
35	67	4
35	68	2
35	69	4
35	70	5
35	71	4
36	37	3
36	38	2
36	40	1
36	41	2
36	42	3
36	43	4
36	44	8
36	45	7
36	46	2
36	47	6
36	48	3
36	49	2
36	50	3
36	51	9
36	52	7
36	53	1
36	54	2
36	55	1
36	56	2
36	57	6
36	58	3
36	59	4
36	60	2
36	61	11
36	62	3
36	63	6
36	64	5
36	65	3
36	66	1
36	67	4
36	68	7
36	69	2
36	70	1
36	71	2
37	38	7
37	39	1
37	40	1
37	42	5
37	43	8
37	44	6
37	45	5
37	46	4
37	47	7
37	48	6
37	49	6
37	50	2
37	51	7
37	52	4
37	53	7
37	54	6
37	55	4
37	56	3
37	57	1
37	58	2
37	59	6
37	60	4
37	61	3
37	62	3
37	63	5
37	64	8
37	65	3
37	66	1
37	67	4
37	68	4
37	69	2
37	70	3
37	71	3
38	39	2
38	40	1
38	41	2
38	42	2
38	43	3
38	44	4
38	45	5
38	46	3
38	47	1
38	48	1
38	49	4
38	50	1
38	51	3
38	52	6
38	53	4
38	55	2
38	57	1
38	58	2
38	60	3
38	61	1
38	62	6
38	64	4
38	65	2
38	66	6
38	67	2
38	68	7
38	69	2
38	70	7
38	71	1
39	40	2
39	41	4
39	42	3
39	43	6
39	44	4
39	45	6
39	46	3
39	47	1
39	48	2
39	49	3
39	50	1
39	51	1
39	52	3
39	53	2
39	55	1
39	56	5
39	58	7
39	59	3
39	60	9
39	61	4
39	62	9
39	63	3
39	64	2
39	65	2
39	67	2
39	68	7
39	69	3
39	70	3
39	71	1
40	41	3
40	43	3
40	44	5
40	45	4
40	46	4
40	47	5
40	48	1
40	49	2
40	50	7
40	51	6
40	52	3
40	53	4
40	54	3
40	56	3
40	57	1
40	58	10
40	59	4
40	60	4
40	61	6
40	62	2
40	63	1
40	64	1
40	65	3
40	66	1
40	67	2
40	68	5
40	69	4
40	70	5
40	71	2
41	42	5
41	43	2
41	44	2
41	45	1
41	46	4
41	47	5
41	48	1
41	50	1
41	51	2
41	52	2
41	53	2
41	54	1
41	56	3
41	57	6
41	58	4
41	59	1
41	60	2
41	61	2
41	62	2
41	63	4
41	64	1
41	65	1
41	66	4
41	67	3
41	68	7
41	69	3
41	70	2
41	71	4
42	43	4
42	44	1
42	45	5
42	46	6
42	47	3
42	48	1
42	49	1
42	50	6
42	51	6
42	52	9
42	53	9
42	54	1
42	55	3
42	56	8
42	57	3
42	58	4
42	59	5
42	60	11
42	61	8
42	62	3
42	63	1
42	65	2
42	66	3
42	67	1
42	68	8
42	69	2
42	70	6
42	71	1
43	44	2
43	45	9
43	46	3
43	47	9
43	48	2
43	49	7
43	50	4
43	51	7
43	52	3
43	53	11
43	54	3
43	55	10
43	56	7
43	57	5
43	58	1
43	59	4
43	60	6
43	61	5
43	62	4
43	63	3
43	64	4
43	65	1
43	66	3
43	67	4
43	68	8
43	69	3
43	70	1
43	71	3
44	45	6
44	46	2
44	47	4
44	48	2
44	49	5
44	50	5
44	51	5
44	52	4
44	53	8
44	54	4
44	55	3
44	56	2
44	57	5
44	58	5
44	59	9
44	60	8
44	61	5
44	62	4
44	63	5
44	64	2
44	65	6
44	66	3
44	67	2
44	68	10
44	69	7
44	70	4
44	71	3
45	46	7
45	47	5
45	48	3
45	49	6
45	50	3
45	51	3
45	52	2
45	53	2
45	54	5
45	55	1
45	56	6
45	57	4
45	58	2
45	59	3
45	60	5
45	61	2
45	62	5
45	63	2
45	64	2
45	65	3
45	66	4
45	67	5
45	68	8
45	70	5
45	71	5
46	47	5
46	48	1
46	49	6
46	50	2
46	51	3
46	52	3
46	53	3
46	54	3
46	55	3
46	56	2
46	57	6
46	58	3
46	59	2
46	60	5
46	61	6
46	62	5
46	63	4
46	64	2
46	65	3
46	66	3
46	67	7
46	68	5
46	69	1
46	70	6
46	71	3
47	48	1
47	49	2
47	50	3
47	51	5
47	52	5
47	53	10
47	54	3
47	55	2
47	56	2
47	57	8
47	58	3
47	59	8
47	60	3
47	61	2
47	62	5
47	63	1
47	64	3
47	65	4
47	66	5
47	67	8
47	68	3
47	69	1
47	70	4
47	71	3
48	49	5
48	50	2
48	51	6
48	52	1
48	53	4
48	54	2
48	56	1
48	57	7
48	58	1
48	59	3
48	60	2
48	61	2
48	62	2
48	63	1
48	64	2
48	65	1
48	66	3
48	67	1
48	68	2
48	69	5
48	70	4
49	51	4
49	52	2
49	53	4
49	54	1
49	55	3
49	56	3
49	57	2
49	59	3
49	60	5
49	61	9
49	62	9
49	63	2
49	65	2
49	66	1
49	67	1
49	68	5
49	70	4
50	51	6
50	52	3
50	53	3
50	54	1
50	56	1
50	57	5
50	58	1
50	59	1
50	60	2
50	61	5
50	62	3
50	63	1
50	64	2
50	65	4
50	66	6
50	67	3
50	68	2
50	69	1
50	70	3
50	71	4
51	52	7
51	53	3
51	54	3
51	56	3
51	57	5
51	58	9
51	59	5
51	60	3
51	61	5
51	62	7
51	63	1
51	64	2
51	65	1
51	66	1
51	67	7
51	68	7
51	69	1
51	70	8
52	53	5
52	54	2
52	55	5
52	56	5
52	57	6
52	58	4
52	59	6
52	60	4
52	61	8
52	62	9
52	63	2
52	64	2
52	65	2
52	66	5
52	67	4
52	68	5
52	69	1
52	70	12
52	71	5
53	54	4
53	55	5
53	56	6
53	57	4
53	58	5
53	59	4
53	60	8
53	61	6
53	62	8
53	63	2
53	64	2
53	65	3
53	66	3
53	67	8
53	68	6
53	69	1
53	70	6
53	71	5
54	57	1
54	58	5
54	59	4
54	60	2
54	61	3
54	62	6
54	63	4
54	64	1
54	65	4
54	66	3
54	67	5
54	68	3
54	69	1
54	70	4
54	71	2
55	56	2
55	57	1
55	59	1
55	60	5
55	61	5
55	63	1
55	64	1
55	66	5
55	67	5
55	68	5
55	70	2
55	71	4
56	57	1
56	58	1
56	59	6
56	60	3
56	61	7
56	62	2
56	63	3
56	64	1
56	65	2
56	67	4
56	69	1
56	70	4
57	58	3
57	59	9
57	60	3
57	61	4
57	62	3
57	63	2
57	64	1
57	65	1
57	67	4
57	68	3
57	69	1
57	70	1
57	71	4
58	59	5
58	60	3
58	61	7
58	62	5
58	63	5
58	64	2
58	65	6
58	66	3
58	67	5
58	68	5
58	69	2
58	70	8
58	71	2
59	60	10
59	61	8
59	62	2
59	63	3
59	64	2
59	65	1
59	66	2
59	67	2
59	68	1
59	69	10
59	70	9
59	71	4
60	61	3
60	62	12
60	63	1
60	64	2
60	65	6
60	66	2
60	67	4
60	68	6
60	69	7
60	70	6
60	71	3
61	62	4
61	63	2
61	64	3
61	65	1
61	66	2
61	67	5
61	68	2
61	69	2
61	70	6
61	71	10
62	63	4
62	64	1
62	65	2
62	66	3
62	67	6
62	68	4
62	69	2
62	70	7
62	71	1
63	64	1
63	65	1
63	66	1
63	67	3
63	68	2
63	70	2
63	71	1
64	66	1
64	68	1
64	69	1
64	70	2
64	71	1
65	66	4
65	67	1
65	68	4
65	69	1
65	71	1
66	67	4
66	68	1
66	70	3
66	71	1
67	68	7
67	69	2
67	70	11
67	71	11
68	69	1
68	70	1
68	71	3
69	70	1
69	71	1
70	71	8
