1 8 28 62 63 65 76 103 113 118 138 154 179 180 200 227 247 278 279 302 421 
2 6 22 27 32 50 61 72 111 126 135 152 161 177 182 191 228 255 270 285 286 306 309 314 335 339 363 375 395 398 411 421 431 432 470 482 489 495 500 
2 5 35 44 50 79 99 118 131 165 175 182 205 217 229 252 296 310 312 314 328 392 394 401 415 442 444 464 475 476 491 499 
2 46 47 68 92 121 170 173 175 199 228 237 256 293 317 322 331 334 352 359 361 362 380 418 419 422 446 455 459 460 480 486 
3 30 37 52 53 70 89 110 157 162 209 220 252 297 375 389 418 
4 14 45 61 108 122 136 158 181 189 194 195 214 216 218 236 272 290 298 301 310 330 346 373 375 405 425 430 456 458 461 464 484 498 
7 28 140 156 175 187 193 230 232 283 299 306 318 327 330 342 349 381 389 466 474 479 490 496 500 
9 12 41 49 66 69 71 100 101 120 136 166 220 317 318 351 
10 14 19 44 61 67 73 74 95 97 123 139 184 190 215 220 233 260 262 268 272 326 341 354 358 377 379 401 403 418 420 439 468 481 492 495 
11 75 81 109 114 122 140 153 163 169 173 206 245 255 266 273 305 339 363 367 384 391 
13 21 38 47 55 60 68 77 90 107 233 297 354 355 365 461 
14 36 54 81 102 119 148 173 203 222 225 246 263 280 299 300 303 304 313 321 324 340 360 376 382 387 405 414 428 429 431 433 445 450 452 478 
15 33 48 88 130 132 207 251 252 270 283 307 323 340 345 348 352 359 401 448 456 460 472 
16 68 108 142 151 160 191 206 215 217 224 241 244 264 278 292 299 311 317 326 328 347 353 355 380 413 417 440 441 454 471 483 485 
17 91 119 132 144 166 191 215 226 258 282 288 291 315 352 355 359 378 380 438 439 453 
18 26 28 79 80 168 186 208 231 238 253 261 269 270 283 325 350 365 366 399 409 419 444 453 457 464 473 
18 84 104 159 192 204 217 219 230 248 258 271 284 318 337 338 343 346 372 404 416 426 434 437 443 453 462 484 497 
18 25 27 39 47 65 96 115 140 150 166 171 176 188 197 209 221 224 240 249 267 276 282 319 330 362 364 369 388 403 423 431 439 456 463 469 487 499 
19 31 39 46 82 116 128 129 228 230 259 294 304 308 326 328 332 363 385 386 389 390 405 407 412 427 435 447 451 484 
19 33 58 65 87 94 134 143 185 202 206 210 233 255 272 275 357 398 438 444 449 451 461 465 467 477 488 494 
20 34 50 79 81 97 136 141 145 183 196 223 224 281 297 314 333 351 365 397 406 410 421 
23 51 57 97 108 124 125 132 172 201 243 258 274 316 320 371 438 441 443 460 500 
24 31 43 56 112 118 127 149 164 167 182 271 306 337 362 436 443 451 495 499 
27 33 39 117 146 147 178 198 211 242 254 265 271 282 289 295 310 329 346 354 368 390 396 398 402 408 419 424 436 441 
29 44 46 86 98 105 106 119 122 155 213 234 235 239 250 257 277 278 287 304 336 344 351 356 370 374 383 393 400 403 493 
31 40 42 59 64 78 83 85 93 133 137 174 209 212 337 339 340 390 436 
