1 8 138 278 279 154 28 421 302 179 180 62 63 65 200 76 227 103 113 118 247 
64 133 390 40 137 42 174 78 83 436 85 212 340 59 93 31 
2 131 5 392 394 415 35 165 296 44 310 312 442 205 475 476 99 229 491 
6 135 395 22 152 27 411 285 286 32 161 431 432 177 309 61 72 335 470 482 489 111 495 126 
480 256 322 228 293 422 199 455 361 170 459 331 237 334 486 121 92 446 
384 391 266 11 140 273 153 163 169 173 305 75 206 81 339 363 109 367 114 245 122 255 
320 97 201 441 172 108 460 274 51 243 371 316 23 500 57 124 125 
162 3 418 37 70 389 110 209 52 53 375 89 220 157 30 
4 158 290 425 298 45 430 301 181 189 194 195 458 214 216 218 236 498 373 
257 393 400 403 277 155 29 287 336 213 86 344 98 356 105 234 106 235 493 239 370 374 250 383 
289 198 295 424 329 265 396 398 368 242 211 402 178 117 146 408 147 254 
387 263 14 148 280 414 36 428 429 300 303 433 54 313 445 321 450 452 324 203 222 478 225 102 360 246 376 382 
193 327 232 7 490 330 175 496 381 466 306 342 474 187 156 349 318 479 
66 100 69 101 71 9 41 12 49 120 317 351 
260 262 10 139 268 19 420 184 190 67 73 74 468 341 95 481 358 123 492 377 379 
354 355 68 38 233 297 107 13 77 47 365 461 21 55 90 60 
261 269 399 409 26 419 168 186 444 325 457 80 208 464 473 350 231 366 238 253 
18 404 284 159 416 426 434 437 192 204 462 338 84 343 217 346 219 104 497 372 248 
130 132 270 15 401 283 33 48 307 448 323 456 207 472 88 345 348 251 252 
264 142 16 151 413 160 417 292 299 311 440 454 471 347 353 483 485 241 244 
258 144 17 282 288 291 166 438 439 315 191 453 215 91 352 226 359 119 378 380 
388 267 276 150 25 423 171 176 188 319 197 463 469 221 96 487 364 240 369 115 249 
449 357 134 488 202 494 143 272 465 210 275 467 87 185 58 477 94 
128 385 386 129 259 405 407 412 294 39 427 46 304 435 308 447 451 326 328 332 82 484 230 116 
224 34 196 136 141 333 397 410 145 50 79 20 406 183 281 314 223 
164 167 362 43 271 112 337 499 149 182 24 56 443 127 
