23 38 140 143 148 156 163 181 188 206 248 265 281 293 298 300 308 319 332 358 363 384 397 404 414 420 427 434 460 478 501 512 521 525 527 554 603 608 620 632 658 660 679 686 699 716 771 796 810 812 863 869 
2 17 51 71 79 80 84 115 124 129 149 157 159 166 173 181 186 187 199 233 235 238 256 279 289 298 305 317 338 343 347 358 359 388 396 405 409 416 430 445 457 460 484 490 492 525 526 536 553 577 596 600 657 677 700 729 730 737 774 775 781 798 805 809 817 821 822 827 833 835 836 841 842 844 849 867 887 
43 66 91 107 110 169 173 182 192 196 223 231 238 261 265 273 282 286 287 345 348 364 406 419 443 445 466 479 480 488 505 523 530 531 532 536 545 546 558 560 567 581 592 641 647 653 664 673 680 692 714 729 743 749 752 753 764 776 781 782 807 808 817 818 837 842 845 853 856 865 866 867 870 885 
52 58 101 122 125 131 174 175 226 228 233 247 327 351 352 388 409 416 425 467 477 490 492 521 525 526 528 542 591 596 600 601 602 622 631 653 665 686 704 731 737 740 779 784 786 801 815 818 859 876 887 896 899 
33 46 65 69 111 169 172 214 238 247 254 270 271 273 293 298 311 312 313 336 348 362 375 384 396 403 406 418 420 422 423 426 427 428 439 442 460 465 506 519 525 534 555 560 572 576 589 591 613 617 619 626 629 653 675 710 722 729 737 739 745 755 784 789 808 811 832 842 863 867 870 886 887 899 
23 38 57 91 99 126 140 156 163 188 198 206 248 254 261 281 300 303 332 363 382 384 397 404 414 420 426 427 460 478 482 501 504 531 545 554 581 590 609 622 632 658 660 679 689 693 704 706 742 744 750 754 760 783 788 810 812 843 850 863 869 892 
15 20 29 32 68 78 82 91 92 110 112 123 136 137 138 142 144 157 168 178 193 201 205 207 208 222 250 261 265 270 282 296 304 306 311 318 324 335 339 380 385 391 393 399 412 421 434 445 450 454 461 462 468 474 480 483 485 491 494 496 499 501 509 514 516 519 521 535 536 541 561 566 580 581 584 591 594 608 620 630 647 649 650 654 655 669 671 681 686 690 695 696 702 713 733 734 766 768 782 796 800 801 825 829 838 847 867 868 874 880 892 
14 24 34 43 59 61 65 89 91 118 119 142 147 148 154 183 185 192 196 202 208 215 216 221 227 229 232 234 242 256 278 284 285 291 297 299 310 326 331 335 345 356 360 379 381 387 395 429 433 434 435 437 456 457 460 461 475 483 502 503 507 518 537 538 546 547 550 559 569 573 589 611 613 617 625 628 631 633 641 643 647 650 663 664 666 672 684 685 691 698 700 701 706 708 711 718 724 726 743 746 749 770 793 801 802 817 823 839 840 841 862 864 875 891 900 
7 21 22 31 37 43 57 59 62 64 67 72 73 80 94 96 99 106 107 116 126 127 143 144 147 148 169 179 180 182 184 190 192 194 201 202 221 223 224 227 231 238 241 246 257 262 264 265 273 284 285 286 294 297 303 320 321 323 326 330 334 346 348 364 371 382 385 389 406 413 419 425 438 443 446 454 459 466 471 474 477 480 482 485 495 503 504 513 522 530 532 534 538 545 546 550 558 560 561 562 569 573 584 602 605 609 613 618 620 622 634 640 641 642 644 647 651 664 668 673 676 678 679 682 689 691 692 693 698 701 704 706 707 713 714 722 724 727 730 733 742 744 749 750 752 753 754 760 769 778 781 783 787 788 798 808 811 812 818 827 829 830 837 839 843 850 853 856 857 867 872 877 885 890 892 898 
59 65 68 78 82 92 110 112 123 136 137 138 142 159 168 178 193 201 246 270 293 311 318 320 338 351 363 380 393 399 412 443 461 462 468 491 494 496 499 501 504 516 518 521 527 535 541 549 591 608 617 630 648 649 655 665 669 671 686 687 696 702 710 731 734 758 766 768 791 799 801 812 825 838 847 849 852 868 888 
10 17 32 71 89 129 154 182 186 202 210 229 230 235 242 268 297 298 308 317 331 335 345 355 387 393 405 415 433 439 443 475 476 480 483 492 505 518 521 537 547 553 555 559 590 592 593 596 598 603 633 638 639 652 666 674 677 684 687 699 701 724 730 736 738 743 750 770 771 791 802 805 807 820 821 825 835 840 851 864 875 
15 29 34 68 96 110 112 116 118 121 134 136 137 138 161 162 178 183 185 203 222 232 251 255 283 295 310 339 346 349 353 360 380 381 387 389 393 395 398 400 402 412 431 435 441 445 446 447 453 457 459 461 462 468 480 485 487 491 501 513 535 536 541 557 564 580 583 593 611 630 643 650 657 663 667 669 671 672 673 679 687 696 706 708 711 716 718 732 766 768 792 793 804 825 830 844 845 847 868 877 880 881 888 891 
19 46 49 72 76 84 88 90 100 105 113 133 146 156 160 162 168 170 171 190 195 197 211 212 217 218 224 238 249 257 260 262 269 282 294 302 314 319 329 342 350 355 356 367 377 386 390 396 404 417 420 429 442 449 451 455 465 469 470 472 479 495 502 509 517 518 520 523 531 539 543 555 556 559 560 561 575 576 589 592 599 603 614 617 638 642 649 659 663 668 670 679 685 687 690 694 697 710 721 723 732 735 736 741 742 753 756 757 758 759 762 781 784 803 807 817 823 826 836 842 849 855 862 867 868 870 872 873 883 895 897 898 900 
2 23 28 31 38 39 61 64 69 72 79 85 96 102 120 126 127 131 139 140 144 148 166 181 186 188 191 198 200 201 206 207 210 229 237 239 247 248 256 270 281 282 294 299 300 307 308 311 313 319 322 323 332 335 340 348 360 363 374 375 378 385 387 397 403 404 414 418 420 422 423 430 434 436 442 456 459 460 465 474 478 481 493 495 501 504 505 519 525 534 545 554 555 565 574 575 576 584 590 594 603 608 610 612 620 627 629 632 637 639 645 651 652 658 660 679 680 684 689 699 703 704 716 726 733 736 745 748 754 755 763 771 775 783 787 792 810 811 812 827 829 832 850 863 867 868 869 871 892 
53 58 70 71 77 100 114 116 125 156 164 172 174 189 191 212 226 249 260 262 269 277 282 302 304 319 329 332 343 344 356 359 364 367 368 376 383 384 386 393 394 408 409 410 425 429 431 433 448 450 467 472 480 493 497 507 528 539 548 551 552 556 578 582 587 591 598 601 602 615 618 622 623 631 638 640 650 663 665 666 668 670 679 682 683 691 697 705 710 712 718 720 735 778 784 785 786 790 803 804 810 812 815 825 827 828 841 842 847 848 849 853 854 868 878 890 891 898 
21 27 31 37 59 73 76 77 84 88 95 105 109 113 121 130 133 139 144 160 162 163 170 172 174 178 179 190 195 197 211 217 218 219 224 227 228 233 236 238 257 266 269 284 285 291 294 302 305 309 322 323 326 328 330 333 338 344 350 351 353 357 365 373 375 385 390 392 401 404 413 425 445 449 452 454 455 458 469 474 480 486 493 495 502 503 504 507 508 509 511 520 523 524 531 533 538 542 550 559 561 569 573 579 580 583 584 591 595 599 602 604 605 606 613 614 615 621 631 641 642 644 646 649 656 663 665 668 673 681 685 687 691 692 694 698 701 705 706 720 721 722 723 729 731 733 735 740 741 751 752 753 756 759 762 765 769 772 775 781 783 784 785 786 787 788 789 793 795 800 801 803 812 814 815 817 824 826 828 829 836 839 846 849 851 852 861 862 867 870 872 881 883 892 895 898 
12 17 36 52 71 75 80 83 101 122 124 129 152 186 190 212 235 255 260 269 279 282 317 338 356 358 367 386 388 405 416 430 445 480 484 490 492 502 505 521 525 526 536 553 559 596 600 617 638 646 653 663 666 670 677 697 710 729 730 737 750 773 775 780 785 798 805 809 819 821 835 841 842 844 849 868 887 899 
6 42 46 49 66 69 77 81 111 114 118 124 140 172 174 175 191 207 214 222 226 231 254 270 293 296 311 313 314 319 322 334 336 342 351 352 362 377 384 395 396 403 406 413 417 418 420 423 425 426 428 431 435 439 440 442 443 445 451 460 465 467 470 473 478 479 488 506 519 525 528 534 543 555 567 572 576 589 591 602 605 611 619 626 627 629 631 646 650 658 665 675 700 701 708 709 729 730 732 739 745 755 757 758 766 784 789 791 793 799 807 811 815 832 839 840 842 844 855 859 862 863 867 873 881 891 897 
54 73 97 132 143 145 150 157 158 201 205 207 220 223 274 296 315 324 325 339 353 369 384 391 407 420 421 440 445 474 510 514 515 522 540 569 625 648 683 684 695 713 717 721 734 747 796 813 816 826 874 889 894 
26 62 76 100 105 107 130 132 162 195 204 218 224 244 270 274 276 302 305 350 363 375 396 401 442 445 455 465 508 509 511 517 518 520 534 555 589 592 599 614 621 656 659 694 733 738 741 745 755 772 801 832 862 883 
13 26 41 44 50 56 66 72 73 77 103 109 117 139 148 151 167 176 253 258 275 282 285 287 288 292 299 301 308 366 375 378 379 394 398 404 440 441 444 445 464 484 489 493 498 503 511 523 527 529 535 536 538 544 555 569 570 580 590 591 593 603 616 621 623 636 639 652 664 676 679 725 728 735 736 740 743 758 759 764 771 773 776 777 785 794 795 797 806 822 828 834 842 848 860 865 866 870 874 879 880 882 893 896 
7 18 19 21 22 31 32 37 45 51 57 64 67 77 84 88 90 96 99 105 108 116 126 132 133 144 146 147 157 158 160 163 172 173 179 184 192 194 197 198 202 204 213 221 224 227 228 233 246 252 254 264 267 274 280 285 294 297 302 303 321 323 329 333 344 346 351 352 365 369 373 376 378 382 384 385 389 390 404 410 411 413 424 426 429 445 452 454 459 474 482 485 493 495 497 503 504 510 515 518 520 524 531 533 538 540 545 550 551 561 562 565 573 579 584 589 595 597 598 606 609 613 615 622 624 639 640 641 642 644 648 649 651 659 662 676 679 682 687 689 690 691 693 698 701 704 705 706 709 712 717 720 729 735 742 744 750 751 754 756 760 762 769 783 787 788 797 803 812 814 817 818 824 826 829 830 843 846 848 850 854 861 865 874 880 881 892 894 895 898 
15 51 59 78 82 88 123 132 136 150 157 158 159 172 193 204 207 222 264 274 293 311 312 318 320 326 338 345 369 384 399 424 434 449 494 496 499 510 512 515 516 518 527 532 540 577 608 617 648 655 662 686 702 710 717 729 731 733 768 790 801 817 825 833 838 841 894 
5 12 15 29 30 39 42 49 59 65 66 83 89 91 100 109 110 119 134 171 192 196 214 216 222 227 229 231 270 277 283 291 296 306 314 316 319 322 334 335 338 342 343 345 352 372 377 381 393 402 408 417 420 423 437 443 446 451 456 457 460 468 470 472 473 475 479 485 487 488 505 513 535 537 541 543 544 547 550 557 560 564 567 617 619 626 630 633 641 662 669 679 682 685 701 709 716 719 724 732 743 746 757 758 766 791 792 799 800 802 807 823 825 840 841 844 855 856 864 872 873 875 881 897 
11 21 25 55 75 81 85 92 98 102 109 120 121 139 141 153 154 156 160 165 166 170 191 209 214 225 230 232 233 243 259 266 280 286 302 309 320 327 340 341 353 354 370 374 387 390 400 403 411 430 472 486 492 493 494 512 516 517 527 529 539 544 564 565 567 568 570 583 585 586 588 594 604 610 612 616 617 627 628 634 637 653 661 673 680 703 709 715 719 721 724 739 750 761 763 775 776 780 794 802 806 819 826 827 844 851 860 871 876 877 890 900 
32 54 67 97 106 127 143 145 147 150 165 179 184 201 202 205 207 220 221 284 285 296 315 321 324 326 329 334 339 353 377 389 391 407 420 421 440 445 450 474 478 503 514 522 523 529 534 538 569 580 613 615 625 641 681 683 684 691 692 695 698 713 721 734 747 751 754 769 807 813 816 839 850 874 889 898 
10 19 47 57 65 68 84 88 90 95 100 104 109 113 133 139 146 160 163 170 172 190 197 205 211 217 219 226 227 228 238 257 263 266 269 272 273 291 297 328 329 330 333 334 341 344 353 355 357 365 373 390 392 394 404 420 449 452 463 469 486 495 502 514 518 520 522 524 531 533 542 549 560 561 563 573 575 579 595 604 605 606 617 623 631 634 644 645 649 659 663 668 675 681 685 687 690 692 713 721 722 723 735 736 748 751 753 756 759 762 765 766 781 784 785 803 814 817 823 824 826 836 843 846 849 850 851 852 861 864 870 872 878 881 886 895 
19 21 27 32 65 71 88 114 118 121 123 133 139 146 158 160 185 197 232 233 234 235 266 305 309 310 311 316 320 353 360 390 395 405 415 458 476 486 493 495 507 520 523 534 561 570 583 589 604 611 617 643 649 650 659 666 672 673 674 681 687 705 706 708 710 713 718 721 731 732 735 756 762 766 770 775 793 803 820 823 824 826 836 850 851 864 876 891 895 
1 8 13 21 26 32 33 38 48 60 79 80 93 100 106 112 117 121 125 128 135 137 139 154 177 189 210 214 226 228 232 241 245 251 258 266 271 277 292 300 304 306 307 309 310 320 327 341 353 354 357 360 361 368 375 383 408 412 422 431 432 433 438 440 447 448 457 458 459 461 464 466 468 469 475 481 486 491 500 501 502 507 509 526 535 541 548 552 554 562 568 570 571 574 575 578 580 582 583 586 587 594 604 605 606 607 618 640 645 650 651 656 662 669 671 672 673 676 681 682 688 690 696 708 720 721 726 727 731 751 753 765 766 770 773 778 779 785 788 790 802 804 806 815 825 831 834 841 847 849 858 860 867 872 876 877 879 882 883 890 893 896 
33 38 40 52 64 95 127 131 139 140 144 150 154 166 177 186 200 210 228 239 248 251 281 298 300 307 319 327 328 332 333 341 354 357 363 365 388 392 397 414 422 436 454 459 464 475 481 488 512 521 524 525 533 544 549 554 567 573 574 575 579 590 595 605 610 632 651 658 660 684 717 726 751 752 802 810 812 814 829 846 852 863 869 886 887 891 900 
35 60 63 69 76 80 102 105 106 117 130 132 137 151 158 165 166 195 204 218 222 224 225 241 243 244 254 258 259 271 274 276 280 302 305 320 322 350 354 361 363 369 375 384 401 424 432 447 455 502 508 510 515 517 540 555 558 568 570 571 573 580 585 586 589 599 607 614 616 618 621 624 634 638 648 654 656 661 688 693 694 701 706 715 717 727 733 738 741 745 750 767 772 780 788 825 832 843 858 862 867 879 882 883 886 894 896 
35 59 60 63 73 86 94 102 113 137 147 155 165 166 174 179 180 202 220 221 225 227 228 240 243 246 254 259 271 284 285 290 306 312 326 328 333 334 344 355 365 371 373 392 406 444 447 452 471 477 480 492 503 538 542 550 558 569 570 573 579 580 585 595 605 613 616 634 635 638 641 644 646 654 661 674 678 687 691 692 698 701 707 715 722 731 740 750 765 780 789 795 798 803 813 814 824 839 857 861 878 886 898 
14 34 114 118 162 183 185 222 230 232 234 291 305 310 339 346 360 387 395 400 434 457 459 507 559 573 589 611 643 650 663 666 672 673 684 700 701 708 709 711 718 726 732 791 793 830 851 881 888 891 896 
4 17 29 51 56 66 68 74 79 80 83 87 110 112 115 137 138 149 152 159 161 176 181 182 187 199 203 206 212 233 235 236 246 247 251 255 268 275 280 287 289 295 298 301 305 322 337 340 347 349 359 366 380 387 393 398 400 409 412 415 431 435 439 441 453 461 462 468 476 480 485 489 490 491 499 523 535 536 541 544 549 566 567 577 580 591 593 598 600 623 624 630 636 643 650 657 664 667 669 671 674 679 696 700 709 711 728 734 738 743 759 764 767 768 770 774 776 777 779 792 797 798 800 805 809 820 825 827 828 830 833 844 845 865 866 868 878 880 884 888 894 897 
14 16 25 34 41 44 48 50 58 68 75 77 79 81 84 98 103 109 113 114 117 135 141 151 167 170 172 175 183 185 190 209 211 213 217 219 226 230 234 238 253 257 258 269 273 286 288 291 292 294 297 302 305 310 316 330 346 359 370 374 379 387 394 395 396 411 416 425 430 431 435 449 457 464 467 469 472 475 486 489 498 501 507 517 519 526 528 539 544 565 580 588 591 592 593 594 601 602 610 612 617 623 625 627 628 631 636 637 643 644 650 653 661 663 665 666 668 672 675 676 679 680 685 692 700 703 706 708 718 719 723 725 728 729 732 735 737 743 753 759 761 763 771 773 777 781 785 786 793 794 806 817 819 822 827 828 831 833 834 836 851 859 860 870 871 872 876 882 887 891 893 896 899 900 
13 47 73 79 86 104 118 128 155 172 173 180 184 219 241 246 263 272 306 320 325 329 332 364 368 371 378 384 427 433 444 463 477 523 539 549 562 563 568 621 631 635 645 646 651 675 678 683 707 722 736 740 746 748 759 767 789 795 810 865 878 884 886 
24 61 65 89 91 119 156 162 168 171 196 212 215 216 229 242 256 260 262 268 278 284 297 298 299 310 319 331 335 338 343 345 355 356 363 367 379 386 387 409 415 429 434 437 439 446 456 460 472 475 476 483 489 502 537 539 547 556 589 617 633 638 639 663 666 670 674 679 685 697 701 708 709 710 724 738 742 743 744 754 770 773 783 785 800 802 807 820 823 840 842 849 862 864 868 869 875 898 
100 125 162 168 171 189 277 304 316 326 332 343 364 368 375 383 408 425 433 446 448 487 502 512 513 548 552 578 582 587 618 640 662 682 683 697 716 720 778 790 804 841 847 860 898 
2 17 26 34 37 45 51 52 58 67 79 80 92 95 101 106 108 114 115 116 118 122 149 157 159 162 163 173 174 175 181 182 183 184 185 187 194 199 213 223 224 226 228 233 234 247 252 256 265 267 273 276 289 291 302 310 321 327 328 329 333 338 341 343 346 347 348 350 351 352 357 359 365 373 376 378 384 388 389 392 395 396 403 409 416 422 425 431 452 457 467 480 490 507 524 525 528 538 542 545 555 562 565 573 576 577 579 591 595 597 600 601 602 606 611 615 618 631 639 642 643 650 653 661 665 667 672 690 700 704 705 708 714 718 727 731 732 737 749 751 752 765 769 774 779 784 786 793 803 808 809 811 812 814 815 818 822 824 826 830 831 833 837 846 848 849 852 859 861 862 874 876 881 883 885 887 891 896 899 
47 58 73 83 86 93 94 104 106 110 114 118 125 128 138 155 168 175 180 219 240 245 246 263 272 290 304 306 312 325 351 361 371 375 406 412 419 425 427 432 444 463 467 471 477 500 502 507 528 532 539 541 543 549 563 568 571 577 586 591 601 602 607 616 618 620 621 631 634 635 645 646 651 656 665 668 675 678 683 688 696 707 722 736 740 746 748 767 784 786 789 795 811 815 819 836 857 858 859 867 877 878 883 885 886 890 894 897 
3 8 20 26 43 55 58 77 81 85 91 92 96 98 107 110 111 120 125 126 142 147 153 162 169 170 171 172 173 174 175 179 191 192 198 202 208 214 221 223 226 227 236 250 261 265 267 271 273 276 280 282 284 285 286 309 320 326 334 336 340 348 351 360 362 364 370 372 374 381 384 387 396 399 402 403 409 419 423 425 426 427 428 430 431 437 440 443 446 458 466 467 479 480 483 503 506 513 516 519 525 528 530 531 532 535 538 545 546 550 560 565 566 569 572 577 581 591 592 594 597 601 602 604 610 612 613 619 620 622 626 627 629 631 637 640 641 647 653 654 657 661 665 673 675 680 685 686 690 691 692 693 698 703 709 714 716 724 731 739 742 744 746 749 752 760 763 782 783 784 786 788 794 796 800 802 808 811 813 815 827 832 837 839 842 845 850 853 856 859 863 871 875 885 888 896 898 
9 30 39 56 67 83 94 108 109 134 152 161 162 171 176 194 204 206 212 214 247 251 264 275 280 283 287 301 316 321 322 334 340 359 366 372 381 398 402 415 441 446 453 479 483 485 487 511 513 518 527 529 530 536 543 545 557 564 570 571 597 609 624 639 642 664 667 693 704 709 716 734 743 746 764 765 766 767 776 779 792 794 797 800 802 806 841 848 855 864 865 866 880 881 884 890 894 897 
