10 24 30 49 66 74 103 108 153 272 288 348 350 398 548 649 
13 54 98 111 132 169 222 273 278 301 357 374 375 377 380 411 415 460 465 484 535 544 553 559 570 584 596 626 648 673 694 
12 44 65 107 115 129 139 174 176 205 283 355 367 370 491 505 691 
34 38 90 95 127 137 154 189 221 239 242 251 296 299 336 357 377 388 444 466 476 557 601 648 658 674 684 
34 35 53 59 70 77 86 89 90 95 96 137 150 159 186 223 231 238 251 258 259 264 287 299 304 310 311 376 398 416 424 434 457 476 486 516 517 527 530 545 547 557 562 575 588 589 601 618 653 674 684 
1 15 18 20 28 42 69 71 84 93 105 122 136 149 159 162 163 164 166 167 170 186 201 212 227 234 241 259 261 263 274 290 291 292 293 297 322 328 329 340 360 369 388 402 423 427 434 438 439 449 453 454 466 475 484 493 495 518 523 532 533 534 561 563 575 594 595 598 606 638 641 649 657 672 679 684 690 692 
36 57 79 126 140 144 145 150 170 171 199 202 204 207 230 232 248 261 262 263 264 267 317 323 337 364 373 404 409 410 418 421 444 461 477 483 503 508 511 539 543 574 577 580 601 609 625 626 633 
10 33 92 114 120 178 200 255 257 281 290 294 313 326 346 348 405 452 454 458 507 509 525 539 573 622 659 685 
43 45 79 85 112 124 138 151 153 157 169 175 177 179 180 181 211 217 225 260 277 278 295 305 314 318 323 337 339 349 373 381 389 401 406 407 420 423 428 444 446 447 473 475 477 480 481 483 506 519 532 548 551 555 568 571 580 585 590 591 593 613 615 617 619 626 633 636 645 668 676 683 693 698 700 
8 29 41 43 61 68 76 78 80 83 88 96 100 101 102 104 106 111 114 116 121 123 124 126 133 140 142 143 144 148 159 171 173 192 194 195 196 203 204 205 215 218 221 224 229 233 239 241 243 246 258 266 271 279 290 296 304 306 307 310 312 315 320 325 335 339 342 344 346 355 356 365 366 368 378 387 393 395 398 400 405 406 407 412 431 432 436 439 450 456 458 467 474 477 480 488 499 507 509 511 524 525 537 538 542 543 548 556 558 560 564 567 568 573 578 579 582 592 595 605 611 614 621 623 624 629 630 631 638 646 656 659 664 666 667 677 678 683 684 685 
4 14 15 22 43 45 57 67 79 94 112 120 124 125 128 133 135 146 151 153 154 155 157 175 177 180 182 192 194 196 202 217 229 243 253 260 261 262 278 303 314 316 325 336 339 342 353 361 377 378 390 396 407 409 410 413 420 428 431 432 444 445 446 455 461 473 474 475 477 478 481 486 490 491 498 499 500 504 508 528 529 548 555 566 578 580 583 586 592 593 599 610 613 626 627 632 635 664 665 666 667 682 683 686 688 691 700 
9 11 18 23 27 46 55 56 58 60 62 64 79 83 85 86 93 96 100 102 105 113 117 119 123 124 125 137 143 144 152 154 158 161 163 175 177 186 190 195 197 199 203 204 206 208 211 212 214 218 225 226 233 235 243 244 246 250 258 262 268 277 279 283 291 293 296 298 299 304 311 313 322 332 334 335 341 345 346 352 354 360 366 369 381 386 391 396 399 400 402 413 414 422 426 427 430 434 439 441 442 443 448 450 453 462 466 467 473 484 491 492 508 510 515 520 522 524 528 531 537 539 543 546 549 550 555 563 569 570 571 574 575 581 582 583 585 597 600 603 606 610 617 623 624 637 638 643 658 665 669 680 681 687 688 
81 114 120 121 131 133 182 194 205 215 229 241 304 320 378 405 406 410 431 432 458 461 474 507 511 573 578 579 592 631 640 646 659 664 667 683 684 691 
18 35 67 159 160 170 224 233 247 254 286 287 289 338 352 363 374 390 392 396 403 525 527 528 529 534 541 574 587 595 607 652 660 687 
18 35 67 159 160 170 212 224 233 234 247 254 286 287 289 291 293 338 352 360 363 369 374 390 392 396 402 525 527 529 534 541 574 587 595 607 616 652 660 687 
26 65 83 110 141 156 183 188 189 198 204 210 236 265 320 367 373 375 447 459 468 483 489 493 518 526 529 533 535 536 543 552 577 608 620 630 639 644 662 665 686 687 689 
11 13 21 51 82 99 101 178 211 216 222 250 252 254 272 277 282 300 314 327 330 348 363 370 371 382 403 415 433 455 460 469 496 497 502 505 512 514 521 531 553 572 622 630 631 644 665 686 696 
19 38 41 51 56 81 83 86 112 126 138 142 145 153 156 183 187 220 228 259 263 269 285 298 311 337 351 359 363 383 393 408 411 414 419 448 463 466 473 481 482 504 512 513 515 522 532 569 588 589 606 610 621 624 634 637 647 651 661 674 676 694 
11 38 56 58 60 73 81 83 100 112 123 126 131 136 140 142 145 152 153 156 183 191 197 199 202 203 204 206 211 214 218 220 235 245 259 262 263 269 280 283 285 297 298 311 313 323 334 341 346 351 358 359 373 381 383 391 400 408 419 427 437 444 448 450 451 464 466 473 477 481 483 487 494 501 502 508 511 512 513 522 528 529 539 543 546 549 553 565 569 588 589 604 606 609 610 633 634 637 647 651 655 661 674 676 687 688 694 698 
19 25 34 38 41 51 53 56 59 64 70 77 83 86 89 90 95 96 121 126 137 138 142 145 150 153 154 159 166 183 186 220 221 223 228 231 238 239 242 251 258 259 263 264 285 287 296 298 299 304 310 311 336 350 351 357 359 376 377 383 388 398 405 408 411 414 416 419 424 434 444 448 457 458 466 473 476 481 486 507 513 515 516 517 522 525 527 530 545 547 557 562 563 569 575 579 588 589 606 610 618 633 634 637 642 646 647 648 651 653 659 661 664 674 676 684 694 
4 11 13 17 19 21 22 25 31 38 41 43 45 46 47 51 52 54 55 56 57 58 60 62 64 67 71 73 76 79 80 81 82 83 85 86 87 93 98 99 100 104 106 109 110 111 112 113 114 116 118 120 121 124 125 126 127 131 132 133 136 138 141 142 143 146 149 151 152 153 156 157 160 161 162 163 164 165 166 167 169 171 175 177 179 180 181 182 183 185 187 188 189 190 191 192 194 195 198 199 201 202 205 208 211 213 215 216 217 218 219 222 225 226 227 228 229 230 236 237 240 241 243 245 246 249 250 252 256 258 259 260 261 262 263 264 265 270 272 273 274 275 276 277 278 279 280 282 283 287 290 292 295 297 298 300 301 302 303 304 305 307 309 313 314 315 316 318 320 323 325 327 328 330 331 332 333 335 336 337 339 342 343 344 345 346 349 350 352 353 355 357 361 362 363 366 367 370 371 374 375 376 377 378 380 382 384 385 389 390 391 393 395 396 398 399 400 401 403 404 405 406 407 409 410 411 412 413 414 415 418 420 422 423 424 426 428 429 431 432 433 436 437 438 439 440 445 446 447 448 449 450 451 455 458 459 460 461 463 464 465 466 467 469 470 473 474 475 478 479 480 481 484 485 487 489 491 492 493 494 497 500 501 502 503 504 505 506 507 508 509 511 512 514 519 520 521 522 523 524 525 526 528 529 531 532 534 535 537 539 540 542 543 544 551 553 554 555 556 559 560 563 566 567 568 569 570 571 572 573 574 575 576 577 578 579 580 582 583 584 585 588 589 590 591 592 593 594 596 597 598 601 603 604 606 609 610 611 612 613 615 617 619 620 622 624 626 627 630 631 632 633 634 635 636 637 638 639 642 644 645 646 648 654 655 657 658 659 661 664 665 666 667 668 669 670 671 673 674 675 676 678 679 681 683 684 685 686 687 688 689 690 691 693 695 696 698 
96 100 119 142 157 187 192 196 203 224 233 239 241 266 315 337 340 344 358 363 373 393 395 398 436 477 480 488 506 518 538 542 560 567 568 595 621 624 
23 29 32 41 43 55 64 70 76 80 87 88 101 102 104 105 106 116 117 118 119 123 124 140 142 143 144 152 154 157 158 159 171 175 178 182 192 195 196 197 202 204 218 219 221 225 226 239 244 246 250 258 262 268 270 277 279 283 288 299 302 304 307 310 323 325 333 335 337 339 340 341 342 346 354 358 363 367 384 393 410 412 413 420 422 426 430 439 440 441 442 443 462 463 467 473 477 480 482 488 504 505 506 509 510 515 520 524 537 538 540 543 547 548 550 554 555 558 560 567 568 571 576 580 582 583 585 600 603 611 613 617 621 623 624 631 638 641 643 654 664 667 670 676 678 680 681 683 
3 17 38 56 69 70 71 84 93 105 122 136 138 140 149 156 159 170 180 186 198 201 205 234 240 249 259 261 263 266 267 275 288 322 323 329 335 337 340 358 373 418 422 427 429 434 438 448 451 453 454 463 477 479 482 483 484 495 506 518 522 523 529 532 543 561 563 565 569 579 590 594 598 606 633 637 649 657 672 674 675 679 684 692 
9 32 36 46 88 106 119 123 127 140 142 156 157 171 178 181 187 192 193 198 199 203 204 207 208 211 213 231 232 237 239 240 246 248 249 254 256 263 270 275 288 295 301 317 318 321 323 325 337 339 340 343 349 358 362 363 364 373 393 401 404 410 421 429 435 437 440 444 451 461 464 465 472 477 479 480 482 483 487 488 503 504 506 511 518 529 538 543 560 567 577 589 609 613 615 619 621 623 624 625 633 635 636 648 655 663 671 675 678 698 699 
8 16 34 40 51 61 68 78 90 95 101 112 127 148 152 165 167 168 173 185 193 203 208 213 221 230 237 240 242 243 245 249 250 251 256 271 275 288 296 306 310 312 321 331 332 356 357 362 365 377 385 387 394 400 417 429 435 437 447 450 451 456 461 464 472 476 482 483 487 506 509 512 528 534 535 556 557 564 583 589 591 601 605 609 613 614 623 629 635 641 646 648 655 656 663 666 667 671 675 677 678 684 698 699 
6 7 9 17 39 46 50 85 91 96 127 130 136 140 142 147 162 172 175 184 187 193 203 208 227 231 237 240 249 254 256 258 267 275 284 308 315 321 334 339 343 344 355 368 385 386 404 417 418 428 429 435 436 444 451 454 461 465 469 470 476 477 479 482 483 487 502 503 506 508 518 527 565 570 573 581 584 589 595 609 616 620 623 635 640 648 663 672 675 695 699 
4 22 32 36 46 60 79 82 85 88 97 109 125 134 144 150 160 175 177 197 202 207 208 215 222 227 230 231 232 243 248 252 261 262 264 267 268 276 283 284 288 290 308 317 319 323 324 325 330 332 334 336 337 339 341 343 346 347 354 358 363 364 366 379 382 386 393 403 404 409 413 418 421 422 441 462 469 473 480 481 482 488 502 503 504 508 512 514 515 521 531 538 539 542 560 565 570 573 574 576 580 581 584 591 601 612 613 616 621 625 626 634 640 643 654 661 665 670 676 678 679 680 686 688 695 
3 58 60 73 100 119 123 125 131 136 152 183 185 191 198 199 202 203 206 211 213 214 218 228 235 243 245 264 280 283 297 309 313 323 341 346 362 379 381 391 400 414 423 427 440 450 464 481 494 500 501 502 508 528 539 546 549 555 574 576 580 601 604 606 609 626 633 634 655 671 676 687 688 689 698 
3 16 40 45 53 54 59 61 68 77 78 99 119 148 151 165 169 171 173 185 198 199 213 217 221 230 238 243 245 250 258 260 264 271 277 296 304 306 310 312 356 362 365 387 400 414 423 437 444 446 447 450 456 457 464 487 509 512 517 528 535 555 556 564 589 593 605 609 614 623 629 633 646 653 655 656 657 666 667 671 677 678 689 698 
28 77 97 106 134 161 189 235 243 319 320 324 332 341 347 379 399 404 409 440 484 491 504 508 530 576 580 625 
8 11 21 22 37 51 88 99 101 103 106 145 152 157 168 178 187 192 204 211 216 222 239 250 254 266 274 277 282 288 292 300 321 325 327 331 332 348 370 371 373 380 385 393 394 410 417 433 435 440 451 455 460 472 475 477 480 482 483 487 488 489 496 497 502 504 505 511 518 521 531 534 538 553 560 572 573 583 591 612 613 621 622 623 630 631 641 644 663 678 684 685 686 690 696 699 
1 25 84 87 100 118 122 123 180 182 186 198 199 206 208 214 219 259 302 322 333 346 367 381 384 391 397 410 412 434 453 484 500 505 507 509 516 532 540 546 549 554 563 567 576 594 606 620 631 657 678 684 688 695 
6 7 17 31 40 50 79 91 109 127 130 147 152 157 160 162 168 172 177 187 193 202 227 231 237 240 249 252 262 269 275 276 321 325 330 336 352 363 368 369 382 394 403 404 422 429 454 461 465 469 479 488 502 503 506 508 512 514 518 531 538 539 542 573 580 584 591 601 609 612 620 634 654 665 670 675 679 688 693 695 
11 39 43 46 47 54 60 67 69 80 93 96 101 102 117 119 125 136 140 144 158 163 171 184 195 197 204 208 218 231 239 244 246 258 262 264 267 268 272 274 276 277 279 283 284 290 296 299 304 307 308 310 323 325 334 335 338 339 341 342 354 355 358 366 368 386 406 412 413 418 422 428 430 439 441 442 443 449 462 466 467 470 477 483 508 515 524 527 537 543 548 550 558 563 565 566 567 573 581 582 584 600 601 609 611 616 623 638 640 642 643 664 672 680 687 695 
52 93 100 109 111 123 138 171 179 180 181 187 196 230 233 266 295 305 315 318 323 330 332 337 339 340 344 349 373 382 389 393 395 401 406 436 447 455 477 480 485 503 512 519 542 551 560 561 568 584 590 591 612 615 619 621 634 636 645 661 668 670 676 678 679 693 
3 5 26 54 57 58 62 71 72 75 83 99 105 106 110 113 119 136 137 141 150 161 165 169 185 188 190 198 199 201 210 213 218 230 236 245 265 269 270 293 311 320 345 346 357 362 367 375 399 407 414 424 437 447 450 459 460 464 468 470 485 487 489 492 493 495 512 514 523 526 528 530 531 533 535 536 542 552 555 556 570 577 579 597 598 608 610 620 622 630 633 634 639 644 646 655 657 658 662 665 666 667 669 671 674 686 687 689 692 698 
4 5 9 13 20 21 25 26 28 31 32 34 35 36 38 42 43 46 47 51 53 54 57 58 59 60 62 65 67 69 70 72 73 75 77 79 81 82 83 87 88 90 95 96 97 98 99 100 102 106 107 109 110 112 113 114 115 118 119 120 121 126 127 129 131 132 133 134 136 137 139 141 142 143 144 145 146 149 150 152 154 156 159 160 161 164 165 166 167 170 171 174 176 178 180 182 183 184 186 187 188 189 190 191 193 194 195 198 199 203 205 207 210 211 212 213 214 215 216 218 219 220 221 222 223 224 227 228 229 230 231 232 234 236 237 238 239 240 241 242 243 245 246 247 248 249 250 251 252 254 256 258 263 264 265 267 269 270 272 273 274 275 276 277 278 279 280 282 284 285 286 287 289 290 291 292 293 295 296 297 299 300 301 302 303 304 307 308 309 311 316 317 319 320 324 325 327 328 330 333 334 336 338 341 343 345 347 348 350 351 352 353 355 357 359 360 361 362 363 364 366 367 369 370 371 374 375 376 377 378 379 380 382 383 384 386 388 390 391 392 396 398 399 402 403 404 405 406 407 408 409 410 413 414 415 416 419 421 422 423 424 427 428 429 431 432 433 434 437 439 440 444 445 447 449 450 451 455 457 458 459 460 461 464 465 466 468 469 470 472 474 476 478 479 481 482 483 484 485 486 488 489 491 492 493 494 496 497 500 501 502 503 504 505 506 507 511 512 513 514 516 517 518 521 524 525 526 527 528 529 530 531 533 534 535 536 537 538 540 541 542 543 544 545 547 548 549 552 553 554 555 556 557 558 559 562 563 565 566 567 570 572 573 574 575 576 577 578 579 581 582 584 587 589 591 592 594 595 596 597 601 604 607 608 609 610 612 616 618 620 621 622 625 626 627 630 631 632 633 634 638 639 640 642 644 646 647 648 651 652 653 654 658 659 660 661 662 664 665 666 667 669 670 671 672 673 674 675 679 683 684 685 686 687 688 689 690 691 694 695 696 698 
9 14 22 27 37 43 45 55 63 64 70 79 94 99 103 105 110 112 123 124 128 135 141 144 151 152 154 155 157 168 169 175 196 209 217 221 225 226 250 253 260 261 266 269 277 278 282 288 314 321 331 336 340 343 352 358 368 371 372 375 381 382 385 394 406 407 409 411 413 417 420 423 425 426 428 431 435 444 446 447 451 459 463 471 472 473 475 482 483 486 487 489 490 496 498 499 506 510 511 520 532 548 555 571 572 583 585 586 593 599 600 602 603 613 617 623 624 625 626 628 635 639 641 643 644 650 654 663 666 667 681 682 683 686 697 699 700 
14 15 22 57 71 93 94 101 105 128 135 154 155 156 196 201 205 253 261 269 329 335 336 340 342 390 409 431 434 438 461 475 486 490 495 498 499 500 561 575 579 583 586 598 599 635 649 666 674 682 686 692 700 
2 28 37 45 48 58 63 77 79 103 124 144 145 149 151 152 156 157 166 168 169 175 209 217 225 228 260 263 266 277 288 300 314 318 321 331 332 343 358 368 372 373 381 385 394 397 406 407 413 417 420 425 428 435 444 446 451 463 471 472 473 475 477 482 483 486 487 489 510 511 520 529 534 543 548 555 571 573 583 585 590 591 593 600 602 603 613 615 617 623 624 625 626 628 633 636 641 642 644 645 650 654 663 676 681 683 685 690 691 693 697 699 700 
15 18 20 24 28 30 47 49 56 66 69 71 74 84 89 108 122 136 149 156 160 163 164 166 167 170 186 198 199 200 204 208 211 212 241 263 274 277 278 291 292 293 314 322 328 329 340 350 358 360 369 373 374 381 388 397 402 407 416 420 422 423 424 434 438 439 444 446 449 453 466 470 475 495 504 511 516 518 523 529 532 547 548 553 560 561 563 575 579 593 598 613 638 641 642 649 650 674 690 700 
