1 3 134 135 392 265 393 18 275 23 43 304 57 187 60 453 200 100 365 371 380 
6 144 276 283 27 156 288 299 44 175 309 324 73 460 343 351 352 358 231 360 248 
96 65 2 34 26 35 137 42 47 51 20 117 119 120 58 
257 385 387 138 160 545 674 166 298 555 177 439 447 64 457 203 332 589 464 466 84 597 219 92 613 487 368 630 377 123 383 
640 513 262 651 270 146 403 665 670 165 680 553 428 557 302 562 179 310 184 440 191 451 197 328 204 86 217 489 627 245 502 375 501 
130 4 260 9 139 399 16 528 19 409 666 539 542 161 290 420 293 432 435 52 56 313 570 316 446 63 576 482 103 621 622 366 240 497 625 494 
388 644 517 273 404 535 280 408 540 413 673 547 164 37 39 426 556 46 430 49 564 566 695 696 445 574 68 599 606 95 229 617 239 496 116 634 
521 658 532 29 414 294 167 422 169 312 442 444 195 334 469 598 88 477 94 480 99 104 488 110 112 629 632 510 
515 5 8 10 13 526 271 274 661 406 664 287 677 421 679 424 683 689 50 308 694 322 76 596 603 475 222 356 235 236 633 381 372 118 249 509 
643 518 11 530 22 663 291 40 685 311 572 192 321 66 582 71 77 461 341 471 89 90 226 98 374 122 636 639 
128 256 263 650 524 653 15 155 541 546 568 569 194 323 329 331 339 342 227 355 357 106 492 500 504 506 
7 142 279 25 32 297 45 183 186 212 93 354 230 361 234 362 105 251 125 
259 516 389 395 14 152 669 551 172 429 559 560 307 691 327 458 205 463 336 340 476 223 611 101 614 109 623 378 635 124 127 
519 140 401 282 30 544 418 681 561 185 315 317 450 67 456 585 594 345 350 490 498 626 254 
648 397 656 533 411 284 285 676 305 452 333 206 595 87 216 347 111 243 115 121 382 
258 523 12 531 281 154 410 543 416 36 678 554 303 176 436 437 181 692 698 571 443 578 70 590 78 465 467 213 608 353 224 108 495 376 252 126 511 
391 522 655 272 400 529 289 565 61 319 202 586 587 79 83 600 346 221 97 102 615 631 618 619 503 
225 198 232 168 396 301 369 242 147 499 405 54 210 
646 520 394 266 268 525 17 657 660 278 24 31 672 671 163 173 687 180 699 580 72 462 207 211 85 602 605 481 233 620 237 493 238 624 250 507 
642 133 390 649 269 143 145 402 150 153 538 158 33 162 419 423 552 296 558 688 690 567 700 189 320 454 199 201 592 472 91 607 609 612 485 491 114 628 505 
641 261 264 652 141 527 21 407 536 537 417 675 548 549 295 425 427 300 686 48 433 434 438 55 441 193 449 583 209 337 338 470 218 483 484 486 367 247 253 638 
386 267 662 151 668 171 306 563 53 697 314 59 190 448 581 584 74 459 591 208 593 335 349 228 107 364 370 244 255 
129 514 645 647 149 667 412 286 292 41 170 684 188 575 577 579 455 330 215 473 220 478 610 616 
384 512 136 398 659 148 277 534 28 157 38 550 682 174 431 178 693 182 318 62 196 325 69 75 588 80 82 468 601 474 348 604 479 113 373 246 379 508 
131 573 132 326 359 415 363 654 241 81 214 344 637 159 
