36 41 66 77 78 121 191 196 204 218 225 234 238 262 279 318 330 376 386 391 393 395 400 414 416 459 460 469 470 471 480 485 488 503 508 512 517 532 545 579 595 597 611 612 618 628 640 651 672 680 689 691 694 
36 44 52 93 98 104 105 116 132 136 138 150 151 168 179 187 189 194 202 204 223 229 235 247 260 269 276 281 285 300 316 330 341 355 356 358 361 369 373 380 382 400 401 406 414 415 417 424 425 432 434 437 438 442 444 449 457 475 478 503 508 520 524 531 536 543 547 548 549 573 575 576 579 583 585 586 589 591 594 596 616 621 622 630 634 636 639 650 658 661 662 665 666 673 674 686 689 690 698 699 
27 33 35 45 46 50 71 73 74 75 81 82 99 111 124 142 145 161 162 167 205 225 228 232 249 263 264 283 288 290 326 339 340 377 384 402 407 413 484 491 500 515 530 561 569 602 641 670 674 697 
1 24 30 34 54 60 87 88 92 107 114 115 122 131 144 151 158 160 172 188 192 195 200 210 219 224 231 249 260 268 269 279 286 290 294 305 316 317 323 324 333 337 341 343 350 353 370 379 381 383 385 393 401 405 406 411 414 417 418 422 425 428 430 432 437 445 458 463 465 466 469 471 472 478 479 488 489 499 501 507 512 518 528 531 533 537 538 547 548 549 556 558 563 575 576 580 581 583 589 607 608 611 616 617 619 621 633 634 642 644 648 658 663 669 670 671 677 678 684 685 689 691 693 
5 7 11 28 43 47 57 60 70 91 92 101 110 111 113 115 116 117 122 133 135 139 140 144 153 183 210 211 217 222 245 251 252 266 279 286 293 306 307 317 323 331 336 337 341 343 348 353 357 360 370 376 385 386 394 406 421 423 424 427 428 437 444 445 454 460 462 463 472 475 478 490 499 500 501 511 513 521 525 529 556 561 570 573 588 590 594 595 598 612 613 625 631 640 642 645 647 652 660 664 668 670 671 678 692 
2 9 10 18 39 42 48 54 63 67 68 78 82 91 92 102 107 111 121 122 124 127 135 138 139 144 151 152 156 158 165 166 170 171 172 173 178 185 186 188 191 192 197 200 205 222 226 229 234 242 243 244 246 257 268 284 285 289 294 295 301 302 304 308 317 325 327 329 342 343 346 351 357 359 364 365 372 379 385 386 388 392 395 398 400 401 404 406 410 416 418 422 433 437 440 443 444 445 463 467 470 475 476 479 484 487 490 492 493 496 497 498 502 504 510 511 513 516 519 525 526 528 530 533 536 538 539 540 545 548 550 553 558 561 563 567 572 574 575 581 585 587 593 596 605 607 608 610 612 614 616 617 619 620 629 632 633 637 638 639 642 648 650 652 654 656 657 658 663 668 671 673 676 677 678 679 683 684 687 690 693 695 
9 34 47 58 65 66 69 98 105 111 119 124 128 132 137 138 139 145 151 168 169 173 181 184 187 191 197 199 202 203 220 223 235 243 249 260 267 269 270 276 281 308 316 317 322 329 336 342 369 370 373 374 379 385 387 400 406 414 417 422 425 431 432 442 453 463 490 493 498 501 507 512 518 526 527 530 531 537 547 548 551 563 565 581 583 587 589 597 609 611 615 619 621 624 625 629 633 646 649 650 658 661 669 672 673 678 695 696 698 699 
8 29 31 49 54 69 100 115 123 134 143 148 161 184 199 215 216 220 222 227 250 282 288 292 299 334 336 338 361 374 378 452 462 471 491 502 517 521 542 552 569 599 604 642 644 688 
17 29 32 37 59 73 77 78 80 85 86 88 90 97 103 107 121 125 126 131 142 149 160 161 170 171 174 176 177 181 185 195 203 205 208 210 214 225 236 257 261 262 264 272 279 280 286 289 291 296 298 306 315 319 324 333 335 337 339 351 352 354 355 367 368 372 379 383 385 389 392 393 397 398 403 409 411 413 419 420 421 426 429 430 431 434 440 450 451 454 456 465 469 479 480 482 484 486 488 489 501 507 512 515 518 524 532 536 539 541 547 556 558 563 564 568 572 599 600 609 610 614 619 635 643 646 649 655 664 668 680 685 691 692 700 
8 29 49 53 69 92 100 103 110 113 123 125 128 132 134 161 165 168 176 199 202 206 211 215 216 218 222 223 227 251 270 281 282 285 292 299 311 315 334 336 338 352 367 374 378 384 386 395 404 412 414 429 452 455 456 462 466 471 500 513 517 531 532 542 552 559 561 581 586 594 600 602 604 611 642 644 646 651 652 660 668 674 680 689 690 693 695 699 
1 14 20 28 35 36 40 41 46 47 54 57 59 61 66 69 70 72 73 93 101 104 105 106 108 113 116 129 131 135 137 141 153 159 172 178 182 186 192 198 204 210 213 214 218 219 224 229 231 236 243 246 248 249 252 258 262 266 270 275 281 295 296 306 307 311 322 323 330 331 336 337 353 355 360 364 368 373 375 376 391 399 400 407 408 414 415 416 417 418 419 421 423 424 427 431 436 440 444 447 448 454 455 460 471 472 479 485 490 495 501 503 508 509 519 532 543 545 551 555 557 560 562 566 568 570 586 590 594 595 596 602 605 607 608 611 613 628 633 637 638 642 645 647 650 651 664 668 670 671 676 682 684 689 690 692 694 696 699 
13 20 30 37 53 55 59 77 78 82 84 106 107 112 127 139 146 147 148 154 160 166 169 176 224 230 238 241 242 247 250 255 258 267 280 300 302 309 312 341 347 361 362 368 369 373 381 383 393 394 398 399 400 408 409 430 431 446 452 453 462 464 465 469 477 486 489 492 493 496 502 514 521 522 539 542 546 563 564 566 570 571 573 574 576 580 584 591 592 599 605 611 615 625 633 653 665 667 679 685 687 689 690 694 
25 28 30 43 46 51 64 101 111 118 128 129 144 157 178 189 200 219 221 222 237 252 254 258 266 278 290 295 305 307 323 344 346 348 351 355 356 369 375 376 380 381 382 399 402 404 405 407 413 417 444 452 458 460 463 484 487 488 495 498 512 523 525 529 555 566 575 576 580 586 595 613 618 627 628 640 644 648 661 675 676 677 681 687 697 
11 22 27 49 59 72 85 88 95 111 112 122 128 129 131 139 141 144 157 168 190 195 198 200 212 214 215 221 224 238 247 248 252 255 256 257 270 286 295 301 306 309 317 320 323 331 341 343 344 346 355 357 369 375 381 385 390 391 402 404 408 411 418 423 429 436 437 445 447 452 463 464 466 469 471 477 478 486 493 498 506 509 511 515 518 519 520 523 525 533 545 547 551 555 560 570 573 574 575 577 580 593 598 605 608 610 615 619 627 628 637 644 647 662 665 674 676 677 678 679 683 684 685 695 696 
7 21 32 44 70 71 72 82 83 95 115 135 140 141 143 146 148 168 169 183 197 198 224 230 233 238 239 241 243 245 248 257 260 262 273 283 284 293 303 329 331 332 339 349 361 362 369 391 396 398 399 402 404 421 429 436 441 447 453 514 519 520 521 526 529 536 546 551 560 576 581 584 587 588 602 628 631 634 637 638 639 641 649 652 653 655 656 659 662 664 667 671 681 684 692 695 696 698 
13 28 30 43 60 63 79 84 87 92 95 113 146 147 151 154 155 175 193 213 217 230 231 234 236 250 252 255 258 265 270 302 304 307 320 321 323 324 340 347 348 353 360 361 362 369 372 373 376 386 416 417 419 424 444 453 458 460 467 472 476 478 487 492 496 499 501 502 503 512 513 514 521 537 541 542 545 546 553 576 578 581 582 584 592 595 601 610 613 632 637 640 648 651 653 656 657 658 667 668 675 681 686 690 698 700 
8 20 44 48 53 55 61 106 127 139 152 166 169 181 186 197 226 229 241 242 243 244 246 258 266 267 284 296 304 309 325 327 332 333 364 373 378 401 419 423 443 444 467 470 487 490 493 497 498 510 522 527 540 545 548 549 563 574 585 593 596 607 610 614 616 638 639 650 657 673 687 690 
16 22 67 107 147 185 189 190 212 214 237 255 279 284 285 297 301 303 304 320 324 329 344 346 356 357 369 375 390 411 413 416 451 467 506 509 511 533 537 538 549 559 577 598 612 613 621 647 649 658 679 693 698 700 
23 35 45 46 47 56 62 69 79 100 101 109 113 120 127 147 162 164 174 192 201 202 207 213 219 240 241 242 259 262 263 266 271 275 277 287 300 303 312 314 318 326 332 340 348 366 375 379 384 386 389 399 401 405 407 412 413 416 431 444 446 452 486 494 495 496 501 504 507 522 529 538 539 540 558 566 578 586 595 597 598 602 605 612 615 617 618 628 640 646 650 652 659 663 681 699 
23 25 31 43 62 68 69 97 100 109 113 120 155 165 171 175 192 193 199 210 213 243 244 245 246 252 254 257 258 259 265 270 278 282 285 287 301 303 306 307 318 321 340 348 351 376 378 384 389 391 393 405 406 409 411 418 421 433 444 458 460 461 463 464 477 478 486 497 501 504 507 509 521 523 535 540 541 545 547 550 553 556 578 582 586 595 596 601 610 612 613 618 619 621 663 671 675 
17 21 26 38 52 59 77 83 85 88 89 96 102 107 116 118 150 155 160 175 191 193 195 205 207 209 221 225 239 256 261 265 270 274 286 313 318 321 324 340 342 348 359 368 371 383 388 393 394 395 396 397 403 404 409 430 432 433 435 438 439 441 466 469 474 477 479 481 486 488 489 494 515 516 517 520 523 525 528 535 537 541 544 545 547 553 554 556 558 561 563 572 575 579 582 593 601 614 617 620 621 623 626 634 639 640 655 659 662 666 672 673 675 683 685 688 689 697 
13 31 42 47 49 58 64 65 68 69 76 84 95 105 119 125 128 132 133 138 145 147 148 151 154 155 168 173 175 184 191 193 202 203 220 223 230 249 250 253 265 270 281 302 306 312 316 321 322 329 340 347 351 359 361 362 379 393 401 406 411 414 417 422 425 430 442 446 453 457 462 476 477 492 504 507 514 521 523 528 530 531 535 537 539 541 542 544 546 548 553 556 559 565 575 576 582 583 584 587 589 592 601 611 612 618 624 625 629 646 649 650 653 658 667 673 675 690 694 696 698 699 
3 6 14 19 26 37 38 40 44 47 51 52 56 59 61 62 84 86 90 93 94 96 101 102 104 108 118 121 131 132 137 143 150 156 159 170 179 183 187 189 191 194 199 207 209 219 220 223 235 236 256 261 269 274 280 281 285 291 296 300 301 310 311 313 318 319 322 331 332 333 335 354 355 356 358 359 367 369 371 379 380 382 389 391 392 397 398 403 407 408 412 415 421 422 426 429 431 433 434 435 436 438 439 440 441 444 446 449 454 455 457 473 474 481 482 484 486 494 495 501 502 503 505 507 509 515 516 517 519 524 527 528 532 534 536 537 538 543 544 549 553 554 557 559 561 562 564 571 591 594 597 599 609 611 614 617 620 622 623 624 626 627 629 630 634 635 636 637 640 643 645 647 653 656 661 662 664 666 668 673 682 683 686 687 688 691 696 698 
24 31 37 39 51 64 67 68 80 86 108 121 138 150 151 155 175 180 182 193 199 210 217 219 236 253 256 261 265 271 278 280 285 295 300 305 306 319 321 335 340 344 348 350 354 379 381 388 392 393 397 398 399 403 404 406 409 411 425 426 435 446 463 465 466 473 478 490 497 499 502 504 509 511 523 524 526 527 528 537 539 541 553 564 567 571 572 580 582 583 599 601 609 617 633 635 636 637 648 654 657 658 675 687 693 
21 31 38 46 89 157 159 178 200 209 216 219 274 282 292 295 299 310 313 318 324 336 344 345 346 371 375 394 395 403 423 435 438 439 454 462 464 466 474 481 486 494 495 498 503 505 509 514 515 516 517 520 528 537 566 578 582 586 593 626 627 666 668 688 
9 11 20 34 47 55 58 59 81 82 94 95 102 103 106 107 108 112 114 121 125 127 131 138 139 140 146 148 151 163 166 169 170 176 181 190 195 206 226 233 237 238 241 242 247 256 258 260 261 266 267 272 280 286 293 309 328 335 337 341 345 347 352 354 360 365 370 373 378 384 385 397 398 400 406 408 410 422 423 425 428 429 450 453 454 456 462 464 466 468 473 475 477 478 483 487 493 497 498 501 504 507 514 515 520 521 522 524 526 527 532 542 547 559 563 564 570 571 573 574 579 584 589 591 592 594 599 600 603 606 608 609 611 615 624 628 631 635 645 646 648 649 653 656 657 665 669 670 679 
15 29 32 51 56 73 76 86 90 100 102 103 113 125 126 130 147 149 158 162 164 170 172 176 188 192 201 202 208 210 211 214 222 226 231 240 251 263 265 268 271 272 277 280 291 294 300 310 314 317 318 324 326 327 332 333 336 337 348 352 360 366 382 384 386 400 412 416 418 420 429 450 451 453 456 459 482 484 486 496 499 501 505 523 532 538 546 548 558 559 561 568 570 571 581 585 600 603 606 612 616 617 620 623 630 640 642 643 646 650 652 659 663 668 691 
40 45 47 53 54 57 60 61 81 86 91 92 93 105 109 110 115 118 120 128 131 137 159 186 202 206 211 217 222 226 229 239 243 246 249 251 253 259 260 268 277 296 297 298 306 309 311 315 323 325 336 344 345 346 349 357 363 364 366 367 370 384 386 396 399 401 404 410 419 427 436 440 441 448 455 459 472 473 477 479 483 485 487 490 500 501 513 525 531 543 548 549 550 552 555 557 561 562 564 567 579 586 587 594 597 599 607 612 618 633 638 639 640 642 645 646 650 652 655 659 660 668 669 670 671 673 676 682 687 690 694 695 700 
2 8 22 24 29 30 34 39 42 49 51 53 58 63 64 68 69 82 87 91 97 100 106 110 111 114 122 123 134 138 139 148 151 152 156 161 163 165 170 171 176 177 180 181 187 191 192 194 197 206 211 215 218 221 222 224 227 231 233 234 244 251 257 260 278 282 290 292 293 295 299 300 302 304 305 306 308 316 323 324 328 333 334 336 337 344 345 349 350 351 352 355 357 361 365 366 370 372 373 374 378 379 381 382 385 386 388 399 403 406 408 409 410 414 418 422 424 425 427 428 429 437 445 446 449 452 456 463 465 466 467 468 470 471 472 475 476 478 479 483 485 486 487 490 497 499 500 501 502 510 513 518 523 525 526 528 532 535 539 540 542 545 547 552 553 558 559 561 567 572 575 579 580 582 589 591 593 600 602 604 606 608 610 614 615 617 619 622 624 626 627 630 632 633 636 642 644 648 654 656 657 658 663 669 671 674 677 687 690 694 695 
5 7 12 14 15 16 21 22 31 32 44 45 48 51 54 60 61 66 67 70 78 83 84 90 93 98 101 115 117 118 119 126 129 130 135 136 137 140 145 148 149 150 153 157 174 177 179 183 184 185 186 189 190 196 197 199 203 204 206 208 212 214 215 218 219 220 224 226 229 231 235 237 239 240 243 245 246 253 255 264 268 270 273 279 280 284 285 289 290 291 292 293 295 296 298 299 304 305 306 308 309 310 318 320 322 323 324 325 329 331 332 333 346 349 353 355 357 358 363 364 365 367 369 373 374 375 380 382 387 390 393 396 398 400 401 403 404 411 412 413 415 416 417 419 420 421 423 431 432 436 439 440 441 442 446 447 451 454 459 460 462 467 470 475 476 480 482 484 488 496 501 503 505 506 507 511 512 517 518 523 526 527 529 530 533 534 536 541 545 549 551 560 562 565 568 577 581 586 587 588 590 593 596 597 598 602 603 604 607 608 610 612 613 622 623 624 625 630 631 632 634 638 639 643 647 655 658 659 661 662 664 671 672 680 686 689 691 692 693 694 695 696 698 700 
3 4 10 11 13 14 18 19 20 24 25 26 27 28 30 33 34 36 37 40 41 42 43 44 47 48 49 50 52 53 55 56 58 59 61 73 78 82 84 85 88 89 93 97 98 104 111 112 113 114 115 118 119 127 130 136 137 138 142 149 150 151 154 156 159 162 164 165 166 169 171 172 173 176 177 179 180 181 182 185 186 187 189 190 191 194 195 197 201 204 208 209 213 217 218 224 225 226 229 230 231 234 235 236 238 240 242 243 244 245 246 247 250 252 253 254 255 258 262 263 264 266 267 269 270 271 272 274 275 276 277 278 279 283 284 285 286 287 296 297 300 301 302 304 305 306 307 308 309 310 311 312 313 314 315 316 317 324 325 326 327 328 330 332 333 337 339 341 345 346 347 348 350 351 352 355 356 357 358 360 362 364 366 367 368 369 371 372 376 377 380 381 382 383 384 390 391 394 395 396 397 398 399 400 401 402 404 407 408 409 410 411 412 414 415 417 419 422 423 424 425 429 430 431 432 434 436 438 439 440 443 444 445 446 448 449 450 451 452 455 456 457 458 460 461 464 465 467 469 471 474 475 477 478 482 484 485 486 487 488 489 490 493 495 496 497 498 501 503 505 506 508 510 514 515 516 518 520 522 524 527 528 532 534 535 536 540 543 545 546 548 549 550 556 557 558 559 562 563 564 566 568 570 571 573 574 575 576 577 579 580 583 584 585 589 590 591 592 593 594 596 597 598 602 605 607 609 610 611 613 614 615 616 621 622 623 626 628 629 630 632 633 634 638 639 641 644 645 646 647 648 650 651 654 655 657 658 659 661 662 665 666 667 668 671 673 675 676 679 681 682 685 686 689 690 691 694 697 698 
6 13 17 22 24 25 26 33 40 45 47 60 87 88 92 93 96 98 102 114 115 122 129 136 139 144 150 157 158 160 172 178 182 187 188 189 190 192 194 207 210 219 221 231 235 244 256 269 273 277 281 294 295 305 306 311 317 342 343 344 346 350 351 356 359 369 372 375 381 385 395 397 401 402 409 433 435 437 438 443 445 446 448 449 455 463 465 479 487 489 494 499 503 514 523 528 531 533 538 539 542 543 544 548 549 553 554 555 556 557 562 563 575 580 583 587 597 611 613 614 615 616 617 618 619 620 622 627 631 633 634 644 645 650 656 672 673 674 676 678 680 683 685 686 697 
3 26 27 33 37 47 50 56 58 65 66 71 73 74 75 81 89 90 96 99 102 105 111 116 119 122 124 128 132 136 142 144 145 161 167 168 177 184 191 199 202 207 209 220 223 225 228 232 237 243 249 263 264 270 275 281 283 288 290 303 307 308 315 322 327 332 339 340 359 370 373 377 384 385 387 400 401 402 406 414 417 418 432 433 435 438 439 442 455 466 474 476 482 484 488 491 494 495 507 509 511 515 516 520 530 531 534 538 543 544 547 548 554 556 565 569 575 578 583 585 590 602 609 614 617 618 621 624 625 626 629 639 641 646 649 650 653 658 659 662 666 670 671 673 674 676 683 688 693 694 697 698 699 
2 34 42 62 63 68 85 88 109 120 138 151 152 155 160 174 177 187 191 194 204 234 259 275 286 287 304 306 312 318 322 332 333 342 343 357 365 383 386 388 389 394 400 405 410 411 416 422 430 434 437 449 469 470 476 479 487 488 489 504 510 528 541 545 547 563 579 593 595 605 610 612 618 621 632 634 636 640 642 660 663 672 681 685 
33 35 36 41 46 79 90 91 103 125 126 170 180 181 204 208 213 214 219 224 234 237 241 253 262 271 272 275 285 291 295 297 304 308 312 332 345 352 365 366 367 372 391 393 394 395 407 412 413 415 416 420 429 430 431 444 450 456 468 470 482 486 495 504 508 509 510 517 518 530 532 534 543 545 558 559 566 568 579 580 586 593 597 598 600 605 611 617 623 628 632 643 650 651 663 669 670 671 676 681 682 689 691 693 694 
18 44 65 70 71 82 83 94 98 104 108 115 121 130 136 150 162 187 194 197 224 226 235 238 239 253 260 261 273 275 276 280 284 289 291 298 300 308 327 330 331 335 349 350 354 356 363 369 372 392 395 396 404 408 410 419 426 436 441 443 449 454 457 467 473 480 503 516 518 520 535 536 537 546 549 553 563 570 571 585 590 602 614 616 621 622 630 634 635 655 659 662 673 674 676 687 690 698 
7 11 12 15 28 32 34 39 60 62 70 78 87 97 98 117 126 130 135 139 140 149 153 156 174 182 187 194 196 203 206 208 210 252 257 270 276 279 280 285 289 291 296 298 306 308 315 323 324 330 331 333 344 350 351 353 355 356 358 363 367 380 388 404 413 417 419 421 428 434 440 446 449 451 454 457 459 462 466 473 480 482 490 497 499 512 518 523 526 527 529 534 536 539 555 561 563 567 568 570 572 588 589 590 591 599 603 614 621 622 625 627 630 631 634 635 636 640 643 646 654 656 658 664 670 671 672 676 680 687 691 692 700 
8 29 32 41 49 53 78 83 97 115 118 123 134 143 147 171 196 203 206 211 215 216 218 227 239 253 255 270 280 282 292 293 299 320 334 338 378 384 391 395 396 404 409 416 417 441 454 458 461 462 469 471 487 488 512 520 525 535 539 550 552 556 559 572 586 604 611 644 651 655 659 668 672 680 685 689 700 
39 42 64 84 94 108 121 129 133 157 170 182 205 221 230 250 256 257 271 280 295 302 303 319 335 346 351 354 362 379 388 391 392 397 398 403 410 417 419 426 433 436 438 473 492 502 511 514 521 524 525 526 536 539 545 546 550 554 555 567 571 572 576 577 584 586 591 592 599 609 613 614 617 627 635 636 637 652 653 654 656 667 687 696 
13 39 64 84 133 138 146 149 154 156 205 230 236 250 280 289 302 327 335 340 347 354 361 369 372 379 380 388 389 398 419 422 446 453 466 484 486 490 492 497 502 514 521 526 527 536 546 564 567 572 576 578 584 589 592 653 654 656 667 686 690 695 
