1 485 423 427 590 368 337 690 210 472 57 
64 580 231 333 399 528 305 465 19 180 51 278 499 24 409 114 381 350 
517 134 8 143 282 29 292 552 299 49 69 334 338 215 216 604 227 374 378 123 
261 392 524 397 398 539 37 426 687 564 571 319 335 80 86 599 473 94 609 354 236 108 379 121 635 
608 385 418 677 678 619 139 556 463 144 437 406 471 122 445 343 575 
96 544 256 549 6 614 102 359 554 683 620 45 494 207 617 433 435 446 
483 260 293 163 648 9 233 328 428 370 466 468 148 345 603 669 606 
2 152 410 545 42 304 177 63 332 593 470 476 479 224 610 357 234 365 632 510 
391 265 535 25 537 155 541 31 675 165 550 553 171 175 193 321 68 582 458 461 340 601 97 504 254 
352 450 420 103 456 170 76 429 366 559 176 272 532 214 600 125 
192 548 581 294 172 268 558 400 188 54 663 538 92 317 158 
513 642 386 91 652 110 561 211 660 500 695 217 251 668 222 
3 14 661 534 412 415 44 686 431 179 52 310 183 358 623 245 503 505 380 382 
387 649 145 672 565 184 58 442 698 65 66 322 199 329 220 624 629 119 507 
573 452 605 478 679 11 238 112 464 341 309 247 408 665 570 59 477 190 
449 194 356 235 622 591 150 634 187 636 285 
257 388 39 490 205 654 526 656 497 502 567 536 156 572 
514 521 13 653 146 147 154 667 542 546 302 576 453 584 592 84 347 95 230 361 362 492 369 250 
128 191 132 583 168 105 202 173 625 531 116 281 699 414 223 
4 327 616 585 10 395 657 18 467 372 284 443 540 607 
587 396 239 655 273 82 115 659 436 118 83 280 441 602 349 253 
32 482 291 643 324 518 451 680 621 367 208 434 691 149 568 90 315 126 
34 611 197 422 487 425 138 589 269 527 432 658 308 151 633 316 
129 644 133 523 525 404 157 676 295 555 306 178 189 200 344 346 221 351 613 627 375 
5 7 135 140 529 279 664 153 671 421 692 70 454 331 588 462 355 117 631 
248 131 198 519 551 72 684 141 111 560 662 696 637 447 
159 448 645 455 40 682 557 47 336 562 594 597 182 311 93 543 
288 674 290 99 249 228 71 167 232 74 491 569 124 
516 394 274 403 21 666 38 688 438 439 313 209 89 474 481 486 626 371 509 
258 522 267 20 30 166 169 563 53 181 55 574 226 615 106 493 241 498 242 373 127 
160 515 195 547 488 489 393 107 685 430 77 17 469 342 85 88 286 383 
673 98 104 457 136 276 630 
640 384 578 259 612 389 101 618 109 174 303 405 501 23 312 120 62 287 
229 325 137 364 48 401 243 596 244 246 440 186 475 61 638 639 
512 289 480 419 196 417 130 296 298 459 12 203 363 15 206 78 270 700 
390 647 511 16 533 22 411 413 416 297 301 693 185 320 577 67 212 598 237 506 255 
162 100 164 326 263 646 73 201 300 240 496 113 277 56 314 348 318 
579 36 41 330 651 204 689 628 694 218 508 
641 520 264 142 530 402 26 283 27 670 33 161 50 697 75 81 339 225 484 377 
353 323 360 424 266 43 460 60 595 252 307 87 376 28 
35 262 681 650 586 46 271 495 79 275 213 566 407 219 444 
