#module 0 size: 99 bs: 0.00019343
1 2 3 9 12 31 40 43 50 68 75 93 94 97 98 101 105 107 113 123 133 142 144 146 148 159 167 172 178 183 205 216 236 237 242 243 251 255 257 258 266 279 288 291 302 308 315 316 320 329 330 331 334 343 349 351 352 358 360 369 385 388 396 397 418 421 442 446 449 456 458 488 495 500 503 506 521 525 526 531 542 568 574 586 602 604 605 610 618 626 646 660 663 671 674 680 683 694 698 
#module 1 size: 191 bs: 0.00223974
2 8 17 23 27 29 30 39 41 47 51 53 58 59 61 63 64 65 67 81 82 86 91 104 105 106 108 116 119 122 125 127 130 135 139 140 141 143 149 152 154 155 157 162 165 168 173 176 177 180 184 185 197 200 201 208 212 214 217 219 220 223 224 227 228 230 232 235 236 239 240 244 246 248 249 250 254 262 264 267 269 272 280 283 287 290 298 300 303 305 309 310 312 313 317 319 337 344 345 346 350 356 364 372 382 383 387 389 392 399 400 405 407 408 409 410 411 413 415 417 420 423 424 429 442 453 464 465 466 467 468 469 473 475 482 484 485 487 489 493 496 502 509 512 516 520 533 535 536 537 544 545 546 553 559 561 563 564 569 571 573 577 591 592 596 599 601 607 608 614 620 621 622 623 624 627 635 636 642 648 649 653 656 667 672 673 675 676 683 684 699 
#module 2 size: 379 bs: 0.000967422
4 5 6 10 11 13 15 16 18 19 20 22 23 25 26 28 34 35 36 37 38 40 44 45 48 60 62 67 69 70 71 72 73 74 76 77 78 80 83 84 87 88 89 90 91 92 96 99 100 101 103 104 109 110 111 114 115 117 119 124 125 126 128 129 131 132 134 137 138 145 147 150 151 153 156 158 160 163 164 166 169 170 171 174 175 178 179 181 182 185 186 187 188 189 191 192 193 194 195 196 197 198 199 200 202 204 205 206 207 209 211 213 215 218 222 226 229 231 234 237 240 241 247 252 253 254 256 259 260 261 263 266 268 270 271 273 274 275 276 278 281 282 283 284 285 286 288 289 291 292 293 294 295 296 297 299 301 304 306 307 311 312 314 318 321 322 323 324 325 327 328 332 333 335 336 340 341 342 349 351 357 359 361 362 363 365 366 367 368 370 371 375 376 380 381 386 390 391 393 394 395 397 398 399 401 402 403 404 406 412 414 416 419 425 426 427 428 430 431 432 433 434 435 436 437 438 439 440 441 443 444 445 447 448 450 451 453 454 457 458 459 460 461 462 463 465 470 471 472 473 474 476 477 478 479 480 481 483 488 490 491 492 497 498 499 500 501 504 505 506 507 508 510 511 513 514 515 517 519 520 522 523 527 528 530 532 534 539 541 543 547 548 549 550 551 552 554 555 556 557 558 560 562 565 566 570 572 573 575 576 578 579 580 581 582 583 584 585 587 588 589 590 597 598 600 606 609 611 614 615 617 619 621 625 628 630 631 632 633 637 638 639 640 643 644 645 647 650 652 654 655 657 658 659 662 664 665 666 668 669 670 677 678 679 681 682 684 686 687 688 689 690 691 692 693 695 696 697 700 
#module 3 size: 33 bs: 1
50 57 68 85 161 190 227 233 265 314 326 338 339 347 354 372 374 377 383 384 485 486 524 540 564 567 568 595 613 634 641 686 698 
#module 4 size: 15 bs: 1
7 14 27 33 42 46 66 79 102 112 118 121 136 137 235 
#module 5 size: 23 bs: 1
37 49 54 183 221 225 245 277 348 355 373 374 422 452 455 479 497 518 559 598 632 648 685 
#module 6 size: 31 bs: 1
21 24 32 52 55 56 64 95 120 203 210 238 318 353 354 378 379 410 431 494 529 538 593 594 603 612 616 629 646 651 661 
