1 101 106 142 144 146 178 236 251 257 288 291 315 320 331 334 343 349 351 360 397 418 456 458 531 574 602 605 671 674 698 
1 2 50 68 93 98 133 159 167 205 242 266 279 308 320 352 396 421 442 449 495 500 506 521 525 526 542 586 604 610 618 626 660 663 680 694 
2 41 61 122 149 157 165 173 176 184 200 223 235 236 240 264 267 269 356 364 411 420 429 465 466 489 509 559 564 608 614 623 636 683 
3 9 12 31 40 43 75 97 105 148 172 329 334 343 385 396 503 531 568 683 
4 37 84 92 104 126 137 163 229 312 323 327 328 361 366 371 393 435 488 522 549 562 565 589 609 628 640 668 
5 26 34 67 69 87 99 125 151 164 196 197 234 247 256 263 282 284 311 367 386 390 412 451 462 474 506 507 515 530 532 551 566 588 630 631 662 686 695 
6 90 109 111 129 134 171 174 187 188 193 202 205 253 275 276 284 288 324 357 359 362 365 427 460 470 477 497 501 505 519 527 547 550 579 619 652 677 688 689 
7 14 27 33 42 46 66 79 102 112 118 121 136 137 235 
8 39 64 86 141 184 201 208 212 239 262 280 303 309 312 317 346 372 399 400 420 482 485 487 516 545 561 642 649 653 667 672 673 
10 25 101 103 114 182 213 237 259 297 323 325 349 357 406 440 441 450 457 465 480 490 507 557 590 644 654 664 
11 19 40 60 72 73 110 117 119 128 163 178 185 198 199 209 215 295 368 370 380 414 426 437 443 461 470 478 479 480 499 514 560 578 581 611 614 633 
13 48 160 271 273 296 301 333 398 404 432 433 476 481 498 500 513 517 528 548 580 638 639 665 681 
15 23 38 70 89 96 126 145 153 158 170 200 218 240 254 261 274 286 292 336 444 447 492 532 548 552 558 597 598 619 650 669 670 678 697 700 
16 20 45 71 78 88 128 132 138 147 191 276 278 289 311 394 401 419 443 447 450 453 463 491 520 534 541 554 600 606 632 659 682 684 690 691 
17 27 30 53 65 67 91 106 108 155 217 224 228 230 232 283 310 392 408 424 464 467 468 473 484 496 512 544 563 573 601 621 624 675 684 699 
18 22 70 74 164 204 231 266 332 341 351 363 376 391 399 402 434 445 448 458 473 483 508 539 555 573 575 585 633 
21 24 32 52 55 56 64 95 120 203 210 238 318 353 354 378 379 410 431 494 529 538 593 594 603 612 616 629 646 651 661 
22 60 77 80 91 131 166 169 181 252 260 268 285 293 294 299 304 335 336 402 428 430 435 454 472 498 504 510 523 560 617 625 628 643 655 687 693 
23 105 130 135 143 197 244 272 287 337 389 400 405 410 415 417 423 453 468 493 533 546 571 591 599 642 
28 44 76 115 124 189 192 241 285 293 304 307 327 375 381 403 416 425 439 556 585 
29 51 58 116 119 139 162 177 185 214 227 246 250 300 344 345 387 413 469 520 533 
35 36 38 45 62 83 156 175 194 207 211 226 252 281 283 291 306 318 321 340 342 431 438 459 471 472 543 576 587 615 637 657 658 664 666 679 692 696 
37 49 54 183 221 225 245 277 348 355 373 374 422 452 455 479 497 518 559 598 632 648 685 
47 63 81 82 140 154 168 217 220 254 262 298 345 382 407 409 429 442 475 502 535 536 592 607 620 635 648 656 
50 57 68 85 161 190 227 233 265 314 326 338 339 347 354 372 374 377 383 384 485 486 524 540 564 567 568 595 613 634 641 686 698 
53 59 104 125 127 152 180 219 248 249 269 290 298 305 313 319 350 383 387 487 537 553 569 577 596 607 622 627 656 676 699 
94 107 113 123 183 216 237 243 255 258 302 316 330 358 369 388 446 488 503 610 646 
100 150 179 186 195 206 213 222 270 314 322 367 395 397 436 511 556 570 572 582 583 584 621 645 647 678 
