25 36 45 59 111 123 156 167 170 174 216 246 354 396 408 410 411 449 467 469 475 477 495 504 524 529 538 544 603 604 610 617 632 641 661 672 679 681 682 683 688 694 
8 57 58 71 99 101 108 109 114 116 126 130 140 141 145 151 155 163 164 209 216 221 224 226 231 235 256 264 267 271 285 302 306 314 317 330 333 358 373 380 389 391 397 409 416 419 427 431 437 439 448 451 454 478 482 486 491 495 497 504 515 516 517 529 530 537 553 562 573 578 586 597 604 621 625 627 628 632 636 637 638 640 649 661 665 669 670 676 681 687 693 
6 30 31 43 50 79 87 94 97 106 134 147 159 177 178 221 234 240 244 251 252 263 269 280 287 315 326 330 338 344 353 354 365 369 370 377 381 383 399 400 402 405 412 417 425 426 427 450 454 466 468 484 493 496 524 526 534 563 601 604 605 617 632 636 651 652 654 672 674 684 699 
13 47 80 82 85 97 100 121 139 143 172 190 203 206 220 236 244 255 260 261 264 267 291 292 298 301 323 348 359 368 374 394 403 414 420 439 451 464 465 470 478 480 486 513 525 533 536 542 554 557 567 568 582 602 608 616 629 632 637 659 678 699 
4 28 40 42 49 54 58 90 92 101 110 126 130 132 143 179 188 193 201 221 230 232 236 251 252 256 281 282 286 300 306 315 323 331 333 345 348 365 372 373 379 402 407 409 413 417 421 431 432 436 443 451 462 464 471 472 486 490 500 506 514 515 516 527 528 533 536 545 552 553 558 563 570 583 596 602 610 613 614 620 622 632 645 646 649 652 657 669 681 690 696 699 
18 26 33 44 53 55 61 65 68 69 77 81 85 91 117 124 128 133 138 159 162 166 169 176 193 210 212 215 217 225 229 240 257 261 279 286 293 298 307 316 319 323 327 349 357 360 364 369 373 375 384 389 395 400 401 407 416 427 429 431 442 456 462 475 492 493 497 499 503 506 507 509 512 518 520 527 528 533 539 545 552 556 570 576 580 582 584 614 615 618 623 633 638 646 648 651 656 660 662 666 672 675 681 687 689 696 
7 21 24 38 56 61 63 67 70 82 84 87 90 110 116 144 157 178 183 187 191 203 217 219 232 234 245 247 253 258 266 274 278 294 302 308 312 320 329 334 335 338 343 346 347 353 365 366 370 381 392 400 401 406 410 413 424 426 437 438 444 453 459 468 470 471 473 474 478 487 493 496 497 498 500 502 505 517 519 562 564 567 571 574 575 581 590 592 593 594 595 598 600 601 605 607 608 609 612 617 626 639 643 652 654 660 662 664 670 675 682 684 685 687 
28 39 56 82 113 116 142 144 153 154 175 210 219 228 233 238 272 297 306 322 326 333 338 342 365 375 385 388 412 426 444 457 466 473 474 476 484 494 497 498 501 506 517 533 551 552 564 584 612 618 620 625 633 642 649 670 680 685 693 
23 33 58 71 87 99 109 115 126 140 145 147 185 208 209 224 225 231 246 264 267 271 306 314 316 317 320 322 333 352 354 358 370 373 375 380 384 388 391 397 416 427 428 431 444 448 466 482 486 488 491 499 517 521 524 530 537 544 553 572 576 586 604 617 621 624 625 630 632 637 640 649 657 660 661 669 676 681 682 688 695 
14 71 89 95 98 99 108 115 119 134 145 156 161 167 214 222 228 230 231 235 243 250 264 290 297 311 339 348 355 358 359 380 386 404 410 412 432 437 451 453 457 460 464 482 494 495 500 508 510 512 529 532 551 564 567 577 581 585 586 589 599 606 625 627 628 631 640 647 656 664 675 680 693 
3 28 40 42 51 58 62 65 68 72 94 98 107 112 114 117 122 124 130 131 138 151 152 162 164 166 180 182 192 196 198 201 206 207 209 215 216 218 221 228 236 238 240 248 252 254 267 269 275 276 277 279 289 293 294 295 307 309 310 315 319 327 331 335 338 339 340 345 351 352 357 360 364 368 369 372 373 391 402 406 410 413 417 420 427 439 444 450 451 455 470 479 490 491 492 502 506 508 518 522 527 537 538 547 550 551 552 555 561 563 573 590 591 596 615 622 624 627 628 632 636 638 639 644 650 651 652 654 659 672 673 687 697 699 
10 27 30 42 64 79 83 87 96 97 99 101 103 113 115 118 130 132 153 182 185 198 202 204 205 223 234 237 238 242 243 248 249 264 269 289 292 297 300 306 324 330 344 352 353 354 362 368 371 372 377 381 391 399 404 410 415 418 421 425 428 430 436 443 454 455 457 458 466 468 490 496 500 501 511 513 515 524 527 530 532 536 553 558 573 582 583 597 599 601 602 604 608 620 621 631 633 639 642 653 667 669 671 673 674 677 681 683 684 693 699 
8 13 18 26 34 53 72 74 75 77 96 112 125 142 147 150 158 168 169 189 211 218 228 229 235 239 243 254 269 276 278 279 284 288 315 319 325 336 344 347 355 356 379 384 398 405 411 412 415 416 429 431 442 446 458 460 466 478 488 492 493 503 508 523 534 541 543 547 552 555 561 572 573 582 588 591 599 601 607 614 619 628 644 646 647 648 650 653 659 660 662 665 677 680 681 691 697 
2 5 11 19 37 43 57 71 72 73 74 76 78 79 91 93 97 99 103 104 107 108 109 112 114 120 122 125 130 135 136 138 141 142 147 154 157 159 160 161 172 176 178 179 180 191 192 199 206 207 210 220 221 223 226 227 228 237 239 241 242 254 258 264 265 270 271 275 282 305 310 314 321 323 324 328 330 335 338 339 349 350 351 352 353 356 358 361 362 363 364 371 372 376 380 386 398 405 411 412 415 416 420 422 426 428 430 434 435 437 443 444 445 447 451 452 458 470 479 481 482 488 490 491 493 494 509 516 517 521 527 529 530 535 538 539 549 550 555 559 561 562 563 564 566 569 575 578 579 582 586 587 591 594 597 603 604 608 610 616 618 622 623 624 625 630 631 632 633 634 637 638 639 640 648 650 655 658 659 666 667 677 683 685 693 698 
31 34 39 61 88 102 111 116 141 150 154 155 158 161 165 178 179 197 202 208 220 223 228 235 236 239 248 259 269 277 295 299 313 315 321 327 328 340 350 355 362 367 383 392 409 412 415 433 435 440 445 457 459 484 491 508 512 521 524 532 534 536 539 540 551 561 569 579 581 585 588 603 604 605 630 634 637 643 653 665 667 668 670 683 697 
5 19 21 28 32 34 41 57 58 64 73 78 93 97 100 105 106 108 109 114 116 119 120 125 129 135 136 141 148 151 155 161 162 163 164 165 172 175 178 188 195 198 199 200 205 210 216 220 221 222 224 226 227 230 235 239 241 255 256 264 271 274 280 285 289 299 302 314 316 320 323 331 334 348 352 355 356 358 361 365 366 373 375 383 388 399 412 413 415 422 424 433 434 437 439 447 450 452 456 458 471 472 473 478 481 482 489 491 497 500 508 509 510 511 515 527 530 535 537 549 550 551 560 562 573 575 578 580 585 586 589 594 600 608 621 622 625 626 631 636 637 638 639 661 664 665 666 671 675 676 677 685 686 696 698 
22 38 45 53 57 69 74 81 100 103 107 113 133 137 149 150 153 175 181 184 186 199 220 223 237 242 249 257 268 303 304 307 317 341 342 349 350 385 395 412 423 428 442 463 476 483 489 494 496 501 503 506 512 516 520 523 554 561 564 580 587 593 596 602 608 611 613 614 620 623 633 635 642 644 662 683 688 692 693 694 
45 52 58 59 63 72 84 97 100 107 121 137 149 150 153 170 173 175 181 184 186 189 190 192 193 194 196 206 207 212 228 234 236 243 244 246 249 252 253 254 260 268 277 287 288 289 294 298 303 304 309 335 338 340 341 342 349 385 392 394 396 398 403 405 409 410 411 413 420 422 423 428 444 446 449 464 470 476 483 486 487 488 490 493 495 496 501 502 503 512 513 516 519 520 525 529 537 542 547 554 555 557 561 565 567 568 580 582 584 589 590 591 593 602 605 606 608 611 613 617 623 624 627 629 632 635 639 642 644 647 650 654 659 670 678 682 688 692 694 697 
29 39 46 48 61 80 93 106 113 128 130 134 143 144 150 153 159 162 171 175 176 182 192 195 212 215 220 228 239 240 243 249 254 269 272 276 288 319 323 329 340 342 352 356 361 373 375 385 386 388 390 401 414 426 452 457 461 464 476 490 501 520 543 547 551 555 564 566 576 577 584 591 593 596 603 611 613 623 624 629 635 639 642 644 645 648 652 659 660 666 689 693 697 
1 5 9 12 17 20 23 26 27 28 30 31 35 42 43 44 49 52 54 55 56 57 59 66 69 73 74 77 78 81 82 84 90 91 92 101 103 107 108 110 111 118 119 120 123 126 130 132 133 140 145 148 154 155 157 158 159 160 167 169 170 173 174 176 178 179 185 193 197 198 199 202 203 204 208 209 210 213 220 225 226 229 231 233 236 237 238 240 241 242 245 251 255 257 258 261 262 263 272 273 278 286 290 291 296 299 300 305 307 310 316 317 319 321 322 323 324 326 327 328 331 334 337 341 343 348 349 350 351 354 355 358 361 362 365 368 370 371 372 382 383 384 385 388 389 390 391 393 395 396 397 398 407 408 412 413 415 416 418 419 421 422 425 426 428 429 430 431 432 434 435 436 437 438 441 442 443 444 447 449 450 452 454 457 462 463 464 469 472 474 477 481 485 491 492 494 495 497 498 500 503 504 506 507 509 512 513 514 516 517 520 521 523 526 527 528 531 533 539 542 544 545 548 551 552 553 557 558 559 560 561 563 566 569 570 572 573 575 576 578 579 581 582 583 584 585 586 587 588 592 595 596 602 603 604 607 608 609 610 612 614 616 617 618 620 621 625 630 631 632 633 634 637 640 641 646 648 649 655 657 658 662 665 667 669 673 674 679 680 682 683 685 686 690 693 696 699 700 
8 15 21 25 43 46 58 63 84 91 98 105 114 116 125 136 151 152 159 164 170 172 176 187 191 196 200 207 216 217 222 225 226 234 247 250 253 256 267 287 294 297 302 308 309 331 335 338 349 356 366 377 391 392 404 410 412 420 422 434 439 441 442 444 453 460 466 467 470 473 476 479 487 493 496 499 502 503 509 510 512 514 515 519 520 524 529 532 546 550 565 589 590 593 594 595 596 599 600 606 617 621 627 628 633 636 638 639 647 654 660 664 670 671 675 676 677 680 686 695 698 
3 8 13 28 38 57 70 71 76 80 82 87 96 97 99 106 107 108 112 116 121 122 125 135 139 145 153 155 157 178 187 190 191 192 195 203 206 207 224 226 231 232 244 245 247 248 258 264 266 267 271 274 275 278 280 287 291 298 302 309 310 313 314 322 329 335 351 356 358 370 375 376 380 387 391 394 403 409 411 416 419 420 426 432 439 441 445 447 451 464 467 470 471 473 479 482 486 488 493 510 513 516 517 525 529 530 538 542 549 551 556 557 564 567 568 573 576 581 586 595 600 602 604 607 609 614 616 617 622 623 624 625 626 628 630 632 636 637 640 649 659 662 664 670 671 675 677 678 695 698 
65 68 73 78 94 117 119 138 141 160 162 166 180 189 199 201 203 215 236 240 252 255 298 315 319 345 349 351 360 364 366 369 370 373 374 386 388 401 402 403 406 409 415 417 427 437 443 479 481 493 494 497 506 518 527 540 546 548 560 566 568 578 596 597 598 599 610 616 622 636 638 639 651 652 655 666 672 687 
8 25 34 36 60 64 75 83 86 92 96 97 112 113 115 142 176 185 198 204 205 211 218 229 242 244 284 292 311 325 333 336 344 347 352 368 379 399 411 413 415 418 444 455 458 468 488 511 523 531 536 541 543 554 573 582 601 619 623 624 632 633 637 644 646 653 662 666 673 677 681 688 691 693 699 
18 26 31 53 61 65 66 68 69 77 84 102 107 117 123 133 141 155 158 159 160 162 166 169 180 193 201 213 215 229 236 240 241 257 261 279 286 293 295 296 299 307 313 319 327 347 355 360 362 364 368 369 373 383 384 389 390 393 395 401 415 416 418 427 429 431 434 442 461 475 492 493 494 495 497 499 503 506 507 508 516 518 520 524 527 528 533 534 545 548 552 554 559 563 576 578 579 581 582 597 599 614 616 618 630 633 639 646 648 651 658 662 665 666 667 672 676 687 
28 29 33 48 55 80 81 82 91 93 99 106 122 127 128 134 143 144 146 147 159 171 176 179 183 195 216 217 223 225 239 242 244 245 255 257 267 275 278 311 312 317 329 343 346 371 373 375 378 384 386 390 395 397 406 411 414 415 441 459 461 466 486 497 499 507 509 510 514 517 533 535 540 551 553 560 563 571 576 577 595 598 603 607 608 625 633 645 646 652 655 656 660 666 687 689 695 
14 17 19 29 31 32 33 38 48 52 58 59 74 77 80 86 89 95 105 106 110 114 115 120 128 134 136 137 140 144 147 156 161 163 164 167 171 172 173 174 179 181 185 193 195 200 205 209 210 213 214 216 220 221 222 227 230 243 246 247 250 256 272 273 280 283 290 293 296 304 311 316 320 323 324 329 331 334 337 341 350 354 355 359 368 373 375 384 386 390 391 393 396 397 408 409 412 413 418 419 422 424 428 429 438 441 444 447 449 450 453 457 458 460 463 468 471 483 485 487 489 493 494 495 504 506 509 510 511 514 515 516 520 523 524 526 528 529 532 536 538 539 540 541 542 544 546 548 550 551 556 559 562 569 577 579 585 587 589 593 594 597 599 600 602 604 606 610 617 621 632 633 635 636 637 639 645 647 649 652 656 660 661 666 669 671 673 674 677 681 682 683 685 686 687 688 689 692 693 694 695 698 
2 5 7 16 39 55 57 66 78 82 93 102 103 110 114 119 128 132 141 143 144 146 151 158 160 164 165 172 178 179 183 184 188 195 197 199 202 206 220 221 223 226 232 235 237 241 242 248 255 256 260 265 271 281 283 289 299 301 303 305 310 312 317 321 323 328 346 348 350 361 362 367 374 378 383 385 391 394 397 398 399 406 409 414 415 422 430 434 435 436 439 445 454 458 459 461 464 465 474 478 480 481 491 498 505 515 521 533 534 535 537 539 542 550 558 561 571 575 578 581 582 583 588 592 596 603 605 608 612 616 619 620 627 629 630 631 634 636 637 639 640 643 648 650 655 667 673 674 676 683 686 687 691 698 
14 34 36 63 70 89 95 98 111 156 161 189 194 211 214 217 222 230 250 260 284 290 313 339 344 348 359 379 393 398 404 409 410 411 414 422 432 435 453 457 460 464 477 487 502 510 512 532 546 554 567 577 585 588 589 592 593 595 599 602 605 606 616 626 627 628 638 646 647 656 658 665 675 680 692 693 
34 39 44 47 56 60 67 73 81 83 110 119 125 127 144 146 152 159 160 163 164 172 182 183 216 218 221 232 234 241 251 256 260 262 280 285 289 301 311 312 313 316 320 323 327 343 346 347 348 357 360 362 364 368 378 381 389 391 393 400 401 406 421 434 437 439 443 445 455 459 461 465 468 471 472 481 485 500 505 515 522 526 529 531 533 536 540 546 550 563 571 576 577 578 592 595 598 603 605 616 628 631 638 643 652 653 655 658 677 679 
39 40 47 60 64 79 83 87 92 95 99 102 129 152 157 165 189 195 204 219 228 234 239 248 254 260 269 276 277 278 280 288 289 292 299 301 311 319 330 339 340 344 366 367 368 377 381 393 400 405 425 440 445 446 455 458 461 466 468 472 478 484 488 490 508 511 522 524 529 531 536 537 546 547 554 555 563 566 574 577 591 596 597 599 601 604 605 623 624 638 650 653 659 660 665 674 677 684 697 
38 43 46 57 63 70 75 76 84 90 98 107 125 130 139 143 157 170 178 196 230 232 244 245 246 247 253 258 263 267 278 284 287 298 309 329 335 336 338 356 370 392 410 413 426 441 444 451 453 459 467 487 495 496 502 513 517 519 523 524 538 543 549 553 557 565 568 576 577 581 583 590 595 600 607 609 616 617 630 631 632 644 654 657 662 677 678 681 682 687 688 695 
4 7 9 12 14 16 18 19 26 28 32 33 35 39 40 45 49 53 55 57 66 73 77 78 89 95 101 103 105 110 111 114 115 119 123 128 129 132 136 139 143 148 151 154 156 160 161 163 164 168 169 172 178 188 190 193 197 199 200 206 213 214 216 217 220 221 223 227 229 230 232 233 236 237 241 250 255 256 260 261 262 263 272 273 279 280 281 282 283 286 290 296 297 298 300 301 317 320 321 323 324 326 328 334 341 349 351 352 355 359 374 378 379 382 384 385 386 388 389 391 393 394 396 399 402 408 409 413 414 416 421 422 424 429 430 431 434 435 436 437 439 442 443 449 450 452 453 454 457 458 463 464 465 466 469 472 475 478 480 481 484 485 489 492 494 499 500 503 510 511 512 515 516 520 521 525 526 527 529 531 532 535 537 544 545 546 548 550 552 558 559 560 562 566 569 578 579 583 585 587 589 594 596 599 600 603 606 608 611 614 616 620 627 628 629 631 632 634 636 637 641 646 647 648 649 652 655 656 657 658 660 661 662 667 669 671 676 677 679 680 681 685 686 700 
9 34 37 40 47 49 56 57 69 110 132 137 149 154 161 178 181 184 186 188 197 203 208 209 213 219 220 232 233 235 260 272 281 283 292 296 300 303 304 341 342 354 382 386 407 412 413 421 423 428 432 436 443 455 462 463 464 465 468 483 487 494 500 514 515 516 527 533 536 544 548 553 554 558 559 566 569 579 580 583 587 593 596 602 610 613 620 633 635 645 646 648 652 669 688 690 692 694 696 700 
19 21 28 32 38 71 99 100 105 123 136 145 148 169 178 181 200 220 224 227 230 231 247 262 263 264 271 314 320 326 334 352 358 365 366 380 389 393 394 416 424 469 475 477 484 485 489 494 513 516 526 530 537 550 564 594 614 625 632 637 657 658 661 671 676 677 685 686 
21 24 63 65 76 122 125 130 135 187 191 207 224 247 264 266 274 302 308 320 356 366 400 419 432 438 445 460 471 473 482 491 524 535 549 550 556 562 565 575 581 600 622 626 627 639 664 665 675 695 
27 28 31 33 34 44 56 67 70 82 86 88 91 93 120 127 144 146 159 172 176 182 183 194 210 214 219 220 224 225 228 251 259 264 265 283 285 289 297 312 316 318 326 332 339 343 346 347 362 387 390 391 406 409 426 433 435 441 447 457 459 466 474 489 497 498 505 509 514 519 522 533 540 542 551 571 574 576 581 584 588 592 595 598 601 603 605 610 612 615 618 620 633 643 647 652 658 663 665 668 669 676 680 684 685 689 693 698 
6 27 30 41 43 45 48 50 51 62 64 70 73 79 80 85 86 87 88 122 124 131 140 146 152 171 177 194 198 201 203 208 212 218 222 230 234 239 242 248 251 255 259 265 293 295 316 318 322 330 332 333 339 344 352 353 354 357 365 374 375 377 381 387 390 399 400 402 405 425 431 433 447 456 462 481 489 522 534 540 547 550 572 574 594 601 605 615 628 636 643 645 646 647 649 652 655 663 666 668 672 674 680 684 687 688 689 695 
3 13 15 18 21 22 24 25 26 31 39 43 45 46 53 54 61 63 68 72 77 80 82 84 88 95 98 100 102 106 107 110 117 122 134 138 139 141 144 149 155 158 162 165 166 169 170 171 175 180 181 184 186 187 189 191 192 193 196 202 206 213 215 217 219 220 222 228 229 235 239 240 252 253 254 261 266 268 269 274 275 276 277 279 280 283 286 287 288 289 294 295 296 299 303 304 308 309 313 319 320 323 326 327 331 335 338 339 340 341 349 355 356 360 364 365 366 367 369 370 375 377 383 386 392 401 402 405 407 410 416 423 426 427 429 431 432 435 442 444 445 446 450 456 462 463 466 467 470 472 474 475 479 483 484 486 487 488 490 491 492 493 494 495 496 497 498 502 503 508 514 516 517 518 519 520 524 525 528 533 534 537 540 545 547 551 552 554 555 556 559 565 566 567 568 569 570 579 580 581 583 584 585 587 588 590 591 592 593 597 600 607 609 610 612 613 614 617 618 620 624 627 635 636 637 638 644 650 651 652 654 659 660 662 664 665 670 675 678 689 690 692 694 695 696 697 
21 24 41 43 44 51 62 65 66 69 76 81 82 85 107 116 124 131 133 139 142 152 175 176 187 191 193 201 203 207 212 218 224 232 238 246 247 257 264 266 267 269 274 277 293 307 308 315 319 320 327 331 345 352 356 357 362 366 368 375 384 395 400 417 419 426 432 437 438 444 456 471 473 474 482 484 486 498 499 507 520 522 524 533 547 549 551 556 562 563 565 567 586 596 600 602 612 615 620 626 627 628 646 647 664 665 666 672 675 682 699 
9 12 15 23 27 33 54 55 56 58 63 84 91 93 101 111 113 120 122 126 130 140 150 153 154 159 170 174 175 176 182 190 197 209 210 217 219 225 227 233 236 249 253 257 272 273 283 295 296 297 306 310 316 317 322 323 330 331 333 338 340 342 345 355 361 365 371 373 382 385 388 391 392 395 397 404 409 412 428 432 433 441 442 444 447 448 452 462 463 467 475 476 494 501 509 514 519 528 532 533 534 535 540 544 548 553 559 560 564 565 566 569 570 572 579 584 587 603 610 611 620 621 623 630 632 633 641 642 644 648 649 655 657 661 666 669 671 672 677 679 680 681 683 685 688 690 693 695 696 698 700 
8 20 35 45 52 56 60 67 83 85 93 97 121 123 129 137 139 148 156 159 167 173 176 190 194 203 206 220 236 244 246 248 255 262 263 290 291 292 298 311 317 320 326 337 341 351 354 368 385 389 393 394 396 397 403 408 412 416 419 426 428 440 441 448 450 455 456 464 469 472 475 477 484 485 486 503 512 513 523 525 526 531 536 542 544 546 556 557 563 566 567 568 597 600 602 604 612 613 616 621 632 653 657 658 661 676 677 678 681 682 685 691 694 
29 36 43 46 48 59 63 70 76 86 98 112 122 125 128 134 135 168 170 171 179 189 196 207 217 222 244 253 273 287 294 331 335 337 356 387 392 396 397 404 408 410 413 438 441 445 449 467 487 488 493 496 502 504 519 523 535 538 540 547 549 553 565 566 577 590 591 599 600 604 608 617 622 623 624 627 644 645 654 656 680 687 689 695 698 
