1 9 12 55 56 111 154 197 209 217 233 236 272 273 302 326 349 354 382 407 409 444 452 472 535 544 548 560 566 584 603 641 648 655 679 700 
2 37 41 74 103 179 202 208 220 223 226 237 242 305 310 321 328 349 350 362 371 398 415 430 435 458 521 539 561 575 603 608 630 634 639 648 667 683 
3 8 27 107 112 122 206 207 248 267 269 275 310 319 335 351 411 420 470 479 628 
4 7 16 39 66 128 143 172 178 188 232 255 260 281 283 301 323 348 374 378 402 414 464 465 478 480 535 537 608 616 629 
5 41 73 78 119 160 178 199 226 241 255 348 361 388 422 434 437 452 481 500 527 575 578 608 616 631 655 687 
6 30 43 50 79 87 97 177 234 244 251 330 344 353 354 365 377 381 400 425 454 466 601 604 605 672 674 684 
8 75 96 112 211 229 244 284 325 336 344 347 379 411 415 523 541 543 573 582 619 644 646 662 691 
8 20 35 56 58 123 128 129 148 178 255 262 263 326 347 351 389 393 412 419 426 440 450 456 469 475 477 484 485 526 544 546 563 581 632 645 657 658 661 676 
10 27 42 64 97 101 115 118 130 185 198 204 205 238 243 289 352 372 377 399 413 418 458 511 527 573 582 673 699 
11 104 142 147 270 275 324 363 371 376 445 562 597 622 
13 28 72 189 192 228 239 254 269 273 276 277 288 289 319 327 335 339 340 361 405 446 452 488 490 537 547 551 555 566 591 623 624 644 650 659 660 697 
13 37 40 85 97 100 121 139 190 194 203 204 206 219 236 267 291 298 394 403 451 464 470 486 513 525 542 554 557 567 568 582 602 616 632 678 
13 43 57 76 112 122 125 130 135 280 356 445 491 493 535 538 549 622 677 695 
14 85 89 95 156 161 194 214 217 222 230 250 290 297 327 348 359 386 398 404 422 453 457 460 510 512 529 532 546 564 577 585 589 599 606 628 647 656 693 
15 25 36 46 63 70 84 98 107 168 170 196 207 217 253 287 294 309 335 338 349 377 392 410 411 467 470 487 493 496 502 519 565 590 617 627 654 670 688 695 
17 44 45 52 59 86 156 167 168 173 174 222 243 246 273 290 324 337 354 390 396 408 413 419 428 438 449 495 504 524 538 544 604 610 617 682 
18 26 53 77 168 169 193 229 261 279 286 295 319 355 384 388 416 429 431 442 454 466 492 499 503 520 545 552 584 614 618 648 660 
19 28 32 100 105 136 188 200 220 227 320 324 334 424 489 550 594 661 671 677 685 686 
21 24 116 187 191 203 232 247 266 274 302 308 320 366 398 400 419 444 456 471 473 524 550 556 562 567 575 600 626 627 664 670 675 
22 45 74 86 100 137 149 181 184 186 212 220 268 303 304 341 400 423 428 483 489 516 520 580 593 602 613 620 635 688 692 694 
23 27 43 58 92 101 126 130 140 209 222 297 306 317 322 333 365 373 388 391 397 416 428 448 486 553 572 621 630 632 646 649 661 671 680 681 688 
28 40 94 201 236 252 315 345 402 417 451 506 563 596 622 
29 48 80 106 122 128 134 144 147 171 195 202 239 275 375 386 390 486 499 540 551 577 645 652 660 687 689 695 
31 34 102 141 155 158 161 165 202 235 239 243 282 290 295 299 313 340 344 355 367 383 409 412 422 435 440 445 491 497 508 516 524 534 581 588 605 618 665 670 
33 45 46 74 91 93 120 159 172 176 210 219 225 283 310 316 361 371 373 391 409 412 415 435 441 444 447 458 497 506 509 529 576 610 623 633 666 669 698 
34 39 44 56 67 127 144 146 182 183 248 251 285 289 312 343 346 347 406 459 461 500 505 540 571 592 598 603 605 643 655 
34 44 66 69 81 107 133 212 229 257 307 327 395 499 506 507 520 533 646 662 
37 40 57 110 161 209 213 272 283 296 355 386 407 463 494 554 559 566 569 579 587 
38 66 90 157 230 232 244 245 258 267 278 329 370 426 517 538 553 564 576 581 595 607 609 617 630 662 
39 82 144 219 326 426 466 474 497 498 533 551 584 612 618 620 
41 51 62 85 124 131 152 203 218 293 352 357 456 522 550 615 628 672 
46 113 150 153 175 212 249 272 340 342 385 476 501 564 596 611 623 642 644 693 
47 60 70 83 92 94 156 204 248 269 280 292 297 311 339 368 437 440 455 468 472 522 531 536 546 554 563 567 577 597 601 638 653 677 
49 101 132 188 208 282 300 421 436 443 464 500 527 553 558 583 596 602 620 645 669 
54 92 179 251 323 331 365 407 432 462 472 514 528 533 545 570 610 669 690 696 
57 71 99 108 109 145 147 207 224 231 264 271 282 302 314 320 352 358 380 416 437 451 482 491 516 530 537 573 586 604 625 637 640 671 676 693 
58 114 151 163 164 172 206 216 221 226 256 280 323 391 413 439 454 515 529 562 627 636 638 639 676 680 
61 65 68 94 117 138 162 166 179 180 215 240 351 360 364 369 373 401 402 427 493 518 545 576 597 638 639 651 672 687 
70 86 88 194 208 230 259 265 295 318 332 339 387 390 433 489 522 540 574 601 663 668 680 
