544 1 641 548 197 679 9 233 12 111 560 273 55 217 154 700 382 
396 17 408 156 413 290 167 682 173 174 52 438 59 449 337 604 617 495 246 504 
353 674 354 605 6 425 330 234 684 79 177 50 87 248 377 381 30 
324 104 11 363 142 270 622 562 275 371 597 147 376 
655 160 434 178 437 578 452 199 73 78 348 608 481 631 616 361 241 119 255 
545 514 610 323 331 365 462 696 432 528 690 54 407 472 570 92 669 
387 259 390 265 522 663 668 540 295 680 433 574 318 194 332 208 339 86 88 601 222 
612 326 551 584 618 144 497 82 498 466 533 474 219 
650 13 269 659 276 405 277 537 288 547 555 697 189 446 319 192 72 591 228 488 490 239 624 254 
2 5 648 521 398 539 667 683 430 305 561 435 179 575 321 328 202 74 603 350 223 226 103 362 237 242 634 
128 512 647 14 656 404 532 546 422 453 457 585 460 589 214 599 89 606 95 230 359 250 510 
3 8 523 411 284 541 543 415 420 691 310 573 325 75 335 336 211 344 479 96 229 619 107 112 379 
388 649 140 397 23 681 297 428 306 58 572 317 448 322 333 101 621 630 126 
130 10 399 27 673 418 42 185 699 64 198 582 458 204 205 97 238 243 372 115 118 511 
356 549 135 695 43 76 538 125 535 122 445 
513 291 486 678 394 267 298 139 206 525 557 403 568 121 190 542 
98 196 519 170 46 15 496 467 627 565 502 253 63 
386 355 579 37 296 554 587 494 463 559 209 110 569 272 213 566 57 283 
480 414 4 260 7 301 143 16 465 629 374 281 378 478 
385 642 611 644 249 491 175 623 113 564 340 501 342 150 153 693 476 
132 421 583 553 300 620 558 527 464 49 436 500 602 282 443 188 
609 258 581 38 517 232 329 426 400 370 595 244 245 662 278 90 157 607 
516 137 268 149 22 423 45 303 304 688 692 181 694 184 186 580 593 341 483 100 613 635 
640 264 271 145 530 416 314 71 586 224 482 99 358 231 108 109 625 380 637 
417 451 40 201 236 402 563 596 252 345 315 28 94 
576 33 225 159 409 120 176 633 210 93 373 698 441 666 91 316 509 447 
643 146 406 285 289 39 182 183 56 312 571 67 459 461 592 598 343 346 347 505 251 127 
292 455 536 653 47 368 531 83 468 311 280 60 
257 66 133 69 327 646 395 44 81 499 212 307 506 507 
577 195 645 134 106 171 652 48 689 80 660 375 29 
129 389 262 263 393 526 657 658 20 148 412 161 34 35 676 440 450 469 475 477 484 485 632 123 
266 524 274 21 664 24 675 419 556 302 308 567 187 444 191 471 600 473 366 626 116 247 
256 439 163 515 164 454 391 172 529 114 151 216 636 221 638 639 
165 102 383 235 588 141 299 367 665 534 313 155 508 158 31 
36 294 70 392 487 654 207 590 338 84 309 470 25 410 349 670 287 
352 131 293 550 615 357 41 456 203 51 628 85 152 218 124 62 
614 168 169 552 492 429 77 431 18 53 279 26 
384 193 261 520 503 442 286 
32 320 227 677 200 105 424 136 489 685 334 686 594 19 661 220 671 
518 138 651 401 672 162 166 427 687 180 61 65 68 215 351 360 364 493 240 369 117 
