1	23 
2	13 25 27 29 30 
3	39 
4	34 
5	30 
6	16 
7	28 
8	44 
9	14 
10	17 
11	36 
12	22 
13	28 
14	42 
15	42 
16	3 
17	29 
18	35 
19	39 
20	36 
21	1 
22	3 14 27 30 39 
23	23 
24	25 
25	3 6 10 16 22 
26	9 
27	41 
28	27 
29	1 
30	21 24 25 39 41 
31	42 
32	4 6 11 22 27 
33	1 
34	2 
35	3 
36	21 
37	5 
38	36 
39	3 6 7 18 37 
40	20 
41	14 27 29 41 44 
42	29 
43	22 
44	10 
45	13 
46	9 20 21 30 41 
47	6 17 28 30 35 
48	10 
49	35 
50	39 
51	22 
52	14 
53	38 
54	23 
55	40 
56	33 
57	10 
58	5 
59	42 
60	6 9 11 21 25 
61	5 
62	37 
63	21 
64	29 
65	39 
66	3 
67	4 
68	19 
69	15 20 33 37 42 
70	6 
71	26 
72	18 
73	9 
74	5 8 19 29 41 
75	10 
76	27 
77	14 
78	13 16 28 37 41 
79	3 7 8 13 41 
80	10 
81	3 
82	11 
83	5 
84	11 24 28 30 32 
85	4 
86	10 
87	1 7 11 20 42 
88	29 
89	41 
90	1 
91	38 
92	7 
93	11 12 14 27 41 
94	34 
95	4 7 19 33 41 
96	3 
97	3 
98	15 
99	24 
100	23 
101	3 17 24 36 41 
102	4 8 16 35 39 
103	6 
104	4 24 28 30 44 
105	14 
106	17 
107	22 
108	32 
109	11 
110	2 9 21 42 43 
111	5 14 22 36 44 
112	27 
113	35 
114	19 
115	2 11 18 22 25 
116	13 
117	18 
118	2 
119	23 
120	40 
121	1 
122	10 
123	20 
124	20 
125	31 
126	40 
127	6 
128	3 
129	6 
130	44 
131	40 
132	10 
133	4 
134	23 
135	3 11 19 28 32 
136	13 
137	14 
138	17 
139	4 12 23 27 39 
140	35 
141	1 16 22 25 35 
142	30 
143	21 
144	39 
145	4 
146	25 
147	4 13 32 34 42 
148	43 
149	18 
150	4 7 9 30 33 
151	32 
152	22 
153	12 
154	44 
155	15 
156	29 
157	30 
158	8 12 23 31 34 
159	17 
160	6 
161	15 
162	39 
163	43 
164	14 
165	22 
166	2 4 18 27 44 
167	16 
168	1 
169	39 
170	34 
171	2 19 23 31 37 
172	19 
173	3 6 13 16 26 
174	1 
175	10 12 15 25 39 
176	33 34 35 36 37 
177	16 
178	3 
179	4 
180	2 
181	6 22 32 40 42 
182	29 
183	4 
184	41 
185	25 
186	5 9 14 41 42 
187	14 
188	19 
189	15 16 29 31 33 
190	37 
191	36 
192	20 
193	25 
194	23 
195	18 
196	23 
197	3 5 15 30 31 
198	19 
199	32 
200	43 
201	39 
202	20 26 29 34 40 
203	30 
204	23 
205	4 
206	27 
207	9 
208	30 
209	9 19 27 31 34 
210	19 
211	16 
212	24 
213	6 
214	2 15 22 34 41 
215	33 
216	10 
217	13 
218	16 
219	10 
220	9 11 14 21 32 
221	27 
222	18 
223	4 
224	6 8 14 23 26 
225	41 
226	42 
227	10 
228	11 
229	4 12 25 30 36 
230	33 
231	38 
232	34 
233	4 15 27 37 38 
234	9 
235	6 13 16 20 33 
236	12 
237	24 
238	11 12 23 30 40 
239	4 10 14 26 42 
240	7 
241	37 
242	8 
243	29 
244	5 
245	8 18 26 34 35 
246	14 
247	23 
248	23 
249	38 
250	8 
251	29 
252	28 
253	26 
254	30 
255	22 
256	13 
257	39 
258	9 14 33 34 35 
259	24 
260	16 
261	14 
262	41 
263	15 
264	10 
265	9 
266	1 12 16 17 39 
267	13 
268	33 
269	15 21 30 31 42 
270	26 
271	12 
272	18 
273	1 2 10 17 19 
274	33 
275	6 
276	15 
277	18 
278	18 
279	13 
280	1 6 22 28 44 
281	11 
282	12 
283	42 
284	13 
285	5 
286	14 
287	7 
288	33 
289	6 
290	9 
291	16 
292	12 14 18 42 43 
293	22 
294	41 
295	6 
296	10 
297	10 14 20 33 37 
298	22 
299	10 
300	2 
301	2 
302	43 
303	3 
304	36 
305	18 
306	43 
307	44 
308	9 
309	29 
310	14 20 22 23 40 
311	11 
312	23 
313	6 
314	43 
315	33 
316	7 
317	18 
318	4 8 18 24 30 
319	2 
320	11 29 30 39 43 
321	5 
322	43 
323	44 
324	7 14 16 18 32 
325	16 
326	15 
327	30 
328	32 
329	8 
330	23 
331	16 
332	23 
333	18 
334	31 
335	28 
336	24 
337	4 
338	23 
339	34 
340	25 
341	32 
342	2 
343	34 
344	35 
345	40 
346	14 19 21 24 25 
347	3 
348	11 13 21 25 29 
349	15 
350	32 
351	26 
352	7 30 31 37 43 
353	25 
354	40 
355	16 
356	40 
357	33 
358	2 21 29 30 31 
359	13 
360	12 
361	33 
362	5 
363	4 16 20 29 42 
364	34 
365	2 3 4 23 24 
366	33 
367	44 
368	26 
369	17 
370	1 
371	19 
372	39 
373	10 
374	16 
375	39 
376	6 
377	3 6 10 23 27 
378	32 
379	29 
380	4 6 11 23 30 
381	7 26 27 33 36 
382	36 
383	9 39 42 43 44 
384	20 
385	41 
386	40 
387	41 
388	20 
389	24 
390	44 
391	40 
392	2 4 9 11 30 
393	1 
394	29 
395	1 11 16 21 38 
396	16 18 27 37 39 
397	4 8 9 28 42 
398	11 
399	3 
400	30 
401	10 
402	7 
403	22 25 27 30 37 
404	31 
405	9 16 21 25 44 
406	5 9 11 33 39 
407	14 
408	1 
409	21 
410	9 
411	5 19 29 31 42 
412	33 
413	19 
414	12 
415	1 2 5 28 29 
416	9 
417	24 
418	10 
419	13 
420	21 
421	32 
422	16 
423	13 
424	2 12 19 27 30 
425	18 
426	23 
427	25 
428	15 
429	2 
430	41 
431	11 
432	29 
433	1 11 12 30 33 
434	14 
435	38 
436	1 5 23 29 37 
437	6 
438	18 22 24 33 44 
439	2 9 12 17 34 
440	11 
441	14 
442	29 
443	6 
444	30 
445	10 13 17 27 37 
446	44 
447	26 
448	4 
449	1 
450	37 
451	40 
452	2 26 29 35 39 
453	13 
454	39 
455	20 
456	9 
457	1 6 10 24 29 
458	5 8 25 29 30 
459	8 9 14 22 29 
460	43 
461	23 
462	7 13 22 26 42 
463	21 
464	13 
465	10 
466	15 
467	9 
468	18 
469	18 
470	35 
471	38 
472	26 
473	2 
474	4 21 33 34 37 
475	7 
476	13 
477	15 
478	5 
479	41 
480	41 
481	1 
482	1 
483	11 15 24 29 39 
484	1 4 9 13 19 
485	9 
486	28 
487	40 
488	29 
489	23 
490	4 
491	30 
492	5 12 32 40 44 
493	33 
494	6 10 15 28 29 
495	34 
496	9 
497	39 
498	1 
499	43 
500	15 18 21 22 31 
501	12 
502	40 
503	36 
504	2 
505	6 10 16 28 37 
506	4 
507	2 
508	2 12 13 17 36 
509	26 
510	36 
511	5 6 9 40 44 
512	31 
513	34 
514	29 
515	28 
516	42 
517	5 6 11 31 44 
518	42 
519	15 
520	8 
521	13 
522	4 
523	2 
524	8 
525	36 
526	31 
527	7 19 20 22 44 
528	1 5 26 27 38 
529	16 
530	4 
531	26 
532	23 
533	27 
534	1 9 35 38 39 
535	4 8 32 36 37 
536	11 
537	5 
538	4 
539	33 
540	31 
541	40 
542	22 
543	25 
544	2 
545	1 
546	2 10 22 30 39 
547	1 11 36 41 44 
548	15 19 23 27 40 
549	37 
550	8 
551	1 24 30 36 40 
552	20 
553	41 
554	13 
555	37 
556	10 
557	15 
558	13 15 22 30 37 
559	39 
560	3 8 29 32 42 
561	1 24 27 30 41 
562	39 
563	19 
564	24 
565	32 
566	1 6 13 14 40 
567	35 
568	7 
569	12 
570	21 
571	15 21 23 25 37 
572	11 
573	23 
574	24 
575	24 
576	23 
577	14 
578	4 33 34 35 41 
579	7 
580	17 
581	37 
582	15 
583	18 
584	18 
585	4 9 16 21 27 
586	18 
587	42 
588	30 
589	13 22 23 26 29 
590	9 
591	25 
592	5 
593	33 
594	1 
595	36 
596	41 
597	34 
598	10 13 17 32 39 
599	12 
600	2 
601	37 
602	15 
603	27 
604	7 
605	44 
606	22 
607	10 
608	13 25 28 33 38 
609	13 
610	41 
611	27 
612	41 
613	19 
614	12 
615	28 
616	27 
617	40 
618	4 12 27 29 32 
619	2 
620	5 7 19 37 43 
621	1 6 21 27 31 
622	25 
623	33 
624	6 8 21 29 33 
625	30 
626	3 13 24 33 35 
627	6 7 18 37 38 
628	10 11 19 21 32 
629	1 22 31 33 37 
630	7 
631	9 
632	1 3 10 14 30 
633	41 
634	37 
635	10 
636	24 
637	8 
638	27 
639	40 
640	6 
641	18 
642	12 
643	11 
644	33 
645	35 
646	21 
647	16 
648	14 
649	28 
650	16 
651	44 
652	3 
653	11 
654	11 14 20 33 39 
655	33 
656	1 2 13 15 41 
657	23 
658	2 12 13 21 25 
659	33 
660	24 
661	28 
662	16 
663	29 
664	28 
665	24 
666	29 
667	23 
668	22 
669	25 
670	21 
671	1 
672	1 10 14 25 44 
673	9 10 14 22 31 
674	19 
675	2 
676	14 15 20 36 38 
677	9 
678	42 
679	41 
680	2 25 30 32 33 
681	12 
682	27 
683	7 
684	18 
685	10 
686	3 5 9 14 27 
687	8 
688	38 
689	30 
690	3 11 20 29 39 
691	17 20 21 22 38 
692	3 12 21 35 38 
693	26 
694	35 
695	9 
696	2 
697	2 4 6 33 37 
698	40 
699	4 
700	18 
