6 26 58 65 66 96 98 102 104 105 119 128 132 136 145 148 150 168 184 191 192 202 203 207 215 220 223 260 276 281 322 329 330 350 356 359 374 387 401 405 414 417 433 435 438 442 446 452 455 457 466 473 494 503 507 531 538 544 548 549 554 556 565 575 576 581 583 587 614 617 620 629 630 634 646 650 653 658 673 674 683 687 696 698 699 
36 41 106 131 186 192 204 211 218 225 229 234 238 246 249 262 279 330 384 393 400 408 414 416 427 440 471 472 485 503 508 513 517 532 579 586 596 597 607 608 611 628 638 642 651 668 689 691 694 
27 33 45 50 71 73 74 75 82 99 111 124 142 145 161 162 164 167 201 205 225 228 232 240 249 263 264 283 288 290 314 326 339 340 348 377 384 402 407 484 491 496 500 515 520 530 561 569 602 641 646 659 670 674 697 
9 10 18 33 50 54 58 75 92 105 119 128 142 148 153 158 172 184 188 192 202 220 264 268 283 294 317 327 339 374 377 384 386 393 395 400 401 402 414 416 418 443 484 490 498 516 531 538 548 558 581 583 585 588 607 608 612 614 616 618 625 629 641 649 650 663 670 673 690 692 697 
37 47 65 66 67 98 105 116 119 128 132 136 145 150 168 169 173 177 184 191 199 202 219 220 223 235 237 243 256 270 280 281 282 285 295 297 303 306 322 323 329 342 369 370 373 374 375 387 400 403 406 414 417 426 435 442 466 476 506 507 511 530 531 533 537 548 556 565 577 583 587 590 593 598 610 613 622 624 625 629 634 646 647 649 650 658 672 693 695 698 699 
4 10 18 24 28 34 39 42 49 85 88 97 111 113 114 122 129 138 144 151 156 157 165 171 173 178 180 190 191 200 212 214 219 221 226 231 239 244 252 254 257 266 277 278 286 290 295 300 301 302 303 305 307 308 311 316 320 323 327 333 341 343 345 346 350 353 357 358 360 369 372 375 379 381 385 388 390 391 394 395 396 399 401 402 404 409 410 411 418 422 437 439 443 445 448 458 460 461 463 465 466 469 472 476 478 487 490 496 497 498 499 502 506 511 512 513 525 526 527 533 535 540 545 547 548 550 555 556 557 567 572 575 577 580 581 585 587 589 593 595 597 598 607 611 613 614 616 619 621 627 633 636 644 645 647 648 650 654 656 658 671 673 677 678 682 685 687 
9 34 58 65 119 128 138 139 145 151 168 169 184 202 220 223 235 249 267 281 316 322 329 342 369 379 387 400 406 414 422 425 431 432 442 449 467 476 487 507 526 527 530 536 547 565 587 589 597 611 615 624 625 629 633 634 648 649 658 672 673 695 699 
3 6 11 14 16 19 22 25 27 28 32 33 35 36 38 40 41 44 46 47 48 50 52 54 56 58 59 60 61 66 70 79 81 82 84 86 89 90 93 98 101 105 108 112 113 116 117 118 119 126 127 131 135 137 151 159 165 177 179 182 184 186 187 189 190 194 204 210 213 218 220 223 225 226 231 236 238 241 242 243 244 245 246 247 249 254 255 264 269 270 274 277 279 281 283 285 288 291 295 296 301 304 310 311 313 316 317 318 320 322 324 325 329 330 331 332 333 336 339 341 345 346 353 355 356 357 358 364 367 371 372 373 374 376 377 380 382 387 390 391 394 395 397 399 400 402 403 406 407 408 412 413 415 416 417 421 423 424 431 432 434 436 438 439 440 442 444 448 449 451 452 454 455 457 458 462 464 466 471 473 474 475 476 477 478 479 481 482 484 485 486 491 495 503 504 505 506 508 510 511 515 516 517 518 520 522 524 526 527 529 530 534 543 549 557 558 562 564 565 566 568 570 573 575 583 586 588 589 593 594 596 597 598 599 605 610 611 615 616 621 622 623 624 625 626 627 628 630 632 633 634 635 636 638 639 640 641 643 645 647 650 651 654 661 662 664 665 666 670 675 679 681 682 686 687 688 689 691 692 693 694 697 699 
1 13 20 28 30 34 40 46 53 55 60 61 84 87 89 90 95 102 104 106 107 114 115 122 124 126 127 133 137 138 139 144 146 149 151 154 159 166 169 181 182 187 188 192 197 208 209 210 219 230 233 241 242 244 247 249 250 252 258 267 269 279 291 302 308 311 315 316 323 324 327 328 333 336 341 342 343 347 353 359 361 362 367 369 375 379 383 385 399 403 406 411 417 418 422 423 424 425 427 431 432 433 437 438 439 445 448 451 453 455 460 462 463 465 471 472 474 475 478 479 482 485 487 489 490 492 493 495 498 499 501 504 509 512 514 516 518 519 521 522 526 527 528 531 534 537 542 543 546 547 549 556 557 562 563 566 568 573 574 575 576 578 584 585 586 589 591 592 594 608 610 611 612 615 617 619 620 621 626 633 638 639 643 645 646 650 653 658 666 667 671 676 677 678 682 683 686 688 690 691 694 695 
37 39 59 66 72 80 84 86 94 96 102 108 112 121 133 138 141 143 156 170 176 183 184 198 199 205 207 230 236 248 250 256 257 261 271 280 289 302 303 309 319 322 329 335 341 351 354 358 359 362 379 388 391 392 397 398 400 404 408 426 429 433 435 436 441 446 447 464 466 473 486 490 492 494 497 502 507 509 519 521 524 526 527 536 539 544 546 549 551 554 560 561 564 567 570 571 572 573 577 584 589 591 599 605 609 611 614 617 620 624 635 636 637 652 653 654 656 665 667 679 683 684 687 688 696 
2 36 42 63 98 104 112 136 147 152 162 170 171 187 191 194 195 204 214 222 234 235 244 247 255 276 281 284 300 304 327 330 332 341 344 345 351 356 357 358 361 363 365 380 386 388 393 394 400 408 410 416 423 429 434 443 449 452 457 464 467 470 476 478 479 486 487 501 503 504 510 517 527 532 534 545 549 558 559 570 573 579 585 590 591 593 605 608 610 622 630 632 636 642 660 663 665 674 676 679 686 695 
6 15 25 26 33 37 45 47 56 73 76 77 92 96 100 102 107 113 122 125 139 142 144 147 150 158 160 161 162 164 172 188 192 201 207 213 221 225 240 254 256 262 263 264 271 273 275 277 278 281 286 294 300 310 312 314 317 318 326 332 339 341 342 343 348 355 359 360 385 393 397 398 401 402 409 411 430 433 435 437 445 446 453 458 463 465 469 484 489 494 495 496 523 538 540 542 544 546 548 549 550 554 556 558 559 561 563 566 568 571 575 587 591 597 602 605 609 615 616 617 618 619 620 627 631 646 650 652 656 659 676 678 681 683 685 697 
8 24 29 31 51 64 69 87 98 111 114 123 134 139 143 161 180 187 215 216 227 271 276 278 282 292 299 305 317 333 334 336 338 344 350 374 378 381 385 399 406 409 418 462 463 464 465 471 498 499 502 509 517 542 547 551 552 578 580 583 586 599 604 617 619 621 644 648 657 671 678 687 688 
36 44 48 52 65 93 98 104 136 150 176 179 187 194 204 229 235 243 244 246 260 269 276 280 285 291 296 300 309 325 330 333 356 361 369 400 415 434 444 449 457 475 503 508 510 518 520 524 532 536 537 540 549 553 563 573 579 590 591 596 610 621 622 628 630 634 636 638 639 651 665 671 673 674 676 689 690 694 698 
35 46 69 73 79 100 162 164 202 208 213 219 226 230 240 241 253 262 263 271 275 300 312 314 326 331 332 366 381 399 407 412 431 444 446 495 496 504 539 558 566 570 580 585 586 595 598 602 605 617 628 630 650 663 681 684 687 694 
7 12 15 16 22 30 32 35 40 46 47 49 59 60 62 67 70 77 78 83 87 93 104 105 116 118 128 129 130 132 137 150 157 159 165 168 171 173 174 185 187 189 190 194 196 202 203 206 212 214 219 223 235 237 239 253 255 260 270 276 277 279 281 285 289 296 297 298 301 308 311 320 323 330 331 337 346 355 356 363 369 370 372 373 375 390 396 404 407 411 413 414 415 417 419 424 427 440 441 448 449 454 455 457 458 459 462 466 467 469 472 480 485 488 490 497 503 506 511 512 524 531 533 535 536 540 543 548 557 562 570 572 577 579 583 588 590 591 594 597 598 603 605 611 612 613 622 627 629 630 631 634 636 640 645 646 647 650 655 658 659 664 669 672 673 680 682 693 694 696 698 699 700 
11 22 27 59 67 72 82 91 92 95 97 107 111 112 122 124 127 129 131 139 141 144 166 168 178 180 185 190 195 198 200 221 222 238 239 242 244 247 248 252 256 257 270 284 285 290 295 309 317 331 341 342 343 351 357 375 381 385 386 391 396 398 406 408 418 423 429 436 437 441 443 445 447 452 463 464 471 477 478 493 498 506 509 511 513 515 519 520 528 533 551 553 556 560 561 563 570 573 574 575 580 581 587 598 605 608 612 615 616 617 619 627 628 637 642 647 650 652 655 658 659 662 665 668 671 677 678 679 683 684 695 696 
2 8 34 37 42 44 50 58 63 68 69 73 75 91 111 114 121 134 137 138 142 144 149 151 152 155 163 177 179 181 186 187 191 195 197 200 206 218 224 229 233 234 243 249 250 260 269 283 290 293 304 305 308 316 328 336 339 343 345 350 355 357 361 365 369 370 377 378 380 382 398 399 402 410 411 418 422 425 428 432 437 444 445 446 454 456 463 465 466 467 468 470 471 475 476 478 479 483 484 487 490 498 499 501 504 510 518 521 526 527 530 531 536 541 542 545 547 549 552 558 571 575 586 589 591 606 608 610 611 619 624 627 629 632 633 639 641 646 648 657 658 661 669 670 677 678 686 697 
13 28 42 43 67 79 84 87 92 95 113 133 146 148 154 155 177 212 213 230 234 236 241 250 252 255 258 262 265 302 306 307 320 323 327 347 348 351 353 360 361 362 369 372 373 376 399 416 417 419 424 444 453 460 467 472 475 492 501 514 521 546 576 581 584 591 592 595 610 613 649 653 656 658 667 675 681 690 698 700 
5 7 9 10 13 18 22 23 28 31 39 43 47 58 62 65 70 84 91 92 101 102 103 109 110 113 116 117 120 125 129 139 140 146 147 148 153 154 156 157 158 163 169 170 172 176 181 183 188 192 197 206 211 217 221 222 226 230 231 233 234 237 239 250 252 255 259 262 266 272 273 279 284 286 287 293 294 299 302 306 307 308 312 317 320 327 328 329 331 337 340 344 345 346 347 352 353 355 360 361 362 369 370 372 375 376 378 384 385 386 387 389 395 396 400 401 404 405 406 410 416 418 419 420 421 425 428 429 436 442 443 447 450 453 454 456 460 462 466 467 468 477 483 484 486 487 490 492 494 495 496 500 501 502 507 513 514 516 521 523 525 529 532 534 537 538 540 542 546 548 550 551 555 558 559 560 561 565 567 572 576 577 578 581 584 585 586 587 588 591 592 593 594 595 598 600 603 604 606 609 612 615 616 618 620 624 625 628 631 632 640 642 645 648 649 652 653 654 655 660 663 664 667 668 669 670 671 673 676 686 690 692 695 696 698 700 
2 40 42 54 60 63 68 91 92 151 152 158 159 172 188 191 206 209 218 224 234 268 294 304 311 317 324 332 336 342 357 359 361 365 370 388 393 410 416 419 438 446 448 455 467 470 476 479 483 487 504 510 528 530 538 539 545 548 557 558 562 567 572 579 581 593 594 605 608 610 632 645 648 654 657 663 669 672 682 687 695 
16 22 63 67 107 147 157 185 189 212 237 255 279 284 285 297 301 303 304 320 324 327 329 344 346 356 357 369 375 390 411 413 416 443 451 467 506 509 511 533 537 538 545 549 577 585 598 605 612 613 621 647 649 658 679 693 698 700 
8 29 31 45 49 53 113 123 134 143 147 148 161 162 164 201 206 207 215 216 218 227 240 263 266 277 282 292 299 300 314 318 326 334 336 338 348 360 374 376 378 395 414 452 460 471 480 494 496 503 517 529 542 546 550 552 595 597 604 611 617 618 640 644 646 651 672 680 689 
31 39 49 64 68 69 87 115 129 155 157 175 178 187 193 199 210 217 221 253 265 270 278 295 296 306 312 321 323 340 346 348 353 355 369 388 393 406 411 419 421 424 430 454 477 478 490 499 504 521 523 531 533 535 537 539 541 553 555 582 601 613 619 621 627 634 637 675 687 694 
9 11 15 20 24 28 30 32 43 51 53 55 60 64 76 78 81 87 90 103 106 111 112 114 118 122 125 126 127 139 140 144 147 148 149 155 163 166 169 170 174 176 180 185 195 196 200 203 206 214 217 226 231 233 236 238 241 242 247 258 260 264 265 266 267 270 272 278 280 289 291 293 295 296 298 300 301 305 306 307 315 317 321 324 328 333 340 341 342 343 344 345 346 347 348 350 351 352 353 360 363 366 367 370 376 378 381 382 384 385 388 394 399 400 404 406 408 409 410 413 416 417 418 419 420 423 424 425 428 429 433 437 440 444 445 446 450 451 452 454 456 459 460 463 464 465 466 468 471 475 477 478 480 482 483 486 488 493 498 499 512 518 522 528 532 541 542 547 551 553 558 559 563 568 570 573 574 575 576 579 580 582 587 590 595 600 601 603 606 608 613 615 617 619 621 627 640 641 642 643 644 648 657 658 659 665 669 670 672 675 677 678 679 680 684 687 691 697 700 
17 21 38 44 48 53 61 77 78 85 88 89 107 116 118 122 144 155 159 160 186 193 195 197 204 205 207 209 224 225 229 239 243 244 246 253 261 265 266 274 286 307 313 318 321 324 325 340 342 345 364 368 371 383 385 391 393 394 395 401 403 404 406 409 411 414 418 430 432 438 439 440 444 464 469 474 475 477 479 481 488 489 503 509 515 516 517 520 528 535 537 541 545 547 548 549 553 556 558 563 575 578 582 586 593 595 596 610 611 612 614 621 626 634 638 639 640 651 666 668 672 675 680 685 688 689 697 
8 29 49 54 57 69 82 92 100 110 113 115 123 134 148 161 165 171 184 199 206 211 215 216 218 220 222 227 244 251 270 281 282 292 299 334 336 338 356 366 374 378 386 404 414 424 444 452 457 462 466 471 490 500 513 517 525 542 548 550 552 553 561 595 602 604 642 644 652 668 671 673 674 690 695 699 
3 14 26 27 33 45 48 50 51 54 56 58 61 65 66 73 75 78 79 81 84 90 98 101 111 116 119 126 136 137 142 145 155 161 175 177 179 181 184 186 187 189 193 194 199 208 210 213 217 220 224 225 226 229 231 235 241 243 246 253 258 262 264 265 268 269 270 271 275 283 288 291 295 296 305 307 309 310 312 318 321 322 325 329 332 333 339 340 346 348 355 356 358 364 367 376 377 380 382 384 387 400 401 402 406 412 415 420 423 424 427 429 431 436 438 439 442 446 449 453 459 460 472 475 476 478 481 482 484 491 495 503 504 505 507 518 520 523 527 530 531 532 534 537 541 545 547 549 553 558 565 566 568 569 575 576 582 583 586 590 595 596 598 601 607 622 623 624 628 629 634 637 638 639 641 643 649 661 662 670 672 673 674 675 681 686 691 694 695 697 698 
25 30 32 51 64 114 118 128 129 157 178 189 196 200 203 219 221 237 252 254 270 275 278 289 295 298 305 306 307 320 323 344 346 351 353 355 356 369 375 381 402 404 417 458 460 469 480 488 498 501 512 523 525 526 536 555 556 566 586 602 613 627 644 648 657 661 662 675 676 677 680 685 700 
8 20 48 49 53 55 82 106 127 139 166 169 181 226 241 242 258 267 329 373 378 401 423 443 490 493 497 498 522 548 552 563 573 574 575 585 587 596 604 615 616 649 650 673 679 690 
4 10 13 19 23 25 32 35 40 46 47 61 62 69 71 77 79 83 84 93 94 95 97 108 109 115 118 120 121 129 137 138 147 150 154 157 159 160 165 171 172 173 174 182 187 190 213 219 221 226 229 230 234 238 239 243 244 245 250 252 253 254 258 259 261 262 266 271 273 275 277 278 280 284 285 287 295 296 301 302 303 306 308 310 311 312 322 323 327 337 346 347 349 351 361 362 364 366 372 375 389 391 394 395 396 399 404 405 407 409 410 413 417 419 431 433 435 436 441 443 445 446 448 453 455 458 461 467 473 477 492 495 497 503 514 519 520 524 525 532 535 540 543 546 548 550 555 557 558 562 566 576 584 585 586 591 592 594 597 607 610 612 613 614 616 618 622 627 628 633 634 635 638 644 645 653 655 657 659 661 663 667 681 682 694 696 
21 38 62 70 79 89 100 101 105 109 120 135 153 181 199 209 219 226 246 274 280 282 287 313 318 325 331 345 355 359 371 378 384 389 394 401 403 405 407 421 438 439 454 466 468 474 481 486 494 495 501 509 514 515 516 517 520 528 537 544 545 554 556 566 568 570 575 578 582 586 595 612 618 626 639 647 662 663 664 666 668 669 688 692 
29 36 41 76 86 90 102 103 125 126 129 130 149 158 170 174 176 178 204 208 214 224 225 234 265 268 272 280 291 294 295 308 309 317 324 333 337 352 366 367 384 391 393 395 416 420 429 430 450 451 456 482 486 496 499 501 508 518 523 532 559 568 579 586 597 600 603 611 628 643 646 651 671 676 689 691 694 
1 14 20 28 32 36 41 43 44 47 54 57 59 60 66 70 73 87 91 93 98 104 106 115 131 136 148 177 179 184 192 194 210 211 214 217 218 220 222 224 229 231 236 249 252 257 258 266 276 290 300 303 304 306 307 322 323 330 332 336 337 348 353 357 360 365 368 373 376 386 391 394 404 408 416 418 423 424 427 454 455 457 460 462 467 470 471 472 475 476 482 485 490 495 499 500 501 503 508 513 536 543 545 550 570 580 590 591 593 594 595 604 607 608 610 613 621 628 630 632 634 640 642 643 644 645 651 652 660 673 689 690 694 
22 24 39 51 60 64 80 86 87 97 101 156 180 181 182 205 231 236 243 244 252 257 261 271 282 300 305 306 323 340 344 350 351 353 354 368 379 381 388 389 392 397 403 404 405 409 419 426 437 446 463 465 473 486 490 497 499 501 502 507 509 524 525 526 527 528 533 539 555 564 567 572 577 580 582 593 609 610 617 618 626 635 636 640 644 648 649 654 656 658 672 676 684 687 694 
40 44 45 47 48 53 54 57 61 81 83 91 93 94 97 108 110 115 118 121 137 148 159 165 171 178 186 189 197 206 211 217 221 222 229 239 243 251 253 254 257 261 268 273 280 284 295 296 297 300 305 306 309 311 315 325 335 336 344 346 349 350 351 354 357 359 364 367 375 379 381 386 389 392 396 398 399 401 403 404 408 409 410 419 426 436 440 441 448 455 458 461 465 473 475 477 479 483 486 487 490 500 501 513 525 535 536 539 543 544 549 550 555 556 557 561 562 571 572 580 581 587 594 596 597 607 627 634 635 638 639 642 644 645 652 655 659 660 668 671 676 682 686 687 694 
23 56 62 73 91 101 109 120 152 162 164 174 189 192 201 202 234 240 257 259 263 275 287 303 312 314 318 326 332 340 348 356 379 380 382 384 389 391 395 405 433 452 460 464 470 486 495 496 501 507 509 510 529 538 540 545 549 550 578 586 595 602 605 612 613 617 618 632 637 640 646 650 652 659 661 663 681 
17 26 29 32 37 47 52 59 77 78 80 85 88 89 90 102 105 107 121 126 131 149 150 160 174 185 195 205 207 208 209 210 214 219 256 274 275 279 280 285 286 291 304 309 313 315 319 324 332 333 355 359 367 368 371 379 383 385 386 393 394 403 404 409 411 414 419 420 426 430 431 432 433 434 435 438 439 440 451 455 465 469 474 477 479 481 482 486 488 489 494 503 510 515 516 518 528 541 544 547 554 556 558 563 568 573 593 602 609 610 614 619 620 621 623 626 627 635 639 643 646 650 653 655 656 662 665 666 668 676 680 683 685 688 691 
5 7 11 46 47 53 70 79 82 88 91 109 110 115 117 120 130 135 140 153 183 186 195 196 211 213 219 222 224 231 239 251 253 259 260 262 273 275 279 289 296 298 303 310 323 324 331 332 349 355 363 366 384 386 389 398 401 404 405 407 412 413 415 419 421 430 441 444 454 459 462 480 482 495 500 501 505 513 518 529 534 552 561 563 566 578 586 587 588 602 612 618 621 623 625 628 631 634 640 642 650 652 655 659 660 664 668 669 670 671 672 673 681 687 690 691 692 695 699 700 
37 39 64 80 84 86 121 154 170 182 191 205 226 236 239 250 256 257 261 271 284 289 308 319 327 335 354 372 379 388 391 392 395 397 398 404 410 419 426 443 467 470 473 487 492 502 524 525 526 536 539 545 550 554 564 567 571 572 576 579 585 591 592 593 599 609 614 616 617 635 636 652 654 656 667 676 687 690 
7 21 32 42 70 71 72 83 95 97 115 117 131 133 135 140 141 143 147 148 153 154 165 168 171 183 197 198 224 233 238 239 244 245 248 260 273 279 280 283 284 291 293 331 332 337 339 349 351 361 396 398 402 404 421 428 436 441 447 454 477 492 519 520 525 526 529 535 546 550 551 560 568 570 587 588 602 628 631 637 641 643 652 655 659 662 664 670 671 684 692 696 
5 7 31 42 44 51 52 56 82 92 93 103 110 114 117 125 130 133 135 140 153 170 176 179 183 199 211 214 215 216 220 222 227 237 245 251 253 262 272 273 280 285 292 293 299 301 310 312 315 317 318 332 336 338 349 351 352 355 358 366 367 372 380 382 384 386 403 407 412 415 420 421 423 429 436 438 439 441 446 450 454 456 462 486 492 501 505 513 517 521 524 526 528 529 532 534 539 559 561 583 586 588 600 602 612 623 625 631 642 648 652 655 657 659 660 661 662 664 668 671 686 692 694 
6 13 17 22 24 25 26 45 59 72 85 88 96 102 107 111 122 139 141 156 160 188 189 198 207 219 236 248 256 261 280 286 333 335 342 350 354 359 383 393 395 397 398 401 403 409 426 430 433 435 437 438 445 446 447 463 469 473 479 488 489 494 511 514 519 524 528 538 539 542 544 547 549 551 554 556 560 562 564 571 580 583 591 593 597 599 611 614 617 620 627 633 635 637 640 656 672 680 683 684 685 696 
