1 513 1037 535 423 682 810 1068 437 190 1091 708 713 969 209 855 491 124 1023 
897 15 1046 1047 539 542 289 421 935 691 950 571 829 321 200 460 1100 334 599 998 748 108 884 629 1017 891 
128 2 69 837 39 558 207 80 17 87 57 60 893 
33 3 230 870 649 812 143 51 83 25 90 123 28 798 
770 261 391 522 909 786 914 793 281 800 675 294 46 943 816 1094 455 336 472 735 996 380 
768 4 1032 915 924 422 41 1069 302 815 49 953 186 324 971 465 598 730 607 756 246 248 252 
896 518 263 785 1042 533 154 923 1052 541 292 933 426 940 565 835 210 982 349 880 506 1019 
385 5 519 137 144 791 1051 670 34 1065 818 1078 830 840 715 343 604 862 743 234 622 623 496 112 376 509 
382 386 907 1039 405 917 537 677 567 951 447 196 330 592 467 121 229 231 871 746 1005 366 1006 761 126 
517 6 284 1060 806 1063 295 944 53 976 729 95 352 609 739 356 242 628 892 
646 1031 412 288 939 964 328 848 223 359 617 489 1004 367 368 113 1012 249 511 
35 132 486 425 638 568 841 429 619 702 400 466 371 696 251 286 479 
387 100 133 7 106 267 721 404 436 157 119 668 93 254 
129 66 37 357 8 11 45 335 19 20 54 26 91 
482 836 804 678 9 361 652 908 751 283 531 244 597 406 403 473 443 957 
647 392 529 23 545 548 807 828 573 704 206 601 859 734 227 1002 877 238 1007 626 504 255 
1024 130 774 776 1041 150 666 925 166 301 942 184 61 446 710 966 717 612 633 250 510 
439 994 291 327 396 716 433 243 659 725 211 307 56 88 636 350 
38 550 169 10 695 749 397 176 115 471 894 31 
97 673 579 453 101 297 74 50 370 851 149 22 728 187 94 
898 389 650 651 1035 910 655 271 145 921 30 544 438 451 331 722 480 613 869 881 1009 
32 642 40 520 79 624 1087 660 277 86 55 29 63 
390 140 1040 530 326 456 586 590 978 340 854 984 602 346 736 992 616 235 878 
12 524 528 414 418 681 427 430 693 311 1097 203 719 720 337 213 733 868 888 
900 901 656 1043 151 1048 413 552 938 686 560 315 955 317 960 832 325 76 461 84 983 600 487 750 895 
275 671 1055 1066 175 697 826 956 449 589 986 218 603 987 867 762 1001 236 1013 1014 1018 
353 258 641 805 777 1033 441 13 527 48 562 178 726 822 312 409 694 766 
419 740 999 936 377 583 1096 237 174 814 147 916 1077 310 952 825 221 
65 99 36 131 102 906 171 77 14 525 208 304 752 
1027 282 431 564 313 954 703 833 838 972 332 979 468 858 988 989 991 484 1003 492 373 758 757 379 765 
257 771 260 645 1034 398 783 16 657 18 155 416 674 164 47 314 67 1095 205 857 606 372 502 118 632 
64 226 135 109 78 763 81 306 85 1081 378 59 445 125 351 
643 648 654 279 411 672 801 290 553 819 948 692 1075 1083 585 714 846 89 363 110 239 499 760 
134 138 21 24 922 546 683 173 1079 958 320 963 457 1098 724 220 483 995 355 240 114 1016 634 637 
1088 485 582 775 903 809 266 523 941 526 723 981 534 667 926 159 
384 1025 399 551 305 52 569 319 581 844 588 852 476 861 863 993 738 744 232 876 494 495 635 1022 
515 644 394 1036 269 146 153 794 293 1061 44 300 198 73 333 727 247 477 615 104 245 759 
773 1030 268 1038 911 658 408 920 410 795 1053 797 1058 685 1071 303 181 834 856 879 1015 
388 787 276 160 929 1057 937 557 821 824 570 1093 839 967 587 1099 860 224 737 865 754 1011 500 886 503 253 639 
532 278 27 669 680 554 172 561 442 699 705 706 596 474 478 611 107 620 508 
1029 904 653 789 919 407 538 543 947 308 316 572 1086 576 71 75 975 595 222 96 1000 233 618 875 117 889 
393 401 913 665 285 1064 168 1074 1090 709 202 462 464 470 216 475 219 990 610 621 120 505 127 767 
779 782 274 152 796 158 415 1059 165 808 555 813 559 182 62 970 718 338 742 360 498 764 
417 162 707 584 488 298 139 687 593 945 817 
256 264 521 1056 161 420 549 424 42 299 309 450 68 458 463 481 866 365 493 
899 516 905 272 1045 536 803 43 428 185 188 574 578 962 70 712 459 849 980 354 883 
781 141 148 280 811 566 440 575 448 193 961 1092 454 329 973 847 731 348 874 375 1020 
265 661 792 1050 1054 799 927 556 1072 1073 563 1085 577 594 605 228 997 614 873 887 241 885 501 631 
259 918 156 928 932 688 690 58 1089 195 968 72 843 853 92 732 872 369 755 374 
902 778 912 1049 802 167 170 1067 432 1080 444 199 204 977 850 212 103 490 747 364 1008 122 
395 784 788 1044 1070 949 827 831 323 965 197 974 82 342 985 497 753 882 507 383 
512 1026 194 741 842 823 591 946 435 820 1010 662 790 214 183 1082 
769 772 142 273 402 664 540 287 163 180 1076 700 1084 192 322 341 864 98 625 627 381 
640 514 262 663 930 931 676 547 934 679 1062 684 701 580 845 469 345 225 105 745 630 1021 
1028 452 136 201 362 780 689 434 116 344 698 347 890 959 
608 358 711 296 270 111 177 179 339 215 217 189 318 191 
