23 33 54 62 96 174 201 217 267 286 296 307 343 379 386 433 443 487 491 496 535 554 569 581 628 694 
19 41 48 51 52 58 69 83 84 92 108 112 115 116 117 123 168 182 198 211 236 239 245 251 258 273 276 279 307 325 327 333 341 362 364 375 378 380 394 399 403 406 409 411 417 431 438 450 457 486 499 502 515 533 537 558 559 575 607 629 632 647 651 657 662 690 695 
15 23 35 37 60 68 76 97 100 109 120 121 129 132 135 138 143 149 150 159 164 175 178 181 194 195 206 212 217 219 231 232 237 248 251 257 278 281 291 294 295 297 299 309 311 323 330 331 332 334 348 349 351 360 366 367 391 395 405 427 436 441 450 452 454 456 459 462 466 468 472 473 475 476 484 487 491 492 494 501 503 505 508 512 514 516 527 534 549 550 551 558 559 561 563 564 574 577 578 589 595 598 602 616 617 624 634 643 646 662 665 670 674 679 684 686 689 691 695 697 698 699 
17 25 29 48 53 61 66 67 72 73 77 90 98 99 105 110 126 129 130 133 147 155 156 165 166 179 189 203 214 215 225 226 228 230 234 248 264 285 298 301 302 306 316 318 322 328 332 333 340 342 357 359 368 369 376 377 388 392 400 409 410 416 425 429 440 447 451 458 464 469 472 474 485 488 490 497 500 501 509 521 522 523 524 530 538 540 544 547 552 557 562 564 566 570 582 594 605 606 613 616 619 620 623 627 638 640 648 650 653 654 656 667 669 671 676 683 686 695 699 
1 9 10 15 18 19 21 24 28 36 39 46 47 50 51 52 58 59 65 69 70 74 80 81 83 84 87 89 94 95 96 100 101 104 106 108 110 111 115 116 117 120 122 123 124 128 129 130 131 135 140 142 143 145 147 149 153 163 167 170 171 173 176 177 185 190 192 193 196 197 198 203 205 206 209 211 212 213 214 217 218 231 237 239 240 242 244 245 249 250 251 253 257 259 261 265 266 272 273 274 275 276 278 279 280 282 283 287 289 292 297 299 300 303 304 305 306 312 313 314 317 319 320 321 322 323 325 327 329 334 335 337 340 341 344 347 359 362 363 364 365 371 372 374 375 377 378 380 382 383 384 393 394 395 396 398 399 401 405 407 409 411 413 416 417 419 424 425 428 429 430 432 434 435 436 437 438 444 445 448 449 453 455 457 458 459 461 462 464 465 468 471 476 478 479 480 482 486 487 489 496 498 499 501 502 503 504 507 517 520 522 524 527 530 532 534 536 541 542 544 553 556 557 560 561 567 569 570 573 575 576 578 585 587 591 592 595 597 599 600 601 603 606 607 608 610 611 612 614 619 622 625 626 629 631 632 633 635 639 640 641 642 643 645 646 647 649 651 656 657 658 659 660 662 663 669 672 673 679 682 687 690 692 693 698 
7 10 15 18 26 35 37 39 40 50 52 57 60 62 65 70 73 74 76 87 90 100 106 107 110 118 120 121 132 136 140 148 153 158 167 172 174 179 180 181 185 188 191 193 194 201 209 212 213 221 225 226 232 233 234 237 248 249 259 260 266 274 278 281 297 298 299 302 306 311 317 319 330 331 333 334 337 338 342 345 351 352 360 366 385 386 387 390 392 393 396 397 407 409 425 426 432 434 436 441 448 449 452 457 460 461 462 468 469 475 479 485 486 488 490 491 493 494 498 499 501 504 505 509 511 512 513 514 516 517 519 522 523 525 536 538 540 543 544 546 549 552 553 554 556 563 568 569 570 574 575 576 579 583 589 590 592 593 597 599 602 603 610 612 613 617 620 622 624 628 635 638 649 653 654 658 659 667 670 671 675 676 683 684 687 691 697 
14 20 35 37 41 60 68 76 78 81 91 92 94 95 121 132 138 150 153 154 160 163 164 174 178 186 192 195 214 216 226 232 240 241 243 246 247 248 272 291 294 295 298 303 304 308 314 330 337 348 351 352 355 360 366 367 372 374 399 405 412 414 420 421 443 452 456 470 473 475 476 478 482 484 489 492 494 496 506 512 514 516 522 546 549 550 551 558 564 567 568 574 577 583 596 598 600 601 602 614 617 625 634 639 641 646 651 660 665 672 684 691 692 693 698 
11 37 40 44 49 56 60 68 76 98 102 110 121 132 137 141 149 160 180 181 200 219 221 226 228 229 231 249 268 281 288 293 298 314 328 330 351 363 400 408 410 449 463 475 476 505 511 512 514 516 526 546 549 561 563 568 572 573 583 585 589 596 602 603 617 624 627 639 652 656 668 670 677 684 688 691 695 697 
4 16 18 30 34 39 40 44 51 62 69 71 72 73 77 78 93 98 99 102 103 108 110 118 119 123 129 130 135 146 148 151 159 160 165 166 179 180 184 185 191 198 199 203 207 214 224 228 233 234 235 239 240 245 249 262 266 269 276 281 298 302 305 306 318 324 327 328 333 340 342 346 354 359 361 362 369 374 378 383 384 386 391 392 394 399 402 408 410 418 419 426 433 437 438 441 442 446 457 466 467 469 470 480 485 488 490 493 497 508 509 519 521 523 525 528 536 537 538 540 541 544 545 547 548 552 555 556 558 559 562 573 575 579 586 587 590 592 596 599 603 613 616 620 623 635 640 647 649 653 654 656 661 662 666 668 669 671 673 675 678 680 683 686 689 
9 16 21 24 28 37 46 47 50 52 65 70 74 76 80 81 94 95 100 101 103 104 120 125 126 128 132 134 136 139 140 142 149 154 181 186 192 196 197 204 205 212 213 218 219 221 231 232 237 240 243 246 249 257 259 260 263 264 270 272 274 276 278 281 287 297 298 299 300 304 311 317 320 321 323 329 330 334 335 340 351 360 363 365 367 371 374 385 396 397 398 399 401 405 413 420 434 436 438 443 444 446 454 455 461 462 468 471 475 476 478 479 482 489 494 496 501 505 517 522 524 527 532 541 542 546 549 561 563 564 566 567 568 569 573 583 585 588 597 601 605 608 610 612 614 617 624 635 638 639 642 643 644 645 648 649 659 660 663 664 665 667 668 670 672 673 682 684 685 687 691 692 696 697 
9 30 31 34 38 40 44 78 86 91 96 103 109 113 118 122 124 129 143 146 151 152 159 162 163 170 180 188 189 191 199 201 207 217 220 231 233 241 247 260 267 269 308 331 336 337 349 355 360 361 372 373 382 384 387 391 395 412 414 421 422 426 432 433 437 441 442 445 446 459 467 472 473 477 480 487 493 506 513 516 519 527 531 534 543 559 561 563 571 572 575 578 579 588 590 593 595 599 601 603 604 609 621 625 630 633 637 640 649 650 655 662 663 667 671 674 675 678 679 689 693 695 699 
12 14 20 21 24 46 50 65 68 74 80 81 94 103 104 112 121 124 128 135 138 150 161 164 172 174 178 192 195 201 205 218 221 246 248 257 263 270 272 274 276 291 295 300 304 305 320 323 329 334 335 348 351 352 357 359 363 365 367 370 371 374 398 401 405 413 425 436 444 452 455 456 470 471 473 476 482 484 489 492 494 501 514 518 524 527 533 542 550 551 567 569 574 577 579 598 600 608 610 614 615 620 625 634 639 640 642 645 646 653 656 658 665 667 672 673 692 697 698 700 
43 63 75 76 79 81 152 202 204 212 226 233 252 254 255 256 271 272 277 290 293 311 316 321 346 350 359 368 370 371 381 388 389 403 409 414 417 423 427 437 444 445 453 455 459 460 479 486 505 507 510 512 518 520 528 555 559 565 568 580 583 586 603 606 618 623 624 664 669 670 680 685 
11 13 29 34 35 36 44 53 61 66 67 71 78 98 105 107 111 114 130 136 141 153 155 156 157 169 173 182 184 189 190 194 201 204 215 216 224 228 234 235 242 244 247 253 259 260 261 274 280 285 301 302 306 311 312 314 316 319 322 324 333 334 335 346 354 356 359 376 379 382 383 386 391 392 402 406 410 411 416 419 425 428 429 433 434 437 440 447 451 458 460 465 466 467 469 470 473 483 488 490 494 498 500 501 506 507 509 510 511 516 520 530 534 537 538 540 541 545 548 557 558 559 570 576 582 586 587 588 594 610 611 612 619 622 626 627 628 637 638 640 641 650 653 654 659 661 663 666 667 669 671 676 678 680 683 684 694 698 
2 11 44 55 65 67 85 98 105 108 119 123 131 147 155 157 170 171 188 203 211 215 228 238 239 245 250 254 275 282 285 301 315 316 347 353 354 362 364 383 389 394 404 406 410 411 429 438 440 444 447 448 451 453 457 464 466 498 500 524 529 530 537 564 582 594 601 606 624 627 629 631 642 667 669 681 
16 22 36 47 51 54 64 87 107 110 111 112 114 115 130 136 141 143 153 158 159 169 173 175 187 190 194 200 206 214 216 217 236 242 244 253 256 258 260 265 273 274 279 280 288 293 301 309 312 314 321 322 325 326 333 338 341 345 349 350 354 356 359 365 366 375 379 381 382 385 386 390 393 395 403 411 419 428 429 431 434 437 441 448 457 458 459 460 466 468 469 472 481 483 486 487 499 503 507 508 509 510 511 520 526 530 533 534 543 544 551 554 555 557 561 570 572 575 576 578 587 589 591 595 600 603 610 611 612 618 619 622 623 626 627 628 630 641 651 652 654 659 663 664 673 674 676 679 682 687 689 690 695 699 
16 22 40 44 51 54 64 65 76 82 86 88 103 108 125 126 130 133 134 139 161 172 174 175 182 187 201 207 214 220 221 222 230 238 256 263 264 284 293 298 326 336 348 356 357 358 370 381 389 403 414 417 418 419 422 437 441 448 451 452 453 454 467 468 474 477 481 483 486 493 510 511 513 517 520 521 531 543 555 557 564 566 575 578 580 584 586 593 603 604 605 615 617 618 621 629 630 636 637 638 641 644 648 655 664 682 688 700 
6 25 37 45 65 75 76 82 83 92 94 109 112 115 116 117 121 125 126 133 134 138 139 148 161 168 172 195 208 217 221 230 236 249 251 263 264 272 273 281 291 304 311 331 332 333 341 348 349 351 352 357 367 370 375 380 400 404 409 417 418 421 431 441 443 451 452 454 472 474 476 478 482 486 492 494 499 502 503 514 521 531 533 546 550 557 561 564 566 575 578 596 605 615 629 632 636 638 639 644 646 648 651 655 657 664 665 672 684 688 689 690 692 695 698 699 700 
3 13 42 58 60 71 72 77 83 93 97 99 109 110 115 116 117 119 120 129 142 143 146 148 151 159 165 166 167 168 175 184 190 193 206 209 217 224 225 229 231 235 236 251 258 266 273 276 279 293 294 305 309 311 313 318 325 331 341 342 349 354 356 362 367 369 374 375 380 391 395 405 407 408 409 417 418 426 429 431 433 439 441 449 450 459 461 462 466 467 470 472 486 487 497 499 501 502 503 504 508 516 519 521 523 527 528 533 534 536 537 541 543 545 547 548 551 555 556 559 561 562 572 578 585 586 589 592 595 603 613 616 620 623 632 640 651 652 653 656 657 658 661 666 674 678 679 680 686 689 693 695 699 
4 8 17 27 32 34 45 78 95 96 97 124 127 144 154 163 167 175 183 185 186 189 192 194 206 208 210 223 227 231 237 240 243 246 270 272 293 294 308 309 310 317 323 325 337 342 349 355 360 373 374 387 400 410 412 414 415 418 420 421 432 435 439 443 450 463 471 478 482 489 496 503 508 525 529 542 551 561 568 595 596 597 602 603 606 609 614 625 633 639 642 660 662 663 665 672 674 677 679 692 694 695 696 
30 31 34 35 37 38 43 44 48 60 63 68 75 76 78 79 91 96 113 114 122 124 128 132 150 152 162 163 167 173 181 189 201 202 204 212 216 219 226 232 241 242 247 252 255 259 269 271 276 277 281 290 300 308 311 312 314 320 321 322 330 336 337 346 350 351 355 359 360 368 370 371 372 373 381 382 384 388 389 391 397 398 410 412 414 418 419 423 427 428 432 437 444 445 446 453 454 460 471 475 479 481 494 505 506 512 516 518 519 527 528 549 558 563 565 568 570 571 572 583 587 588 591 599 600 601 602 604 606 608 609 611 617 624 625 631 633 640 643 645 650 651 659 663 668 670 673 681 684 685 691 693 694 697 
5 19 23 31 33 34 35 38 40 43 44 50 54 60 62 69 75 76 78 79 86 88 91 96 103 106 108 113 118 122 123 124 132 135 141 146 149 150 152 162 163 167 170 174 175 176 179 180 181 182 184 189 193 198 199 201 202 204 209 220 222 226 232 233 238 239 241 245 247 252 254 255 260 262 266 267 271 276 277 281 284 286 290 296 298 303 307 308 311 319 324 327 330 336 337 343 350 351 355 358 360 362 364 368 370 372 373 378 379 381 387 388 389 392 394 397 399 405 406 407 412 414 422 423 425 427 432 437 438 444 445 446 449 451 453 457 460 461 466 467 470 473 475 477 479 480 481 486 487 491 492 493 494 495 496 500 504 505 506 512 513 514 516 517 518 519 521 528 531 535 536 537 545 549 554 556 558 563 565 568 571 572 579 580 581 583 584 586 588 589 590 592 593 601 602 603 604 606 609 617 621 624 625 630 633 637 640 647 649 650 655 658 661 662 663 670 671 674 675 678 685 693 694 697 
5 37 45 56 59 61 84 89 97 109 128 129 135 145 159 175 177 231 254 265 283 289 292 294 303 309 313 331 339 344 349 368 377 380 391 395 419 424 429 430 435 441 459 465 472 481 487 495 500 503 508 515 516 532 534 539 544 551 553 554 557 560 561 576 584 593 607 619 622 624 655 666 679 689 692 695 699 
36 41 51 58 59 75 83 84 87 89 92 97 111 112 114 115 116 117 120 121 129 130 145 153 165 168 169 173 176 177 190 216 236 242 244 251 253 254 258 260 261 265 273 274 279 280 289 292 302 303 312 313 314 322 333 339 341 344 359 368 375 377 380 382 409 411 417 419 423 424 425 428 429 430 431 435 437 439 450 458 465 483 486 495 497 499 502 507 509 510 515 523 530 533 536 539 544 553 557 558 560 570 575 576 586 587 591 600 607 611 617 619 620 622 626 629 632 638 641 651 657 659 686 690 695 698 
13 17 29 43 48 53 55 61 66 67 68 75 79 85 98 105 111 118 130 131 141 147 152 155 156 157 169 170 171 180 182 188 190 202 203 207 211 215 228 233 250 252 254 255 260 261 265 271 272 275 277 280 282 285 290 301 315 316 324 346 347 350 353 359 361 368 370 376 381 383 388 389 404 406 410 411 416 423 425 426 440 442 444 445 447 451 453 458 460 464 465 475 479 480 483 488 493 495 498 500 505 507 509 518 524 528 529 530 540 557 558 564 565 576 582 583 586 594 606 619 622 624 626 627 631 640 641 642 650 659 664 667 669 673 675 681 683 685 694 698 
