34 37 39 64 121 151 156 170 182 191 202 205 215 249 250 257 269 271 316 354 358 379 388 392 404 410 419 425 442 452 466 470 490 492 497 502 512 525 526 527 529 536 539 545 564 567 572 577 589 611 614 617 618 619 635 636 640 652 654 656 658 674 687 699 
13 31 39 40 49 64 68 69 76 84 88 93 107 125 137 147 154 155 160 175 186 193 204 209 210 217 221 224 233 250 253 265 270 286 296 297 299 302 306 311 312 321 327 340 348 355 359 361 362 372 383 393 411 419 430 438 455 462 469 478 479 488 489 504 514 517 521 523 535 537 539 541 542 543 546 547 553 557 559 562 575 582 584 592 594 597 601 625 627 633 634 637 645 653 673 675 682 685 687 689 694 
8 29 31 49 53 57 69 82 90 110 113 115 123 126 134 139 148 149 161 165 174 185 208 211 215 216 217 218 222 227 251 264 267 279 282 291 292 299 309 315 324 334 336 338 349 355 357 360 366 367 378 384 386 395 404 406 414 420 431 440 451 452 454 462 482 490 496 500 513 517 518 523 525 541 542 548 552 561 563 568 586 595 602 604 611 615 621 627 642 643 645 646 651 652 660 668 671 674 680 689 690 691 695 
13 22 28 37 43 45 65 66 67 84 92 107 113 119 129 136 145 146 147 157 178 184 185 196 199 203 212 217 220 221 230 234 237 250 255 258 266 270 285 288 293 295 297 302 303 307 320 322 329 346 347 353 360 362 376 387 390 400 406 411 413 416 417 431 432 436 442 444 453 458 460 467 476 491 506 507 509 511 512 525 533 555 565 576 577 583 584 586 587 592 595 597 598 612 613 624 627 629 647 649 653 658 667 672 673 690 693 695 696 698 699 700 
27 33 45 50 71 73 74 75 82 99 111 124 142 145 161 162 167 205 207 225 228 232 249 263 264 283 288 290 326 339 340 377 384 402 407 484 491 494 500 515 530 561 569 597 602 641 670 674 697 
5 7 31 44 52 70 72 93 95 105 117 128 135 140 141 153 168 179 183 195 196 198 202 223 231 245 248 257 260 266 279 281 286 293 298 299 303 310 331 355 358 360 370 380 391 404 414 415 421 428 429 447 454 459 462 480 482 505 519 521 526 529 531 534 548 551 560 570 588 604 621 625 628 631 637 650 661 662 664 669 670 671 672 684 686 692 694 695 696 699 
5 7 11 28 42 43 47 57 70 82 91 97 101 116 117 133 135 140 153 157 183 211 217 231 245 252 257 258 266 279 286 293 304 306 307 311 323 331 336 337 341 351 353 357 360 369 375 376 386 394 418 421 424 454 455 460 462 475 478 487 492 500 501 503 513 525 529 545 555 556 561 570 584 588 594 595 613 621 625 631 640 642 644 652 657 660 664 670 671 692 
4 13 30 32 39 54 67 84 95 138 146 147 148 151 154 156 184 203 205 220 230 234 241 249 250 255 257 258 269 285 289 295 300 302 308 316 347 354 361 362 369 372 381 388 399 404 413 416 417 419 422 425 453 458 462 465 467 476 480 487 490 492 497 502 511 512 514 521 526 527 536 542 546 567 572 576 580 584 591 592 598 614 625 633 648 649 653 654 656 667 680 687 690 693 698 700 
14 44 45 48 51 52 54 61 64 73 77 78 93 98 101 104 136 137 138 142 149 150 156 179 186 187 197 199 215 229 236 243 244 246 260 266 268 270 276 281 296 301 305 310 318 325 339 356 358 364 380 381 382 391 395 398 401 412 414 415 420 422 423 439 440 444 446 449 452 457 466 469 475 481 484 488 490 503 505 526 527 534 545 548 549 589 595 596 607 610 612 621 623 630 638 639 654 661 674 686 699 
44 45 48 61 137 176 186 226 229 243 244 246 266 280 285 309 325 333 358 364 380 399 401 440 443 444 490 510 527 534 540 548 549 573 575 585 596 607 616 638 639 650 673 690 
8 29 49 69 87 100 113 123 134 143 148 161 180 199 206 211 215 216 227 231 250 282 288 292 299 334 336 338 361 374 378 404 452 462 471 491 502 509 517 521 542 552 569 580 599 604 617 644 688 
8 29 49 82 100 110 123 128 132 134 143 161 162 168 173 201 202 206 211 215 216 222 223 227 240 251 270 281 282 285 292 299 314 334 336 338 366 374 378 386 414 452 466 471 496 500 513 525 531 552 553 561 581 602 604 617 642 644 646 652 668 671 674 690 693 695 699 
36 41 98 136 147 150 187 189 193 194 204 218 229 234 235 238 255 269 279 308 329 330 346 356 361 369 376 393 400 414 416 438 449 460 471 485 503 508 517 532 537 541 549 553 559 579 582 586 597 611 622 628 630 634 636 649 651 671 673 674 676 689 691 694 
1 14 20 24 28 36 40 41 43 45 47 52 54 57 59 66 73 93 94 106 108 111 112 113 121 122 127 131 137 144 156 159 172 181 192 194 200 204 210 213 214 217 218 224 229 231 236 238 247 249 253 256 258 261 267 277 301 307 311 312 317 323 325 330 335 336 337 341 342 343 348 350 353 354 358 360 364 368 372 373 376 385 391 394 395 397 398 400 406 408 415 416 418 423 424 427 433 437 444 445 446 448 452 455 460 463 464 471 472 473 475 477 478 485 486 493 494 501 503 508 522 524 528 539 540 543 545 547 550 554 556 557 562 563 564 570 571 573 574 575 580 581 583 587 590 591 594 595 596 597 599 607 608 611 613 615 617 619 628 635 638 640 642 645 650 651 665 677 678 679 682 686 689 690 694 
4 13 20 24 25 30 32 40 47 53 55 59 60 71 72 80 83 84 92 93 95 97 101 102 103 108 110 114 115 116 118 121 125 127 131 137 141 159 163 165 166 169 170 171 176 180 181 182 190 198 211 222 225 230 231 236 237 238 239 241 242 244 248 251 253 254 256 257 258 261 262 267 272 273 277 278 280 285 297 301 302 305 311 312 315 317 322 328 333 335 336 337 345 347 349 350 351 352 361 362 367 370 372 381 384 386 390 396 397 399 409 412 415 419 420 423 428 429 436 441 446 447 448 450 453 455 456 458 461 463 465 466 468 473 477 483 486 492 493 495 497 498 501 503 504 506 513 514 519 520 522 523 524 532 533 535 539 540 543 546 547 550 551 557 559 560 562 563 574 576 578 580 584 586 591 592 594 597 598 599 600 602 603 606 615 628 633 635 637 642 644 645 648 652 653 655 657 659 660 661 662 667 668 669 682 684 686 687 694 695 696 697 
11 22 27 49 59 67 72 82 95 106 111 112 122 129 131 139 141 144 150 168 178 185 190 195 198 200 212 219 221 237 238 247 248 255 256 257 290 295 297 301 309 317 320 331 341 342 343 375 381 385 390 391 400 406 408 411 423 427 435 436 437 447 452 463 464 467 471 477 478 485 498 506 509 511 515 519 520 533 547 551 560 563 570 573 575 577 580 598 605 615 619 627 628 637 647 651 662 665 677 678 679 683 684 689 696 698 
8 20 30 47 48 53 55 63 101 106 111 127 139 144 166 169 181 200 226 241 242 258 267 275 284 304 317 327 343 366 373 378 385 401 405 418 423 437 443 445 463 467 471 478 493 497 498 518 522 551 563 574 575 585 602 607 608 612 614 616 618 619 627 640 650 662 663 673 676 677 678 679 699 
2 39 42 63 67 83 115 146 147 148 152 154 156 158 170 185 188 191 195 197 205 218 224 234 239 241 253 255 262 268 273 275 280 284 294 312 317 324 329 349 357 361 365 369 388 392 396 398 399 403 410 416 425 436 441 453 467 470 473 476 479 487 496 510 511 514 521 533 545 546 558 562 567 572 576 579 581 584 587 593 598 605 606 608 610 612 614 621 632 654 655 656 657 658 659 663 669 670 681 693 695 700 
23 56 62 73 100 101 109 113 120 146 147 162 164 174 189 191 192 194 201 202 240 259 263 266 277 287 300 303 312 314 318 326 332 348 356 360 361 369 384 389 405 452 453 460 486 495 496 501 502 503 507 521 529 538 542 545 546 549 550 578 579 584 593 595 612 617 618 630 640 646 659 663 674 686 
37 39 59 62 80 86 91 92 94 98 104 108 109 114 120 121 136 143 150 156 183 187 189 192 194 199 222 230 235 236 256 257 259 261 271 276 280 285 287 300 302 319 323 335 344 346 354 356 357 368 375 379 384 386 388 389 391 392 397 398 401 405 410 422 426 436 444 449 453 457 473 486 490 492 497 501 502 507 513 521 524 526 536 538 539 546 553 561 564 567 570 571 572 590 591 592 599 609 611 612 613 614 617 618 621 622 624 629 630 635 636 640 642 648 652 653 654 656 657 667 668 671 673 687 688 695 698 
16 22 23 28 42 43 49 60 62 63 67 87 107 109 120 129 152 157 185 186 189 190 191 192 212 214 229 234 236 237 243 244 246 255 259 279 285 287 297 301 303 304 307 312 320 323 324 329 332 345 346 348 353 357 365 369 373 375 380 382 388 389 390 394 405 410 411 413 416 424 439 440 451 467 470 479 487 506 510 511 533 538 545 555 577 578 593 596 598 605 610 612 613 618 621 632 638 640 644 647 657 658 661 663 665 668 693 698 
21 53 54 57 58 65 66 78 81 83 91 92 110 115 118 119 139 145 148 169 177 178 181 184 186 196 197 206 211 217 220 221 222 224 239 251 253 267 268 273 280 284 293 295 304 306 315 322 329 332 336 344 346 349 357 364 366 369 374 384 386 387 396 400 403 404 410 426 431 432 436 441 442 453 467 476 477 480 483 487 488 493 498 500 507 511 512 513 518 525 530 535 537 539 555 561 562 563 565 572 587 597 602 607 609 624 625 629 642 649 652 655 659 660 668 671 672 676 679 695 698 
2 9 10 18 28 42 47 54 66 68 91 92 104 105 111 113 116 128 131 133 144 147 158 162 164 172 173 184 186 188 192 201 202 208 210 214 218 224 226 234 236 240 246 249 263 266 268 271 277 281 284 294 296 300 304 308 310 314 317 318 322 326 327 329 332 337 341 351 353 357 359 360 364 365 373 395 396 400 401 402 410 417 418 419 420 423 427 443 444 445 460 466 467 470 472 476 484 485 492 494 496 498 501 504 506 507 510 516 530 531 538 540 544 545 546 548 554 556 558 568 571 575 579 581 585 593 595 596 607 608 610 612 614 616 617 618 624 629 632 639 642 643 646 650 652 658 659 663 673 676 677 687 690 695 697 699 
17 29 32 35 37 46 52 59 68 77 78 80 85 88 90 98 105 107 112 121 126 131 149 155 160 174 175 185 187 193 195 208 210 214 247 264 275 276 279 280 286 291 315 319 321 324 331 333 339 340 341 342 355 367 368 379 383 393 394 395 404 406 407 408 409 411 413 414 419 420 421 423 430 431 432 434 439 440 451 452 454 464 469 478 479 480 482 488 489 515 518 523 535 541 547 556 558 563 564 568 573 582 597 601 602 605 609 610 614 621 623 627 634 635 639 640 643 646 647 662 664 665 666 672 675 676 679 680 685 689 691 700 
25 36 68 77 85 88 97 100 107 115 155 160 165 171 175 187 193 199 204 244 245 254 257 265 270 275 278 282 286 287 303 306 312 321 333 340 342 348 378 388 391 393 406 409 411 430 433 458 461 469 477 478 488 489 495 497 504 517 523 535 540 541 547 550 553 558 582 601 605 613 621 634 637 650 675 685 
18 36 44 48 65 70 83 89 93 98 104 105 118 136 150 155 187 189 193 194 204 209 219 229 235 239 253 260 265 269 274 276 285 300 313 315 321 327 330 340 356 361 369 371 393 394 395 396 400 406 434 438 439 441 443 444 449 457 474 477 480 486 503 508 515 516 520 524 528 535 536 537 538 540 541 549 553 570 575 579 582 585 590 591 596 616 621 622 626 629 630 634 636 639 655 659 662 666 673 674 675 689 690 698 
87 115 128 129 157 165 171 178 189 200 219 221 222 237 239 244 252 295 305 306 307 323 336 344 346 351 353 355 356 369 375 402 404 457 464 487 498 499 509 523 525 550 553 555 566 578 586 610 613 627 642 644 648 661 663 673 675 676 677 
24 31 39 51 64 68 69 84 114 115 131 133 155 156 175 180 182 193 199 210 217 230 250 253 257 265 271 278 295 296 300 302 305 306 312 321 340 348 350 351 362 381 388 406 409 419 421 446 465 473 477 478 492 497 499 502 504 509 521 523 528 531 535 537 539 541 553 567 572 573 575 580 582 583 584 601 617 619 637 648 653 654 656 657 665 667 675 687 694 700 
28 43 60 109 120 156 157 177 178 200 210 236 252 258 259 266 295 303 306 307 318 323 344 346 348 351 353 360 373 375 376 386 389 391 395 398 405 416 423 424 427 444 446 460 472 490 498 499 501 545 555 576 578 586 590 595 610 612 613 618 627 640 658 676 
22 24 30 34 51 64 69 87 107 111 122 127 137 139 144 151 166 180 226 231 242 244 249 267 269 271 289 291 298 300 305 308 316 317 333 342 343 344 350 379 381 385 399 406 409 411 418 422 425 432 437 445 446 448 455 463 465 471 493 497 498 499 509 512 518 519 522 528 536 547 556 563 568 574 575 580 583 589 611 615 619 621 631 633 637 642 643 644 645 646 650 658 671 677 678 684 687 
6 13 23 25 26 27 33 34 36 37 41 45 50 56 62 72 73 75 79 80 84 86 95 96 101 102 109 111 120 131 133 135 137 138 141 142 146 154 170 174 188 189 192 198 204 207 209 213 219 224 225 226 230 234 236 248 250 256 259 261 262 264 271 273 281 283 287 294 302 303 308 312 319 327 335 339 340 342 343 347 354 359 361 362 366 369 377 379 384 385 386 389 391 392 393 395 397 398 401 402 405 407 416 417 422 426 429 430 431 433 435 436 445 446 447 453 455 473 477 482 484 486 489 490 492 494 495 496 501 508 509 514 519 520 521 524 527 529 532 538 539 542 544 546 548 549 551 554 556 558 559 560 562 563 564 566 571 572 576 577 578 579 581 583 584 585 586 587 589 591 592 597 599 609 611 612 614 616 617 618 620 627 628 633 635 636 637 640 641 650 651 652 653 656 663 667 671 681 683 684 686 687 689 690 694 695 696 697 
3 6 14 19 26 35 40 44 46 47 48 51 52 56 59 61 69 84 92 93 101 102 108 112 116 118 121 137 150 154 158 159 172 179 182 186 188 189 192 194 197 207 219 226 229 243 245 246 250 256 262 269 281 294 296 305 310 311 317 318 319 322 325 332 335 337 343 346 355 358 359 364 372 379 380 382 383 391 392 397 399 400 407 408 415 418 419 423 426 431 433 435 436 440 448 455 475 484 489 492 494 495 503 505 519 524 527 532 534 538 543 544 548 549 554 557 558 561 562 564 566 571 576 581 586 591 592 594 596 605 609 614 617 620 623 627 634 638 639 645 650 653 654 656 661 662 663 667 668 675 679 682 683 686 690 694 
33 35 46 79 86 100 102 103 113 125 170 176 181 208 213 214 224 241 262 265 271 272 275 312 317 331 332 337 345 352 366 384 393 394 399 407 412 413 420 424 429 444 450 456 468 486 495 499 523 528 532 540 558 559 566 570 586 593 595 598 600 603 605 628 640 669 672 681 684 689 
4 10 18 22 24 25 39 51 52 54 56 63 64 79 87 91 92 96 97 100 102 110 114 118 131 151 158 165 171 172 173 177 180 188 192 199 200 207 211 213 217 219 220 224 231 239 244 245 249 254 257 268 275 278 284 290 294 295 300 301 304 305 306 308 310 317 323 324 327 332 341 343 344 350 351 357 358 359 365 372 373 381 382 385 386 393 395 399 401 404 406 407 409 410 411 412 415 418 419 424 427 433 435 437 439 443 444 445 446 448 455 458 461 463 465 467 470 472 476 477 478 485 490 494 495 497 499 500 505 506 513 525 528 534 538 539 540 544 545 548 550 554 556 558 561 567 572 575 580 581 583 585 586 593 605 607 608 610 614 616 617 619 623 632 636 642 644 645 648 652 653 654 657 660 662 663 668 671 676 677 681 683 686 687 690 694 
17 21 38 44 48 59 77 78 85 88 89 97 107 118 128 132 160 165 171 186 191 195 197 205 207 209 223 226 229 239 243 244 246 252 254 257 260 261 274 281 282 286 306 313 324 325 333 342 351 358 364 368 370 371 383 393 394 395 399 401 403 404 406 409 411 414 418 430 432 438 439 454 458 461 463 466 469 474 475 477 479 481 486 488 489 503 512 515 516 517 520 528 531 535 536 537 547 549 556 558 563 582 596 610 614 619 626 638 639 646 666 669 685 686 688 
7 11 12 15 16 22 25 30 32 53 60 62 67 70 78 87 90 96 98 102 104 105 116 117 118 126 128 129 130 132 135 136 149 150 153 157 162 168 174 178 185 187 189 191 194 196 202 203 206 207 208 212 214 219 221 223 235 237 239 243 252 254 255 256 270 276 278 279 281 285 289 291 295 296 297 298 300 301 305 306 308 320 330 331 337 344 346 351 353 355 356 357 359 363 367 369 373 375 379 381 390 391 392 395 404 413 414 417 419 421 431 433 435 436 440 446 447 449 454 457 458 459 462 466 467 469 480 482 487 488 490 494 497 499 506 511 512 518 523 525 527 529 531 533 536 539 544 548 549 550 551 554 555 556 560 561 567 568 570 572 577 580 583 588 590 591 598 603 611 612 613 617 620 622 625 627 630 631 634 636 637 640 643 644 647 650 651 654 656 658 664 672 676 680 683 685 689 691 692 693 696 698 699 700 
7 21 32 70 71 81 82 83 101 115 135 143 148 153 169 181 197 224 233 238 239 253 260 263 264 273 283 284 293 329 331 332 339 349 355 396 398 402 404 421 436 441 454 473 507 520 546 568 570 581 587 588 602 609 631 641 647 649 652 655 659 664 671 692 697 
2 8 34 40 42 47 58 60 63 68 69 87 91 93 114 121 134 137 138 151 152 163 177 181 182 187 190 191 195 197 206 224 233 234 247 249 252 260 277 284 290 293 304 305 308 311 316 323 327 328 332 336 341 345 350 353 357 361 365 369 370 372 378 394 406 410 422 424 425 428 432 437 443 448 454 455 460 465 466 467 468 470 475 476 478 479 483 487 490 499 501 504 510 526 527 530 542 543 545 547 552 557 562 573 575 579 585 589 593 605 606 608 610 611 612 624 632 633 645 646 648 657 658 663 669 670 677 682 
15 29 35 46 56 69 73 76 79 86 100 103 113 125 130 147 158 162 164 170 176 201 213 214 219 230 240 262 263 268 271 272 275 277 294 310 312 314 317 318 326 332 337 348 352 360 366 375 384 407 412 413 415 416 420 429 431 444 446 450 453 456 486 495 496 501 504 523 532 534 558 559 564 566 570 586 595 598 599 600 602 603 605 617 623 628 640 643 646 650 659 670 681 687 
9 11 15 32 34 37 40 47 55 58 59 65 66 78 81 82 90 103 105 114 125 126 127 128 130 132 138 140 145 146 148 149 159 163 166 168 170 173 174 176 181 182 184 187 196 197 199 202 203 206 208 210 213 214 223 225 226 233 237 239 241 242 260 262 267 270 272 275 280 281 284 289 291 293 296 298 308 311 316 324 327 328 333 336 341 345 352 363 366 369 370 372 373 374 378 379 384 387 395 398 400 406 410 413 414 417 419 420 422 425 428 429 442 443 448 450 451 454 455 456 459 462 464 466 467 468 475 477 479 480 482 483 486 493 495 496 507 512 514 519 521 526 531 532 542 543 546 548 556 557 558 559 562 563 565 568 570 571 573 574 579 581 583 584 585 589 590 594 597 599 600 602 603 606 608 609 611 614 615 616 624 628 629 643 645 646 648 649 650 657 658 659 669 670 672 676 679 680 682 691 693 694 695 699 700 
1 20 28 30 32 54 87 88 90 98 104 106 110 111 115 122 124 131 139 144 147 150 187 188 192 210 211 214 219 222 251 280 285 291 307 323 333 336 337 342 343 353 356 366 368 373 383 384 385 386 408 411 412 416 418 423 424 427 430 434 435 437 440 445 449 457 463 465 471 472 482 485 489 494 498 513 531 547 549 556 559 561 563 568 575 576 586 587 590 600 608 612 613 617 619 621 622 627 630 634 636 642 643 650 652 658 668 671 677 678 690 691 
21 38 46 59 89 112 159 176 209 219 238 247 270 274 280 282 291 309 313 318 324 341 345 359 371 375 394 395 400 401 403 426 435 438 439 454 464 474 481 486 495 509 514 515 516 517 520 528 537 544 556 566 568 570 573 578 582 586 626 627 643 655 662 665 666 668 679 688 
9 34 37 47 58 65 80 86 94 105 108 116 119 121 137 138 145 148 149 151 169 177 184 220 223 235 236 261 275 280 293 306 308 316 319 322 329 335 342 350 354 369 373 374 379 387 389 392 397 398 400 403 406 408 422 425 426 432 436 438 441 442 457 473 476 486 487 501 502 507 524 527 528 547 564 565 571 583 587 589 591 593 599 602 609 610 611 624 625 629 635 640 649 650 655 658 659 661 672 673 687 695 698 699 
3 9 11 14 19 20 26 27 33 35 43 46 50 51 52 53 56 58 59 61 66 73 75 79 81 82 89 90 94 104 105 106 107 111 112 113 116 119 127 128 132 136 139 142 161 166 168 169 173 177 179 181 184 190 191 194 199 202 203 209 213 217 220 223 225 226 231 235 236 238 241 242 243 245 247 258 261 264 267 270 276 280 281 283 288 304 308 310 315 317 318 322 327 332 333 335 339 340 341 345 355 356 357 358 359 369 370 373 376 377 378 380 382 384 385 387 391 394 400 402 403 406 407 408 412 413 414 415 420 423 424 426 431 432 434 435 436 438 439 441 442 444 449 452 455 459 464 466 473 474 475 476 477 478 482 484 486 491 493 494 495 503 504 505 507 509 511 515 516 520 522 524 527 530 531 534 547 548 558 563 564 565 566 568 570 571 573 574 575 578 579 583 585 586 590 591 593 605 610 615 616 620 622 623 624 625 626 629 630 631 634 636 641 646 650 661 662 665 666 670 671 673 676 679 681 686 688 694 696 697 699 
