31 43 45 113 121 182 196 201 222 290 369 385 423 466 520 526 545 551 581 607 644 
17 52 53 65 114 166 194 197 200 212 253 266 280 421 440 453 487 493 558 569 606 617 620 629 635 643 
61 62 83 128 139 155 156 181 191 193 336 382 397 415 420 443 453 495 509 516 558 
52 67 73 93 125 143 152 157 164 180 235 240 248 264 272 321 343 356 362 366 398 446 522 537 539 561 575 625 638 650 662 690 
19 52 84 85 111 115 122 159 167 178 192 228 233 340 357 388 400 421 436 445 451 484 496 500 505 531 534 547 554 568 575 583 606 608 610 622 629 642 644 655 663 681 685 
19 52 75 84 85 108 111 115 122 165 167 178 192 196 203 227 228 233 340 346 347 357 388 395 400 408 421 436 451 484 496 500 505 531 547 568 575 583 596 606 608 610 621 622 629 642 644 655 660 663 681 685 
19 52 84 85 111 115 122 159 167 178 192 228 233 340 357 400 408 421 436 451 484 496 500 505 508 531 534 547 568 575 583 608 610 622 629 642 644 655 663 681 682 685 
5 44 48 51 54 69 89 97 106 140 153 166 169 170 177 179 183 198 199 202 203 205 206 215 217 221 235 239 247 249 255 257 262 288 319 335 340 341 343 344 352 357 375 376 393 394 396 400 417 435 444 447 461 464 472 486 519 525 528 530 534 542 567 570 572 580 582 587 590 607 616 618 624 631 635 652 661 690 
23 30 39 70 98 118 138 152 170 176 183 203 209 218 236 250 261 275 279 282 283 289 294 312 313 316 360 396 413 434 435 442 461 492 501 511 521 555 564 576 595 601 606 611 612 616 630 687 694 695 
8 26 53 65 77 82 102 104 112 114 117 163 171 173 194 197 200 204 212 234 241 253 266 273 278 280 299 307 337 375 381 383 388 389 399 407 421 437 440 446 453 459 466 474 480 487 493 496 499 510 532 536 558 569 596 603 606 617 620 625 629 635 643 659 661 671 693 
14 64 91 108 123 126 144 151 162 189 209 213 245 324 335 344 368 372 377 392 412 414 438 444 469 476 492 512 517 528 548 562 593 595 648 657 674 679 686 699 
5 31 55 62 72 86 87 88 90 91 97 106 107 140 145 149 152 169 177 198 202 205 215 224 225 249 255 262 268 294 310 319 323 326 331 332 336 340 348 375 390 394 396 399 404 405 422 430 447 448 452 463 464 469 471 472 473 477 478 480 482 486 511 512 513 514 518 527 530 545 546 552 557 559 563 566 567 570 571 601 611 616 619 620 633 649 668 670 673 674 686 688 690 697 699 
2 16 25 31 42 51 62 74 82 109 118 121 132 183 187 190 205 210 229 244 251 256 263 274 286 294 317 321 322 329 342 344 350 359 364 373 375 378 380 403 404 408 422 429 430 448 453 460 472 476 477 478 490 560 585 595 607 616 637 639 649 653 658 665 666 669 677 682 692 695 
15 55 62 75 80 86 87 97 107 135 144 145 149 152 159 186 188 208 215 229 242 255 293 301 308 318 319 323 332 336 348 375 390 396 404 405 409 422 430 440 448 452 472 473 477 478 488 494 524 530 559 566 581 589 598 600 620 628 632 640 649 668 669 688 697 
13 15 37 57 58 89 122 134 179 187 199 206 231 247 257 281 284 288 295 306 327 341 343 376 393 426 431 519 542 555 601 602 647 672 689 
6 15 26 27 46 47 60 74 75 78 82 92 108 122 133 143 145 147 164 165 168 191 199 206 214 227 248 251 253 256 279 291 305 310 311 328 330 336 342 344 347 351 359 389 395 417 422 431 460 471 492 513 526 540 546 550 555 557 560 565 566 587 596 610 613 619 641 653 660 664 670 675 682 687 692 
2 40 48 69 89 106 166 179 202 203 221 247 257 262 288 341 344 352 357 376 435 444 445 447 464 486 525 528 567 570 572 587 607 618 631 635 652 673 
9 16 30 41 42 56 62 68 74 85 116 121 124 127 131 140 153 162 187 191 199 205 206 219 229 236 239 244 246 249 251 254 256 262 274 286 294 299 319 324 340 342 343 344 358 359 371 389 394 396 403 408 427 434 450 456 460 465 466 473 474 496 525 526 528 537 541 560 562 597 607 615 624 653 664 680 682 683 690 692 698 
17 29 34 38 50 51 79 94 96 101 113 159 160 170 173 182 185 196 198 201 207 222 229 237 243 248 253 259 276 277 292 298 307 315 328 334 335 346 369 370 373 385 391 406 419 423 424 428 433 435 455 463 468 477 479 481 498 502 503 507 543 544 551 572 573 578 581 591 604 609 613 626 654 667 678 
106 134 217 232 241 271 285 290 294 297 300 302 325 338 349 354 355 361 362 378 425 435 446 467 511 537 556 559 565 590 636 638 639 650 656 
4 18 19 22 24 34 38 40 50 63 68 71 72 79 86 90 91 94 95 96 99 100 101 103 108 119 120 123 126 132 134 136 144 147 149 151 155 158 159 160 165 168 170 171 172 174 180 183 185 189 195 196 198 206 207 209 214 217 225 226 227 229 230 237 243 245 246 253 258 259 262 263 267 268 276 277 292 296 298 311 314 315 317 324 328 330 334 339 345 346 347 350 351 357 363 364 368 370 372 373 374 378 379 380 387 391 395 401 403 406 414 417 418 419 421 424 428 429 433 435 437 438 439 449 450 454 455 458 461 463 468 469 476 477 481 483 489 490 491 492 498 502 503 504 507 508 512 515 517 518 522 524 527 535 543 544 546 551 552 571 572 575 578 579 580 581 582 585 586 590 591 596 604 609 610 613 620 626 629 633 637 646 648 650 654 656 658 659 665 667 673 674 678 679 691 699 
11 13 21 26 27 35 41 46 60 68 74 75 85 105 108 118 129 133 140 147 154 155 165 168 177 184 196 203 214 216 217 223 227 232 249 253 270 279 285 302 303 311 320 326 330 346 347 351 352 353 356 361 365 370 377 378 384 392 395 402 403 410 411 412 429 431 432 434 441 445 456 462 463 467 475 495 497 506 514 520 534 545 547 548 553 556 558 559 562 563 565 566 570 574 575 577 583 587 592 593 596 603 610 621 624 625 630 636 645 649 652 657 659 660 661 668 669 675 676 683 684 686 700 
30 36 57 58 98 134 138 170 176 231 252 261 279 281 284 289 290 294 295 306 312 313 322 327 338 343 360 393 396 426 435 442 461 470 501 511 519 521 542 555 564 576 595 601 602 606 611 612 616 647 672 687 689 694 695 
56 66 76 81 110 130 141 142 162 171 175 211 220 260 269 304 356 373 416 457 470 479 481 515 542 549 573 584 588 614 623 634 635 651 656 683 689 696 
4 18 19 22 40 54 63 68 72 86 95 99 110 119 120 134 140 158 169 171 172 174 177 180 195 198 206 230 239 258 262 296 300 315 323 324 339 345 346 351 357 363 370 374 396 400 401 417 418 421 429 437 439 449 450 454 461 483 489 491 504 507 508 515 517 524 535 549 567 568 579 580 582 586 590 624 626 629 646 656 679 683 690 691 
106 134 217 232 241 271 285 290 294 297 300 325 338 349 354 355 361 378 405 425 446 467 524 533 537 556 559 565 590 629 636 638 639 650 656 
1 8 20 77 104 117 146 148 150 161 171 204 234 238 241 287 299 307 337 367 379 386 388 391 419 437 449 452 459 474 495 499 510 519 532 536 569 603 643 659 660 668 671 693 
56 66 76 81 96 101 110 130 141 142 145 160 162 171 175 211 220 260 269 276 304 356 373 391 416 457 470 479 481 515 542 544 549 573 588 591 612 614 623 634 635 651 656 683 689 696 
3 12 26 28 40 51 71 73 86 100 136 144 149 155 164 173 199 209 217 226 230 265 267 314 328 333 387 395 455 456 458 480 481 485 487 499 515 520 522 523 529 532 533 538 554 556 565 572 584 594 599 605 627 634 642 643 644 650 
11 13 21 41 68 75 105 106 118 129 154 165 196 227 270 279 303 320 326 346 347 370 377 392 403 407 412 414 432 495 514 548 562 563 575 583 593 596 601 610 621 630 649 657 659 660 661 668 684 686 
5 55 72 87 102 107 112 145 149 152 163 173 215 241 246 255 299 319 332 336 348 375 381 383 390 399 404 405 407 422 430 448 452 466 472 473 474 477 478 480 524 559 566 596 601 606 625 628 661 688 697 
26 35 75 108 118 165 184 196 203 227 346 347 356 365 370 395 403 429 431 434 445 456 475 497 506 520 550 553 558 559 575 577 583 596 603 610 621 652 659 660 675 
7 9 10 16 24 25 30 31 33 41 42 43 45 49 51 56 59 62 68 72 74 85 102 109 112 113 116 118 121 124 127 131 132 137 151 153 162 163 173 182 183 187 189 190 191 196 199 201 205 206 210 219 222 223 229 236 241 244 245 246 251 252 254 256 263 274 275 286 290 294 299 317 321 322 324 329 342 344 348 350 358 359 364 368 369 371 372 373 375 378 380 381 383 385 389 399 403 407 408 410 411 414 423 427 429 434 438 440 450 452 453 456 460 462 463 465 466 473 474 476 480 490 496 520 524 525 526 528 534 537 541 545 560 562 581 585 592 593 595 596 597 606 607 615 616 624 625 628 637 639 644 645 652 653 658 661 663 664 665 666 676 677 680 682 683 692 698 
12 19 88 90 91 103 108 126 153 180 191 224 225 260 268 323 331 340 344 371 404 455 463 469 480 482 512 518 527 528 545 552 571 620 630 633 637 648 673 674 679 699 
2 32 41 74 85 97 155 216 223 252 260 302 309 321 352 353 378 384 402 410 411 441 462 463 534 545 574 592 603 621 625 645 652 669 676 677 683 700 
