6 26 34 44 61 65 69 96 98 102 104 107 114 122 136 137 138 144 150 151 160 187 188 189 194 197 207 209 235 249 256 269 276 281 285 300 307 308 312 316 330 356 359 369 383 385 393 399 401 418 422 425 430 432 433 435 438 444 446 449 455 457 487 489 490 494 501 503 526 527 536 538 539 544 547 549 553 554 556 575 576 589 611 614 617 620 621 622 629 630 633 634 638 639 648 653 657 658 673 674 683 694 698 
9 18 36 44 52 58 62 65 88 93 98 104 113 119 136 145 148 150 158 172 184 187 188 194 204 219 220 229 235 260 268 269 276 281 285 286 294 300 317 322 329 330 342 343 356 358 361 369 374 383 393 400 401 406 415 424 430 434 437 440 442 444 449 457 469 475 478 479 488 489 503 507 508 524 536 537 543 547 548 549 553 563 565 575 579 581 585 590 591 594 607 608 616 621 622 624 629 630 634 636 639 649 658 663 673 674 677 685 686 689 690 695 698 699 
24 51 64 72 85 88 107 111 112 116 122 124 127 139 141 144 166 180 198 200 225 238 242 247 248 256 271 286 301 305 317 331 341 342 343 344 350 381 385 399 400 406 408 411 418 424 436 437 445 446 447 452 463 464 465 469 471 475 477 478 486 489 493 498 499 509 519 528 539 547 551 556 560 563 570 573 574 575 578 580 583 586 593 608 615 619 631 637 640 642 650 665 672 677 678 679 684 685 687 696 697 
7 21 32 56 70 71 80 81 83 86 90 101 115 117 126 135 143 153 161 174 182 197 208 210 224 225 236 238 239 257 260 264 273 279 283 284 291 309 324 331 339 349 350 354 355 367 368 377 379 388 389 392 396 397 398 402 404 419 420 421 426 431 436 441 446 451 454 462 473 482 486 487 502 518 520 525 529 530 535 539 546 550 567 568 570 572 577 587 588 599 602 609 625 631 635 636 641 643 647 652 654 655 659 664 670 671 687 691 692 697 
6 13 25 26 40 47 92 93 95 96 102 108 111 129 137 146 150 157 158 159 172 188 189 192 207 219 221 254 256 278 294 295 311 337 346 355 359 380 397 401 402 419 433 435 436 446 448 453 455 458 484 489 494 514 519 523 525 532 538 542 543 544 548 549 554 555 556 557 561 562 586 594 597 611 613 614 617 620 627 633 637 645 653 656 682 683 686 696 697 
24 39 51 60 64 87 114 115 130 156 180 182 186 205 210 231 236 239 257 271 278 282 289 296 298 300 305 312 333 340 350 353 363 381 388 398 399 403 409 410 419 446 459 465 473 499 502 509 526 528 531 536 539 545 567 572 575 580 582 614 617 619 626 636 644 648 654 658 687 694 700 
23 35 46 54 62 69 79 92 101 109 119 120 130 158 172 174 176 188 192 213 219 225 259 262 268 271 272 275 287 294 303 312 317 352 366 375 384 386 389 393 401 405 406 407 413 416 429 431 444 446 450 456 495 501 504 507 528 532 538 548 558 559 566 578 581 586 593 595 598 602 605 612 618 624 628 640 650 663 672 673 681 694 
27 33 45 50 71 73 74 75 81 82 99 111 124 142 145 147 161 162 167 205 215 225 228 232 249 263 264 283 288 290 314 326 339 340 377 384 402 407 452 466 484 491 496 515 530 569 641 670 674 697 
5 7 11 23 28 43 47 56 62 70 82 92 101 109 110 113 116 117 120 133 135 140 147 148 153 154 162 164 174 183 192 195 201 217 222 233 240 245 251 259 260 263 266 276 277 279 286 287 293 300 303 310 312 314 318 326 331 332 337 340 348 349 353 360 361 366 370 376 379 384 386 389 396 401 405 416 421 428 436 441 452 453 454 460 462 473 480 486 494 495 496 501 513 525 529 546 550 553 561 568 570 571 578 588 590 594 595 602 612 616 617 618 621 625 631 640 642 646 650 652 655 659 663 664 669 670 671 692 
9 11 15 16 20 22 28 30 32 34 43 47 53 55 58 67 81 82 90 98 105 111 116 126 127 128 129 132 139 140 148 149 153 157 163 166 168 169 173 174 181 185 187 190 191 196 197 202 203 206 208 212 214 223 226 233 236 237 241 242 243 255 258 260 267 270 275 276 279 281 282 285 289 291 293 296 297 298 303 307 309 315 317 320 324 328 331 341 345 346 347 348 355 357 363 367 370 373 374 378 385 390 406 410 413 414 417 419 421 423 424 425 428 430 431 451 454 456 459 463 466 467 468 475 477 480 482 483 493 498 506 509 511 514 518 522 531 533 542 549 551 556 563 568 570 573 574 577 579 583 588 590 598 600 603 606 608 610 612 613 615 621 625 627 630 634 640 643 646 647 648 650 658 664 669 670 678 679 680 691 692 693 698 699 700 
4 10 13 18 24 25 32 40 44 47 51 52 59 60 71 79 82 83 84 87 93 94 97 100 108 114 115 118 121 138 146 147 151 154 159 165 171 173 179 180 182 190 199 219 220 224 226 230 231 233 234 238 239 244 245 250 253 254 258 260 261 273 275 277 280 284 296 300 301 302 305 306 308 310 311 312 323 327 332 335 344 347 349 350 351 354 355 358 361 362 372 381 382 392 395 396 399 401 404 407 408 409 410 412 415 417 419 422 426 436 439 441 443 445 448 455 458 461 462 463 465 467 473 476 477 479 487 490 495 497 499 505 509 514 520 521 526 528 532 534 535 540 542 543 546 548 550 555 557 562 566 571 575 576 580 584 585 586 591 592 594 597 602 605 607 610 611 614 616 617 623 633 634 635 644 645 653 655 657 659 661 663 667 671 673 676 681 682 686 687 690 694 
13 28 30 37 43 58 66 67 84 95 112 119 136 145 146 148 151 176 184 199 212 217 220 230 231 234 236 241 250 252 255 258 262 266 280 306 307 309 318 320 322 323 329 347 348 353 360 362 376 387 391 395 399 400 406 416 417 424 442 453 458 460 467 476 490 501 503 507 512 520 521 526 545 546 565 573 576 583 584 592 595 612 613 624 625 629 640 648 649 653 656 658 665 667 681 698 699 700 
9 34 58 65 119 138 145 151 169 184 185 212 220 235 237 249 269 270 281 316 320 322 329 342 369 379 387 400 414 422 425 431 432 442 476 487 506 507 509 511 526 530 533 537 565 577 587 589 611 612 624 625 629 633 647 649 658 672 673 693 695 699 
34 37 39 47 52 59 86 105 128 132 138 149 156 168 170 181 202 205 223 236 250 256 261 275 281 316 319 335 354 358 379 388 392 397 398 404 414 417 422 426 436 439 442 446 466 473 490 492 497 507 512 524 526 527 531 539 548 564 567 571 572 577 583 589 591 599 602 609 611 614 619 623 625 635 636 649 650 654 656 658 662 676 687 699 
37 39 59 70 80 84 86 94 108 112 113 118 121 133 143 156 182 183 192 199 230 236 239 245 250 256 257 261 280 302 319 323 335 351 354 358 362 368 373 375 379 380 388 389 391 392 397 398 404 405 410 424 426 431 433 444 466 473 486 490 492 497 501 502 507 513 521 524 525 526 527 529 534 536 538 539 546 550 554 564 567 571 572 584 591 595 599 605 609 611 613 614 624 631 635 636 653 654 656 667 679 687 688 
3 14 26 27 33 40 50 51 54 56 58 61 66 71 73 74 75 78 81 85 88 90 93 98 99 101 105 111 116 119 124 126 128 132 136 137 142 145 148 149 160 161 167 168 174 177 179 184 187 189 191 194 196 199 202 208 220 223 224 225 228 229 231 232 235 243 245 249 253 264 266 269 270 280 281 283 286 288 290 291 297 310 311 312 318 322 324 325 329 332 333 339 340 342 346 355 356 358 363 364 368 370 373 374 377 380 382 383 384 387 399 400 402 404 406 411 412 414 415 417 419 420 423 430 431 432 438 439 440 442 446 449 451 455 459 466 469 476 479 482 484 488 489 491 495 496 503 505 507 515 520 530 531 534 539 543 547 549 553 556 557 558 562 565 568 569 583 586 590 594 597 622 623 624 625 629 634 638 639 641 643 646 650 661 670 672 673 674 682 685 686 691 694 697 699 700 
22 35 46 69 73 129 142 150 161 165 171 178 189 219 225 230 244 256 262 264 283 295 339 377 380 382 384 407 413 431 435 437 445 446 484 495 528 550 566 586 605 619 628 650 661 681 686 
8 29 100 105 113 123 128 132 134 143 161 162 164 168 199 201 202 203 206 215 216 223 227 240 260 263 281 282 292 299 314 318 334 338 360 370 374 378 414 417 452 466 471 496 502 507 531 548 550 552 581 583 595 599 604 640 644 646 669 674 688 696 699 
36 41 45 66 147 150 187 194 204 207 218 234 238 255 279 324 330 361 369 376 384 391 393 395 400 414 416 449 451 460 471 485 494 503 508 513 517 532 559 579 586 597 611 621 622 628 630 636 651 668 671 676 689 691 694 
1 11 14 20 28 36 41 43 44 48 52 53 54 57 62 66 67 73 82 92 93 98 104 106 109 113 114 120 131 136 139 144 162 172 179 185 190 192 200 210 213 214 217 218 219 224 229 236 242 247 249 253 258 259 267 276 287 290 296 297 300 303 307 312 317 330 337 341 343 348 353 357 360 363 368 373 376 378 380 384 385 386 389 391 394 400 401 405 406 408 411 415 416 418 423 424 427 437 444 445 446 452 457 460 463 464 471 472 475 478 485 493 499 501 503 507 508 511 513 522 533 538 539 540 543 549 556 561 573 574 575 578 590 595 596 602 605 607 608 612 613 615 616 618 619 621 628 630 634 640 642 645 651 658 661 665 668 671 677 678 679 682 689 690 694 
8 20 48 49 53 55 63 65 82 106 107 111 122 127 139 144 166 169 178 181 200 226 241 242 258 267 271 284 290 295 301 304 327 329 342 343 347 373 375 378 385 418 423 433 437 442 443 445 463 467 493 497 498 504 507 522 539 552 556 563 573 574 575 585 587 604 615 616 617 627 649 650 652 673 677 678 679 
6 15 25 26 33 37 45 56 73 82 96 100 102 106 111 113 114 122 144 147 158 162 164 172 188 192 200 201 202 207 213 240 256 262 263 271 273 277 281 284 294 300 310 314 317 326 332 333 341 343 348 349 359 360 396 397 398 400 401 402 406 408 418 427 433 435 437 445 446 453 463 471 472 478 484 485 494 496 498 499 500 518 523 528 538 542 544 548 549 554 558 561 566 568 571 575 581 587 591 597 599 602 608 616 617 618 619 620 627 630 635 646 650 652 655 656 659 663 677 678 681 683 697 
13 22 31 42 54 84 133 146 147 148 154 184 220 230 241 250 255 258 299 302 347 351 357 361 362 369 372 390 399 411 417 419 453 462 492 502 506 511 514 517 521 542 546 576 577 584 591 592 598 625 633 647 653 656 667 686 690 695 
2 8 9 24 34 37 40 42 58 60 63 65 66 69 80 86 87 105 116 121 123 128 132 134 137 138 143 145 146 147 149 151 152 159 163 169 173 177 180 181 184 187 191 197 199 202 218 220 223 224 230 233 234 236 249 250 261 271 282 284 290 292 299 302 304 305 308 316 319 322 323 324 327 328 329 332 334 335 336 338 345 350 353 354 357 361 365 369 370 374 379 381 387 392 394 397 398 400 406 409 410 414 417 422 425 426 428 432 442 443 448 453 455 456 460 465 467 468 470 476 479 483 487 490 496 499 501 502 507 509 510 521 524 526 527 530 531 537 539 542 545 546 547 552 557 558 562 564 565 578 579 580 583 584 585 587 589 591 592 593 597 599 606 608 609 610 611 617 624 625 629 632 633 635 645 648 649 652 653 657 658 661 667 669 672 673 682 686 695 698 699 
10 18 44 45 48 54 65 91 135 145 152 162 165 171 172 173 186 197 201 202 220 226 229 239 240 243 244 246 250 284 285 304 308 309 314 325 327 332 333 364 372 386 395 396 398 399 401 410 419 441 443 444 445 457 467 470 475 487 496 497 498 506 510 516 520 534 535 536 540 545 548 549 581 585 587 593 596 607 610 614 616 617 629 638 639 650 652 657 671 673 676 679 690 694 
3 6 11 14 19 27 35 36 37 41 43 44 46 48 51 52 56 59 61 64 73 80 82 83 84 86 90 94 98 101 104 108 112 113 115 118 121 132 136 137 148 156 162 164 179 183 186 189 190 191 194 197 201 204 210 217 218 223 226 229 231 235 236 238 239 240 243 244 245 246 247 253 256 258 261 263 266 269 270 273 276 277 279 280 281 284 285 291 296 300 301 305 307 310 314 317 318 319 321 325 326 330 332 335 340 341 346 348 349 354 355 356 358 364 369 376 379 380 381 382 391 392 396 397 398 399 400 403 407 408 412 413 415 423 424 426 427 431 434 436 439 440 441 444 449 452 457 459 460 464 471 472 473 475 477 478 482 484 485 486 496 503 505 508 515 520 524 527 534 537 539 549 553 562 564 570 571 573 575 576 579 586 587 590 591 594 595 596 597 599 605 609 613 615 616 617 621 622 623 628 630 634 635 638 639 640 646 651 654 655 659 661 662 665 668 673 675 679 686 687 689 691 694 
17 21 38 48 52 56 59 77 78 83 85 88 107 118 155 159 160 175 193 195 197 205 207 209 239 243 246 261 274 280 282 285 286 301 313 318 321 325 333 340 342 345 359 368 371 383 386 393 394 395 396 403 404 406 409 411 415 421 426 430 432 438 439 441 444 454 469 474 479 481 486 488 489 509 511 514 515 516 517 520 523 528 535 537 540 541 545 547 553 556 558 563 578 582 595 596 601 602 612 614 623 626 638 639 655 659 662 666 668 675 685 688 
17 29 32 59 77 78 85 88 90 97 98 107 126 131 149 155 160 171 174 175 177 185 187 193 195 196 208 210 214 235 257 264 265 270 280 285 286 291 306 315 321 324 333 339 340 348 351 355 356 367 368 383 388 393 395 413 419 420 421 430 431 434 440 449 451 457 477 479 480 482 488 489 512 515 518 535 536 541 553 558 563 568 582 597 601 610 614 621 622 630 634 635 636 643 646 664 672 675 680 685 689 691 700 
25 31 49 64 68 69 97 115 155 165 171 175 182 185 189 190 193 199 213 217 244 245 252 253 254 255 257 265 275 278 287 297 301 303 306 312 321 340 344 346 348 351 356 375 388 390 391 393 406 411 433 458 461 477 478 495 497 506 535 537 540 541 550 553 575 577 582 598 601 602 605 609 610 613 637 644 647 650 663 675 676 698 
8 29 31 49 69 82 91 92 113 115 123 143 161 165 211 215 216 222 227 251 285 292 299 334 336 338 356 357 378 386 404 412 452 454 457 462 471 500 513 517 542 552 553 561 600 604 612 642 644 652 660 668 671 673 674 690 695 
13 31 39 49 64 68 69 76 77 84 95 100 107 125 138 154 155 160 175 193 196 199 203 210 217 230 250 253 265 270 278 282 286 295 302 306 320 321 340 347 348 361 362 378 393 406 409 411 417 430 431 446 453 458 462 469 477 478 489 492 504 512 514 521 523 535 537 541 542 546 553 558 559 566 576 582 584 592 601 625 637 653 656 667 675 685 690 700 
33 35 36 41 44 46 79 91 103 125 127 129 157 170 176 178 200 204 208 213 214 219 221 224 225 229 234 241 242 262 271 272 285 295 304 331 332 344 345 346 352 355 365 366 369 372 375 384 391 393 394 395 399 407 412 413 416 420 429 430 444 450 456 470 486 495 498 501 504 508 509 510 522 523 530 532 533 545 555 558 559 566 570 579 586 593 597 598 600 605 611 613 615 627 628 632 639 650 651 663 668 670 671 681 684 689 693 694 
8 29 31 44 49 53 57 69 91 92 98 104 106 110 115 123 134 136 143 148 150 161 166 181 204 206 211 215 216 217 218 222 224 226 227 251 267 275 276 282 292 299 315 330 334 336 338 356 357 366 367 373 378 386 393 395 414 423 438 452 457 477 490 493 497 498 500 513 517 522 525 529 542 548 552 561 567 574 586 602 604 611 615 618 630 634 640 642 644 645 651 652 660 662 668 674 676 680 689 690 695 
29 58 76 86 92 102 103 110 125 130 138 147 151 163 170 176 181 195 206 211 214 222 226 233 237 251 260 265 272 280 285 293 309 315 317 327 328 337 345 352 365 366 367 370 378 384 386 412 416 420 425 428 429 450 454 456 466 468 475 483 486 501 513 523 526 527 532 542 558 559 570 573 585 586 600 602 603 606 608 616 624 628 633 642 643 646 648 652 660 663 668 669 670 
2 42 63 68 89 91 114 121 133 151 152 155 191 195 209 218 224 226 229 234 246 279 284 304 311 315 324 325 336 342 345 351 359 365 394 403 410 411 416 425 438 439 444 455 467 470 474 476 479 487 492 504 509 510 514 516 518 526 528 530 537 541 545 563 578 579 593 594 608 610 621 626 632 639 648 657 663 666 669 670 672 688 691 695 
4 24 25 30 32 39 40 47 51 53 59 64 93 97 101 108 114 115 116 137 156 157 159 165 170 171 176 180 182 200 216 221 244 254 275 277 278 289 292 295 296 299 305 310 311 322 331 336 337 344 350 351 352 354 355 372 381 382 388 395 399 404 409 415 417 419 429 436 448 455 456 458 461 463 465 480 486 490 495 497 499 502 503 512 523 524 532 533 535 536 540 543 550 555 557 559 562 567 570 572 580 594 597 600 611 627 628 633 644 645 648 651 654 658 672 675 680 682 684 687 689 694 
16 22 23 49 62 63 67 87 101 107 109 120 147 177 178 185 189 190 192 212 214 222 224 237 255 259 279 285 287 290 295 297 301 303 304 306 312 320 323 329 332 344 346 356 357 365 373 375 389 390 405 411 413 416 424 467 470 476 487 490 498 506 511 533 538 545 549 555 559 577 578 593 598 605 608 610 612 613 618 632 640 647 657 658 663 676 693 698 700 
28 98 114 128 129 136 150 157 178 189 200 219 221 222 235 237 243 244 252 266 285 295 306 307 310 318 323 344 346 351 355 356 369 375 402 404 423 435 439 454 460 481 487 498 505 523 525 526 538 545 549 555 566 586 595 610 613 622 627 634 644 648 657 661 676 677 698 
1 13 28 30 39 84 87 95 96 102 104 105 111 115 122 124 128 131 139 144 146 154 156 172 178 188 189 192 202 205 207 210 219 221 230 249 252 257 258 289 294 295 300 302 305 306 323 333 342 343 344 346 347 351 353 359 361 362 366 368 369 375 381 385 388 399 401 404 411 417 418 423 427 433 435 437 445 453 460 463 465 471 472 485 487 490 492 494 497 498 499 500 501 502 514 521 531 536 544 546 547 548 549 554 555 556 561 563 567 572 575 576 578 580 584 592 602 607 608 614 617 618 619 620 621 627 642 644 650 653 656 658 667 671 676 677 678 683 686 687 690 695 
21 40 47 54 57 59 81 83 86 91 100 103 110 111 115 116 118 125 131 148 158 159 170 176 182 186 194 206 211 213 214 217 221 222 224 237 239 251 253 260 262 263 265 268 272 273 275 280 284 289 293 294 296 298 309 311 312 315 317 325 332 336 345 346 349 352 357 364 366 370 372 384 386 396 400 401 404 407 410 419 420 429 434 436 441 448 449 450 455 456 477 479 483 486 488 490 495 499 500 512 513 519 525 527 531 532 536 540 543 551 552 557 559 560 561 562 564 572 579 586 587 594 596 599 600 602 603 605 607 611 636 637 642 645 646 650 652 654 655 659 660 668 669 670 671 681 682 684 687 690 695 696 
2 9 10 18 28 39 42 45 48 54 61 63 64 68 78 79 91 92 113 131 137 152 156 158 165 170 171 172 177 186 188 191 192 197 205 213 224 229 231 234 243 244 246 249 258 266 268 294 304 306 307 317 322 325 327 332 337 340 353 357 360 364 365 372 376 388 394 395 400 401 404 410 416 440 443 444 460 470 472 475 476 479 484 487 490 497 498 504 510 511 516 525 527 535 538 539 540 545 548 549 558 567 572 579 581 585 593 595 596 605 607 608 610 612 614 616 632 638 639 650 654 656 657 663 668 673 681 690 695 
21 36 38 52 56 77 78 82 89 105 131 170 190 197 204 209 219 238 247 273 274 279 280 301 313 315 318 324 332 341 345 371 391 393 394 395 396 400 403 406 412 415 426 429 438 439 451 454 464 466 469 474 477 478 481 486 488 501 503 509 515 516 517 520 528 532 534 537 558 559 570 573 578 582 586 595 612 615 621 623 626 639 655 662 665 666 679 681 688 
7 11 12 15 32 57 60 62 70 78 105 116 117 118 128 129 130 133 135 140 153 157 174 183 194 196 202 203 206 221 226 239 252 270 276 279 281 284 289 295 296 298 306 308 323 327 330 331 344 346 355 363 369 372 373 375 395 402 404 410 413 417 419 421 436 443 447 449 454 459 462 466 467 469 480 488 508 512 523 525 529 531 536 548 551 555 556 560 561 570 572 585 588 590 591 597 603 611 614 616 622 625 627 630 631 640 642 644 651 664 670 671 672 676 680 685 689 692 694 696 699 700 
22 24 30 34 37 87 114 122 139 144 151 180 231 244 249 269 280 291 300 305 316 317 333 342 343 350 379 381 385 392 398 399 406 409 411 418 422 425 432 436 437 445 446 463 465 471 473 499 512 518 528 539 547 556 563 568 571 575 580 583 589 591 611 615 619 621 631 633 643 646 648 650 658 671 677 678 687 694 
11 19 22 27 38 59 72 89 95 111 112 129 131 139 140 141 168 190 195 198 209 221 238 247 248 256 257 270 274 280 293 303 309 310 313 317 331 335 341 371 381 391 403 408 423 426 428 429 431 434 436 438 439 441 447 452 463 464 466 474 477 478 481 486 503 506 509 511 515 516 519 520 524 533 537 551 560 570 573 578 586 605 626 628 637 655 659 662 665 666 670 679 683 684 688 695 696 
5 7 11 24 29 31 60 70 78 87 91 100 109 117 118 120 123 134 135 140 143 148 153 183 206 211 217 222 227 231 236 245 252 259 279 280 282 289 293 298 299 323 331 334 335 337 338 353 355 359 374 378 386 401 404 414 421 452 454 460 462 465 471 482 488 499 500 501 512 513 521 526 529 536 542 544 552 556 561 564 580 588 604 612 618 625 631 640 644 652 659 660 664 671 673 692 
