1 20 57 64 106 131 192 210 214 249 337 368 408 423 427 472 485 590 608 690 
2 42 63 68 94 152 177 191 224 234 284 304 306 332 351 357 365 410 467 470 476 479 487 504 510 530 545 579 593 608 610 632 657 663 672 695 
3 14 22 44 51 52 56 101 118 179 183 189 199 231 245 269 296 310 332 355 358 380 382 394 408 412 415 420 431 446 497 503 505 527 534 623 661 662 686 694 
4 20 25 55 68 71 75 94 97 108 115 133 165 171 182 244 245 254 257 278 301 303 351 372 391 409 458 461 477 497 526 535 540 550 644 657 
5 7 31 70 73 75 81 101 114 117 118 133 135 140 153 173 177 183 245 268 279 331 355 404 421 454 462 525 529 570 588 625 628 631 640 664 670 671 692 
6 25 26 45 96 102 207 252 256 359 401 433 435 446 494 538 544 549 554 614 617 620 656 683 
8 29 31 49 69 100 113 123 134 143 161 199 206 215 216 227 278 282 292 299 334 336 338 374 378 410 452 471 517 542 552 604 644 674 
9 163 181 195 206 233 260 293 328 345 370 428 466 468 483 542 603 606 615 648 669 670 
10 18 173 226 284 308 327 372 395 401 410 443 467 540 548 585 607 614 616 673 676 
11 59 82 112 131 190 238 247 309 341 400 408 434 452 464 475 477 478 486 515 570 573 605 615 665 679 
12 15 32 60 78 130 174 196 203 206 270 289 296 298 308 363 413 417 419 459 480 512 536 590 603 672 680 700 
13 30 84 95 133 146 147 148 154 230 241 250 258 266 293 302 347 361 362 369 399 417 453 492 502 514 521 542 546 576 584 591 592 633 653 656 667 690 
16 22 49 67 106 148 185 189 190 212 214 237 255 285 297 301 303 320 357 390 411 413 416 467 506 511 533 577 598 605 612 613 647 658 693 698 
17 77 78 85 88 107 143 160 191 195 205 286 333 342 368 383 393 409 430 432 469 479 488 489 515 547 556 558 563 621 685 
18 31 49 64 68 69 155 175 193 210 217 253 265 270 312 321 340 348 393 406 411 477 478 504 523 535 537 541 553 582 601 675 
18 32 71 82 83 115 118 130 143 148 197 224 238 239 253 260 273 280 284 293 349 396 404 436 441 520 530 535 587 602 655 659 
19 24 51 64 114 180 231 271 278 300 305 350 381 399 409 446 465 499 509 528 539 580 617 648 657 687 
19 44 98 104 136 150 187 194 219 235 269 276 285 300 330 356 434 440 449 457 503 536 549 579 591 621 622 630 634 636 673 674 698 
19 37 59 80 86 94 108 121 156 183 236 256 261 280 319 335 354 368 379 391 392 397 398 426 431 436 473 502 524 539 564 571 581 591 599 609 611 635 636 687 
20 53 55 106 127 166 169 181 226 241 242 258 267 373 423 493 498 522 563 574 615 
21 38 89 209 274 313 315 318 371 394 395 403 438 439 474 481 486 509 515 516 517 520 528 537 578 626 666 688 
21 26 27 33 50 73 75 81 111 142 161 225 264 283 339 377 384 402 484 520 530 583 641 670 697 
21 25 40 47 59 60 93 108 116 137 159 182 253 277 297 311 336 337 372 419 448 455 479 503 543 557 562 594 597 633 645 682 694 
22 72 111 131 141 198 248 256 257 436 447 509 519 551 560 570 637 662 684 696 
23 62 101 109 116 120 174 192 259 287 303 312 384 389 405 501 538 578 612 618 640 
26 56 73 100 113 147 162 164 201 240 263 277 300 314 318 326 348 496 617 646 
27 105 116 128 132 168 173 191 200 202 223 260 270 281 301 373 374 414 417 466 527 531 548 581 583 625 646 650 699 
27 71 74 99 124 161 167 205 228 232 249 288 290 491 569 674 
28 43 60 87 92 113 130 156 217 231 252 258 266 306 307 318 323 348 353 360 373 376 394 423 424 444 452 460 466 475 490 499 501 556 590 595 612 613 640 658 
30 111 114 122 139 144 169 200 244 297 317 330 342 343 374 385 406 411 418 437 445 463 471 478 498 499 528 547 556 563 575 587 608 619 650 671 677 678 
30 36 41 190 204 218 224 238 279 330 391 393 395 416 471 508 517 579 597 611 628 651 680 689 694 
32 76 90 126 149 174 195 208 210 279 280 291 309 315 324 333 367 420 431 434 440 451 482 518 568 621 643 646 680 691 
34 137 138 151 197 249 269 308 316 422 425 432 487 490 526 527 547 589 611 633 658 
35 46 69 76 79 100 213 219 241 262 271 275 312 332 366 407 412 413 444 495 504 540 558 566 578 586 602 605 628 650 681 
39 156 182 205 257 388 404 490 497 502 526 536 539 567 572 614 636 654 656 687 
44 45 48 51 54 55 56 61 78 137 186 197 226 229 243 244 246 266 296 309 325 333 364 399 401 419 440 444 475 549 596 607 638 639 662 663 
45 53 54 58 65 66 119 145 169 181 184 199 220 277 322 329 342 369 387 400 406 432 442 507 537 565 583 587 597 624 625 629 649 672 673 695 698 
53 54 57 81 82 91 92 110 115 147 211 217 222 251 268 271 285 315 336 357 366 386 412 416 487 500 513 525 561 586 602 642 652 660 668 671 676 690 695 
57 129 157 177 178 189 200 219 221 252 295 306 344 346 351 355 369 375 498 523 525 555 586 613 627 644 648 676 
76 103 125 170 176 214 272 317 337 352 366 384 420 429 450 456 486 501 523 532 559 600 603 
92 158 172 188 192 268 294 317 400 538 548 558 581 607 663 
