6 22 78 86 90 160 173 191 203 279 280 335 366 405 451 474 490 512 555 586 620 
9 38 42 52 53 55 59 62 68 88 94 98 119 132 197 381 383 385 484 556 577 582 641 692 
12 84 118 137 155 200 214 241 285 297 308 319 329 354 376 381 382 394 405 433 456 486 513 544 545 548 595 603 630 648 668 
41 70 93 107 114 115 157 162 169 170 197 204 247 255 293 309 326 378 414 424 435 503 526 527 565 569 570 581 597 668 692 
37 76 110 115 126 133 141 161 188 192 198 213 259 297 313 322 334 347 398 413 420 421 447 458 461 504 509 515 539 546 549 562 583 605 606 621 634 642 668 690 694 
106 130 140 181 194 206 212 214 224 228 346 372 380 383 386 456 495 512 570 580 614 
48 152 168 187 192 199 279 282 349 355 376 393 449 461 505 551 571 572 601 641 685 
5 14 16 26 28 30 37 41 44 48 51 61 65 70 71 73 74 76 79 80 81 93 105 107 108 109 111 113 114 127 143 150 152 153 156 157 159 161 162 165 168 169 170 175 178 179 184 187 192 193 197 199 201 204 207 210 212 214 220 223 244 251 255 258 261 263 268 270 279 282 288 292 293 296 303 306 309 310 316 317 319 325 326 332 334 340 341 349 355 359 360 366 367 368 371 374 376 378 385 387 393 397 401 403 405 409 411 414 420 422 423 424 428 429 434 435 439 441 448 450 453 455 457 458 460 461 463 465 466 473 475 482 487 490 492 494 495 496 498 499 500 502 503 505 514 515 517 518 522 525 526 527 531 538 543 545 547 548 550 551 553 557 563 565 566 568 569 570 571 572 577 578 582 585 587 588 592 594 596 597 601 604 608 609 615 617 618 619 622 623 638 640 641 646 649 656 657 658 664 667 668 671 672 681 682 685 692 694 697 698 700 
11 35 47 49 50 57 61 79 99 101 112 134 137 161 176 184 197 202 208 216 218 236 247 276 282 287 291 300 302 305 324 325 330 333 343 353 364 365 367 370 377 395 402 417 419 435 440 445 454 461 477 479 481 483 485 487 489 493 494 497 519 524 534 540 545 561 572 580 584 593 602 603 607 613 632 636 643 651 664 673 679 682 695 
32 70 100 107 155 164 184 214 217 218 221 252 277 281 289 341 359 363 379 447 492 498 500 508 520 533 546 566 567 569 573 584 592 596 597 618 622 641 647 650 689 692 
37 76 110 115 133 141 171 192 198 213 259 275 297 304 313 322 334 347 398 413 420 421 422 439 446 447 461 464 500 502 504 509 515 518 539 546 549 562 583 588 594 601 605 606 621 634 638 642 667 690 694 
1 18 32 52 58 61 71 79 81 86 96 99 103 125 128 131 135 138 156 171 177 203 218 235 238 243 246 253 266 267 271 272 274 293 307 321 331 336 341 348 349 350 356 357 362 367 368 376 389 392 396 407 413 420 426 428 445 451 452 458 462 468 471 478 484 485 487 495 512 523 529 537 541 543 551 552 555 556 558 572 581 586 587 595 599 600 602 611 614 624 625 626 627 628 634 636 637 644 646 653 665 675 676 678 680 683 685 687 688 691 693 
71 79 86 96 103 203 218 246 253 272 274 293 307 331 367 396 407 413 426 458 471 484 543 552 556 558 586 624 625 626 628 646 665 676 680 687 688 
66 99 111 147 151 193 195 218 219 225 232 244 291 293 327 328 337 350 384 418 421 431 438 443 445 480 484 495 505 516 534 543 589 610 634 655 670 682 688 693 
63 69 76 77 99 161 167 194 214 254 285 291 306 351 366 373 390 403 410 415 417 431 469 473 495 538 568 586 604 677 
14 16 19 22 32 37 44 49 58 61 71 72 73 74 75 78 81 90 92 102 105 111 113 115 120 125 135 136 156 158 160 165 171 173 177 182 190 193 200 210 215 220 223 234 237 238 243 244 245 267 271 280 285 290 292 299 317 318 334 335 349 352 361 366 369 374 376 401 403 405 408 409 411 416 420 423 428 436 444 450 451 452 455 465 466 469 473 477 487 490 492 495 512 515 525 532 536 541 543 547 548 555 567 568 573 576 577 584 604 608 609 614 624 639 644 646 648 653 660 662 667 672 674 677 682 683 685 700 
16 28 30 60 65 81 105 110 115 143 159 164 175 184 201 261 262 270 288 293 295 303 310 316 319 340 368 383 385 387 422 439 457 463 465 469 482 488 492 502 518 520 522 548 551 554 571 577 582 587 588 594 601 617 621 638 647 656 658 694 
1 16 37 45 46 82 111 116 124 154 164 169 189 190 191 196 212 221 230 240 260 261 262 295 320 358 368 379 387 411 417 420 425 457 463 470 488 490 491 501 507 538 546 554 564 579 590 595 608 631 647 652 656 675 677 682 684 689 692 696 
31 54 104 144 156 158 188 198 211 240 242 249 250 261 286 316 339 368 391 425 461 488 577 601 605 647 650 689 696 
1 16 32 33 36 37 45 46 49 72 75 82 92 97 102 116 120 124 131 139 155 164 166 169 182 183 190 191 196 221 233 234 240 250 261 262 286 290 295 297 299 318 320 339 342 352 361 368 379 391 416 420 425 437 444 453 461 470 488 521 522 528 533 535 538 546 564 573 575 579 582 590 595 608 616 634 645 647 648 669 677 684 689 692 696 
17 32 33 71 73 79 97 108 131 139 142 153 155 166 169 178 183 184 197 207 212 221 233 238 243 258 261 262 268 271 296 334 340 341 342 359 360 428 429 434 437 461 465 466 470 475 498 499 512 517 521 522 527 528 531 535 541 545 546 553 564 573 575 578 581 582 585 587 590 592 595 608 609 615 616 634 644 645 647 649 653 664 669 671 683 684 697 698 
2 12 46 48 49 57 58 61 76 81 83 85 86 87 101 115 125 129 131 134 135 136 137 145 150 151 152 154 158 163 168 174 177 186 187 190 192 194 196 199 202 203 205 208 215 216 236 237 238 243 247 267 276 278 279 282 300 302 306 310 321 324 330 332 333 334 344 348 349 350 355 356 357 358 362 364 365 367 369 375 376 384 385 388 392 393 405 408 412 417 428 435 436 441 445 447 449 452 454 458 461 465 466 468 469 472 474 477 479 484 485 487 489 491 497 504 505 506 507 515 519 522 523 524 532 534 536 537 545 547 551 554 555 558 563 565 567 570 571 572 576 580 581 586 593 599 601 602 603 607 612 614 624 627 629 630 631 633 636 639 641 643 644 646 648 652 653 654 660 661 662 664 674 675 677 678 679 683 684 685 686 688 698 
12 13 79 81 84 115 118 136 158 188 190 192 200 209 214 215 222 237 240 241 245 264 275 297 304 308 319 323 329 340 347 354 368 369 376 380 381 382 394 398 400 402 405 408 411 433 436 446 456 464 465 466 469 476 477 486 490 513 515 532 534 536 542 544 547 548 567 573 576 595 598 603 621 624 630 635 639 646 648 660 662 674 677 694 698 
7 20 64 67 86 117 150 151 191 212 231 283 311 312 314 315 334 345 369 375 388 405 406 412 432 447 449 511 567 571 612 629 654 686 
45 46 51 60 61 81 109 127 152 161 168 169 171 176 187 199 216 220 243 247 251 263 267 271 282 297 317 353 355 369 393 397 419 441 452 453 458 460 467 489 494 495 514 515 519 527 538 541 557 570 587 601 607 613 620 644 653 657 667 672 681 690 694 700 
4 35 43 47 50 79 91 95 112 122 126 142 176 180 196 218 227 248 273 291 305 353 413 419 440 481 487 505 512 534 539 540 545 555 561 584 613 632 673 695 
3 11 14 15 25 27 29 37 60 73 105 113 115 131 145 146 148 172 193 223 230 239 244 246 260 274 285 292 298 301 307 310 319 334 338 349 350 358 370 374 383 395 401 407 409 435 436 442 450 459 467 472 474 506 510 525 527 530 543 548 559 574 580 599 614 620 626 633 646 648 650 651 659 663 665 666 668 681 687 693 
66 99 147 151 194 195 218 219 225 232 285 291 293 327 328 337 350 351 373 384 390 410 415 418 421 431 438 443 445 480 484 495 505 516 534 538 543 589 610 634 655 670 677 682 688 693 
23 34 39 52 55 68 94 98 99 119 128 132 138 196 197 235 266 336 341 350 384 385 389 445 462 478 529 572 587 595 600 611 637 641 685 691 693 
12 73 84 115 118 137 146 148 155 200 214 239 240 241 243 267 285 297 307 308 319 329 338 354 370 376 381 382 394 405 433 452 456 459 467 472 486 506 510 513 530 544 545 548 595 603 620 630 633 644 648 650 651 659 663 666 668 673 693 
8 10 16 28 30 31 46 49 54 60 65 71 76 81 100 104 105 115 136 143 144 145 154 155 156 158 159 175 178 184 189 190 191 201 203 211 212 214 215 217 218 230 237 240 242 249 250 252 260 261 268 270 277 281 286 288 289 293 303 310 316 319 321 332 335 339 340 341 348 356 357 358 360 362 363 368 369 383 385 387 390 391 392 398 404 408 410 411 415 417 422 439 445 453 457 458 463 465 466 468 469 477 482 484 491 492 498 500 501 502 507 508 518 520 522 523 532 533 536 537 546 551 554 563 566 567 571 572 573 574 576 577 581 582 584 586 587 588 591 592 594 596 599 601 617 618 622 624 627 630 631 638 639 641 646 650 652 656 658 660 662 670 674 675 677 678 682 688 692 694 
5 21 37 45 108 123 137 153 170 184 207 229 265 268 269 279 287 294 296 306 340 341 343 359 360 367 371 377 381 384 385 395 402 417 429 434 435 448 465 466 474 475 493 498 499 517 527 531 551 553 578 585 587 592 603 608 609 615 619 649 671 697 
40 56 61 79 83 85 87 110 129 137 163 170 176 178 188 192 209 222 245 264 269 275 278 282 287 304 306 319 323 325 332 343 344 367 375 377 388 395 400 402 412 436 446 447 449 451 460 464 469 474 476 477 483 493 522 524 542 547 555 563 567 572 598 601 603 612 613 614 620 629 630 635 651 654 671 686 698 
41 70 93 107 114 115 139 145 146 148 157 162 166 169 170 183 197 204 233 246 255 285 293 307 309 310 326 338 370 376 378 414 424 435 459 467 472 503 506 510 521 526 527 528 530 535 559 565 569 570 575 581 595 597 616 633 645 648 650 651 659 663 666 668 693 698 
11 15 27 29 42 45 49 52 53 57 59 62 88 101 134 172 186 188 192 194 202 208 216 236 247 276 279 282 300 302 306 324 330 333 350 364 365 383 384 417 435 454 461 465 477 479 485 489 497 504 519 534 580 593 602 606 607 636 643 648 650 668 679 685 698 
26 44 61 74 80 90 105 111 113 165 178 193 210 214 223 244 292 306 340 366 374 401 403 405 409 411 420 423 450 455 473 490 492 495 525 538 543 547 548 568 571 577 584 604 608 646 664 682 685 698 
37 76 100 107 110 115 133 141 155 161 171 184 192 198 209 213 217 218 222 252 259 264 275 277 281 289 304 313 322 323 334 341 347 363 368 387 398 413 420 421 446 447 457 458 461 463 464 476 482 492 500 504 508 509 515 520 533 539 542 546 549 562 566 567 573 583 584 587 596 605 606 617 618 621 622 634 635 641 642 650 656 658 690 694 698 
3 24 60 89 105 107 110 121 145 146 148 149 156 179 185 194 226 239 256 257 284 291 298 301 307 338 370 376 381 383 388 399 404 427 430 442 459 466 467 496 505 510 530 548 550 559 560 574 591 623 633 640 646 651 659 663 666 688 693 699 
11 15 27 29 45 46 51 60 61 109 127 131 161 169 172 188 220 251 263 282 297 317 350 369 397 435 441 447 452 453 458 460 494 495 514 515 538 557 570 580 587 620 630 650 651 657 667 668 672 681 694 700 
