1 1029 1414 1034 16 658 1441 949 1341 962 1092 1229 1105 465 737 1252 997 617 1387 124 510 
288 930 67 260 229 1061 265 428 13 110 335 500 469 152 409 56 316 
899 6 398 17 1051 37 167 938 685 558 1208 191 578 70 966 844 591 1361 979 985 360 1265 502 1147 1279 
512 1027 1291 914 1429 1173 406 282 1439 1440 162 681 1197 1329 310 1080 954 1083 334 849 596 858 
1184 1177 1285 165 1063 776 713 170 1451 141 590 1295 1457 1111 1047 153 797 959 
643 197 389 1319 1352 969 74 43 171 209 210 1149 1494 504 1275 413 607 
608 541 580 293 806 231 491 523 1293 108 143 652 1420 179 54 55 252 1335 
768 193 2 898 324 420 359 264 75 44 855 144 178 434 467 918 23 
3 266 1036 1294 407 283 34 164 687 308 58 1212 458 1368 857 1375 992 1250 615 748 379 
650 1037 1424 675 1328 1217 577 834 454 1101 589 1231 1487 1113 859 1385 1132 1261 1262 1137 1401 
1377 386 4 453 102 327 200 682 1003 781 80 370 1043 820 950 666 1306 383 
396 140 782 18 915 274 1432 566 57 1351 72 460 593 223 874 107 629 758 760 
910 1042 663 1437 42 174 1204 695 1082 829 1213 1091 838 202 1498 1117 1120 230 626 637 
641 1284 5 132 1292 1308 671 1317 680 809 1461 824 699 1096 1359 594 1364 981 1493 1376 1125 872 1390 241 
516 901 1428 411 668 299 48 1200 946 1339 1347 723 726 603 350 353 1001 240 1009 882 1015 1405 
270 655 272 554 555 52 821 1336 185 444 65 1483 1484 1357 736 866 869 365 113 371 375 378 
772 142 19 789 538 1454 176 437 1338 827 837 214 604 741 749 622 1268 120 380 127 
385 290 770 1411 7 551 301 1134 975 752 559 1168 1201 150 1146 443 1084 575 
640 1282 528 402 1299 410 539 1180 799 1316 1321 683 431 1076 1333 1337 59 1087 965 1480 1363 853 982 89 484 1382 871 747 1266 506 
384 769 902 8 661 928 41 1066 940 1072 433 690 186 1234 339 1497 487 1128 879 881 627 125 
393 916 1174 1185 1187 424 297 1068 557 1324 315 1473 325 712 1112 94 97 1255 233 362 1131 495 1395 1014 1399 
1152 259 1290 909 796 1310 800 678 1191 436 440 62 449 1098 1355 972 1358 463 721 983 1116 616 1000 239 1136 887 633 
644 261 9 521 158 1444 818 1202 1330 826 700 1346 1220 462 848 340 471 472 601 861 612 1381 621 1273 
1030 904 785 786 147 802 429 1205 317 701 1348 196 1350 842 973 851 1244 482 738 1254 744 757 1406 
1153 996 1415 733 10 939 1002 1164 1228 943 494 401 1203 1142 1239 63 1438 415 
1280 649 525 1171 1175 672 61 960 581 968 77 847 986 1242 486 1127 1004 112 122 251 
900 137 1433 1311 177 1465 831 450 1354 725 730 347 1246 227 228 105 755 248 381 
481 642 99 226 549 613 647 419 513 1315 11 267 1446 1138 119 1430 727 639 
1163 151 1431 29 548 427 951 189 1469 710 207 863 743 1384 745 490 1392 501 1141 762 1019 1404 1407 
1408 1165 1041 404 24 536 794 286 1318 568 1466 60 447 452 1106 595 1109 1114 356 1257 364 753 1397 118 1269 505 508 894 
160 609 1058 547 1218 1189 388 839 1485 1166 1038 1394 980 117 885 600 765 446 
514 1156 12 397 278 285 801 694 569 320 586 79 338 479 868 357 101 632 1278 
780 546 313 445 830 1472 203 332 976 592 850 1107 1500 611 493 1135 883 373 761 892 
1413 774 530 25 412 294 1192 1323 300 1325 1071 1085 957 587 1119 1129 750 1006 372 121 
258 35 131 104 232 14 1423 304 115 819 245 246 1495 
322 739 478 38 296 526 911 1040 1422 1139 438 895 281 634 1371 1214 542 1343 
518 1035 1044 28 550 426 1196 47 184 1210 1226 1227 1366 470 477 989 354 619 1007 1017 382 
645 15 784 405 149 790 1305 1307 159 1064 50 442 1211 321 78 1232 1489 978 1108 1247 355 1393 
1028 1286 1031 136 392 653 1057 674 1443 1190 430 1207 697 194 1095 1491 236 620 496 1270 
1283 517 271 534 157 417 679 1193 810 945 305 817 306 1474 455 1097 716 336 1253 884 250 
1026 532 921 27 798 39 168 684 1199 435 1078 952 696 956 68 970 714 602 91 1499 1150 
1025 1464 1194 1070 623 1455 625 974 977 180 1144 599 1016 1145 698 1052 349 1086 
32 289 1281 1342 36 69 457 811 269 208 145 337 597 155 828 190 
775 907 656 1170 20 277 1436 931 1067 825 955 702 93 221 1121 98 1123 1251 1260 123 
1409 262 646 1421 156 1054 1074 441 573 1094 840 1230 1235 854 984 474 346 351 993 742 1259 237 238 1391 754 1271 
1300 21 1062 565 323 964 835 1476 199 1353 1488 81 1369 217 1249 1378 483 1130 363 1398 631 376 630 
129 1410 133 134 1161 1297 917 795 1309 1186 1065 1195 556 172 46 49 563 1334 953 571 1090 1481 1486 1360 1373 1248 103 367 1013 1148 
391 1032 1162 1298 788 22 154 1053 414 1059 1450 175 1327 948 326 967 724 987 1243 1115 731 1388 1018 1403 1151 
390 1289 906 1167 1048 280 1434 667 1442 677 425 1463 567 311 832 579 588 1233 1236 341 1496 734 234 109 624 497 759 1402 1023 
673 225 1089 249 421 361 529 369 657 244 1077 1238 182 1241 1370 1468 1118 
1312 256 418 519 583 169 201 204 173 654 468 564 439 664 924 318 255 
1155 1160 662 26 805 1459 693 1345 1478 717 1104 1492 1365 598 1374 1122 998 746 890 
913 1302 923 925 1322 570 1215 331 1103 343 856 864 865 1126 873 111 114 886 253 1022 
1159 1417 138 524 1183 1060 1445 1069 941 942 1326 686 691 1460 1079 958 1221 971 1356 722 994 1133 
224 195 836 903 553 106 76 183 312 729 218 219 1081 30 216 
1024 1158 1288 533 1176 793 1049 1313 804 1447 552 813 1332 822 328 1482 1100 213 1367 95 1124 1258 880 498 1276 
896 929 257 636 610 933 358 73 875 944 273 146 659 689 284 893 
480 544 963 135 711 329 235 268 543 1419 1389 400 275 53 888 1467 126 31 
897 387 665 1182 292 432 561 574 64 1093 456 461 82 466 212 87 606 96 1383 
33 515 291 709 1287 295 1418 1099 846 1039 1198 1169 1427 947 215 90 766 735 
777 394 792 1188 807 936 1320 1448 935 1456 1073 51 319 1479 845 718 720 84 732 100 366 1263 1274 
128 771 773 1172 934 560 1088 961 705 1475 706 576 1362 344 1245 740 488 377 1386 889 507 763 
704 707 40 808 1010 791 88 1050 348 1181 222 287 
423 459 399 309 342 990 1209 860 670 1471 
1154 130 778 403 276 535 1179 1056 803 166 45 1453 1206 582 206 1237 605 867 999 876 499 116 891 
1157 263 522 1296 1301 161 302 1462 823 187 708 1349 728 988 220 862 1380 1256 1396 374 635 
1416 905 139 1304 1435 1314 163 1452 814 1458 1340 1344 833 841 1102 719 1379 1264 243 628 1012 1400 254 
651 1426 660 540 927 703 66 198 1223 333 205 464 211 352 489 878 751 764 767 
648 395 1046 1178 922 926 1449 298 181 572 1216 71 585 1225 86 1240 473 345 1372 476 991 1267 1143 1020 
545 451 1477 1033 618 843 779 877 303 816 912 562 1075 787 919 1303 920 92 
416 676 584 1224 330 492 812 527 688 1008 1425 83 692 148 408 537 511 
1412 908 783 1021 531 669 1055 932 422 307 1331 188 1470 1222 715 85 247 614 870 1011 756 1140 503 1272 1277 
520 1045 279 937 815 314 192 448 1219 1490 852 1110 475 995 485 1005 368 242 509 638 
