17 31 34 77 117 128 149 186 286 336 503 589 626 708 710 777 797 819 840 
32 60 75 78 158 170 185 193 233 238 249 257 302 476 565 592 598 
26 40 44 94 107 108 118 129 144 145 183 194 207 223 255 366 402 421 422 459 469 494 505 525 530 532 540 577 578 614 618 627 636 637 639 640 653 661 666 674 678 684 690 700 701 707 723 734 740 768 796 797 808 812 821 870 872 882 
7 13 14 28 42 51 55 100 141 192 195 203 246 254 261 271 307 308 411 415 419 428 501 527 544 567 589 598 622 635 680 683 722 735 838 855 886 
71 82 121 173 184 190 267 276 288 289 315 320 321 377 382 383 387 398 437 480 489 495 532 533 537 601 605 628 631 679 692 705 785 789 833 836 849 853 871 888 891 
1 8 11 45 126 215 250 281 436 445 497 504 522 539 573 625 636 654 685 706 749 767 848 881 
76 119 160 174 191 197 199 242 248 260 282 330 337 341 355 365 405 406 419 444 452 464 476 497 502 508 541 542 547 548 561 569 583 586 608 614 632 685 693 712 725 734 741 765 767 772 773 774 782 799 803 806 825 840 871 
7 21 25 42 90 100 101 139 160 174 183 191 200 232 247 248 260 274 282 299 300 317 334 354 365 366 380 405 406 407 411 419 426 451 452 471 494 495 502 508 527 530 547 548 551 561 584 591 599 608 614 630 631 640 643 652 662 685 693 700 712 725 734 741 750 762 765 772 773 774 782 789 797 806 816 824 825 838 840 855 869 870 878 885 900 
10 43 59 85 156 159 164 167 169 184 225 272 273 294 314 316 332 348 389 397 409 429 446 449 454 492 495 506 510 512 513 526 536 543 588 594 605 624 656 657 665 669 688 709 714 718 720 737 738 744 745 754 773 810 815 821 842 856 863 887 898 
54 72 81 115 118 131 138 144 156 176 207 223 255 324 338 339 377 381 394 402 404 421 442 447 469 479 496 505 518 520 525 590 636 659 669 674 678 682 701 723 808 814 817 828 871 886 
7 13 14 21 25 42 51 55 64 68 77 100 108 110 112 114 139 141 156 157 174 177 183 191 192 195 210 222 243 246 254 260 261 271 276 278 282 292 307 308 314 324 331 334 339 364 370 381 385 404 411 415 419 428 440 442 447 452 469 477 495 496 501 502 505 508 515 516 527 528 544 551 561 567 584 589 590 591 593 598 599 600 608 617 622 631 635 642 643 655 678 680 683 693 696 697 701 712 722 725 726 734 735 746 756 773 775 782 789 806 814 824 825 836 838 840 855 863 886 887 897 900 
23 27 36 62 83 90 101 109 152 179 200 201 211 217 227 234 240 260 317 334 354 357 359 364 380 400 441 456 460 471 474 485 498 500 509 510 511 520 544 547 560 572 575 591 599 617 629 630 652 656 662 668 704 708 713 730 737 759 760 761 764 777 778 779 780 787 805 816 821 826 832 837 838 864 878 881 885 895 
56 65 72 81 86 103 125 153 194 210 217 293 323 355 392 399 401 433 479 563 574 582 587 613 615 626 648 659 710 721 733 747 748 776 817 827 828 873 880 884 
46 68 136 165 182 212 224 227 283 310 329 342 357 464 507 517 614 680 856 
4 48 120 199 220 227 239 241 261 303 326 331 347 358 396 403 418 464 499 547 565 576 581 592 597 620 644 670 687 691 699 726 752 753 804 857 865 867 876 
23 36 62 90 101 200 227 247 260 317 334 354 364 380 400 471 500 520 560 591 599 617 630 652 662 708 778 816 838 864 878 885 
7 54 72 81 108 112 114 115 118 131 138 156 176 177 207 222 243 278 314 324 338 339 377 381 394 402 428 442 447 463 469 479 496 505 515 518 520 525 528 584 590 600 636 642 669 678 682 696 701 723 726 734 746 756 808 814 836 843 867 871 886 887 
27 79 218 237 261 269 295 307 363 377 386 450 461 487 557 559 586 591 598 631 641 647 655 717 758 
15 22 24 32 76 98 132 160 188 195 197 228 231 242 248 264 330 337 341 355 359 365 405 406 419 442 444 462 466 498 499 523 525 548 569 583 586 595 632 685 741 765 772 774 799 871 895 
10 28 29 36 41 47 52 67 74 87 89 91 129 131 137 143 163 180 204 229 255 279 292 294 298 301 302 312 322 345 351 353 356 358 369 390 424 427 435 440 478 506 517 520 534 544 555 560 579 618 627 633 650 664 672 675 684 695 698 699 731 735 747 752 755 760 775 781 794 812 820 824 848 856 869 874 875 882 892 894 896 
30 64 68 90 101 114 127 144 162 177 200 206 227 243 253 281 313 316 317 328 334 354 360 364 368 369 372 380 398 400 417 428 431 438 457 471 507 514 515 520 528 560 568 580 591 592 599 600 602 603 617 630 642 652 662 671 672 679 682 696 708 729 751 756 778 787 802 816 823 838 878 885 887 897 
20 23 41 48 52 54 67 100 105 140 178 196 204 221 229 244 265 278 296 298 302 320 325 331 333 358 362 364 390 391 416 427 429 430 454 478 499 506 520 525 529 534 564 576 585 607 609 618 620 671 672 680 682 687 695 699 719 735 791 794 796 803 807 812 819 824 844 856 858 864 874 875 889 896 897 
30 127 144 162 180 206 253 281 289 313 316 317 328 360 368 369 372 398 417 431 438 457 507 514 568 580 592 602 603 662 671 672 679 682 729 751 787 802 823 887 897 
44 57 83 84 92 109 112 133 152 156 179 181 200 201 211 217 234 240 317 325 335 356 357 359 393 410 414 420 425 432 440 456 460 474 485 492 500 510 511 531 543 544 547 560 572 575 587 595 629 635 656 668 704 708 713 730 737 744 745 754 758 760 761 764 777 779 780 792 805 819 821 826 832 837 842 845 881 
31 44 57 84 92 112 117 128 133 156 181 186 286 317 325 335 336 351 356 357 393 410 414 420 425 432 440 531 544 575 587 595 635 668 708 710 713 730 754 758 760 777 779 792 797 805 819 826 832 845 
35 40 44 97 102 131 161 178 275 291 366 376 384 391 429 486 494 530 549 550 551 571 605 616 640 646 649 700 732 736 750 763 784 809 840 841 848 855 858 870 900 
2 14 19 40 50 57 81 112 113 116 122 131 149 173 184 209 236 259 265 315 366 375 379 383 387 423 435 437 448 458 470 473 480 494 530 532 571 589 610 623 640 661 673 686 692 699 700 734 739 769 779 785 794 818 831 833 836 840 848 849 853 868 870 888 891 
18 37 49 95 97 146 151 155 175 176 235 306 309 316 327 331 339 341 344 413 519 524 542 545 552 565 570 571 593 604 606 611 612 619 634 638 651 661 669 703 724 762 798 829 830 847 854 866 893 
4 27 37 48 97 155 175 199 227 235 239 241 261 309 316 326 327 331 339 347 358 396 403 413 418 464 499 519 542 545 547 565 570 576 581 592 593 597 604 606 610 612 632 634 638 644 661 670 687 691 699 703 724 726 752 753 762 798 804 829 830 847 865 866 867 876 893 
12 47 58 68 72 91 129 134 139 174 191 213 279 282 287 292 301 304 322 333 338 345 349 351 353 356 373 424 435 440 452 456 475 495 508 541 544 551 553 555 558 561 579 608 609 633 643 650 664 671 672 675 677 693 698 708 712 725 728 731 734 755 766 773 781 782 795 806 820 824 825 840 869 892 893 894 900 
3 62 106 108 123 154 166 199 210 213 217 287 301 304 326 333 349 475 541 553 558 587 661 677 679 694 695 728 747 762 766 778 795 874 879 893 895 897 
21 29 32 36 42 51 54 62 90 91 99 101 110 131 149 150 157 180 199 200 210 220 227 239 241 247 260 261 265 276 279 292 294 302 303 312 317 322 331 334 345 347 351 353 354 356 364 370 380 385 390 391 396 400 403 404 418 424 435 440 457 464 471 477 499 500 501 520 544 547 560 565 576 579 581 591 592 597 599 617 630 633 644 650 652 662 664 670 675 687 691 693 697 698 708 718 731 733 752 753 755 775 778 781 804 814 816 820 825 838 863 864 865 867 876 878 885 892 894 
39 69 70 73 74 77 86 87 89 96 114 124 130 137 143 152 163 179 183 187 203 205 207 211 216 219 234 268 276 280 281 290 311 318 319 339 359 361 362 376 388 395 419 453 456 463 465 468 482 484 490 493 503 511 516 542 555 572 596 626 629 635 645 681 718 726 756 759 761 764 780 783 793 835 843 848 850 852 854 881 886 899 
135 176 208 245 247 252 263 306 340 341 346 362 413 455 457 488 524 545 552 570 593 611 612 619 634 638 651 703 767 854 
23 41 52 67 100 149 204 209 229 278 298 302 358 369 370 390 404 427 477 478 506 520 534 618 633 672 695 697 699 735 775 794 812 824 856 874 875 896 
5 6 21 28 33 36 63 66 120 125 148 168 171 172 187 194 198 200 201 211 226 234 240 251 256 258 270 271 277 284 285 305 312 320 338 350 358 359 367 371 378 396 408 412 439 441 443 471 472 476 478 481 500 509 535 547 556 586 621 629 660 663 689 701 706 715 733 737 742 761 764 816 837 839 844 846 851 854 857 859 874 883 895 
111 129 147 189 230 266 343 374 390 434 445 485 521 538 546 566 610 632 702 703 716 735 743 754 770 771 781 786 788 790 800 801 812 813 834 860 862 
74 87 89 137 143 163 203 356 453 517 555 796 844 882 890 
69 70 86 96 124 144 183 187 203 205 268 281 290 314 318 319 339 361 362 376 395 419 447 453 456 463 465 468 482 484 490 503 542 596 635 718 759 835 848 886 890 
62 86 88 93 97 142 210 211 212 217 297 312 323 376 478 479 483 491 588 613 658 676 706 711 781 789 803 811 827 861 864 877 880 882 884 890 
85 159 167 225 273 294 332 389 429 446 449 454 492 513 536 588 594 624 657 665 688 714 738 773 791 815 856 863 898 
9 16 122 139 202 212 214 232 247 262 274 299 300 325 407 426 428 451 452 453 502 551 561 584 595 631 643 649 712 725 773 782 855 900 
14 40 44 81 97 102 118 125 131 161 207 265 275 291 366 384 391 486 494 505 530 549 550 578 605 616 627 640 646 649 661 690 700 723 732 734 736 750 762 763 784 796 797 809 840 841 848 855 858 869 870 872 900 
37 38 53 57 61 80 104 120 155 195 198 211 217 278 303 347 352 396 445 467 485 509 535 554 556 562 597 644 663 667 670 687 689 710 726 727 742 752 757 822 837 839 857 863 867 876 900 
