0	1	15.1141	3	
0	2	29.7568	8	
0	3	23.238	6	
0	4	8.74189	2	
0	5	40.4439	9	
0	6	25.6492	6	
0	8	20.0919	5	
0	9	28.9555	7	
0	10	8.05596	2	
0	11	20.8903	4	
0	12	2.48798	1	
0	13	39.9095	10	
0	14	23.1196	6	
1	2	45.2021	11	
1	3	53.838	11	
1	4	38.0967	8	
1	5	32.0313	7	
1	6	35.3348	8	
1	7	111.88	22	
1	8	83.2288	17	
1	9	68.9534	15	
1	10	26.9024	7	
1	11	68.0527	15	
1	12	58.667	12	
1	13	36.9099	8	
1	14	54.4324	11	
2	3	95.9596	20	
2	4	40.106	8	
2	5	54.0859	12	
2	6	50.852	13	
2	7	4.78133	1	
2	8	23.9369	5	
2	9	13.717	3	
2	10	43.9169	10	
2	11	22.8733	6	
2	12	4.69526	1	
2	13	33.1693	8	
2	14	20.0644	4	
3	4	49.2074	11	
3	5	58.8053	12	
3	6	60.3922	13	
3	7	43.5326	9	
3	8	65.0551	15	
3	9	55.8029	12	
3	10	29.59	6	
3	11	55.4103	12	
3	12	75.1375	16	
3	13	81.1252	17	
3	14	85.5077	19	
4	5	73.1342	16	
4	6	50.784	10	
4	7	57.3373	12	
4	8	115.214	24	
4	9	42.8793	9	
4	10	46.0238	9	
4	11	46.5253	9	
4	12	64.4911	13	
4	13	28.539	6	
4	14	15.4209	3	
5	6	48.9546	9	
5	7	29.1689	7	
5	8	32.3082	7	
5	9	9.84561	2	
5	10	21.8164	5	
5	11	30.9253	6	
5	12	23.6371	5	
5	13	44.9007	9	
6	7	15.724	4	
6	8	50.002	10	
6	9	102.425	22	
6	10	61.6804	13	
6	11	42.5969	9	
6	12	49.2663	11	
6	13	71.4283	17	
6	14	7.60821	2	
7	8	47.0356	10	
7	9	27.4153	6	
7	11	39.6578	8	
7	12	29.9235	6	
7	13	74.6824	16	
7	14	17.0532	4	
8	9	86.3159	18	
8	10	33.6006	7	
8	11	106.277	22	
8	12	109.442	23	
8	13	71.5745	15	
8	14	63.9916	13	
9	10	10.8192	2	
9	11	42.2605	10	
9	12	95.3923	20	
9	13	40.5422	9	
9	14	96.8677	20	
10	11	44.723	10	
10	12	74.9775	17	
10	13	17.9084	4	
10	14	6.20991	1	
11	12	41.9576	9	
11	13	115.967	24	
11	14	45.0318	9	
12	13	103.897	23	
12	14	6.50635	1	
13	14	77.3634	18	
