14 36 45 88 89 95 98 111 119 143 189 194 196 214 220 222 250 255 260 268 290 294 301 323 339 344 348 349 359 386 392 398 404 410 411 414 453 457 460 464 465 467 477 478 480 487 493 496 500 502 503 510 512 519 532 533 546 564 565 567 572 585 589 593 599 606 608 613 627 628 629 631 635 646 647 654 656 665 680 694 
4 17 27 42 49 64 73 81 97 109 115 118 119 130 132 160 182 185 188 189 198 202 204 205 211 221 226 238 241 243 256 282 284 289 300 323 327 331 344 348 352 362 372 377 379 390 394 399 404 408 410 413 414 418 421 428 434 436 437 443 458 464 498 500 511 515 516 527 532 533 550 553 558 573 575 578 582 583 596 602 616 620 621 631 636 645 646 651 652 669 672 673 693 699 
23 26 33 43 54 82 93 101 126 140 143 159 176 208 209 225 261 267 279 298 306 316 317 320 322 323 331 333 365 370 371 373 384 388 391 397 407 414 415 416 431 432 441 442 448 462 464 472 474 497 498 514 517 528 533 536 539 545 553 557 558 570 572 576 582 583 600 610 612 614 621 630 632 649 657 661 666 669 671 678 681 685 688 690 696 
28 29 33 44 48 55 61 66 69 74 80 81 82 85 90 99 106 107 113 128 133 134 144 147 153 157 171 175 195 201 203 212 216 217 227 229 239 245 257 258 267 272 275 278 307 311 323 327 329 342 349 370 373 375 384 385 386 390 395 401 412 456 461 466 476 486 494 499 501 506 507 510 512 517 520 523 533 535 540 541 551 553 560 564 577 595 609 610 625 633 639 642 645 646 652 656 660 662 677 687 689 693 
31 34 39 44 47 56 61 65 67 68 73 102 111 114 117 119 125 127 138 141 144 146 154 158 162 164 165 166 172 178 180 182 183 197 199 215 216 226 234 235 240 241 248 251 255 256 280 285 289 295 299 302 311 312 313 316 320 343 346 347 348 360 361 362 364 366 367 369 383 388 391 400 401 406 407 409 421 427 434 439 445 452 459 461 474 481 489 493 497 498 500 505 515 518 527 529 531 533 534 540 544 545 546 571 576 578 581 585 588 589 592 595 596 598 603 605 612 631 636 638 641 643 651 652 653 655 658 672 676 679 685 
21 24 34 41 51 62 66 69 81 85 107 110 112 116 124 131 133 145 152 175 187 191 203 207 212 218 224 232 246 247 257 264 266 271 274 281 293 302 308 314 320 327 352 356 357 358 362 366 375 395 400 419 427 432 438 456 462 471 473 482 499 507 524 538 547 549 550 556 562 565 567 575 586 592 595 600 615 625 626 627 628 637 646 658 664 665 672 675 676 682 
5 33 37 41 73 78 103 109 119 160 178 179 184 199 202 210 220 223 225 226 237 241 242 255 265 282 303 305 310 316 317 321 328 342 350 362 371 373 388 391 398 422 430 434 435 437 441 443 444 447 452 458 481 491 494 506 516 521 527 546 561 575 576 578 603 604 608 616 631 633 634 639 640 648 650 655 667 683 687 689 698 
21 24 38 65 90 110 114 116 139 151 155 157 163 164 178 187 191 203 207 216 221 232 244 245 247 256 258 266 274 278 292 302 308 320 329 338 366 370 392 400 408 411 419 420 426 437 444 453 454 471 473 478 500 502 504 515 517 524 529 538 550 553 556 562 564 567 575 576 577 581 586 593 595 600 602 607 609 610 617 626 628 630 636 638 639 662 664 670 675 680 682 683 
56 58 67 114 126 130 141 146 151 163 164 179 182 183 189 204 216 221 226 242 248 256 280 285 289 312 317 323 327 333 343 346 347 353 362 369 391 397 406 409 439 447 448 454 459 461 478 486 493 495 504 505 511 515 519 529 533 534 540 562 571 598 605 627 636 638 639 643 649 655 673 676 680 681 687 
14 56 60 83 89 95 113 115 153 154 156 161 167 194 205 214 222 228 233 248 249 250 260 269 290 297 337 339 348 349 352 355 359 365 368 386 388 393 404 414 438 453 455 457 460 464 496 501 503 508 510 512 529 531 532 536 546 554 564 572 577 584 585 589 597 599 606 616 628 633 638 642 646 647 649 653 656 680 693 
10 27 30 42 52 58 59 64 79 87 96 97 101 102 115 118 130 132 141 158 182 185 188 198 202 204 205 207 234 235 238 239 243 256 260 289 299 300 301 313 315 324 330 344 348 352 353 354 372 377 378 381 383 399 405 409 413 418 421 425 428 454 458 465 466 478 496 511 513 524 527 534 537 558 573 582 583 588 590 601 602 604 616 620 621 631 650 670 673 674 681 682 686 699 
22 38 49 53 74 100 101 103 132 137 149 150 154 173 175 178 179 181 184 186 188 193 202 208 220 223 237 242 249 254 268 269 300 303 304 305 310 321 328 337 341 342 349 350 362 371 384 385 398 408 415 421 423 428 430 436 443 458 464 476 483 489 499 501 506 515 516 520 521 523 527 533 539 553 558 561 564 580 583 593 596 602 603 608 610 611 613 614 620 623 633 634 635 639 642 644 646 662 667 669 683 688 690 692 693 694 697 
4 7 9 12 16 19 21 28 29 32 33 39 40 43 48 49 51 55 57 59 62 64 66 70 80 84 87 90 94 99 105 106 107 110 111 124 128 131 132 134 136 143 144 147 150 152 153 157 161 171 172 175 178 179 188 195 197 200 201 203 210 212 213 217 218 220 227 230 232 233 234 236 239 245 247 249 252 255 258 260 264 267 271 272 273 278 281 282 283 284 289 293 296 300 301 307 311 314 315 316 320 324 326 330 331 334 337 340 341 342 345 349 352 357 366 368 370 372 374 375 377 378 380 381 382 385 386 387 390 397 399 400 402 409 412 414 416 417 421 424 425 436 438 443 447 449 451 456 457 458 461 463 464 465 476 478 480 482 489 490 494 495 500 501 506 509 517 520 522 527 530 535 537 540 547 550 551 553 554 558 559 560 563 566 569 577 579 581 583 587 594 595 596 600 602 605 607 608 609 610 611 613 615 616 622 623 625 628 629 633 636 637 640 641 642 645 652 656 660 661 666 669 671 679 684 685 686 687 689 695 698 
1 9 12 23 33 40 46 55 56 57 58 84 91 101 110 111 115 120 121 126 130 140 153 154 159 161 170 174 176 185 190 197 209 210 213 217 219 225 233 236 253 257 272 273 283 296 297 298 306 316 317 322 330 333 345 354 355 361 373 380 382 386 388 391 394 395 397 404 409 412 416 428 431 441 442 444 447 448 457 458 462 463 464 475 476 486 494 495 501 503 509 519 520 525 532 535 544 548 552 553 554 557 558 559 560 565 566 569 572 576 579 584 587 603 620 621 623 630 632 633 641 642 648 649 652 655 657 661 669 671 672 679 681 685 688 698 700 
1 5 9 12 19 20 23 26 32 33 34 35 39 41 42 43 44 45 54 55 56 57 61 66 68 69 71 73 77 78 80 81 82 85 89 92 97 99 100 101 105 107 108 109 111 114 115 116 117 119 120 121 123 129 133 136 138 139 140 142 144 145 147 148 154 160 161 162 164 166 167 169 173 174 178 179 180 190 193 197 199 200 203 206 209 210 214 216 219 220 224 225 226 227 229 230 231 233 235 236 237 238 240 241 244 251 255 256 257 261 262 263 264 271 272 273 274 279 286 291 295 296 298 302 307 314 316 317 319 320 322 323 326 331 333 334 341 348 351 352 354 358 359 360 361 365 369 372 373 380 382 385 388 389 393 394 395 397 401 403 406 407 412 416 419 422 424 426 427 429 431 432 434 437 441 443 444 447 450 451 452 453 457 461 462 463 464 469 471 472 473 474 475 477 478 481 482 484 485 486 491 492 494 495 497 498 500 503 506 507 508 509 512 513 514 516 521 525 526 527 528 530 531 532 533 535 536 537 542 544 545 546 548 550 552 557 560 563 566 568 570 572 573 575 576 578 582 584 585 586 589 594 597 599 603 604 606 608 610 612 614 616 618 620 621 625 626 630 631 632 637 638 639 640 641 647 648 649 651 655 656 657 658 659 662 666 669 671 676 677 678 679 685 686 687 688 690 693 694 695 696 700 
39 63 70 72 78 80 89 93 98 157 159 161 164 176 190 192 194 196 214 222 228 230 235 243 248 250 254 290 291 294 297 310 335 339 341 361 381 398 404 409 410 412 415 422 426 444 453 457 460 467 470 486 487 488 490 502 508 510 512 526 529 532 546 555 564 566 567 568 580 585 589 590 591 595 599 602 605 606 608 613 617 623 624 628 632 643 646 647 650 654 656 659 665 666 678 680 682 688 692 693 694 698 
65 74 94 98 114 117 138 141 151 164 166 172 180 189 215 216 221 226 240 280 289 302 319 322 349 350 351 360 364 365 366 369 391 398 402 409 413 430 439 479 515 518 521 539 540 596 599 608 627 636 637 638 639 640 649 651 672 674 680 683 
13 47 82 97 99 114 121 132 139 151 152 164 172 190 194 203 204 206 220 224 226 236 250 261 264 267 285 289 291 298 300 324 334 348 351 352 359 368 372 391 394 403 409 411 413 414 420 421 439 441 447 451 457 464 467 470 479 486 511 513 515 525 529 530 536 542 554 557 567 568 582 602 614 616 623 628 636 637 649 659 669 676 678 685 686 698 
18 26 30 53 69 77 84 133 147 168 169 170 190 193 213 236 240 257 261 278 279 286 298 307 319 327 338 345 355 368 369 384 392 401 403 409 425 429 431 442 454 478 492 499 503 506 507 520 533 539 545 548 552 557 560 565 566 576 582 584 601 614 618 632 646 648 660 662 671 674 678 681 
19 28 32 52 55 59 100 105 136 140 159 167 169 173 174 176 185 188 197 200 220 227 230 246 264 290 320 324 331 333 334 337 354 365 378 391 396 397 408 413 415 424 428 433 434 438 449 489 495 497 504 535 544 550 563 594 600 604 614 617 621 623 632 633 661 666 671 676 677 681 682 685 686 688 
8 25 34 36 74 75 96 112 142 161 176 211 218 223 229 235 242 284 311 325 336 344 356 368 379 411 412 415 426 440 450 458 474 484 498 523 536 541 543 551 563 569 573 579 582 607 608 612 619 630 633 637 644 646 653 662 666 667 688 691 
8 28 57 71 87 99 108 109 126 145 147 179 220 224 231 264 271 282 306 314 317 331 352 358 380 389 397 416 427 448 451 482 491 514 516 517 528 530 537 551 553 573 577 586 595 597 604 614 625 637 640 661 671 676 687 693 
3 13 15 21 24 25 31 40 58 63 72 80 82 84 87 94 98 102 107 116 122 128 134 138 139 141 150 155 158 165 171 178 179 180 187 189 191 192 196 201 202 206 207 217 228 229 234 235 236 239 247 252 253 254 266 269 274 276 277 287 288 289 291 292 294 299 308 309 313 315 319 320 327 335 338 339 340 344 345 349 351 356 362 364 366 367 377 381 383 392 400 402 405 409 410 417 425 431 432 440 444 446 450 456 457 466 467 470 479 487 488 490 491 496 502 506 514 516 518 519 525 534 537 539 540 547 551 555 556 561 565 566 567 581 583 584 588 589 590 591 592 593 596 599 600 602 604 605 607 611 614 617 622 623 624 626 627 634 644 645 650 652 654 656 659 660 664 665 667 670 674 675 680 689 693 695 697 
14 17 38 45 52 59 74 83 86 91 95 99 113 137 153 156 161 163 164 167 173 174 175 178 181 192 193 204 210 214 216 217 222 230 243 246 249 250 256 258 263 268 273 274 290 292 304 311 324 337 341 342 354 355 359 366 368 385 390 393 396 404 408 409 412 413 419 422 423 428 432 438 449 450 453 455 457 460 468 470 476 483 485 487 489 495 501 504 510 512 516 520 524 526 529 531 532 536 538 542 544 546 554 556 564 577 580 581 585 589 593 599 600 601 604 605 606 610 611 617 624 628 632 633 635 636 642 647 649 653 656 658 669 675 677 682 683 686 688 692 693 694 
19 31 32 34 43 57 59 61 76 100 102 107 112 116 122 125 130 135 136 141 155 156 158 161 162 163 165 167 174 202 216 221 235 236 239 246 256 273 280 285 293 295 299 309 313 323 335 353 355 356 361 367 383 392 396 411 412 420 435 438 439 440 445 449 459 479 491 493 495 504 508 515 516 524 534 535 538 544 549 559 580 581 585 588 604 617 622 665 670 677 685 695 696 
28 45 46 69 82 91 93 113 120 129 130 144 148 150 153 154 159 172 175 176 182 210 219 225 228 233 236 242 249 254 256 272 283 285 297 316 326 340 342 354 375 382 385 388 391 409 412 415 426 432 439 441 442 444 447 450 452 456 457 458 461 462 466 474 476 484 497 498 501 509 514 522 533 540 548 551 560 564 571 576 584 596 598 603 610 611 612 618 620 623 630 633 639 642 644 648 655 666 675 676 679 685 690 693 696 697 698 700 
3 8 48 51 61 62 65 68 73 80 85 88 97 106 107 112 117 121 122 124 127 131 134 138 146 152 162 163 164 166 169 171 180 190 194 198 201 203 206 207 212 215 216 218 236 240 244 248 252 255 256 259 267 269 275 291 293 298 309 310 312 315 318 319 329 331 335 338 345 351 357 360 364 368 369 375 390 394 401 402 403 407 411 417 420 427 433 439 461 470 479 481 486 489 493 506 518 522 525 527 529 538 540 542 545 557 563 568 574 576 582 596 597 599 603 615 616 622 623 627 628 632 636 638 645 648 651 652 655 672 678 687 689 695 698 
8 20 35 45 56 60 67 82 83 123 125 129 148 152 159 189 218 228 238 239 248 254 255 262 263 276 277 288 291 292 311 317 326 339 340 351 356 357 365 368 385 389 393 397 405 412 416 419 426 440 446 448 450 455 457 466 469 472 474 475 477 484 485 493 498 503 522 523 525 526 531 533 536 544 546 547 550 551 563 566 584 597 604 612 620 621 624 628 632 650 653 657 658 659 660 661 676 677 681 691 694 697 
25 36 45 111 123 148 167 170 178 246 258 262 393 396 410 411 416 444 449 467 469 475 477 485 488 495 544 604 617 624 632 661 676 681 682 688 694 
38 43 57 75 76 86 90 122 125 130 143 153 157 178 199 207 219 230 232 244 245 247 258 267 278 284 287 322 329 336 338 356 366 370 384 413 426 431 434 444 453 459 468 473 488 498 500 517 523 538 543 547 549 553 564 576 578 581 595 600 607 609 617 630 631 632 644 662 665 670 677 681 695 
6 7 27 30 39 43 50 51 58 62 70 79 86 87 88 101 111 124 126 131 140 146 152 178 194 195 203 208 209 218 222 230 234 242 248 251 259 263 265 267 278 293 295 306 315 317 318 330 332 333 339 352 353 354 357 365 373 375 377 381 387 390 391 397 400 431 433 448 455 461 466 478 489 499 522 534 540 550 551 553 572 574 594 601 605 615 621 628 632 643 646 649 657 660 661 663 668 669 672 674 680 681 684 687 695 698 
9 31 37 40 47 49 57 81 95 101 102 107 110 132 133 137 141 143 149 155 158 161 165 178 181 186 204 209 211 213 219 236 255 269 272 281 282 283 284 292 293 296 299 300 303 304 307 313 340 342 344 355 367 372 378 379 382 383 386 390 393 395 407 409 412 414 418 421 423 425 426 435 436 440 443 445 455 463 464 465 468 483 487 490 494 497 500 506 508 516 520 524 527 532 534 536 544 548 553 554 558 559 560 566 569 579 580 581 583 587 588 592 593 596 601 602 604 613 620 633 635 637 638 651 652 658 662 665 669 684 688 692 694 700 
39 40 47 60 83 87 88 92 123 129 148 152 177 178 195 204 219 248 259 262 263 265 269 277 278 280 292 311 318 326 327 330 332 339 354 368 387 389 425 433 440 445 446 450 455 456 461 468 469 472 475 477 478 484 489 522 526 531 536 540 546 554 563 574 577 596 597 599 601 604 624 632 638 650 653 657 658 660 661 663 668 674 677 680 684 697 
21 24 28 56 63 67 70 84 106 107 110 116 134 144 147 182 183 187 191 203 232 247 266 274 281 285 287 302 308 309 312 320 335 338 343 346 347 366 374 392 400 402 406 410 413 419 432 459 460 467 468 471 473 487 493 496 500 502 505 519 524 550 551 556 565 571 581 583 590 592 598 600 625 626 627 636 643 652 654 664 675 695 
2 5 7 16 19 28 32 33 39 45 54 55 56 58 61 66 70 73 78 81 82 85 86 91 93 103 105 110 114 120 128 136 143 144 154 156 160 161 163 172 176 178 179 188 194 197 199 200 202 208 209 210 213 216 219 220 221 223 225 227 233 237 241 242 255 256 259 260 265 272 280 281 282 283 289 290 295 296 301 303 305 310 316 317 318 320 321 323 324 326 327 328 331 332 333 334 348 350 354 355 361 362 365 373 374 378 382 385 386 387 396 397 398 402 408 414 415 424 426 430 432 433 434 435 447 449 452 454 458 462 463 464 465 466 472 474 478 480 481 484 489 493 494 497 498 504 507 509 514 515 521 522 527 528 531 533 535 537 539 540 544 548 550 551 559 561 562 563 569 570 574 575 576 578 579 582 583 584 587 594 596 602 603 604 608 612 616 618 619 620 622 623 627 629 630 631 633 634 636 637 639 640 641 648 656 660 663 666 667 668 669 674 677 679 680 682 683 685 686 689 690 691 696 698 
8 18 26 53 57 60 71 75 77 83 86 91 92 93 96 99 108 112 142 145 159 168 169 176 193 205 208 210 211 218 224 226 229 231 244 259 261 264 265 279 284 286 292 295 302 311 314 318 319 320 325 332 336 339 344 347 355 358 368 371 373 379 380 384 387 411 412 415 416 418 419 429 431 433 435 441 442 451 455 458 466 468 472 475 482 491 492 494 495 497 499 503 506 509 513 516 517 520 523 530 531 537 540 541 543 545 551 552 563 573 574 582 586 604 614 619 625 633 637 640 644 648 653 660 662 663 666 668 677 680 691 695 
15 46 72 82 113 130 139 150 153 175 192 212 228 239 243 249 253 254 269 276 277 279 288 295 297 306 319 327 333 339 340 342 352 356 361 385 388 446 457 470 476 488 490 491 492 501 508 520 537 543 547 551 552 555 561 563 564 565 566 591 596 611 623 624 629 633 635 642 644 648 650 659 660 693 697 
8 15 21 22 25 33 38 43 45 46 58 63 74 84 98 100 107 112 114 116 122 137 149 151 164 165 170 172 181 184 186 189 193 196 206 207 217 219 220 224 228 234 239 243 253 256 264 268 276 277 287 289 294 303 304 309 310 319 335 338 340 341 349 366 377 391 392 398 404 405 410 420 422 423 439 441 444 446 450 454 467 470 473 474 476 479 483 487 488 489 490 493 496 498 502 503 511 514 515 516 519 520 542 550 555 565 576 580 584 590 591 593 612 613 620 621 627 635 636 639 648 650 654 659 670 671 673 676 680 682 686 688 692 694 695 
61 65 68 94 100 117 121 138 139 162 166 180 189 190 203 204 214 215 228 236 240 264 269 277 289 291 297 298 319 327 360 364 366 369 370 373 394 401 402 403 406 427 451 457 464 493 511 513 518 525 540 542 554 567 568 576 582 597 598 602 616 637 638 639 647 651 672 678 693 699 
2 5 11 18 26 34 35 37 44 46 53 61 66 69 73 74 77 78 81 84 91 93 97 102 103 104 107 119 123 125 133 141 142 147 148 150 154 155 157 159 160 165 169 170 172 176 179 193 196 199 202 212 223 226 229 235 237 239 241 242 253 257 261 270 275 279 286 295 299 305 307 310 321 324 327 328 335 340 343 348 349 350 355 356 361 362 363 367 371 374 376 383 384 386 395 400 409 412 414 415 416 419 422 428 429 430 431 434 440 441 442 445 447 454 458 469 477 480 481 488 491 492 494 496 497 499 500 506 507 508 514 519 520 521 524 527 534 539 540 545 548 550 552 560 561 562 566 569 575 578 579 581 584 585 587 588 592 597 603 608 610 614 616 618 622 630 631 634 639 640 646 648 650 651 655 658 660 662 665 667 676 683 697 698 
25 27 29 36 43 48 63 65 70 76 84 89 95 98 114 122 125 135 140 143 151 163 164 168 170 171 195 196 206 207 208 216 217 239 253 280 287 294 309 313 322 335 338 349 352 356 359 365 375 376 386 391 392 404 409 410 411 413 439 445 454 460 467 470 487 493 496 502 515 519 529 538 548 549 560 564 565 566 572 590 608 617 622 626 627 636 645 648 649 652 654 664 670 677 680 682 687 688 689 695 
6 13 30 43 50 79 87 97 144 159 177 234 239 244 246 251 255 263 287 288 326 330 338 344 353 354 365 377 381 399 400 405 415 425 450 454 466 484 495 496 524 525 526 557 563 566 604 605 607 617 632 652 654 657 667 672 674 684 689 699 
21 24 63 76 90 112 114 116 125 130 135 144 146 155 183 187 191 194 221 232 244 245 246 247 266 274 294 304 308 312 320 329 334 337 346 366 400 406 411 413 419 424 438 439 444 459 461 470 471 473 488 500 505 517 524 538 547 549 556 562 566 567 571 575 576 590 591 592 594 595 598 600 602 607 623 624 626 628 630 632 638 639 643 647 664 665 670 675 676 682 685 
18 26 35 42 54 77 92 123 134 162 169 193 213 251 261 262 279 286 296 300 323 331 353 355 365 381 384 389 393 407 423 429 432 442 450 462 463 472 475 485 494 499 503 512 514 515 520 526 528 533 545 552 553 559 563 566 570 577 579 580 597 610 614 618 658 660 669 676 684 687 690 696 
