1 27 33 126 140 147 163 165 166 179 192 196 199 209 223 226 230 291 304 310 321 322 340 371 377 381 384 399 401 459 479 
2 4 5 17 19 30 57 87 104 119 124 141 151 159 167 200 205 211 230 233 238 261 301 305 317 318 327 341 358 360 361 370 382 461 492 495 
3 12 14 34 43 45 323 459 472 477 
6 39 42 44 63 83 104 174 175 216 226 266 273 283 292 380 402 406 440 471 490 491 
6 8 23 55 59 96 98 106 136 161 171 183 204 240 263 311 322 328 332 334 355 383 435 437 447 474 481 490 492 
6 9 37 84 94 97 110 131 137 156 158 191 231 244 254 269 280 281 287 306 335 342 370 392 404 422 433 445 450 459 476 487 
7 143 152 153 183 194 246 250 343 349 361 368 409 436 464 477 
10 53 83 134 164 184 220 228 230 242 255 256 298 299 318 323 347 356 366 379 388 409 422 453 454 461 476 485 497 498 
11 66 67 80 82 122 129 134 156 157 160 276 285 293 297 324 362 374 386 388 408 421 427 447 458 473 484 494 
13 19 21 32 75 113 133 142 145 156 201 271 286 330 362 394 419 426 439 452 
15 17 18 40 90 92 97 100 104 105 115 128 171 183 210 247 278 316 350 390 417 443 483 
16 29 38 56 57 86 91 106 116 133 139 163 198 226 245 270 274 293 315 323 332 333 337 338 365 368 381 413 416 441 465 471 479 
17 29 41 43 51 69 77 86 95 107 109 118 168 169 180 181 182 222 243 272 308 311 317 344 347 371 381 388 390 394 395 396 398 428 439 446 468 471 476 
19 21 22 24 28 31 52 74 86 117 125 178 187 188 198 214 217 251 260 264 269 290 295 331 340 357 375 407 423 424 431 432 438 469 472 482 
20 25 49 65 78 97 115 118 121 129 135 172 187 194 212 219 248 288 317 325 329 352 359 366 372 390 394 416 419 443 449 472 496 499 
21 46 54 62 69 127 131 167 182 190 202 297 307 319 322 347 351 366 371 384 402 405 416 479 483 
22 35 72 108 115 118 197 232 265 284 303 318 345 348 378 379 389 397 402 414 415 419 434 461 462 466 467 489 493 497 
22 31 57 58 64 67 69 71 103 106 162 170 175 185 207 227 236 277 285 294 297 320 340 346 353 356 363 368 373 391 393 400 403 425 430 442 490 491 
23 85 93 129 132 135 138 141 148 149 158 180 187 195 241 250 258 259 282 290 311 321 387 401 412 456 470 
23 60 61 70 79 102 105 111 135 141 155 182 193 206 213 215 229 296 361 411 443 
26 31 47 68 88 150 239 293 314 359 369 401 409 448 457 477 492 497 500 
29 40 99 101 114 131 134 186 189 192 198 205 210 235 249 279 309 384 418 429 478 486 
36 40 43 81 83 105 109 144 146 163 175 203 225 234 237 250 253 268 271 275 285 289 290 300 312 336 342 377 410 420 455 463 
48 89 120 130 177 252 257 262 271 326 354 362 376 385 422 460 496 
50 67 76 112 133 167 173 176 180 192 194 218 269 302 339 364 377 379 439 475 488 
73 123 154 171 199 205 208 221 224 332 356 447 491 
109 158 199 210 267 313 321 342 359 367 370 444 451 480 483 496 
