11 66 80 82 122 156 157 160 276 285 293 297 324 374 386 388 408 421 427 447 458 473 484 494 
39 42 44 63 83 174 175 216 226 266 273 283 292 380 402 406 440 471 490 491 
8 55 59 96 98 136 161 204 240 263 322 328 334 355 383 435 437 474 481 
41 51 77 95 107 118 168 169 181 222 243 272 308 311 344 347 371 381 388 394 395 396 398 428 446 468 471 
7 143 152 153 194 246 343 349 361 368 436 464 477 
46 54 62 127 182 190 202 297 307 319 322 347 351 366 371 384 405 416 479 483 
73 123 154 171 208 221 224 332 356 447 491 
16 38 56 91 106 116 139 163 226 245 270 274 315 333 337 338 365 368 381 413 416 441 465 471 479 
48 89 120 130 177 252 257 262 326 354 362 376 385 422 460 
10 53 164 184 220 228 242 255 256 298 299 347 379 409 422 453 454 461 485 497 498 
29 40 99 101 114 131 134 186 189 192 198 205 210 235 249 279 309 384 418 429 478 486 
15 18 90 92 100 128 183 247 278 316 350 417 443 
1 27 33 126 140 147 165 166 179 196 209 223 230 291 304 310 399 
24 28 52 74 86 117 125 178 188 214 217 251 260 264 295 331 357 375 407 423 424 431 432 438 469 482 
26 31 47 68 88 150 239 293 314 359 369 401 409 448 457 477 492 497 500 
50 76 112 133 173 176 180 194 218 269 302 339 364 377 439 475 488 
23 85 93 104 129 132 138 141 148 149 158 187 195 241 250 258 259 282 290 321 387 401 412 456 470 
13 19 21 32 75 113 142 145 156 201 271 286 330 362 394 419 426 439 452 
6 36 81 144 146 203 225 234 237 253 268 275 289 300 312 336 410 420 455 463 
58 64 67 69 71 103 162 170 185 207 227 236 277 294 320 340 346 353 363 373 391 393 400 403 425 430 442 
9 37 84 94 110 137 191 231 244 254 280 281 287 306 335 392 404 433 445 450 476 487 
20 22 25 35 49 65 72 78 97 108 115 118 121 172 197 212 219 232 248 265 284 288 303 317 325 329 345 348 352 372 378 389 390 397 402 414 415 419 434 449 462 466 467 489 493 499 
109 199 267 313 342 359 367 370 444 451 480 496 
2 4 5 17 30 57 87 119 124 141 151 159 167 200 211 233 238 261 301 305 317 318 327 341 358 360 361 370 381 382 461 495 
3 12 14 34 43 45 323 459 472 477 
60 61 70 79 102 105 111 135 155 193 206 213 215 229 296 411 
