30 55 66 69 89 100 128 166 179 203 248 259 302 346 363 395 559 578 646 771 804 832 863 922 983 1164 1187 1189 1261 1387 
54 61 108 155 168 171 179 187 198 211 217 237 244 303 449 476 540 557 568 587 606 609 631 653 672 684 698 732 777 798 799 879 889 906 944 975 1010 1014 1114 1133 1166 1241 1299 1313 1379 1419 1453 1457 
54 61 108 155 168 171 179 187 198 211 217 237 303 392 449 476 540 557 568 587 609 631 653 672 684 698 798 799 828 879 975 1001 1010 1014 1133 1166 1241 1299 1313 1342 1379 1419 1453 1457 1499 
30 55 66 69 89 100 113 128 166 179 203 244 248 259 327 346 363 559 578 646 736 771 804 808 832 922 983 1187 1189 1261 1351 1387 
49 129 211 237 242 252 266 322 394 437 462 481 497 553 566 609 653 741 743 798 799 832 850 874 879 914 919 944 959 1010 1014 1015 1114 1166 1171 1174 1187 1240 1273 1281 1299 1313 1379 
35 68 80 142 143 216 262 275 295 346 395 461 487 500 502 556 584 632 770 777 831 863 959 975 1091 1101 1114 1133 1164 1199 1284 1302 1308 1349 1386 1436 1470 1483 
92 118 246 293 367 416 423 483 636 638 673 694 712 772 841 848 918 919 939 963 999 1016 1043 1044 1074 1075 1078 1082 1201 1206 1365 1372 1400 1435 1437 1476 
7 59 126 132 235 244 260 335 336 361 372 515 523 621 623 672 788 795 801 842 865 878 905 906 955 973 1010 1011 1020 1108 1134 1224 1236 1254 1277 1295 1360 1382 1410 1475 
10 20 65 101 109 119 158 172 184 264 272 285 315 336 364 373 404 419 454 472 579 585 627 628 643 654 656 676 689 702 704 706 712 715 717 725 742 761 846 850 858 860 869 881 889 890 905 925 950 966 969 986 1045 1086 1107 1124 1158 1186 1209 1224 1235 1248 1289 1326 1330 1351 1358 1363 1398 1417 1459 
10 80 97 102 115 157 162 169 250 388 392 426 431 442 462 465 470 479 482 515 530 588 612 657 660 682 717 720 782 785 825 835 853 874 884 886 914 956 964 970 992 1012 1046 1077 1113 1167 1168 1240 1255 1327 1353 1389 1398 1405 1429 1434 1481 1497 
16 63 107 164 224 232 239 242 262 279 286 343 346 364 369 402 478 512 585 635 704 854 868 877 969 972 1018 1041 1065 1106 1124 1141 1172 1217 1223 1242 1250 1297 1311 1335 1342 1355 1374 1380 1394 1401 1409 1426 1442 1479 
36 44 48 70 81 103 110 289 298 313 334 427 430 438 443 567 575 630 657 686 774 779 795 832 859 860 874 914 935 955 981 1000 1001 1017 1024 1037 1077 1118 1119 1140 1153 1165 1172 1263 1278 1280 1306 1359 1382 1427 1428 1461 1465 1471 1472 
15 72 77 82 129 147 150 160 161 170 176 193 207 225 243 245 249 268 283 288 296 317 329 352 385 390 393 441 475 497 515 530 535 564 575 596 605 666 717 721 796 806 817 820 867 869 871 895 909 931 942 943 945 951 976 979 994 1003 1004 1015 1024 1025 1026 1035 1044 1047 1052 1079 1085 1090 1096 1109 1129 1147 1151 1167 1174 1180 1185 1197 1207 1213 1218 1231 1239 1247 1248 1258 1286 1289 1293 1343 1355 1356 1361 1366 1370 1396 1412 1430 1432 1448 1456 1484 1493 
51 79 151 153 172 180 200 207 251 270 271 331 360 383 422 432 514 519 522 529 536 565 654 676 705 716 718 791 811 825 835 845 869 876 884 893 924 991 1023 1047 1062 1067 1078 1093 1099 1107 1168 1272 1283 1295 1313 1318 1328 1330 1358 1368 1373 1384 1398 1401 1420 1423 1460 
9 13 56 64 84 110 111 122 149 150 174 181 192 215 223 228 255 261 278 287 290 310 313 338 339 344 362 413 416 422 430 433 442 457 495 503 511 521 525 529 544 547 554 567 570 580 581 608 630 634 638 648 674 675 687 693 719 720 757 765 803 805 823 848 916 946 947 961 975 980 981 982 1002 1004 1019 1024 1031 1036 1043 1060 1097 1104 1109 1116 1117 1120 1127 1136 1140 1150 1172 1179 1190 1200 1230 1233 1255 1257 1260 1311 1317 1325 1336 1339 1343 1347 1352 1356 1361 1364 1406 1407 1411 1427 1433 1435 1467 1486 1487 1488 
4 23 39 53 173 175 182 209 221 243 267 274 279 297 312 332 335 404 411 414 436 478 490 502 513 528 556 558 593 648 650 746 868 894 908 928 937 954 966 1051 1069 1111 1138 1142 1162 1163 1183 1187 1229 1231 1264 1265 1275 1290 1297 1320 1323 1369 1375 1378 1384 1444 1467 1496 
154 159 256 280 289 400 470 473 477 494 500 514 529 561 601 715 731 747 783 816 852 899 947 988 998 1061 1109 1168 1220 1252 1260 1266 1268 1270 1276 1293 1348 1385 1387 1406 
11 57 90 115 129 160 164 176 202 204 229 230 232 245 249 286 292 296 299 307 337 352 366 406 415 442 471 500 509 514 526 542 548 560 561 593 595 596 626 633 651 655 658 661 671 676 721 752 760 778 781 807 815 817 833 853 854 880 926 942 945 947 953 955 956 968 976 984 987 992 997 1004 1044 1045 1053 1074 1086 1102 1139 1149 1155 1170 1172 1173 1203 1207 1209 1213 1215 1252 1253 1254 1258 1265 1297 1314 1329 1332 1341 1342 1344 1350 1351 1355 1359 1396 1412 1414 1426 1432 1441 1451 1456 1461 1490 1499 
102 162 197 284 379 388 392 401 426 431 465 470 479 482 577 622 642 682 694 705 717 734 776 782 785 825 835 853 856 876 884 907 939 944 956 964 970 997 1046 1071 1093 1113 1167 1168 1240 1251 1260 1298 1327 1368 1389 1418 1423 1434 1481 1486 
87 121 124 137 197 213 226 227 228 234 300 306 340 376 383 400 423 459 478 529 540 603 609 613 615 636 640 672 694 695 726 739 754 756 769 772 788 795 875 929 939 947 949 1006 1046 1056 1058 1081 1082 1107 1126 1168 1178 1196 1256 1260 1261 1276 1281 1319 1409 1410 
112 136 180 196 341 357 449 451 455 506 532 545 614 663 695 711 826 903 1063 1074 1113 1131 1144 1227 1238 1239 1243 1300 1319 1347 1397 1404 1408 1416 
103 152 219 281 298 403 427 437 481 498 545 597 712 828 864 1007 1008 1077 1092 1114 1143 1156 1186 1214 1262 1310 1314 1322 1367 1405 1419 1447 1491 
1 11 13 44 61 135 179 201 202 222 229 230 252 258 307 323 362 366 394 406 437 438 462 523 544 560 566 593 595 626 651 655 661 671 703 722 741 743 757 778 790 837 850 902 916 919 956 1024 1036 1037 1049 1051 1074 1079 1102 1103 1125 1127 1170 1182 1200 1216 1265 1274 1280 1296 1302 1309 1329 1332 1341 1344 1350 1352 1359 1364 1380 1412 1414 1422 1441 1451 1461 
120 160 185 219 304 418 444 445 506 573 611 660 714 750 800 861 1028 1029 1087 1115 1159 1176 1181 1267 1274 1293 1300 1321 1322 1324 1500 
19 41 156 177 191 199 235 240 267 269 278 318 342 349 378 436 466 485 494 495 517 532 539 550 564 566 594 621 678 693 696 699 731 773 775 794 814 815 824 896 897 900 974 985 990 996 1000 1012 1050 1073 1076 1083 1192 1237 1270 1285 1346 1407 1408 1481 
96 112 136 138 167 180 188 196 341 350 357 382 391 449 451 488 532 614 620 654 662 663 695 709 710 711 825 826 849 901 941 1022 1023 1057 1063 1067 1078 1113 1131 1144 1226 1227 1229 1239 1243 1316 1319 1373 1377 1384 1397 1404 1408 1420 1460 
86 90 96 99 104 108 119 127 138 156 162 167 188 263 303 305 313 332 350 353 354 391 399 421 425 427 481 482 488 524 534 566 567 588 603 605 620 645 662 676 700 708 709 727 732 740 743 755 761 776 818 833 849 900 901 925 941 955 977 1001 1007 1008 1017 1022 1055 1057 1067 1081 1092 1114 1127 1135 1153 1156 1163 1168 1172 1182 1196 1200 1211 1214 1216 1226 1229 1262 1279 1292 1303 1310 1313 1316 1323 1328 1331 1335 1352 1367 1373 1377 1384 1394 1405 1415 1420 1422 1425 1428 1434 1439 1442 1466 1469 1491 
5 40 61 90 98 99 103 105 108 115 135 151 154 169 180 181 189 190 201 203 207 253 254 263 270 273 290 294 305 313 317 331 332 353 354 358 360 362 374 416 420 421 422 425 427 442 453 456 503 508 521 525 534 544 550 561 567 577 588 602 629 639 645 648 676 685 705 722 726 738 743 754 757 776 780 791 811 818 829 833 848 851 876 893 898 916 920 923 955 960 1002 1005 1008 1019 1022 1024 1036 1049 1055 1093 1097 1112 1117 1127 1140 1153 1157 1172 1182 1200 1203 1219 1230 1250 1274 1283 1306 1308 1318 1322 1328 1331 1339 1342 1345 1352 1353 1364 1368 1374 1380 1384 1390 1423 1424 1428 1434 1451 1454 1460 1463 1469 1473 1477 1488 
65 79 119 228 271 272 281 377 432 536 585 635 643 670 679 718 845 884 925 991 1018 1027 1032 1049 1062 1086 1095 1106 1107 1139 1168 1192 1240 1261 1308 1330 1334 1335 1346 1376 1389 1408 1421 
9 16 29 63 99 102 106 107 139 164 213 224 226 238 239 289 300 314 319 332 334 340 359 364 365 369 375 376 380 386 397 402 417 432 453 459 460 478 499 538 549 550 551 563 571 574 588 601 609 615 625 635 660 672 700 704 711 713 729 744 745 772 790 800 801 821 829 830 837 839 852 854 868 877 899 904 906 910 924 929 963 969 972 980 984 993 1006 1024 1039 1040 1041 1042 1045 1049 1064 1065 1081 1094 1112 1124 1132 1139 1141 1151 1161 1191 1212 1217 1223 1228 1230 1236 1242 1250 1256 1278 1280 1287 1290 1297 1328 1334 1335 1340 1361 1374 1375 1377 1378 1380 1387 1394 1401 1403 1405 1409 1410 1421 1431 1442 1446 1471 1478 1485 1490 1495 1498 
130 136 210 251 312 353 434 448 516 606 644 866 887 928 1005 1089 1133 1219 1245 1264 1323 1484 
6 7 32 34 40 45 52 57 78 83 99 101 109 119 140 180 257 258 260 264 272 281 302 314 317 321 335 336 338 340 345 358 361 372 375 376 380 387 403 404 408 419 432 452 453 468 470 472 480 496 501 515 536 563 571 572 588 601 602 607 609 625 630 656 657 667 670 676 695 697 698 700 701 702 706 736 754 759 761 768 787 788 790 797 810 812 829 837 838 842 850 852 865 873 878 890 902 905 921 925 950 951 955 966 969 973 978 979 985 986 991 995 1005 1006 1011 1018 1020 1023 1037 1048 1049 1057 1060 1080 1081 1103 1108 1121 1134 1145 1146 1154 1158 1170 1186 1224 1228 1234 1235 1236 1246 1254 1256 1277 1278 1281 1287 1288 1295 1301 1309 1313 1326 1330 1334 1337 1342 1348 1358 1360 1363 1382 1404 1410 1414 1417 1419 1425 1440 1442 1459 1463 1475 1482 1490 
34 45 52 78 140 156 180 196 264 288 302 345 380 438 451 571 572 601 602 614 630 663 698 702 736 768 784 787 810 837 1005 1037 1060 1063 1080 1113 1131 1144 1145 1228 1243 1249 1259 1301 1348 1397 1404 1408 1411 1414 1461 
75 122 149 268 283 302 316 415 441 491 521 535 539 583 624 666 815 816 871 873 895 915 983 1025 1095 1107 1109 1110 1147 1180 1190 1197 1198 1258 1270 1356 1399 1409 1412 1453 
91 120 134 149 150 156 158 185 186 224 250 264 288 373 444 445 454 471 481 489 525 554 573 580 581 604 628 634 689 714 717 725 742 763 782 784 800 823 846 848 854 858 861 865 881 889 1004 1028 1029 1031 1041 1047 1097 1115 1116 1121 1139 1150 1181 1209 1230 1248 1249 1259 1274 1285 1289 1339 1351 1380 1411 1430 1488 
58 73 105 213 286 301 415 479 509 660 665 671 688 692 707 752 760 762 776 778 785 833 880 903 905 913 952 968 987 1066 1074 1098 1099 1113 1121 1149 1158 1173 1176 1209 1213 1224 1244 1246 1253 1258 1281 1305 1347 1355 1416 1435 1455 1491 
7 83 120 152 160 180 185 186 224 254 257 264 321 338 355 366 406 409 435 444 445 468 481 491 526 573 660 661 671 697 703 714 759 787 788 797 800 812 861 873 902 920 951 978 995 1015 1028 1029 1038 1048 1103 1105 1115 1121 1154 1181 1269 1274 1309 1313 1337 1363 1407 1409 1425 
114 120 134 140 150 156 158 161 264 277 285 288 341 454 471 489 579 590 604 628 654 664 680 689 702 722 725 727 740 742 763 782 784 800 846 858 869 881 889 907 977 979 1019 1024 1036 1041 1045 1047 1090 1097 1121 1127 1209 1211 1248 1249 1259 1281 1285 1292 1351 1364 1380 1411 
24 67 89 113 115 118 123 133 178 193 248 277 302 312 323 327 337 343 344 347 387 401 407 410 412 426 469 479 480 483 505 512 531 547 567 574 584 589 599 615 618 646 659 677 736 759 768 771 782 847 882 883 884 891 922 924 927 942 944 961 971 977 983 1004 1030 1033 1037 1097 1120 1194 1204 1205 1209 1222 1257 1271 1276 1317 1325 1333 1351 1360 1392 1394 1445 1450 1452 1464 1478 1479 
277 450 514 561 576 585 592 648 670 716 744 791 871 899 912 953 1040 1084 1085 1106 1113 1174 1185 1215 1216 1252 1323 1362 1369 1373 1408 1438 
11 57 63 107 115 164 198 224 228 232 239 281 292 299 337 377 392 402 500 514 526 536 542 548 561 587 588 633 635 651 658 670 754 778 781 807 829 854 868 877 899 925 926 942 953 969 972 984 997 1018 1027 1032 1041 1045 1053 1084 1086 1106 1124 1139 1155 1170 1192 1203 1215 1216 1223 1232 1240 1242 1250 1252 1254 1308 1334 1335 1342 1344 1351 1362 1369 1426 1438 1441 1490 1499 
114 169 218 241 284 325 327 379 486 514 561 584 622 642 647 680 734 776 835 856 899 907 924 939 944 1009 1071 1221 1237 1251 1252 1298 1418 1452 1480 
33 86 126 156 214 219 226 231 235 244 252 335 376 399 459 462 492 497 510 517 566 603 621 623 642 672 681 692 700 727 740 741 749 755 788 795 818 852 862 900 906 919 929 977 997 999 1006 1081 1127 1163 1171 1211 1216 1229 1236 1256 1259 1273 1279 1281 1282 1292 1303 1322 1331 1335 1394 1410 1422 1425 1432 1434 1453 
22 49 73 93 122 163 195 200 202 206 242 252 266 270 309 322 325 355 371 376 394 429 435 437 440 456 462 486 522 523 537 543 553 566 651 654 668 703 741 743 786 802 818 843 874 909 914 919 941 959 1012 1015 1032 1038 1052 1125 1130 1174 1187 1202 1213 1231 1258 1272 1273 1281 1294 1296 1332 1350 1355 1369 1390 1398 1429 1493 1497 
70 91 111 134 150 158 219 253 264 285 324 341 373 403 438 452 454 460 474 480 487 496 501 508 533 563 579 581 585 604 607 617 628 654 656 667 679 689 701 702 712 717 719 725 735 742 751 763 767 800 830 836 846 850 858 869 881 889 901 906 920 921 962 979 990 991 1021 1039 1045 1047 1054 1068 1086 1146 1186 1192 1210 1212 1218 1225 1234 1248 1254 1278 1289 1295 1308 1326 1337 1382 1387 1404 1419 1440 1442 1457 1458 1459 1464 1469 1482 1485 1487 1491 1492 
17 26 27 56 61 66 95 135 144 148 220 223 228 253 261 282 287 290 302 310 311 324 338 339 353 362 382 413 433 439 447 474 480 503 511 521 529 530 533 544 549 600 602 608 612 617 630 636 637 645 674 675 679 683 687 708 711 719 720 732 735 751 762 764 767 772 793 803 819 836 850 857 915 934 941 947 957 975 981 983 989 1002 1012 1036 1039 1054 1060 1068 1086 1117 1120 1127 1132 1136 1140 1155 1164 1200 1203 1212 1216 1225 1233 1255 1260 1282 1289 1296 1300 1336 1337 1343 1347 1364 1368 1376 1380 1387 1395 1399 1404 1406 1413 1424 1427 1457 1458 1467 1485 1486 1487 1494 
14 21 27 29 50 59 76 84 105 115 116 123 134 154 158 174 215 218 230 255 278 285 308 325 334 356 373 396 401 420 424 428 454 457 495 551 590 595 601 631 647 680 689 702 711 713 715 719 725 727 742 745 759 765 783 805 819 839 854 858 862 869 886 889 904 905 907 910 924 940 946 947 965 977 980 982 1002 1009 1042 1045 1059 1104 1133 1161 1167 1171 1172 1174 1179 1191 1204 1216 1228 1289 1311 1337 1346 1353 1388 1407 1411 1431 1433 1459 1461 1471 1473 1495 
33 43 64 84 94 113 118 144 186 208 236 243 246 250 265 267 304 354 389 416 423 458 463 484 541 547 552 570 580 581 591 634 638 640 652 690 715 737 772 808 809 834 848 963 1004 1010 1016 1031 1034 1046 1097 1116 1122 1138 1142 1151 1163 1201 1206 1217 1264 1268 1285 1315 1338 1365 1372 1374 1383 1415 1416 1435 1478 1488 
127 193 199 233 238 242 286 315 330 344 351 386 401 407 464 505 512 515 524 535 542 547 549 574 589 599 603 605 615 618 679 706 724 729 744 754 821 827 844 860 882 885 927 933 934 944 947 965 966 993 1004 1007 1034 1040 1056 1065 1074 1076 1097 1120 1132 1137 1139 1170 1180 1192 1196 1215 1232 1257 1276 1278 1297 1317 1325 1330 1340 1354 1361 1401 1403 1405 1439 1442 1456 1464 1478 1479 1485 1490 1498 
64 70 105 109 111 119 134 192 223 250 253 285 324 333 341 373 404 420 438 454 460 471 472 474 508 525 533 554 563 570 579 580 581 604 617 628 634 654 656 679 689 692 712 715 719 725 735 742 751 761 763 767 823 830 836 846 848 850 858 869 872 881 889 890 920 925 929 941 962 966 986 1039 1043 1045 1054 1068 1086 1116 1119 1132 1150 1151 1158 1210 1212 1225 1230 1248 1289 1308 1326 1337 1339 1351 1358 1361 1387 1404 1417 1457 1458 1459 1464 1485 1487 1488 
105 133 149 178 213 258 286 347 403 410 412 415 427 469 480 509 515 519 531 659 692 719 752 760 776 778 815 833 847 880 883 891 968 971 987 1110 1121 1149 1173 1194 1205 1209 1222 1253 1271 1281 1314 1333 1344 1392 1445 1450 1452 1459 1463 1491 
6 32 40 99 133 178 251 258 281 302 314 317 327 347 358 364 375 408 410 412 432 453 480 531 540 571 584 625 659 718 736 743 759 762 768 776 790 810 829 837 841 847 852 883 891 971 985 991 1005 1023 1030 1037 1049 1092 1194 1205 1209 1222 1235 1246 1257 1271 1287 1288 1310 1333 1392 1445 1447 1450 1452 1463 
18 27 41 50 84 106 121 141 154 174 177 199 215 240 254 255 267 278 318 334 349 396 436 446 457 466 485 494 495 504 550 564 574 595 609 621 653 678 693 696 699 711 713 731 745 759 765 775 794 805 814 815 819 839 862 873 886 897 900 905 910 940 946 947 980 982 985 990 996 1000 1042 1050 1073 1076 1094 1104 1111 1116 1133 1161 1167 1171 1172 1179 1192 1285 1311 1337 1346 1353 1407 1411 1425 1433 1446 1481 
8 71 125 140 141 145 212 219 253 343 354 384 403 405 484 493 534 591 616 639 726 730 792 832 834 860 874 888 898 921 932 991 1058 1072 1122 1163 1182 1227 1314 1381 1415 1416 1442 1469 1473 1474 1482 1491 
54 100 128 156 180 244 303 353 399 566 603 642 697 700 727 740 812 940 977 978 1001 1055 1081 1163 1211 1216 1229 1281 1292 1299 1313 1323 1331 1335 1394 1422 1425 1434 1466 
4 23 53 173 175 182 221 252 266 279 297 322 332 394 411 414 437 462 478 490 497 528 553 556 558 577 593 623 741 743 746 850 874 894 908 914 919 937 954 959 966 1015 1069 1111 1163 1183 1187 1229 1273 1275 1281 1302 1320 1344 1384 1444 1467 1496 
14 21 29 50 76 116 175 189 190 218 221 230 273 294 308 325 356 374 388 401 424 428 471 490 505 508 528 551 563 577 590 601 631 639 647 650 680 685 704 710 715 719 738 743 753 772 780 783 801 851 854 856 886 898 904 907 908 923 924 937 954 960 962 1009 1059 1081 1111 1157 1161 1174 1191 1212 1228 1256 1259 1308 1345 1388 1390 1431 1444 1454 1458 1459 1461 1473 1477 
70 129 198 285 333 381 425 487 585 608 610 654 745 748 753 770 804 840 869 872 908 928 943 996 1024 1045 1070 1101 1119 1120 1142 1152 1177 1188 1195 1210 1230 1265 1323 1377 1404 
1 12 46 51 59 64 70 79 84 96 98 104 111 129 138 147 149 151 153 162 167 170 180 188 191 192 198 203 241 250 251 270 271 284 288 326 329 331 333 348 350 360 379 381 382 383 388 390 391 392 393 399 416 422 425 431 438 487 488 508 509 514 519 520 525 532 535 554 562 564 565 570 580 581 585 596 610 620 621 622 627 634 641 642 648 654 655 662 677 682 691 700 705 708 709 710 716 718 723 727 732 733 734 740 748 753 754 770 776 785 791 796 799 801 806 811 818 820 823 825 835 837 840 845 848 849 851 855 856 859 872 876 884 893 901 908 912 924 930 931 939 941 943 948 951 980 991 996 997 1003 1004 1005 1008 1022 1023 1024 1026 1031 1057 1062 1067 1070 1071 1078 1079 1088 1093 1099 1107 1114 1116 1120 1125 1135 1149 1150 1152 1175 1176 1177 1180 1188 1195 1198 1210 1226 1227 1229 1230 1237 1247 1248 1251 1267 1283 1285 1286 1298 1313 1316 1318 1327 1328 1339 1366 1368 1370 1373 1377 1380 1384 1386 1398 1401 1418 1420 1423 1430 1451 1454 1460 1461 1466 1484 1488 1493 
26 39 209 228 267 274 301 312 381 404 436 446 487 504 513 518 569 608 650 748 753 770 840 872 892 911 917 928 992 996 1013 1051 1070 1138 1142 1152 1162 1177 1188 1195 1210 1264 1265 1323 1377 1402 1449 1469 1489 
22 73 82 93 122 147 163 170 195 200 206 207 225 250 309 325 329 355 371 393 429 435 440 482 522 523 530 535 543 564 596 648 677 699 703 741 796 802 806 820 843 909 931 943 970 976 1003 1008 1012 1015 1026 1038 1052 1070 1079 1096 1129 1130 1202 1218 1231 1239 1247 1272 1273 1286 1293 1294 1323 1327 1350 1366 1369 1370 1389 1398 1425 1429 1430 1484 1493 1497 
85 135 189 190 263 273 294 374 384 405 420 456 493 508 550 577 616 629 639 685 710 724 726 738 743 753 776 780 787 792 801 825 832 851 856 888 898 920 921 923 924 932 960 1058 1072 1157 1182 1227 1250 1268 1308 1322 1345 1377 1381 1385 1388 1390 1420 1454 1460 1474 1477 
75 147 150 170 207 219 225 268 283 316 329 393 403 441 452 491 496 501 521 535 539 583 607 624 666 667 701 702 717 796 815 816 820 838 869 871 895 901 915 921 931 943 976 979 991 1003 1021 1025 1057 1079 1090 1095 1096 1107 1109 1126 1146 1147 1180 1185 1190 1192 1197 1198 1218 1234 1245 1247 1254 1258 1278 1285 1286 1316 1322 1356 1366 1370 1382 1409 1412 1419 1430 1440 1469 1482 1484 
26 27 66 144 148 201 353 447 637 711 762 772 819 857 934 1002 1155 1203 1333 1376 1424 1457 1483 1494 
72 75 154 159 256 268 280 283 316 317 441 470 473 477 491 497 500 514 521 535 539 583 601 624 666 715 717 747 783 797 816 851 867 871 873 895 988 998 1025 1046 1048 1061 1095 1107 1109 1147 1151 1154 1180 1190 1197 1198 1220 1245 1266 1268 1270 1276 1293 1316 1337 1348 1356 1385 1390 1409 1412 1453 
3 27 28 43 59 61 80 91 103 114 120 132 142 143 146 214 216 226 235 260 262 295 298 300 309 335 340 361 364 372 373 376 387 395 419 450 454 461 470 500 502 515 523 555 556 563 582 586 603 615 623 643 657 672 706 717 763 766 788 801 822 831 842 852 854 856 858 863 865 878 881 889 929 959 967 973 975 1006 1011 1020 1047 1048 1077 1081 1091 1100 1101 1103 1108 1114 1134 1139 1160 1164 1199 1208 1224 1235 1236 1248 1251 1256 1259 1277 1281 1282 1284 1295 1302 1303 1308 1349 1360 1371 1386 1393 1410 1432 1436 1447 1470 1475 1483 
38 94 113 160 176 179 183 186 204 222 236 245 246 265 276 296 320 352 366 370 416 458 463 475 507 530 541 547 548 552 596 638 640 728 772 808 817 838 933 942 945 953 963 1004 1016 1044 1048 1051 1074 1082 1102 1110 1123 1128 1129 1148 1170 1201 1206 1207 1217 1229 1258 1266 1291 1302 1308 1315 1329 1338 1365 1368 1372 1374 1383 1396 1435 1451 1453 1469 
3 44 54 81 106 124 126 129 137 139 160 176 199 201 204 227 234 245 249 289 296 303 306 318 334 380 387 398 399 400 417 475 495 499 506 529 535 540 550 566 587 596 609 613 636 640 643 647 673 693 694 695 700 711 713 721 727 739 740 745 754 775 817 818 830 838 839 875 910 933 939 942 945 947 949 980 984 1000 1001 1004 1008 1024 1042 1044 1057 1058 1073 1076 1078 1081 1082 1094 1111 1112 1118 1126 1161 1164 1171 1172 1178 1207 1211 1213 1216 1229 1238 1258 1261 1263 1276 1278 1280 1281 1292 1311 1314 1319 1328 1331 1340 1343 1346 1355 1384 1394 1396 1409 1425 1432 1437 1446 1456 1462 1471 1478 1490 1491 1495 
17 37 42 60 94 113 144 172 219 230 236 246 265 291 301 304 403 418 452 455 458 463 480 496 501 506 527 533 545 547 552 607 611 638 640 649 667 683 701 702 715 723 735 750 795 808 921 979 989 991 992 1016 1020 1021 1046 1054 1057 1087 1091 1095 1097 1126 1146 1159 1176 1192 1201 1206 1210 1217 1234 1238 1239 1254 1274 1278 1285 1293 1300 1315 1321 1322 1324 1338 1347 1365 1372 1383 1419 1435 1440 1442 1449 1453 1462 1469 1482 1485 1492 1500 
25 48 72 77 110 131 150 205 228 243 244 260 298 309 361 372 385 387 413 430 443 575 630 648 657 686 759 774 779 783 795 797 842 859 860 865 867 878 905 935 955 973 981 994 1000 1011 1015 1017 1020 1035 1077 1085 1090 1108 1118 1119 1134 1147 1151 1165 1167 1174 1185 1224 1231 1254 1277 1295 1305 1306 1309 1343 1360 1361 1382 1427 1428 1448 1465 1472 1475 
73 105 129 154 160 176 201 204 208 233 245 249 296 315 323 330 351 352 412 464 471 475 515 524 531 535 596 605 609 654 665 688 707 721 759 762 775 786 817 827 838 844 847 860 885 903 913 933 945 947 952 958 963 965 971 976 1000 1004 1023 1024 1026 1044 1056 1066 1074 1078 1086 1098 1099 1137 1172 1176 1196 1207 1213 1232 1244 1258 1297 1311 1314 1330 1354 1355 1373 1394 1396 1402 1407 1432 1433 1445 1455 1456 
13 47 57 67 74 88 93 97 99 102 133 140 156 161 163 165 178 195 200 207 218 235 277 288 309 319 328 332 343 347 355 359 365 368 371 376 397 410 412 429 440 469 476 480 486 489 498 522 531 538 539 543 548 584 594 619 626 654 659 660 677 743 759 762 770 773 782 784 786 800 802 806 820 824 843 847 849 865 883 886 891 896 906 909 911 924 941 963 971 974 1030 1034 1038 1041 1052 1064 1079 1083 1096 1097 1130 1169 1192 1194 1202 1205 1209 1218 1221 1222 1235 1237 1249 1259 1271 1272 1290 1294 1333 1353 1360 1375 1378 1387 1390 1392 1411 1421 1429 1445 1450 1452 1462 1480 1493 1497 1498 
35 68 80 131 142 143 159 216 242 247 256 262 275 280 295 378 395 461 467 473 477 479 486 487 494 497 500 502 537 556 584 601 632 645 664 669 747 756 770 777 786 788 813 816 818 831 863 870 936 938 958 959 975 985 988 991 998 1013 1033 1061 1071 1101 1107 1114 1133 1153 1164 1193 1199 1218 1220 1251 1266 1268 1270 1284 1293 1296 1302 1304 1307 1312 1313 1317 1328 1348 1349 1357 1385 1386 1388 1391 1400 1436 1443 1468 1470 1483 
2 69 105 114 126 131 203 213 226 235 242 244 247 300 335 340 376 378 459 460 467 479 506 515 537 559 586 603 611 621 623 657 664 669 672 692 695 704 719 735 756 766 772 786 788 795 800 801 813 816 818 822 852 870 906 926 927 929 936 938 958 962 985 991 1006 1011 1013 1033 1068 1081 1087 1103 1107 1127 1160 1189 1193 1218 1225 1236 1256 1261 1274 1281 1285 1293 1296 1304 1307 1312 1317 1351 1357 1371 1388 1391 1400 1410 1443 1458 1459 1468 1492 
31 135 152 154 194 235 344 392 409 456 504 526 546 584 598 629 668 677 724 758 769 789 828 906 920 928 968 975 1019 1030 1091 1105 1184 1194 1205 1269 1322 1402 1477 1489 
104 105 115 117 135 138 157 169 188 228 235 290 301 350 354 362 382 391 442 446 456 488 503 504 531 544 545 564 569 610 620 654 662 665 677 709 722 732 757 787 849 892 901 906 911 916 917 992 1019 1022 1023 1025 1032 1036 1055 1057 1067 1078 1116 1135 1176 1198 1200 1226 1227 1272 1274 1316 1352 1364 1373 1374 1402 1420 1429 1440 1449 1460 1466 1477 1489 
58 62 73 84 105 117 157 165 186 208 228 287 301 343 354 368 389 413 433 446 456 484 504 530 531 545 548 564 569 591 612 619 652 660 665 671 675 677 687 688 690 707 720 737 758 786 809 834 892 903 911 913 917 952 981 992 1034 1064 1066 1098 1099 1105 1122 1135 1151 1163 1184 1221 1244 1255 1264 1305 1331 1343 1402 1406 1415 1416 1427 1449 1455 1462 1467 1480 1489 
