1 5 98 151 180 203 213 270 331 360 383 416 422 519 705 716 776 791 811 835 876 893 1008 1093 1230 1283 1318 1328 1368 1384 1423 
2 65 131 203 242 247 378 420 467 537 612 664 669 756 786 813 816 870 936 938 958 959 985 991 1013 1033 1193 1218 1296 1304 1307 1312 1357 1388 1391 1400 1443 1468 1492 
3 25 72 77 131 150 205 243 385 575 648 657 783 867 905 994 1020 1035 1085 1090 1151 1167 1174 1185 1231 1305 1361 1448 
3 81 106 126 139 289 318 334 380 387 398 417 499 550 587 711 713 745 830 839 910 980 984 1001 1024 1042 1078 1094 1112 1161 1171 1263 1278 1280 1328 1346 1425 1446 1471 1495 
3 27 28 43 61 120 132 146 364 555 582 586 766 801 822 856 967 1011 1048 1100 1160 1208 1282 1371 1393 
4 23 53 173 175 182 198 221 230 243 279 297 332 411 414 478 490 502 528 558 577 593 695 746 894 908 937 954 966 1069 1111 1163 1183 1187 1275 1320 1384 1444 1496 
5 61 103 105 115 135 154 169 181 201 254 290 332 362 442 456 503 521 544 602 722 757 916 920 1019 1024 1036 1055 1127 1182 1200 1274 1352 1353 1364 1374 1380 1434 
5 18 41 177 199 240 254 267 318 349 436 466 485 494 495 550 621 678 693 696 699 711 731 775 794 814 815 873 897 900 985 990 1000 1050 1073 1076 1285 1346 1481 
6 32 40 258 281 314 317 327 337 344 358 364 375 387 408 432 438 453 480 494 540 571 588 625 668 768 790 829 837 852 985 1005 1037 1049 1246 1287 1288 1463 
7 59 244 260 361 372 387 515 523 657 842 865 878 955 973 1011 1020 1108 1134 1224 1254 1277 1295 1360 1382 1475 
7 83 180 254 257 321 338 468 526 671 697 759 797 812 873 902 920 951 978 995 1015 1048 1103 1121 1154 1309 1337 1363 1425 
7 37 42 60 172 219 230 291 304 320 418 455 456 506 527 545 611 629 649 683 750 989 1020 1046 1057 1087 1091 1159 1176 1238 1239 1274 1293 1300 1321 1322 1324 1492 1500 
8 71 108 125 140 141 145 212 343 384 405 493 616 726 730 792 832 888 932 1072 1182 1227 1381 1474 
9 238 386 549 574 729 744 821 993 1040 1065 1132 1278 1340 1361 1401 1403 1405 
9 27 50 59 84 154 174 215 255 278 363 378 396 457 759 765 781 805 819 886 905 940 946 947 982 1104 1167 1172 1179 1311 1353 1407 1433 
9 64 84 111 149 192 250 416 525 554 570 580 581 634 648 823 848 1004 1031 1116 1150 1230 1339 1361 1488 
10 20 65 101 109 119 172 184 272 336 404 419 472 585 643 656 676 706 761 850 890 905 925 950 966 986 1086 1158 1186 1235 1326 1330 1358 1398 1417 1459 
10 16 63 107 129 164 193 224 239 242 318 346 364 369 402 478 635 704 854 868 877 969 972 1041 1124 1141 1223 1242 1250 1297 1335 1374 1394 1401 1409 1442 
10 102 157 162 169 250 388 392 426 431 465 470 479 482 530 588 615 660 682 717 782 785 825 830 835 853 884 956 964 970 997 1046 1113 1167 1168 1240 1327 1389 1405 1434 
11 57 115 198 232 292 299 337 392 500 514 526 542 548 561 602 633 658 754 778 781 807 854 926 942 953 997 1053 1139 1170 1215 1216 1252 1254 1342 1351 1426 1441 1490 1499 
12 59 96 104 138 167 188 350 382 391 488 620 654 662 709 716 732 825 849 901 941 1022 1023 1057 1067 1078 1114 1135 1176 1226 1227 1229 1316 1373 1377 1384 1420 1460 1466 
13 56 131 228 261 287 310 339 413 433 511 521 529 530 608 612 630 648 674 675 687 720 803 975 981 1117 1120 1136 1140 1233 1255 1336 1343 1347 1406 1427 1467 1486 
13 44 99 179 202 222 229 307 323 366 406 523 560 595 626 651 655 661 671 778 825 837 1037 1051 1074 1102 1329 1332 1341 1344 1350 1359 1380 1422 1451 1461 
13 67 70 133 178 269 277 347 410 412 469 480 531 587 659 677 759 762 781 847 883 891 924 971 1030 1194 1205 1209 1222 1271 1333 1392 1445 1450 1452 
14 21 29 50 76 116 218 230 308 325 356 388 401 424 428 471 551 563 577 590 601 647 680 715 783 854 904 907 924 1009 1059 1174 1191 1388 1431 1459 1473 
15 74 82 147 150 161 170 193 207 225 288 329 390 393 535 564 599 796 806 820 833 931 943 976 1003 1008 1026 1079 1096 1218 1239 1247 1286 1289 1293 1366 1370 1430 1484 1493 
17 26 95 220 223 282 311 439 600 612 708 764 793 915 957 1012 1282 1289 1337 1368 1395 1399 1413 
19 156 235 267 269 342 378 517 532 539 566 594 773 824 896 974 1012 1083 1192 1237 
22 93 122 126 163 181 195 200 206 269 309 325 355 371 429 435 440 522 523 543 654 703 802 818 843 909 941 1012 1015 1038 1052 1130 1202 1231 1272 1294 1398 1429 1497 
24 113 115 118 123 193 312 323 337 343 344 407 505 512 567 589 599 615 618 782 882 927 942 944 961 977 1004 1097 1120 1204 1257 1276 1317 1325 1394 1464 1478 1479 
26 27 66 144 148 201 353 447 637 762 772 857 934 1002 1155 1203 1376 1424 1457 1494 
26 39 209 267 274 312 502 513 518 650 753 928 1051 1138 1142 1162 1264 1265 1323 1469 
30 55 66 69 89 100 113 128 166 179 181 203 244 248 259 302 327 346 363 559 578 646 771 804 832 922 983 1187 1189 1261 1351 1387 
31 152 194 344 392 409 526 546 584 598 629 668 677 724 758 769 789 828 906 975 1091 1105 1184 1269 
33 94 113 118 144 186 236 243 246 250 265 416 458 463 541 547 552 638 640 772 808 963 1016 1097 1201 1206 1217 1315 1338 1365 1372 1374 1383 1435 
33 86 214 219 231 492 497 510 681 749 755 795 862 977 997 1279 1282 1303 1422 1453 
33 68 87 121 124 137 197 227 234 306 383 400 423 478 529 540 613 636 694 695 726 739 754 875 939 947 949 1046 1058 1082 1107 1126 1178 1260 1276 1319 1409 
34 45 52 78 140 264 302 345 572 601 602 630 698 702 736 787 810 1005 1037 1060 1080 1145 1228 1301 1404 1414 
35 68 80 142 143 152 216 262 275 295 346 395 461 500 502 556 584 632 770 777 831 863 959 1091 1101 1114 1133 1164 1199 1284 1302 1308 1349 1386 1436 1470 1483 
36 48 70 103 110 298 430 438 443 470 567 630 657 686 774 779 795 859 860 935 955 1000 1017 1077 1118 1119 1165 1306 1382 1465 1472 
38 183 276 320 370 507 548 728 838 963 1048 1051 1082 1110 1123 1128 1129 1148 1229 1291 1302 1368 
46 122 191 241 288 326 348 388 520 532 562 621 627 641 691 723 733 837 855 873 930 939 948 1088 1125 1135 1175 1267 
47 74 88 97 102 165 328 343 368 486 498 539 548 584 619 770 786 1034 1064 1169 1221 1353 1462 1480 
49 50 73 120 242 252 266 322 394 437 462 481 497 553 566 668 741 743 832 850 860 874 914 919 959 1015 1174 1187 1231 1240 1273 1281 1302 
51 66 79 153 172 251 271 383 432 514 529 565 718 845 991 1062 1107 1398 1401 1460 
54 61 108 155 168 171 179 187 211 217 237 303 476 540 557 568 587 606 609 631 653 684 798 799 828 879 975 1001 1010 1014 1133 1166 1241 1299 1313 1379 1453 1457 
58 73 105 660 665 671 688 707 762 903 913 952 1066 1098 1099 1176 1244 1305 1455 
62 84 186 208 354 389 484 530 591 652 690 737 809 834 1034 1122 1151 1163 1305 1415 1416 
65 228 281 377 432 536 585 670 679 1018 1027 1032 1086 1095 1106 1139 1192 1240 1261 1308 1334 1335 1346 
68 127 157 233 315 330 351 464 515 524 599 603 605 609 679 744 827 844 860 885 933 947 965 966 1007 1034 1056 1074 1137 1196 1232 1354 1439 1442 
70 253 324 341 420 460 474 480 533 563 617 679 692 719 735 751 767 830 836 850 941 962 1039 1054 1068 1086 1151 1212 1225 1337 1387 1404 1457 1458 1459 1485 1487 
73 129 160 176 201 204 245 249 296 323 352 471 475 515 535 596 721 786 817 942 945 1000 1004 1044 1078 1172 1207 1213 1258 1314 1355 1396 1432 1456 
74 75 122 161 268 283 316 320 363 441 491 521 535 539 583 624 666 717 815 816 871 895 1025 1095 1107 1109 1147 1180 1190 1197 1198 1356 1409 1412 1453 
85 189 190 218 263 273 294 374 420 508 550 577 629 639 685 710 726 738 743 753 776 780 801 851 856 898 920 923 960 1157 1308 1345 1377 1388 1390 1454 1460 1477 
90 99 108 305 313 354 421 425 427 534 567 588 645 743 818 833 955 1153 1172 1182 1328 1428 1469 
91 120 134 150 158 264 285 341 373 438 454 579 604 606 628 654 689 702 712 715 717 725 742 763 800 846 858 869 881 889 1045 1047 1139 1230 1248 1285 1289 1351 1492 
92 118 293 367 483 673 712 841 918 999 1043 1074 1075 1082 1437 1476 
99 102 218 319 332 359 365 397 538 660 906 963 1041 1290 1375 1378 1387 1421 1498 
103 152 281 481 545 597 712 828 864 1092 1114 1143 1156 1214 1262 1310 1367 1405 1447 1491 
105 117 157 228 235 301 354 446 456 504 545 569 677 892 911 917 992 1135 1402 1449 1489 
112 180 196 341 357 449 451 532 614 663 711 826 1063 1113 1131 1144 1227 1239 1243 1397 1404 1408 
114 169 284 325 327 379 622 642 734 776 835 856 924 939 1071 1251 1252 1298 1418 
114 126 213 226 235 244 300 302 335 340 376 459 563 603 609 615 621 623 672 692 695 754 772 788 795 801 852 906 929 1006 1011 1081 1236 1256 1261 1281 1410 
114 140 156 161 277 288 471 489 782 784 800 1041 1097 1121 1209 1249 1259 1380 1411 
129 198 333 381 487 610 748 753 770 840 872 996 1024 1070 1120 1152 1177 1188 1195 1210 1377 
130 136 210 312 353 434 448 516 606 644 866 887 1005 1089 1133 1219 1245 
144 154 159 256 280 470 473 477 494 497 500 514 601 715 747 783 816 852 988 998 1061 1220 1266 1268 1270 1276 1293 1348 1385 
156 353 399 566 603 700 727 740 818 977 1001 1008 1163 1211 1216 1229 1281 1292 1331 1335 1394 1422 1425 1434 1491 
185 186 264 444 445 481 573 714 800 861 1028 1029 1115 1181 1274 
213 286 415 509 692 752 760 778 815 833 880 968 987 1121 1149 1173 1209 1253 1491 
219 403 452 496 501 607 667 701 702 921 979 991 1021 1057 1095 1146 1192 1218 1234 1254 1278 1285 1382 1419 1440 1442 1469 1482 
277 450 576 585 592 716 744 899 912 1084 1113 1216 1252 1362 1369 1438 
