20 34 46 50 112 133 145 157 177 179 180 185 212 238 249 266 305 325 359 360 379 385 420 457 467 479 482 483 491 520 535 550 554 563 564 583 611 624 631 636 670 671 685 697 
22 53 68 106 123 134 136 139 146 154 156 213 227 235 239 247 252 260 261 265 272 303 311 313 327 335 339 342 343 352 381 386 389 421 434 439 441 462 464 492 495 509 527 531 546 586 604 609 626 632 635 644 646 652 659 662 678 693 700 
17 26 39 57 66 72 87 88 90 94 95 97 105 108 114 118 134 140 165 172 174 175 176 180 184 187 189 196 209 218 223 238 245 247 253 264 265 283 290 304 309 311 317 328 357 362 363 374 381 385 393 408 413 415 416 418 432 436 468 469 474 487 490 493 496 498 507 510 523 531 535 547 566 572 574 576 581 584 586 601 602 603 605 607 609 615 621 623 624 631 632 634 640 661 664 668 672 676 677 678 681 686 688 
17 22 53 68 87 94 106 136 139 146 154 156 213 227 235 239 252 261 313 335 339 342 343 352 386 421 424 434 442 462 464 492 495 498 509 519 527 572 576 595 610 622 635 644 645 652 659 662 678 693 697 700 
4 11 26 33 39 78 87 88 95 108 127 130 138 152 165 172 175 176 180 183 184 187 189 193 225 228 231 236 237 264 279 283 284 289 304 315 328 341 372 380 393 408 410 412 423 436 442 449 458 478 489 493 494 499 510 517 518 527 530 532 533 535 540 568 573 587 588 596 603 607 612 621 631 633 647 653 661 664 668 670 675 681 685 686 689 
26 33 39 57 65 72 78 87 88 92 95 106 108 132 138 165 168 172 175 176 180 184 187 189 228 231 237 258 264 283 284 289 304 315 320 328 357 386 393 394 408 414 416 423 436 458 489 499 517 526 532 549 566 568 589 603 617 621 633 635 653 661 668 670 681 689 
4 11 48 69 84 86 109 117 131 138 149 152 158 169 173 180 189 193 198 203 205 207 225 228 231 236 237 256 279 284 289 291 302 304 315 317 322 327 336 341 358 360 371 378 384 392 400 405 408 410 417 427 429 442 443 444 449 456 458 478 489 494 495 510 514 518 526 527 530 534 535 540 551 556 560 568 592 593 596 597 610 612 617 625 636 645 646 647 653 654 658 661 663 667 669 671 691 700 
2 4 7 11 15 20 30 41 42 65 72 74 77 88 91 102 117 120 135 138 143 152 158 166 167 169 176 180 189 190 193 199 206 208 216 225 231 236 237 246 257 258 259 270 276 278 284 286 287 289 291 296 304 315 322 334 336 346 353 355 367 368 369 372 386 387 391 393 400 405 408 409 410 416 417 423 425 426 427 429 437 442 447 448 449 451 458 461 467 477 478 487 488 489 505 509 510 517 518 522 526 527 528 533 534 535 538 539 543 544 549 568 589 596 604 608 612 617 621 622 647 651 653 654 681 687 690 700 
21 35 49 83 89 97 101 104 119 126 141 161 195 202 208 219 221 230 244 251 262 263 267 280 281 287 293 297 299 301 328 338 351 365 366 370 377 378 396 402 405 410 412 416 419 422 425 433 452 458 476 483 508 515 516 532 537 540 555 561 562 579 583 611 619 626 629 651 654 683 684 
5 27 48 54 56 58 61 63 81 84 102 107 111 116 120 121 128 130 143 149 162 169 170 171 173 174 184 197 198 201 203 206 207 220 222 224 226 242 255 260 273 285 286 292 302 308 314 323 335 344 346 359 364 366 368 369 370 371 372 377 381 384 390 392 398 409 426 437 440 443 444 460 461 463 469 470 471 484 494 509 522 528 530 534 536 540 544 545 551 552 553 556 560 563 570 571 577 578 585 587 590 593 594 595 597 598 604 616 618 623 633 636 639 645 654 655 656 657 658 660 663 664 665 666 667 669 673 679 680 691 692 
27 30 38 58 69 81 84 96 130 143 149 151 173 192 194 198 203 205 207 215 222 224 226 250 260 265 266 271 285 300 302 314 321 326 327 332 344 346 354 359 364 371 372 383 392 399 406 418 422 423 426 430 439 440 442 443 444 455 469 493 496 497 500 511 527 530 534 547 551 556 570 571 573 574 575 577 580 587 592 593 594 605 610 612 617 623 625 645 654 655 657 658 666 667 669 676 679 682 691 
35 49 60 83 119 152 195 208 230 244 251 257 262 263 276 281 287 297 299 355 368 370 377 411 416 419 422 458 476 501 503 507 508 510 515 546 568 577 580 619 622 626 639 654 672 684 696 
6 8 21 41 45 73 77 79 80 86 87 92 96 99 102 110 113 116 127 136 142 155 159 167 186 188 194 210 216 220 223 242 249 250 269 270 271 272 295 301 304 310 319 329 332 334 337 349 359 367 378 383 394 399 401 403 406 408 423 424 428 430 431 435 439 445 447 448 450 454 455 472 473 475 476 478 481 487 491 492 497 499 500 511 520 526 532 544 546 554 556 558 563 567 569 574 575 577 585 610 617 620 623 625 629 634 635 646 654 658 671 678 682 685 686 689 690 694 695 696 699 
10 31 34 37 41 44 48 52 62 70 73 79 86 108 109 110 113 127 149 150 155 159 162 164 176 180 183 184 193 194 210 212 219 231 233 237 241 255 257 258 262 269 278 282 303 308 312 324 341 347 360 372 378 383 397 401 403 404 406 408 410 413 423 427 428 430 431 433 439 445 446 448 449 450 455 458 465 470 472 481 486 501 502 507 513 517 518 533 535 559 567 570 579 586 588 591 596 598 600 610 613 620 628 630 631 635 639 647 648 649 653 658 667 670 671 673 685 689 690 694 695 
16 17 22 38 40 53 60 64 68 85 106 123 129 134 136 139 146 147 156 182 191 206 211 213 228 235 239 252 261 309 313 316 327 328 339 342 343 352 385 386 389 395 421 434 456 462 463 464 492 495 506 509 515 520 521 525 529 542 546 608 610 614 623 641 644 652 659 662 672 682 687 690 693 700 
16 27 34 38 40 60 64 69 129 130 143 145 147 151 173 182 183 191 206 211 215 222 224 226 228 239 250 260 285 313 316 344 350 359 364 367 373 385 386 389 395 397 428 440 444 456 463 482 506 515 520 521 525 529 530 571 577 587 594 608 610 614 623 631 641 652 655 659 666 679 687 690 
46 48 58 74 84 96 109 125 127 131 136 149 151 173 184 198 203 205 206 207 210 215 228 256 272 285 295 302 310 327 332 359 364 366 372 399 430 440 441 443 444 449 478 497 511 527 530 534 540 551 554 556 558 560 568 575 580 587 592 597 603 605 623 635 636 646 655 658 661 663 666 667 668 669 679 682 691 693 696 
23 26 33 34 39 43 47 50 53 57 65 70 87 88 91 94 95 103 106 108 112 113 115 127 132 133 134 136 141 145 146 152 154 155 156 161 166 168 169 171 175 176 177 179 181 183 185 187 189 200 212 213 216 218 228 232 236 238 239 241 245 246 247 256 258 261 264 265 266 267 268 270 272 282 283 284 285 289 290 303 305 311 313 316 325 335 337 342 345 348 353 360 368 372 373 381 382 386 387 389 391 393 396 408 412 415 417 421 422 425 427 432 434 436 442 445 451 452 457 458 463 464 467 468 478 482 487 489 492 495 498 499 505 508 510 515 519 527 531 532 533 536 549 550 552 562 564 568 572 586 588 589 594 595 596 597 602 603 605 608 609 612 621 622 624 632 635 636 644 652 662 668 670 671 673 678 681 688 689 690 694 697 
7 20 30 41 42 59 73 78 79 86 91 98 102 108 116 120 136 153 157 159 167 169 175 176 180 186 189 190 199 206 208 210 214 216 220 223 227 249 253 257 259 269 276 282 283 286 296 302 304 310 319 324 327 330 336 341 346 355 359 361 368 369 378 383 384 385 388 397 398 401 403 406 407 409 417 420 424 428 430 431 435 436 437 441 442 447 448 454 461 466 472 473 477 481 485 486 488 491 499 507 513 526 533 539 544 569 570 577 578 582 590 600 610 620 621 622 625 630 635 647 648 650 658 661 675 685 695 
3 13 31 33 35 37 48 49 52 60 70 71 83 85 86 93 108 109 110 113 119 123 126 132 140 155 164 168 177 184 186 190 194 195 208 212 213 217 219 230 232 235 239 251 257 260 261 263 269 281 282 287 297 299 303 307 313 317 320 324 333 337 341 368 370 377 385 397 414 416 419 422 429 431 434 439 440 445 448 450 462 464 474 481 486 492 508 513 533 537 538 549 554 565 567 574 586 588 600 604 613 619 626 628 630 647 648 658 659 662 670 672 684 689 693 694 700 
6 21 24 30 34 45 46 51 57 63 70 77 88 89 91 92 99 101 103 104 113 115 127 133 141 145 152 157 161 171 179 180 181 183 185 186 189 200 202 204 212 219 221 223 232 233 248 249 250 256 258 266 267 268 270 272 277 280 282 283 287 293 294 298 301 305 317 318 324 328 331 334 337 338 341 344 351 353 360 365 366 367 368 375 393 394 396 397 410 412 416 423 431 433 439 448 452 453 455 457 458 462 468 476 478 480 481 494 513 515 516 517 519 520 524 526 528 532 542 544 545 548 550 552 555 556 561 562 567 579 583 586 599 611 615 617 623 629 630 631 636 642 644 654 663 668 670 674 679 683 687 690 694 697 
23 67 97 99 114 150 161 172 180 191 192 201 209 227 232 244 262 286 309 321 326 350 354 368 383 385 397 418 422 433 452 458 461 468 469 474 488 493 496 503 523 535 547 562 564 573 574 587 622 623 624 630 631 640 643 648 649 654 672 676 686 
27 30 43 65 69 73 77 79 130 136 145 151 152 159 164 166 167 173 183 193 210 215 216 222 224 225 231 232 238 246 258 260 265 267 284 285 289 299 300 302 310 313 319 335 345 348 353 359 364 368 382 386 387 391 401 403 406 408 410 417 422 423 424 425 428 430 435 439 440 442 444 447 449 451 466 467 472 473 478 499 505 510 527 530 533 536 568 569 571 580 585 587 589 593 594 596 599 608 610 612 620 621 623 625 635 646 654 655 661 666 679 681 695 
14 37 59 65 78 85 86 98 111 121 124 134 142 153 160 181 188 194 214 229 242 243 272 279 282 288 292 309 328 330 361 379 380 381 385 388 390 398 405 413 420 436 438 441 473 483 484 485 520 540 554 563 571 602 607 618 628 634 636 639 646 650 661 663 669 675 677 680 685 
10 63 70 86 104 121 186 194 204 212 233 248 250 268 272 277 288 298 300 313 317 318 328 331 345 353 367 375 383 406 438 453 455 478 480 483 517 519 520 524 538 542 544 548 555 558 567 573 599 612 615 617 625 642 671 674 
1 15 18 19 24 25 32 44 48 52 55 62 66 72 73 75 80 82 85 90 94 100 104 117 118 122 123 126 132 135 138 140 144 147 148 150 158 163 166 174 178 184 196 202 210 216 217 223 233 237 246 253 254 255 259 264 267 271 274 275 278 284 291 292 293 303 312 316 317 319 322 333 337 345 347 348 350 351 353 357 358 359 361 363 373 374 376 377 378 382 387 391 392 399 400 401 402 403 404 405 407 413 417 422 425 427 428 429 430 433 437 446 448 449 451 454 456 459 460 465 466 468 469 470 471 473 476 478 487 489 490 499 501 502 505 507 509 512 513 514 521 522 526 527 533 537 538 543 555 556 557 559 565 566 569 576 577 579 582 584 591 595 596 598 599 606 607 610 611 613 615 620 625 629 633 635 637 639 640 643 649 651 654 656 664 677 683 684 686 693 699 
25 32 38 50 73 75 80 82 100 112 122 133 145 147 148 159 163 167 177 178 179 185 196 217 237 241 266 274 275 297 305 309 319 325 326 337 350 360 361 373 381 385 401 402 403 424 428 430 435 447 454 457 466 471 478 483 491 493 507 521 522 530 537 550 564 574 577 582 587 589 594 610 620 624 625 631 633 635 636 637 640 643 671 683 695 697 699 
8 23 27 38 40 61 63 67 69 76 85 96 97 99 103 109 114 125 130 137 143 151 165 172 177 181 184 188 191 192 204 206 209 215 222 227 228 241 244 245 248 262 265 268 271 272 277 285 295 298 299 300 301 313 317 318 321 326 329 331 332 337 342 344 349 354 364 375 383 396 399 406 411 418 422 426 428 430 439 440 441 444 453 458 469 474 475 488 493 496 497 500 503 511 518 519 523 524 526 530 540 541 542 546 547 548 550 558 564 571 573 574 575 580 587 593 594 599 606 612 615 623 627 628 629 635 642 643 649 655 656 658 666 672 674 676 679 682 696 
49 81 91 99 105 111 121 124 128 140 160 170 181 186 196 197 201 242 243 271 279 292 295 307 323 335 340 346 390 411 438 455 459 463 471 484 490 499 518 520 528 545 553 563 570 573 576 578 607 612 616 618 634 635 638 650 657 660 669 670 680 692 
25 26 33 39 40 57 72 76 87 88 95 96 107 108 109 137 165 175 176 178 181 184 187 188 199 201 264 276 283 284 300 307 328 329 341 344 349 350 385 393 396 399 411 412 431 436 438 465 475 478 481 497 499 500 517 532 540 541 546 558 575 580 587 603 607 621 630 633 642 658 661 668 681 682 689 696 
2 5 7 23 31 36 37 42 46 47 48 52 54 56 58 61 63 70 74 78 79 81 84 86 91 94 100 102 104 107 109 113 116 117 120 123 126 131 134 143 149 162 164 168 169 170 171 173 183 184 186 190 194 197 198 199 201 203 205 207 208 218 220 221 223 226 227 245 246 250 256 257 259 265 266 269 270 272 273 276 282 285 286 290 296 302 308 311 312 314 316 317 323 324 327 333 334 336 338 341 343 346 351 355 365 366 367 368 369 370 371 378 381 383 384 389 394 396 397 398 404 409 412 414 415 417 423 426 430 431 432 437 443 445 450 455 460 461 463 466 469 471 472 474 477 481 482 486 488 489 494 495 498 513 518 520 522 528 531 533 534 536 538 539 544 545 549 551 552 553 555 556 560 570 572 577 578 579 582 585 586 588 590 592 593 595 597 598 600 602 604 605 609 615 616 617 620 621 622 628 630 632 633 636 645 646 647 648 654 657 658 660 661 663 665 667 669 673 678 680 687 688 691 692 694 
47 59 78 89 97 99 101 104 121 134 153 202 214 218 221 229 244 245 262 265 267 269 272 288 293 301 311 317 322 328 338 351 353 365 366 378 379 405 415 420 425 432 433 441 462 476 479 482 483 498 516 518 531 532 536 540 552 555 572 573 579 583 602 605 609 611 629 630 632 651 663 668 669 678 683 688 690 
9 23 34 36 47 55 85 94 133 134 174 179 185 218 234 238 240 241 245 247 254 265 270 290 294 301 303 306 311 316 324 325 342 343 348 354 356 360 376 381 389 392 415 432 457 459 472 474 482 485 491 494 498 508 512 516 531 535 536 538 547 550 554 557 559 565 572 586 602 605 606 609 615 624 626 627 628 632 636 649 651 656 660 670 671 678 688 694 697 698 
12 28 29 34 50 59 65 85 93 94 112 129 133 142 144 145 153 177 179 185 188 212 214 229 238 241 245 247 249 266 285 288 305 325 330 337 345 356 360 362 379 380 381 385 387 388 389 398 407 433 441 457 467 479 483 485 490 498 504 505 536 540 549 554 564 565 571 572 576 581 601 602 608 609 611 612 618 624 626 631 636 646 650 663 669 671 675 679 685 689 697 
59 78 84 94 105 111 124 128 140 142 153 160 174 186 196 200 205 227 229 243 262 272 279 292 307 309 311 330 335 340 358 361 366 371 380 389 390 398 407 411 420 438 442 459 463 468 473 484 485 518 520 536 553 554 563 573 576 590 607 609 616 618 634 638 646 650 651 665 669 670 675 677 680 685 692 
21 36 40 48 52 54 56 61 76 91 96 107 109 111 120 121 125 128 134 136 160 162 164 165 170 171 181 188 200 201 220 226 242 243 262 271 272 273 274 279 282 292 295 300 307 308 309 310 323 332 335 340 346 359 384 390 399 402 411 412 426 438 441 459 460 463 471 475 484 494 497 500 503 511 518 520 522 526 528 536 540 541 542 544 545 546 552 553 558 563 569 570 575 578 585 590 593 595 604 607 610 616 618 633 638 640 642 645 657 660 664 665 672 673 680 682 692 696 
1 3 15 24 47 51 74 84 85 93 96 103 117 123 126 131 132 134 135 140 141 158 168 198 203 205 207 218 227 241 245 256 257 260 265 271 278 280 290 291 307 311 316 317 320 322 327 329 333 338 351 358 360 366 375 378 381 399 400 403 414 415 417 427 429 432 443 445 456 462 479 482 489 497 500 504 509 514 517 518 531 535 536 538 543 545 552 554 560 561 565 572 575 581 592 597 601 602 605 609 615 624 629 632 636 637 638 646 658 667 677 678 688 691 693 
