52 58 101 122 125 131 162 175 185 226 247 251 327 351 352 359 388 409 416 425 467 477 490 521 525 528 542 544 567 591 596 600 601 602 622 631 653 665 672 704 737 740 784 786 815 818 831 859 876 887 896 899 
46 57 69 81 96 111 126 172 191 214 247 254 270 303 311 312 313 336 362 375 384 394 396 403 406 418 420 423 426 427 428 439 440 442 445 460 465 482 506 519 525 531 534 545 555 572 576 589 613 619 622 626 627 629 675 689 693 722 729 735 739 742 744 745 750 754 755 760 783 788 811 828 832 850 863 892 
2 17 51 58 77 79 80 83 94 115 132 149 152 157 158 159 166 173 174 181 182 187 199 226 228 233 255 256 264 274 289 305 343 347 359 369 409 424 457 490 492 510 515 526 532 540 543 577 596 600 601 602 622 648 657 665 686 700 717 729 731 774 779 784 801 809 815 817 827 833 849 859 894 897 
19 65 72 76 78 82 88 90 100 123 125 133 136 138 146 156 160 168 171 172 193 197 207 212 249 260 262 277 282 302 304 311 318 350 355 356 367 368 383 386 390 394 396 399 404 408 420 429 434 448 491 494 495 496 499 502 509 516 517 518 520 523 527 531 539 541 548 552 555 556 559 561 575 578 582 587 592 599 603 608 617 623 638 642 649 655 659 662 663 670 682 685 686 687 696 697 702 710 719 735 736 756 762 768 778 790 801 803 804 826 836 838 842 847 849 860 862 864 868 895 898 
7 21 22 31 53 62 64 69 70 72 77 83 86 94 140 142 144 155 164 168 171 180 191 192 198 201 246 249 250 290 294 306 313 323 346 368 371 375 382 385 399 410 413 418 420 425 444 450 454 459 460 471 474 477 493 495 497 504 534 543 551 576 578 584 598 602 605 620 623 629 631 634 635 640 646 658 675 676 678 697 704 705 707 712 720 722 733 740 745 760 769 787 788 789 795 798 803 811 812 827 829 832 843 853 854 857 867 885 892 897 898 
14 34 54 73 97 114 118 143 145 162 183 185 205 207 220 232 234 296 305 310 315 324 339 346 353 360 391 395 407 421 434 445 450 457 459 507 514 522 569 589 611 625 643 650 663 666 672 673 681 683 684 692 695 700 706 708 713 718 721 726 732 734 747 793 813 816 881 889 891 896 
43 66 84 91 107 110 142 169 173 182 201 208 223 231 238 250 255 257 261 265 273 282 286 322 330 348 364 399 406 419 427 435 443 466 479 480 483 488 505 513 530 531 532 545 546 558 560 566 567 576 581 592 597 620 641 647 654 664 668 675 680 711 714 749 752 759 781 782 796 800 807 808 811 818 837 845 853 856 866 872 885 
15 51 59 78 82 86 88 105 118 123 132 136 150 157 158 159 183 193 201 204 222 234 264 274 276 293 310 311 312 318 320 360 369 384 395 399 424 434 435 457 494 496 499 507 510 515 516 527 532 534 540 577 608 611 617 648 650 655 662 663 665 672 686 700 702 708 710 717 718 722 729 731 733 758 768 789 801 838 868 891 894 
16 25 34 41 44 48 50 58 75 77 79 81 103 109 114 117 118 135 141 151 156 167 172 175 183 185 209 213 226 230 234 253 258 262 288 292 302 310 346 370 379 394 395 396 400 411 425 431 457 464 467 472 475 486 489 498 501 507 517 526 527 528 529 534 539 544 559 564 573 580 588 589 591 593 594 601 602 611 617 623 628 631 636 643 644 650 661 665 666 672 676 679 697 700 708 710 718 719 725 728 732 735 743 750 759 761 771 773 776 777 785 786 793 794 806 819 822 828 831 834 844 848 849 851 859 860 866 876 882 890 891 893 896 900 
4 29 68 74 81 87 92 109 110 112 136 137 138 141 159 168 178 203 209 236 251 255 270 295 337 349 370 380 387 393 400 411 412 431 435 443 445 461 462 468 472 480 484 485 486 491 499 501 509 535 536 541 544 549 561 567 580 591 593 617 628 630 643 650 657 669 671 679 681 687 696 709 711 719 729 739 766 768 791 799 800 806 819 825 830 842 844 845 868 880 888 900 
12 17 32 36 71 124 129 186 199 233 235 255 279 282 317 338 358 405 430 443 445 480 484 490 492 502 505 525 526 553 592 596 600 646 666 674 677 730 737 750 770 775 780 798 805 807 809 819 820 821 833 835 841 842 844 
23 38 140 143 156 163 188 206 238 248 249 260 262 281 282 298 300 319 332 356 358 363 367 384 386 397 404 414 420 427 429 443 460 472 478 497 501 504 505 512 521 525 534 539 554 556 576 590 592 632 638 658 660 663 670 679 710 729 784 785 802 807 810 812 849 863 867 869 
15 29 92 96 110 114 116 118 183 185 192 203 222 232 234 291 295 305 310 316 335 337 346 349 370 387 389 393 395 400 431 435 447 462 480 507 535 593 611 643 650 657 669 672 706 708 709 711 718 732 739 784 793 830 844 845 875 877 881 888 891 
23 33 38 69 127 139 140 143 154 156 163 166 177 181 186 188 200 206 210 238 239 248 281 293 298 300 307 313 319 332 336 354 358 363 384 397 404 414 418 420 422 427 434 460 465 475 478 481 501 525 534 554 574 575 576 605 629 632 653 658 660 679 684 726 729 745 770 784 802 810 811 812 832 863 867 869 870 886 
13 46 47 56 62 76 79 80 93 104 105 106 130 151 161 162 195 219 224 241 244 245 247 263 270 272 275 276 280 283 287 301 302 305 311 313 320 325 348 350 363 366 398 401 418 423 438 441 442 453 455 458 463 465 500 502 508 509 517 523 534 536 539 549 555 562 563 568 570 571 576 589 592 599 607 614 618 621 624 629 645 651 656 659 664 667 675 688 694 716 720 727 733 736 741 745 746 748 755 758 764 765 767 772 776 779 792 795 797 811 832 841 858 862 863 865 866 867 870 877 878 880 883 884 886 890 
53 70 77 79 82 91 100 125 164 172 189 196 249 277 292 302 304 326 332 343 345 364 368 375 376 383 384 408 410 425 427 433 448 450 493 497 512 548 551 552 578 582 587 598 618 638 640 662 666 670 682 691 705 712 720 743 778 790 801 804 810 831 841 847 853 854 860 878 890 898 
59 73 77 84 95 109 113 127 147 163 165 170 179 190 202 211 219 221 227 228 233 238 243 257 269 284 285 291 326 330 333 334 344 351 365 373 392 394 404 411 449 452 469 480 486 503 524 531 533 538 550 569 579 580 595 605 606 613 634 641 644 646 663 668 691 692 698 701 707 723 725 729 753 759 781 788 803 814 817 828 833 836 839 846 849 852 854 857 861 870 881 885 898 
51 72 79 84 99 109 113 134 149 156 168 170 171 181 190 211 212 217 219 256 257 260 262 269 283 289 291 316 319 330 343 347 355 356 359 367 372 381 386 402 409 415 429 449 457 472 476 482 502 513 520 539 544 556 557 559 564 567 577 589 617 622 631 638 663 668 670 674 679 685 692 697 704 709 710 716 719 723 729 738 742 744 753 754 756 759 760 773 774 781 783 785 788 800 809 833 836 842 844 849 850 851 868 870 872 881 898 
3 8 20 24 26 36 45 55 58 61 65 67 77 85 89 91 98 108 114 116 119 120 142 153 157 172 173 174 175 184 191 194 196 198 208 213 214 215 216 226 229 242 250 252 256 261 265 267 278 280 282 286 297 298 317 321 329 331 335 338 340 345 348 351 352 360 362 374 376 378 384 387 389 396 399 403 409 423 425 426 427 428 430 431 433 437 456 460 467 475 479 483 484 497 506 507 516 519 525 528 531 535 537 538 545 547 562 565 566 572 577 581 591 592 594 597 601 602 610 612 615 617 619 620 626 627 631 633 637 639 642 647 650 653 654 661 665 668 680 685 690 691 701 703 704 705 711 714 718 724 739 743 746 752 755 761 763 769 782 784 786 794 796 800 802 803 808 812 815 817 818 823 826 827 830 840 842 848 859 862 863 864 871 874 875 885 891 
54 73 97 140 143 145 201 205 207 220 296 315 324 339 353 391 407 420 421 440 445 478 514 522 523 529 534 625 658 681 683 684 692 695 698 713 734 747 751 754 807 813 816 850 874 889 
32 54 97 132 143 144 145 150 157 158 201 205 207 220 223 230 246 274 296 315 321 324 325 339 369 377 384 385 391 407 420 421 442 445 450 454 459 474 510 514 515 522 523 534 540 569 584 625 648 681 683 684 692 695 713 717 721 733 734 747 755 791 796 807 813 816 826 829 851 874 889 892 894 898 
13 26 41 44 50 56 58 66 73 77 86 94 103 117 125 147 151 152 167 174 175 176 180 226 236 240 247 253 275 280 285 287 288 290 301 306 312 320 322 351 366 371 379 394 403 404 415 425 440 441 444 445 453 464 467 471 477 484 489 498 503 511 527 528 530 535 536 555 569 577 580 591 593 601 602 603 620 623 624 631 634 635 636 639 644 646 661 664 665 667 678 679 683 692 698 707 722 725 728 731 735 736 740 743 759 764 771 773 776 777 779 784 785 786 795 797 811 815 819 822 828 842 848 857 859 865 866 870 874 879 880 884 885 893 896 
53 70 71 77 88 105 116 132 157 158 164 172 204 222 249 264 274 302 344 364 368 369 376 384 393 410 413 424 433 445 450 480 493 497 510 515 540 551 578 598 624 640 648 662 683 705 712 717 720 729 803 810 824 825 827 848 853 854 878 894 898 
46 59 65 78 82 111 119 123 136 139 142 148 193 196 201 207 216 237 293 299 308 311 318 320 326 338 345 351 385 399 434 456 474 494 496 499 512 516 518 527 547 590 603 608 617 648 652 655 665 671 686 699 702 710 733 768 771 789 790 801 838 840 841 847 852 868 
1 8 13 21 26 32 33 38 60 80 93 100 106 113 121 125 128 170 189 190 211 214 219 226 232 238 241 245 251 257 266 271 273 277 294 304 309 320 330 341 353 354 360 361 364 368 375 383 408 422 423 425 432 433 438 440 447 448 449 458 459 464 466 469 486 493 500 502 507 535 548 552 560 562 568 570 571 576 578 582 583 586 587 604 607 618 619 626 640 645 650 651 663 672 673 682 683 685 688 690 692 720 721 723 726 727 729 731 751 753 759 778 781 784 785 788 790 815 817 836 841 851 858 867 870 872 876 877 879 882 883 890 896 
35 36 60 63 71 75 80 83 93 102 106 124 129 137 165 166 186 214 225 235 243 254 255 259 271 279 317 361 405 430 432 445 447 484 492 500 502 505 525 526 536 553 558 568 570 571 580 585 586 596 600 607 616 618 634 638 646 654 661 666 671 677 688 715 730 750 775 780 798 805 819 821 835 841 842 858 867 877 890 896 
2 23 28 31 33 38 52 61 64 72 98 115 119 120 127 131 139 140 148 153 154 177 181 187 188 196 201 206 207 210 215 216 220 229 237 239 248 251 256 278 280 281 282 289 294 296 299 300 307 308 315 319 323 327 331 332 335 340 341 354 359 363 378 379 385 388 397 403 404 409 414 416 420 422 434 436 437 456 459 460 474 478 481 489 493 495 501 504 505 512 525 554 555 565 573 574 575 577 584 590 603 608 610 612 627 632 639 651 652 658 660 679 680 683 685 689 699 700 703 704 716 724 726 736 737 743 745 763 771 773 774 775 787 809 810 812 814 816 823 827 829 833 840 863 867 868 869 871 887 889 891 892 900 
7 18 21 22 31 37 51 57 61 64 72 73 76 86 90 94 96 99 102 105 107 126 128 130 139 144 148 151 155 162 165 179 180 192 195 198 201 205 207 218 224 225 240 243 244 254 276 280 282 290 294 299 302 303 305 306 312 322 323 346 350 363 371 375 382 385 401 404 413 426 429 444 454 455 456 459 471 474 482 485 504 508 509 517 531 545 555 558 561 573 580 584 585 589 599 605 609 614 616 621 622 634 635 640 646 651 652 656 676 678 679 682 687 689 693 694 695 701 704 706 707 713 715 722 724 733 738 740 741 742 744 750 754 760 762 767 769 772 778 780 783 787 788 789 795 798 812 829 830 832 843 850 857 862 867 868 878 883 886 892 898 
7 18 19 22 32 37 45 57 65 67 88 90 96 99 100 108 116 126 133 146 157 160 162 171 172 173 184 194 198 205 213 224 252 254 264 267 280 297 303 321 329 346 352 353 355 369 376 378 382 389 390 404 446 482 485 495 509 514 517 518 520 522 545 561 562 589 597 604 609 615 617 622 638 639 642 649 651 659 674 679 681 682 687 689 690 693 695 701 704 705 706 709 713 716 721 734 735 742 744 750 751 754 756 760 762 769 778 783 788 803 818 826 830 843 848 850 851 874 895 
15 20 29 68 78 82 87 100 110 112 123 125 136 137 138 142 157 159 168 178 189 193 208 222 246 250 261 265 270 277 293 294 304 306 311 318 332 335 336 338 343 345 368 380 383 390 393 399 408 412 427 433 434 448 461 462 468 480 483 485 487 491 494 495 496 499 502 516 519 521 523 535 541 548 552 561 566 578 580 581 582 587 591 593 594 598 608 620 630 640 647 649 650 654 655 669 671 681 682 685 686 690 696 702 729 731 734 758 762 766 768 778 782 790 796 800 801 803 804 825 829 830 838 841 847 852 868 888 
10 19 47 57 65 68 84 88 90 100 113 133 146 160 170 172 190 197 211 212 217 226 238 257 269 273 291 294 297 311 329 330 334 355 356 390 449 468 469 486 495 501 518 520 523 531 560 561 563 575 617 623 631 634 638 645 649 659 663 668 669 670 675 681 685 687 690 692 705 710 721 723 735 748 753 756 759 762 766 781 784 803 817 823 826 836 843 849 851 864 870 872 878 895 
33 40 95 127 131 139 150 154 166 177 186 200 210 228 230 239 251 307 308 327 328 333 341 354 357 365 392 422 436 464 475 481 488 512 521 524 525 533 544 549 567 573 574 575 579 590 595 603 605 610 639 651 658 684 699 717 726 751 752 771 791 812 814 846 851 852 863 886 891 
26 62 72 76 100 105 107 130 132 162 195 204 218 224 244 274 276 299 302 305 308 322 350 375 378 396 401 442 444 455 493 505 508 509 511 517 555 573 589 590 592 599 603 614 616 621 652 656 687 694 701 706 733 736 740 741 767 771 772 795 801 862 883 886 
21 27 31 37 84 91 95 121 139 163 174 175 178 227 228 232 233 236 238 261 266 280 309 328 333 338 341 344 351 353 357 365 373 384 390 392 411 413 425 431 445 452 458 467 486 493 507 524 528 531 533 542 559 570 573 579 581 583 591 595 602 604 605 606 644 657 665 667 673 693 701 706 721 722 729 731 751 752 765 775 779 781 783 784 786 788 793 800 814 815 817 824 833 836 843 845 846 852 859 861 876 881 888 
10 32 71 84 182 235 238 268 279 297 298 338 355 358 405 415 430 439 445 460 476 505 507 521 526 536 559 573 593 600 638 653 666 674 687 701 729 730 738 770 798 820 842 867 
14 24 34 43 54 59 61 65 71 73 77 89 91 106 107 114 118 119 142 147 154 169 173 179 182 183 185 192 196 202 208 215 216 221 223 227 229 231 232 234 235 242 262 265 268 273 278 284 285 286 291 297 298 305 310 326 331 334 335 339 345 346 348 351 360 364 379 381 387 391 395 400 405 406 415 419 435 437 439 440 443 456 457 459 461 466 475 476 480 483 485 503 507 513 518 522 532 537 538 545 546 547 550 560 569 589 611 613 617 625 628 631 633 641 643 644 647 650 664 666 672 673 674 683 684 685 691 692 698 701 706 708 711 714 718 724 726 732 738 743 746 749 752 770 793 802 803 808 811 813 817 820 823 830 837 839 840 841 853 856 864 875 885 888 891 898 900 
11 21 25 55 75 79 81 85 98 102 109 117 120 121 135 141 153 154 156 160 165 166 170 191 196 198 209 210 225 230 243 258 259 286 292 309 320 331 335 340 341 353 354 360 370 374 387 390 400 403 411 430 433 472 475 486 492 494 501 519 527 529 539 544 545 564 565 568 570 580 583 585 588 590 592 594 604 610 612 616 617 627 628 634 637 653 661 664 673 676 680 684 700 703 715 719 724 739 750 761 763 770 776 780 785 791 794 802 806 819 826 827 831 834 844 851 860 871 876 882 893 900 
9 30 39 42 49 56 66 67 80 83 108 116 134 152 161 162 171 173 176 184 196 204 206 212 213 231 247 251 252 255 263 264 267 270 272 275 280 283 287 296 301 314 316 319 322 329 334 340 342 352 359 366 372 376 377 378 381 389 398 402 415 417 420 441 443 446 451 453 463 470 473 479 485 487 488 511 513 523 527 530 536 543 545 549 557 562 563 564 567 570 571 597 600 609 624 642 645 664 667 675 679 693 701 704 705 709 714 716 732 734 736 743 746 748 757 758 759 764 765 766 767 776 779 791 792 794 797 799 800 805 807 809 811 841 844 848 855 865 866 872 873 874 878 880 884 886 894 897 
26 37 58 76 77 92 114 121 125 139 174 175 226 244 266 268 276 293 298 309 320 351 353 355 360 384 409 415 425 431 439 458 467 476 477 493 527 528 583 591 601 602 604 608 609 622 623 631 661 665 666 668 673 674 686 693 731 738 770 775 784 786 815 820 827 836 853 859 876 
5 12 29 30 39 49 61 68 91 100 110 112 125 134 137 138 162 168 171 176 178 189 196 212 214 229 247 256 277 283 301 304 306 316 322 334 335 342 343 345 368 372 380 381 383 402 408 412 433 446 448 457 461 462 468 479 483 485 487 491 501 505 509 513 518 521 535 541 543 548 550 557 560 564 578 582 587 618 624 630 640 662 667 669 671 681 682 696 709 716 743 746 764 766 776 778 779 790 792 800 802 804 825 841 847 855 856 864 866 881 884 897 
19 21 27 37 88 97 99 121 133 143 146 158 160 197 205 207 220 228 232 233 266 309 315 320 324 328 329 338 339 341 353 355 357 360 373 376 390 392 407 422 452 458 486 493 495 520 522 523 531 561 570 579 583 595 604 606 615 625 638 642 649 650 651 659 673 674 681 687 689 692 695 704 705 713 720 721 731 734 735 747 751 760 765 775 779 783 803 813 814 816 824 826 850 852 861 876 895 898 
2 14 16 17 26 34 35 48 51 52 58 60 63 79 80 87 92 96 101 102 115 116 117 118 122 126 135 141 149 157 159 165 166 174 175 181 182 183 185 187 199 207 222 225 226 233 234 235 243 247 254 256 258 259 267 276 289 291 292 297 305 310 316 327 337 343 347 351 352 359 384 388 395 396 409 413 416 417 425 431 434 447 449 457 467 473 475 490 501 507 521 525 526 528 542 545 549 558 563 568 570 577 580 585 591 594 600 601 602 611 616 625 631 634 643 645 650 653 654 657 661 663 665 666 672 676 684 689 700 704 706 708 715 718 729 730 731 732 736 737 746 748 750 754 760 761 765 773 774 779 780 783 784 785 786 791 793 794 806 809 812 815 817 818 822 827 830 831 833 834 849 859 860 873 876 882 886 887 888 891 893 899 
6 31 34 42 46 49 54 61 65 66 69 89 106 111 114 118 119 121 127 134 140 147 150 165 179 185 196 202 207 216 221 227 229 230 231 242 251 254 270 271 278 283 284 285 296 297 298 310 311 313 314 319 322 326 334 336 338 339 342 345 352 353 360 372 375 377 381 395 402 406 413 417 418 420 421 437 442 443 445 446 451 456 457 459 460 465 466 470 473 475 479 483 485 487 488 503 513 518 534 537 538 543 547 550 555 557 564 567 569 576 579 580 583 589 595 611 613 617 629 631 633 641 644 647 650 663 667 673 675 683 684 691 698 700 701 706 708 709 714 716 718 724 732 743 745 746 755 757 758 766 784 789 791 793 796 799 802 807 811 816 823 832 839 840 842 844 851 853 855 862 863 864 873 875 881 885 889 891 897 898 
47 73 83 86 94 104 110 118 125 128 132 150 155 158 172 173 180 184 204 219 222 240 245 246 263 264 272 274 290 293 304 306 312 325 329 361 369 371 375 378 384 406 412 419 424 427 437 444 463 471 477 507 510 515 516 532 539 540 541 543 549 562 563 568 571 577 607 616 618 621 631 634 635 645 646 648 651 656 662 675 678 683 707 717 722 724 736 740 746 748 767 789 795 811 819 825 857 865 875 878 883 886 890 894 897 
