1 8 13 688 432 438 440 568 571 447 586 80 727 858 93 607 361 618 106 877 879 241 500 245 890 
259 780 271 35 165 166 558 570 60 63 585 715 225 102 616 750 243 634 254 
643 650 395 14 793 672 34 310 183 185 706 708 457 718 732 611 234 114 118 507 891 
278 24 537 802 547 437 823 61 701 65 196 840 456 331 335 724 215 216 345 89 91 864 229 743 875 242 119 633 
392 524 533 163 814 559 824 573 579 452 328 333 846 595 852 344 731 861 606 95 228 357 365 751 373 765 
834 258 676 292 860 135 16 48 882 501 117 475 700 893 831 
256 2 774 17 149 159 289 809 305 51 181 187 577 833 199 79 347 359 233 115 
771 775 72 299 652 237 590 139 434 340 308 148 603 28 699 639 
387 4 295 711 74 203 236 845 844 431 400 657 337 435 87 888 349 830 
7 783 18 788 545 37 303 689 693 57 198 843 850 346 96 609 482 99 742 744 622 754 760 126 382 
385 769 144 787 22 31 294 829 64 704 323 454 584 201 459 474 605 867 246 504 892 
896 773 777 394 151 288 167 41 44 50 822 828 464 725 728 103 489 623 498 379 636 253 
133 518 390 520 649 523 146 19 659 160 803 687 561 826 197 88 90 735 100 617 495 756 762 895 
673 353 486 583 232 360 458 266 721 309 21 121 27 604 
416 737 899 388 101 490 876 653 818 52 887 409 122 247 542 
3 403 153 680 565 55 827 703 191 594 85 610 98 612 871 627 374 120 763 637 
739 519 423 426 619 428 396 172 525 362 626 214 506 572 863 
128 393 137 138 15 535 412 541 669 29 671 168 178 696 825 68 461 462 468 491 110 112 630 380 
800 483 581 261 647 265 427 620 782 654 208 142 690 531 20 566 250 796 
273 530 406 286 546 419 808 169 43 560 443 192 837 714 466 853 856 348 223 480 107 364 749 752 885 
641 644 147 538 284 285 550 691 179 569 698 580 326 839 73 202 334 221 227 613 503 
352 321 642 67 848 116 213 184 
513 5 134 402 283 30 39 171 557 564 316 446 709 716 343 485 487 881 372 381 
528 784 786 661 665 26 425 174 815 175 58 591 467 601 602 859 92 351 226 631 
140 397 658 660 404 23 281 414 38 679 810 554 300 188 319 332 206 478 248 869 358 363 632 
705 898 450 164 70 551 712 77 493 302 720 497 53 854 598 249 410 
384 515 132 264 648 274 894 532 662 150 540 157 158 424 204 717 222 369 510 
417 322 451 897 567 6 488 873 42 855 83 799 757 342 791 314 413 543 
66 231 807 377 49 758 470 473 766 479 
257 781 269 668 291 170 685 817 692 190 449 836 330 723 84 469 211 729 217 870 872 238 753 113 759 
386 868 356 260 710 262 670 556 429 367 785 849 212 502 663 697 156 638 
129 12 526 405 279 282 798 36 677 805 553 430 821 186 317 835 71 842 338 596 600 730 484 235 492 505 124 255 
900 11 141 527 529 25 794 411 544 806 819 75 588 719 81 209 851 472 230 109 370 628 761 
194 389 615 329 874 267 108 45 173 597 376 378 252 
646 789 155 795 290 678 306 180 312 444 707 722 86 471 857 477 94 740 240 371 375 635 
776 9 779 398 275 280 664 792 667 152 797 536 287 161 301 176 56 441 453 865 866 366 624 880 884 764 511 
640 778 277 790 408 804 548 552 682 304 433 189 448 578 582 841 587 847 368 125 383 
768 516 136 399 655 801 293 686 311 59 702 318 320 193 838 78 82 608 494 496 499 123 
32 674 770 738 355 521 10 297 268 298 593 820 182 439 666 476 415 
130 772 517 656 401 276 162 555 694 62 195 455 76 589 592 599 218 733 350 862 224 741 614 105 621 883 244 508 509 
645 263 651 272 539 675 549 47 562 563 325 463 219 736 104 746 748 878 886 767 
512 131 154 33 422 40 812 177 307 436 574 575 327 200 210 341 726 481 354 239 251 127 
832 576 418 69 745 811 46 111 336 465 270 755 629 534 313 442 
420 421 296 522 683 684 460 143 816 207 54 407 889 315 445 
97 514 324 391 713 681 747 813 205 625 145 339 695 220 734 
