0	1	16.3711	4	
0	2	3.96066	1	
0	4	7.41716	2	
0	5	13.2251	3	
0	6	13.564	3	
0	8	14.7944	3	
0	9	9.80447	2	
0	11	4.39194	1	
0	14	3.808	1	
0	15	6.20381	1	
0	16	4.52134	1	
0	17	4.05199	1	
0	18	5.75655	2	
0	19	14.2016	4	
0	20	5.04805	1	
0	21	3.75766	1	
0	22	22.0516	5	
1	2	2.62631	1	
1	3	14.1587	3	
1	4	9.71132	2	
1	5	25.7768	6	
1	6	11.9646	3	
1	7	10.4702	2	
1	10	3.12158	1	
1	11	4.93646	1	
1	12	9.53328	2	
1	14	1.20183	1	
1	15	9.85698	3	
1	16	4.56887	1	
1	18	9.69346	2	
1	19	18.4867	4	
1	21	9.49493	2	
1	22	0.970132	1	
2	3	4.57953	1	
2	5	3.91103	1	
2	6	14.3526	3	
2	9	4.18938	1	
2	11	7.15494	1	
2	12	8.11552	2	
2	13	4.08839	1	
2	15	4.46978	1	
2	16	3.76863	1	
2	18	14.0938	4	
2	19	4.76338	2	
2	21	10.4772	3	
2	22	9.40299	2	
3	4	18.3439	4	
3	5	4.089	1	
3	6	24.8422	5	
3	7	9.1759	2	
3	8	13.4633	3	
3	9	14.8155	3	
3	10	13.0532	3	
3	11	8.26298	2	
3	12	8.56748	2	
3	13	30.9534	6	
3	15	19.4296	5	
3	16	8.99934	2	
3	17	11.0612	3	
3	18	25.075	5	
3	19	13.5658	3	
3	20	13.1249	3	
3	21	4.47434	1	
3	22	9.72265	2	
4	5	4.40694	1	
4	6	24.7889	5	
4	7	8.3549	2	
4	8	22.8526	4	
4	9	4.31154	1	
4	10	10.2058	2	
4	11	8.71409	3	
4	12	20.3782	4	
4	14	4.49956	1	
4	15	37.6897	8	
4	16	16.4571	3	
4	17	9.11457	2	
4	18	21.1449	5	
4	19	21.8322	5	
4	20	17.828	4	
4	21	28.3943	6	
4	22	14.0447	3	
5	6	25.8467	7	
5	7	18.7426	4	
5	8	21.7803	5	
5	9	11.0619	3	
5	10	14.7826	3	
5	11	3.74498	1	
5	12	22.1595	5	
5	13	13.5125	3	
5	14	7.39093	2	
5	15	16.19	3	
5	16	11.0341	2	
5	17	20.9608	5	
5	18	24.3154	5	
5	19	9.97565	2	
5	21	34.418	8	
5	22	5.10296	1	
6	7	29.4923	6	
6	8	28.1037	6	
6	9	10.7569	2	
6	10	14.8332	3	
6	11	5.91642	2	
6	12	13.19	3	
6	13	23.4946	5	
6	14	15.7039	3	
6	15	21.0318	4	
6	16	9.9486	2	
6	17	18.2968	4	
6	18	5.15755	1	
6	19	8.17357	2	
6	20	24.3768	5	
6	21	20.7004	4	
6	22	13.8887	3	
7	8	12.0763	3	
7	9	13.5531	3	
7	10	23.3126	5	
7	11	13.1301	2	
7	12	7.9379	2	
7	13	10.0545	3	
7	14	4.91566	2	
7	16	27.4036	6	
7	17	13.5438	3	
7	18	10.7768	2	
7	19	20.6739	4	
7	20	18.9581	4	
7	21	12.9529	3	
7	22	4.98534	1	
8	9	15.626	4	
8	10	14.0766	3	
8	11	8.64409	2	
8	12	14.1047	3	
8	13	13.7236	3	
8	14	5.14787	1	
8	15	21.0815	5	
8	16	4.6028	1	
8	17	9.06803	2	
8	18	18.0187	4	
8	19	25.2152	5	
8	20	8.61758	2	
8	21	23.6575	5	
8	22	27.3293	6	
9	10	9.49402	2	
9	11	15.9599	3	
9	12	16.5282	3	
9	13	8.90618	2	
9	14	16.9878	4	
9	15	22.8102	5	
9	16	7.11006	2	
9	17	4.15072	1	
9	18	18.5896	4	
9	19	8.98749	2	
9	20	8.82072	2	
9	21	10.218	2	
9	22	5.10914	1	
10	11	3.07608	1	
10	12	17.7648	4	
10	13	9.70084	2	
10	14	21.0351	5	
10	15	11.9629	3	
10	16	14.0019	3	
10	17	4.5523	1	
10	18	4.86493	1	
10	19	4.06125	1	
10	20	18.0755	4	
10	21	12.6614	3	
10	22	9.46895	2	
11	12	5.52775	1	
11	13	9.40946	2	
11	14	4.41038	1	
11	16	8.13768	3	
11	17	2.60742	1	
11	18	13.2378	3	
11	19	5.3203	2	
11	20	8.43683	2	
11	21	17.2156	4	
11	22	4.21647	1	
12	14	23.5182	5	
12	15	7.49423	2	
12	16	17.5578	4	
12	17	18.9037	4	
12	18	29.3738	6	
12	19	23.1822	5	
12	20	28.5296	6	
12	21	10.3796	2	
12	22	12.6817	3	
13	14	13.1562	3	
13	15	15.8501	3	
13	16	8.41678	2	
13	18	15.2214	3	
13	19	3.45035	1	
13	20	4.12599	1	
13	21	14.7662	3	
13	22	24.4435	5	
14	15	17.4978	5	
14	16	9.21297	2	
14	17	30.5142	7	
14	18	17.8389	4	
14	19	30.3401	6	
14	20	15.0418	3	
14	21	17.3262	4	
14	22	34.6409	8	
15	16	10.3555	2	
15	17	28.4277	6	
15	18	18.166	4	
15	19	19.7793	4	
15	20	9.34814	2	
15	21	29.782	6	
15	22	12.9314	3	
16	17	14.9862	3	
16	18	4.83845	2	
16	19	38.6466	8	
16	20	3.99524	1	
16	21	9.98166	2	
16	22	3.72874	1	
17	18	41.7099	10	
17	19	23.9077	5	
17	20	14.2321	3	
17	21	11.1586	2	
17	22	36.5588	8	
18	19	18.9923	4	
18	20	13.198	3	
18	21	36.6534	8	
18	22	9.57444	2	
19	20	19.1496	4	
19	21	24.0967	5	
19	22	29.3955	7	
20	21	14.3335	3	
20	22	22.4951	5	
21	22	29.3604	6	
