0	1	116.796	26	
0	2	231.701	53	
0	3	114.377	26	
0	4	48.4002	10	
0	5	61.5894	13	
0	6	51.378	11	
0	7	42.0179	10	
0	8	55.4937	12	
0	9	94.1992	21	
0	10	81.9109	19	
0	11	61.4027	14	
0	12	29.1189	6	
0	13	94.6334	21	
0	14	30.2516	6	
0	15	166.163	36	
0	16	39.4488	9	
0	17	51.7153	12	
0	18	65.2575	14	
0	19	69.5438	14	
0	20	140.284	29	
1	2	290.139	63	
1	3	36.1374	8	
1	4	10.7839	3	
1	5	33.7199	6	
1	6	19.6258	4	
1	7	12.2217	3	
1	8	39.5488	9	
1	9	54.7487	12	
1	10	20.3485	5	
1	11	47.2311	9	
1	12	57.8097	12	
1	13	41.0102	9	
1	14	70.7854	15	
1	15	29.4451	7	
1	17	26.0551	6	
1	18	55.2307	11	
1	19	62.3068	14	
1	20	14.4476	4	
2	3	99.6571	21	
2	4	48.0625	10	
2	5	47.5554	12	
2	6	71.5278	14	
2	7	37.7016	10	
2	8	99.5159	22	
2	9	155.776	32	
2	10	94.8019	22	
2	11	136.96	28	
2	12	94.5317	18	
2	13	93.2394	20	
2	14	139.921	29	
2	15	176.97	35	
2	16	126.938	27	
2	17	109.728	23	
2	18	144.801	30	
2	19	159.152	37	
2	20	121.609	28	
3	4	4.83956	1	
3	5	8.75017	2	
3	6	44.5227	10	
3	7	21.2806	6	
3	8	4.6196	1	
3	9	25.7053	5	
3	10	2.98482	1	
3	11	43.0421	9	
3	12	9.88431	2	
3	13	9.51863	2	
3	14	24.1922	5	
3	15	48.3048	11	
3	16	49.4303	11	
3	17	32.7057	7	
3	18	28.4686	6	
3	19	41.2719	9	
3	20	21.7366	5	
4	5	6.4719	1	
4	6	17.3634	4	
4	7	20.9034	4	
4	8	5.80454	1	
4	9	11.0707	2	
4	10	14.5455	3	
4	11	13.7837	3	
4	12	18.4512	4	
4	13	23.16	5	
4	14	29.332	6	
4	15	9.74333	2	
4	17	20.0309	5	
4	18	29.1997	7	
4	19	9.22506	2	
4	20	26.6419	5	
5	7	4.06978	1	
5	8	4.84727	1	
5	9	22.537	5	
5	10	7.06309	2	
5	11	27.3759	6	
5	13	12.7504	3	
5	14	43.2349	9	
5	16	15.8641	4	
5	18	48.2152	10	
5	19	4.25613	1	
5	20	35.0984	8	
6	9	22.0161	5	
6	10	33.6862	7	
6	11	28.8344	6	
6	12	3.85755	1	
6	13	25.2732	5	
6	15	18.697	4	
6	16	4.66463	1	
6	17	36.5306	8	
6	19	5.88569	1	
6	20	23.9097	5	
7	8	2.73783	1	
7	18	8.8676	3	
7	19	45.3504	10	
7	20	27.4025	6	
8	9	41.9824	8	
8	10	18.4362	4	
8	11	19.788	4	
8	12	19.5871	4	
8	13	12.7007	3	
8	14	17.2316	4	
8	15	60.632	13	
8	16	2.71909	1	
8	17	18.0499	4	
8	18	15.3491	3	
8	19	24.8933	6	
8	20	24.2058	5	
9	10	5.07021	1	
9	11	11.4619	3	
9	12	11.0464	3	
9	13	25.6018	6	
9	14	32.3883	8	
9	15	34.3999	7	
9	16	25.8308	6	
9	17	25.3156	6	
9	18	24.5624	5	
9	19	42.3638	11	
9	20	49.3691	11	
10	11	33.0029	8	
10	12	39.6391	8	
10	13	7.59561	2	
10	14	5.26274	1	
10	15	2.51033	1	
10	16	3.27872	1	
10	17	4.17943	1	
10	18	6.93525	2	
10	19	20.3076	5	
10	20	23.6477	5	
11	12	64.1487	13	
11	13	48.21	11	
11	14	29.9069	6	
11	15	9.77568	2	
11	17	35.8903	8	
11	18	24.9869	5	
11	19	55.8024	12	
11	20	8.97672	2	
12	13	20.2184	4	
12	14	44.5823	10	
12	15	66.8786	13	
12	16	11.1237	2	
12	17	7.76722	1	
12	18	81.7639	16	
12	19	16.4424	4	
12	20	62.0414	12	
13	14	10.0036	2	
13	15	13.7945	3	
13	16	29.5729	7	
13	17	12.5352	3	
13	18	10.542	2	
13	19	24.1133	5	
13	20	24.1015	5	
14	15	32.9829	7	
14	16	37.6211	8	
14	17	23.6907	5	
14	18	29.1024	7	
14	19	19.3807	4	
14	20	41.262	9	
15	16	9.26326	2	
15	17	41.5123	10	
15	18	45.0349	9	
15	19	30.3734	6	
15	20	56.8247	12	
16	17	7.0101	2	
16	18	7.26385	1	
16	19	4.52804	1	
16	20	10.1122	2	
17	18	36.5079	9	
17	19	54.0082	13	
17	20	43.7062	10	
18	19	5.85308	1	
18	20	65.4758	14	
19	20	37.1469	8	
