#module 0 size: 101 bs: 0.000776581
9 12 18 19 42 50 53 55 58 93 96 98 105 110 131 154 167 168 174 194 198 205 207 208 209 211 219 220 228 229 245 249 251 252 255 258 266 271 273 285 289 295 296 313 316 321 331 338 346 349 351 360 363 367 369 384 385 395 414 419 421 425 430 435 439 443 452 456 461 465 471 480 481 499 501 503 505 513 514 517 519 528 530 536 542 553 557 569 577 579 583 585 591 595 604 617 640 642 681 694 699 
#module 1 size: 56 bs: 0.000630136
26 53 59 62 69 77 79 82 84 85 92 100 135 143 146 147 155 163 176 178 183 212 217 225 249 270 273 277 281 318 342 343 365 375 382 383 386 387 396 411 425 441 445 462 479 484 491 492 495 508 545 576 619 624 652 696 
#module 2 size: 158 bs: 0.000466185
4 5 17 21 28 29 35 43 45 48 49 60 75 76 77 83 107 113 115 118 120 128 132 133 137 142 144 150 151 155 159 162 164 171 175 177 178 193 197 200 210 218 226 235 236 240 243 244 246 247 248 250 257 260 261 267 276 278 292 301 320 322 325 336 343 344 345 347 354 357 361 368 373 377 381 389 400 401 403 404 408 415 420 422 429 439 446 448 462 464 466 468 469 470 476 482 483 485 486 490 493 497 500 506 508 509 520 522 523 534 538 540 545 554 555 560 561 565 566 580 586 587 593 594 596 597 601 602 607 612 616 618 622 628 645 647 648 649 651 654 657 658 663 665 668 670 674 677 678 679 680 684 687 691 693 697 698 699 
#module 3 size: 32 bs: 1
1 124 169 192 206 211 222 249 310 320 339 340 341 355 364 374 392 451 460 474 483 503 507 516 524 558 571 572 589 623 633 639 
#module 4 size: 23 bs: 1
103 148 173 177 180 188 199 219 221 238 297 302 304 312 324 348 353 376 453 472 518 521 547 
#module 5 size: 21 bs: 1
7 22 47 63 104 112 138 216 229 268 295 311 319 379 388 405 419 433 444 619 685 
#module 6 size: 20 bs: 1
67 73 86 94 97 102 148 197 293 306 310 326 383 406 407 410 428 474 509 528 
#module 7 size: 15 bs: 1
11 14 16 32 64 65 74 77 80 87 95 113 222 353 553 
#module 8 size: 39 bs: 1
6 30 46 81 88 114 117 126 136 145 152 160 165 179 204 234 273 335 432 437 438 458 463 478 498 526 541 551 564 566 570 575 608 630 632 637 675 688 695 
#module 9 size: 35 bs: 1
20 25 38 44 54 70 78 140 183 233 241 282 303 329 330 356 419 434 439 459 477 491 509 531 546 568 574 582 586 601 603 646 662 675 689 
#module 10 size: 20 bs: 1
10 24 28 34 72 89 148 150 171 201 239 269 283 299 307 308 332 383 488 583 
#module 11 size: 32 bs: 1
23 41 68 156 158 177 182 215 237 254 264 274 299 300 337 359 380 408 464 473 474 483 487 514 515 527 588 598 629 652 661 685 
#module 12 size: 25 bs: 1
2 123 203 254 288 302 315 352 371 425 436 488 525 549 567 609 631 647 650 652 654 660 671 672 676 
#module 13 size: 27 bs: 1
15 25 40 56 138 172 190 195 272 302 366 393 399 408 409 412 431 514 528 545 548 599 615 643 666 682 686 
#module 14 size: 34 bs: 1
31 70 101 106 214 232 243 254 268 314 324 328 341 343 372 378 398 413 417 455 475 510 532 552 573 584 606 619 620 626 627 641 664 690 
#module 15 size: 36 bs: 1
93 108 119 122 186 187 191 211 259 265 291 298 310 333 358 391 398 414 416 418 424 440 449 462 539 544 559 563 625 631 638 654 675 681 698 699 
#module 16 size: 20 bs: 1
33 66 90 99 125 138 140 224 257 275 280 286 294 320 341 397 447 454 489 687 
#module 17 size: 36 bs: 1
3 13 27 36 37 57 91 111 129 134 139 157 164 206 219 223 317 334 359 361 394 427 442 450 494 496 529 581 592 611 613 614 621 656 659 700 
#module 18 size: 37 bs: 1
61 127 130 134 153 166 184 229 253 284 305 309 323 324 390 402 423 457 491 522 533 535 537 550 556 578 590 610 631 644 647 653 655 672 673 683 685 
#module 19 size: 36 bs: 1
24 39 51 52 71 141 160 161 164 169 183 189 196 213 222 230 242 262 263 264 277 327 336 350 359 362 370 409 467 504 512 543 553 562 635 692 
#module 20 size: 37 bs: 1
8 109 116 121 149 170 181 185 197 202 206 227 231 256 268 279 287 290 295 353 398 409 426 488 502 511 522 579 586 600 605 634 636 667 669 672 681 
