0	1	32.6057	7	
0	2	15.3231	3	
0	3	41.4292	9	
0	5	48.7732	10	
0	6	23.1132	5	
0	7	14.3117	3	
0	8	4.90806	1	
0	9	51.4701	11	
0	10	24.4503	5	
0	11	23.4712	5	
0	12	24.7021	6	
0	13	9.67052	2	
0	14	25.4176	5	
0	15	37.3907	8	
0	16	27.1262	6	
0	17	37.4614	8	
0	18	18.2743	4	
0	19	25.2291	5	
0	20	1.99891	1	
0	21	8.58797	2	
0	22	8.7414	2	
0	23	7.23293	2	
0	24	13.8006	2	
0	25	25.338	5	
0	26	24.7521	5	
0	27	24.8044	6	
0	28	6.80182	1	
0	29	24.9358	5	
0	30	19.8102	4	
0	31	26.0852	6	
0	33	27.6963	6	
0	34	26.2296	6	
0	35	32.5143	7	
0	36	15.9084	3	
0	37	29.9294	6	
0	38	8.24768	2	
1	2	8.57577	2	
1	5	42.9933	9	
1	6	31.15	6	
1	7	21.3841	5	
1	8	35.1091	7	
1	9	5.69209	1	
1	10	12.7953	3	
1	11	50.515	11	
1	12	6.1604	1	
1	13	27.2552	5	
1	14	4.69756	1	
1	15	16.466	4	
1	16	10.9906	2	
1	18	21.4515	5	
1	19	16.0599	4	
1	20	17.6844	4	
1	21	4.86374	1	
1	22	17.3234	4	
1	23	32.3816	7	
1	24	73.2366	16	
1	25	35.0856	8	
1	26	6.80002	1	
1	27	12.6788	3	
1	28	10.7887	2	
1	29	8.17085	2	
1	30	7.99365	2	
1	31	55.6689	11	
1	32	5.27659	1	
1	33	34.3241	8	
1	34	11.411	3	
1	35	10.5682	2	
1	36	44.4095	9	
1	37	4.20973	1	
2	3	20.1648	4	
2	4	3.29112	1	
2	6	2.52646	1	
2	7	1.14286	1	
2	9	24.2819	5	
2	10	2.74431	1	
2	12	43.0999	9	
2	13	39.7314	10	
2	15	38.4984	9	
2	16	20.067	4	
2	17	25.251	5	
2	18	6.12002	1	
2	19	15.88	4	
2	21	3.55879	1	
2	22	33.2122	7	
2	23	27.8326	6	
2	24	21.429	5	
2	25	28.2328	6	
2	26	4.9683	1	
2	27	4.47394	1	
2	28	16.5241	5	
2	29	26.6897	5	
2	30	21.5462	5	
2	32	15.3021	4	
2	33	23.8961	5	
2	34	6.84456	2	
2	35	2.87731	1	
2	36	28.1033	5	
2	37	30.4476	7	
2	38	5.47929	1	
3	4	10.0682	2	
3	5	6.43256	1	
3	8	22.9399	5	
3	9	5.59288	1	
3	10	33.9386	7	
3	11	6.16187	1	
3	12	4.67605	1	
3	13	14.8524	3	
3	15	12.9879	3	
3	16	6.47071	1	
3	17	19.766	4	
3	18	19.3274	5	
3	21	16.8506	4	
3	22	19.89	5	
3	23	5.41131	1	
3	24	3.63417	1	
3	25	4.94087	2	
3	26	30.407	7	
3	27	29.7397	6	
3	28	56.8984	12	
3	29	60.7635	13	
3	30	28.2711	6	
3	31	3.78564	1	
3	32	34.0649	6	
3	33	23.0505	5	
3	34	61.9184	14	
3	35	2.52007	1	
3	36	6.6511	1	
3	37	7.27211	1	
3	38	2.51718	1	
4	5	15.7098	3	
4	7	17.6359	4	
4	8	14.7026	4	
4	9	12.9194	3	
4	11	74.1048	16	
4	13	5.38726	1	
4	17	17.4341	4	
4	19	39.6266	8	
4	22	3.09006	1	
4	23	32.9708	7	
4	24	2.2102	1	
4	25	3.12748	1	
4	26	30.0938	7	
4	27	30.3806	5	
4	28	28.6326	6	
4	29	16.1614	4	
4	30	17.3883	3	
4	32	26.5543	6	
4	33	1.98773	1	
4	35	16.4595	3	
4	36	4.78808	1	
4	37	26.5801	5	
4	38	44.4786	9	
5	6	45.4782	9	
5	7	20.796	5	
5	8	21.2458	5	
5	11	21.8308	5	
5	13	5.79377	1	
5	14	6.34797	1	
5	15	3.63133	1	
5	17	34.3405	7	
5	18	38.1392	8	
5	19	61.3934	13	
5	20	21.8541	4	
5	22	5.37979	1	
5	23	23.4506	5	
5	24	2.64731	1	
5	25	5.65244	1	
5	26	40.8777	9	
5	27	7.96279	2	
5	28	0.587098	1	
5	29	6.03253	2	
5	31	23.6491	5	
5	32	2.47222	1	
5	33	26.7015	6	
5	34	34.1651	7	
5	35	16.8779	4	
6	7	23.367	5	
6	10	18.2394	3	
6	15	22.3839	4	
6	16	22.5331	5	
6	17	10.837	2	
6	18	43.008	9	
6	19	8.96618	2	
6	20	15.853	4	
6	22	2.62748	1	
6	23	3.89526	1	
6	24	40.5029	8	
6	25	7.56271	2	
6	26	5.07871	1	
6	27	28.2214	6	
6	28	7.31687	2	
6	29	43.1667	9	
6	30	3.43286	1	
6	31	5.14352	1	
6	32	8.98843	2	
6	34	38.2622	8	
6	36	6.60704	1	
6	37	26.3847	5	
7	8	19.9654	5	
7	9	4.19199	1	
7	10	23.1819	5	
7	12	2.11526	1	
7	16	2.64246	1	
7	18	37.8281	9	
7	19	25.1415	5	
7	20	9.77564	2	
7	22	18.7989	4	
7	23	3.03658	1	
7	24	2.66101	1	
7	26	20.7024	4	
7	27	39.1858	9	
7	28	36.424	9	
7	31	23.8095	6	
7	32	38.658	8	
7	33	3.574	1	
7	36	18.5024	4	
7	38	5.93533	1	
8	9	24.4016	6	
8	10	4.22093	1	
8	11	35.1569	8	
8	12	11.5564	3	
8	13	7.03807	2	
8	15	7.58682	1	
8	16	21.8228	5	
8	17	45.3212	9	
8	18	6.85693	1	
8	19	4.18016	1	
8	20	33.6087	7	
8	21	18.2333	4	
8	22	20.9681	4	
8	23	15.4549	4	
8	24	14.579	3	
8	25	64.285	14	
8	26	68.075	14	
8	27	21.9984	6	
8	28	9.09752	2	
8	29	33.4404	7	
8	30	7.22389	2	
8	31	42.182	8	
8	32	23.9979	5	
8	33	22.3306	6	
8	34	5.45469	1	
8	35	33.6684	7	
8	36	47.7339	10	
8	37	68.8288	14	
8	38	22.3815	5	
9	10	10.2505	2	
9	11	16.2691	4	
9	12	2.48651	1	
9	13	19.7648	4	
9	14	31.866	7	
9	15	20.7899	4	
9	16	6.50386	1	
9	17	19.4186	4	
9	18	33.1524	7	
9	19	27.6208	6	
9	20	25.9135	5	
9	22	38.308	8	
9	23	16.8487	4	
9	24	86.3584	18	
9	25	46.0845	11	
9	26	53.2078	11	
9	27	18.4873	4	
9	28	22.7256	6	
9	29	5.80315	1	
9	30	39.8584	8	
9	31	7.34207	2	
9	32	46.6395	11	
9	33	39.746	8	
9	34	4.82712	1	
9	35	10.9217	3	
9	36	7.2025	1	
9	37	57.9837	13	
9	38	10.8325	1	
10	11	32.258	7	
10	12	27.456	6	
10	13	10.9857	3	
10	15	50.7601	10	
10	16	9.40076	2	
10	17	21.9202	5	
10	18	3.7377	1	
10	19	2.95862	1	
10	21	39.6454	9	
10	22	33.5191	7	
10	23	29.787	6	
10	24	37.8713	8	
10	25	22.9213	5	
10	26	16.8227	4	
10	27	25.436	5	
10	28	43.8344	9	
10	29	53.2921	11	
10	30	43.34	9	
10	31	6.8851	2	
10	32	31.9091	6	
10	33	4.93064	1	
10	34	8.19182	1	
10	35	30.8854	7	
10	36	39.2315	8	
10	37	6.57693	1	
10	38	22.8487	5	
11	12	9.82114	3	
11	13	50.3207	11	
11	14	3.57367	1	
11	15	11.1364	2	
11	16	8.84937	2	
11	17	35.2331	7	
11	18	4.693	1	
11	19	44.3792	9	
11	20	8.15064	2	
11	21	14.4712	4	
11	22	29.1457	6	
11	23	8.61863	2	
11	24	26.2909	6	
11	25	11.1342	2	
11	26	23.866	5	
11	28	34.2991	8	
11	29	16.4368	3	
11	30	23.5034	5	
11	31	4.10843	1	
11	32	30.7993	7	
11	33	31.3897	7	
11	34	23.5413	5	
11	35	71.6901	15	
11	36	37.4425	8	
11	37	16.9006	4	
11	38	38.7022	7	
12	13	10.3811	2	
12	15	17.125	4	
12	16	19.2794	5	
12	17	7.06532	2	
12	19	1.73867	1	
12	20	23.3244	5	
12	21	13.4884	4	
12	23	18.5197	4	
12	24	2.13232	1	
12	25	25.9418	5	
12	26	5.95266	1	
12	27	5.14404	1	
12	28	3.98445	1	
12	29	29.1274	6	
12	30	4.68163	1	
12	33	36.9663	8	
12	35	10.8973	2	
12	36	69.323	15	
12	37	4.14491	1	
12	38	3.2508	1	
13	14	5.30843	1	
13	15	10.4663	2	
13	16	7.01598	1	
13	17	41.2926	9	
13	18	3.89338	1	
13	19	5.57768	1	
13	20	7.03042	1	
13	21	4.49079	1	
13	22	53.7335	11	
13	23	8.01668	2	
13	24	22.1345	5	
13	26	21.7061	4	
13	27	3.42426	1	
13	28	23.2902	5	
13	29	13.2567	3	
13	30	56.227	12	
13	31	3.0782	1	
13	32	45.3945	11	
13	33	47.5298	10	
13	34	20.8805	5	
13	35	44.0383	9	
13	36	43.439	9	
13	37	4.96044	1	
13	38	11.6837	3	
14	17	10.5317	2	
14	18	22.4236	5	
14	20	5.9102	1	
14	22	9.78778	2	
14	23	23.8243	6	
14	25	28.0408	6	
14	26	22.6648	5	
14	28	4.27314	1	
14	29	22.0964	5	
14	30	4.46527	1	
14	31	5.55638	1	
14	32	6.67547	2	
14	33	44.458	10	
14	34	4.25576	1	
14	35	16.0335	3	
14	36	2.62541	1	
14	37	2.86157	1	
15	16	22.4574	5	
15	17	2.94458	1	
15	18	22.8345	5	
15	19	23.1052	5	
15	20	2.45024	1	
15	21	2.21098	1	
15	22	53.3021	11	
15	23	32.5415	7	
15	24	6.42131	1	
15	25	32.8268	8	
15	26	24.4469	5	
15	27	24.3739	6	
15	29	9.97523	2	
15	30	38.8477	8	
15	32	9.67664	2	
15	33	17.675	5	
15	34	13.1872	3	
15	35	48.9964	10	
15	36	54.356	12	
15	37	22.0416	4	
15	38	4.34545	1	
16	17	47.8146	10	
16	18	15.7268	4	
16	19	31.4063	7	
16	21	6.35101	2	
16	22	25.7195	6	
16	23	20.4639	5	
16	24	6.00278	1	
16	25	38.016	8	
16	26	29.835	7	
16	28	18.9903	4	
16	29	54.7853	12	
16	30	7.15216	2	
16	31	15.4388	4	
16	33	14.2895	3	
16	34	46.1084	11	
16	35	33.995	8	
16	36	18.53	4	
16	37	4.4522	1	
16	38	16.767	4	
17	19	30.8691	7	
17	21	22.2258	5	
17	22	31.6734	7	
17	24	35.6756	7	
17	25	48.3237	10	
17	26	14.5246	3	
17	27	2.64563	1	
17	28	7.55747	2	
17	29	38.5546	8	
17	30	3.40024	1	
17	31	2.68065	1	
17	32	8.94399	2	
17	33	8.32426	2	
17	34	7.40551	2	
17	35	10.4912	2	
17	36	44.6971	10	
17	37	21.4278	5	
17	38	17.3334	4	
18	19	27.7339	7	
18	20	51.2745	10	
18	23	2.41594	1	
18	24	18.4797	5	
18	25	21.0997	5	
18	26	68.2613	15	
18	27	14.4931	3	
18	28	5.05393	1	
18	29	12.9532	3	
18	30	53.6781	12	
18	31	50.3805	10	
18	32	8.97569	2	
18	33	24.8562	5	
18	34	14.7074	3	
18	35	48.1427	10	
18	36	3.59162	1	
18	37	7.07326	2	
18	38	11.4961	2	
19	20	12.7532	3	
19	22	9.31256	2	
19	23	2.40248	1	
19	24	7.88959	2	
19	25	70.9789	15	
19	26	8.59374	2	
19	27	42.6131	9	
19	28	5.71379	1	
19	29	42.9649	9	
19	30	6.99714	2	
19	31	54.1868	11	
19	32	9.44205	2	
19	33	5.13552	1	
19	34	40.8954	9	
19	35	14.7463	3	
19	36	31.2203	7	
19	37	27.7771	6	
20	21	32.7384	7	
20	22	32.9226	7	
20	23	16.7434	3	
20	24	16.0559	3	
20	25	25.0309	5	
20	26	58.9817	12	
20	27	21.9399	5	
20	28	21.2824	5	
20	29	3.1201	1	
20	31	10.8042	2	
20	32	34.3523	7	
20	33	13.8127	3	
20	34	2.20468	1	
20	35	51.3921	11	
20	36	6.4131	1	
20	37	9.28067	2	
20	38	30.2309	6	
21	22	38.3558	8	
21	24	50.1086	11	
21	25	38.5208	8	
21	26	31.88	7	
21	27	16.4499	4	
21	28	29.6462	6	
21	29	5.89277	1	
21	31	26.9365	5	
21	32	7.87003	2	
21	33	3.75615	1	
21	34	19.2837	4	
21	35	3.63441	1	
21	36	5.34242	1	
21	37	8.28509	2	
21	38	28.9685	7	
22	23	23.7534	6	
22	24	25.8363	5	
22	25	44.4613	10	
22	26	39.6124	8	
22	28	33.0038	7	
22	29	21.1581	4	
22	30	38.075	8	
22	31	14.3999	3	
22	32	37.4166	8	
22	33	38.7963	8	
22	34	34.1334	8	
22	35	26.3981	5	
22	36	36.2926	7	
22	37	8.17977	2	
22	38	5.06796	1	
23	24	6.10468	1	
23	25	6.62906	2	
23	26	44.7996	10	
23	27	8.56679	2	
23	28	30.4892	7	
23	29	52.1598	11	
23	30	50.286	10	
23	31	24.9878	6	
23	32	19.8605	5	
23	33	8.82355	2	
23	34	9.34872	2	
23	35	93.3349	20	
23	36	4.01915	1	
23	37	56.4512	11	
23	38	10.4931	2	
24	25	55.9839	13	
24	26	13.3994	3	
24	27	29.4031	5	
24	28	9.73108	2	
24	29	3.89924	1	
24	30	18.7243	4	
24	32	12.7981	3	
24	33	11.2989	2	
24	34	4.67974	1	
24	35	6.3002	1	
24	36	52.1391	12	
24	37	12.0306	2	
24	38	3.22129	2	
25	26	38.7578	8	
25	27	8.25896	2	
25	28	14.2204	3	
25	29	28.2776	6	
25	30	4.90823	1	
25	31	27.3773	5	
25	32	4.48023	1	
25	33	32.19	7	
25	34	24.2092	5	
25	35	37.0249	8	
25	36	15.3483	3	
25	37	75.9985	16	
25	38	25.5551	5	
26	27	25.9595	5	
26	28	13.6825	3	
26	29	61.5687	13	
26	30	51.517	11	
26	31	37.5259	8	
26	32	29.5461	6	
26	33	32.9396	7	
26	34	4.5749	1	
26	35	29.8575	6	
26	36	60.8476	13	
26	37	70.1816	14	
26	38	9.08578	2	
27	28	3.66696	1	
27	29	23.0712	5	
27	31	19.1294	4	
27	33	17.4244	4	
27	35	3.62484	1	
27	36	42.7778	9	
27	37	17.4154	4	
28	29	69.7599	15	
28	30	11.0877	3	
28	31	17.2775	3	
28	32	9.05206	2	
28	33	25.1586	6	
28	34	3.3112	1	
28	35	5.18626	1	
28	36	29.37	6	
28	37	2.71829	1	
28	38	12.1975	3	
29	30	37.1981	7	
29	31	3.4631	1	
29	32	33.185	7	
29	33	30.1893	6	
29	34	3.98139	1	
29	35	10.213	2	
29	36	37.0454	7	
29	37	100.171	20	
29	38	18.9441	4	
30	31	17.5399	4	
30	32	35.6754	8	
30	33	5.39873	1	
30	34	20.3489	5	
30	35	41.9998	9	
30	36	18.5684	4	
30	37	104.017	21	
30	38	17.0562	4	
31	33	37.7886	8	
31	34	6.81831	1	
31	35	6.30698	1	
31	36	50.9208	11	
31	37	17.8406	3	
31	38	24.4643	5	
32	33	25.5453	5	
32	34	43.5678	9	
32	35	18.8959	4	
32	36	19.6359	5	
32	37	49.6034	11	
32	38	71.1141	15	
33	34	21.3006	4	
33	35	67.4355	14	
33	36	53.2571	12	
33	37	32.3859	7	
33	38	90.5986	18	
34	35	42.0541	9	
34	37	2.69627	1	
35	36	28.4429	7	
35	37	88.1056	19	
35	38	49.8981	11	
36	37	51.5145	11	
36	38	24.174	6	
37	38	4.03852	1	
