75 84 87 113 151 164 187 197 199 208 217 294 305 325 327 420 490 515 535 542 545 547 626 676 
17 32 47 49 70 72 83 101 104 111 115 133 140 145 148 166 170 195 215 223 226 242 255 278 285 314 336 344 360 378 398 401 406 417 420 429 481 487 498 504 518 545 553 557 560 572 573 575 610 616 617 624 639 677 681 690 695 696 697 
7 13 16 30 59 62 68 87 111 116 118 149 168 185 188 193 244 296 297 326 336 338 352 361 365 366 375 379 407 408 411 434 440 454 476 483 491 493 514 524 534 538 549 570 599 643 648 650 671 686 
9 24 25 43 47 68 73 75 79 125 143 181 185 188 208 210 244 262 288 291 297 320 338 345 361 370 375 409 426 432 508 515 533 558 561 569 591 599 634 649 650 654 658 676 
10 26 33 35 39 46 55 59 69 72 75 90 97 98 109 114 132 137 139 145 155 156 158 159 166 172 189 193 202 206 210 214 220 221 225 228 235 237 244 268 273 304 309 313 320 329 335 340 346 349 351 358 359 363 370 387 391 397 398 402 409 412 425 436 445 449 451 478 479 509 511 515 522 523 529 536 545 553 561 563 566 569 574 583 586 590 592 593 594 608 620 622 634 636 637 642 646 648 663 671 672 676 679 680 684 
6 23 64 65 72 93 98 109 114 116 122 132 144 145 152 160 178 189 193 213 220 230 239 244 263 273 292 304 309 312 313 316 329 349 355 358 370 386 387 400 425 437 447 451 452 456 459 475 477 478 488 495 497 499 501 511 515 517 518 522 523 525 526 528 544 554 561 562 576 585 586 592 593 594 597 608 626 641 657 663 680 684 685 
6 36 37 64 108 115 120 130 154 155 176 192 207 216 251 281 292 293 298 321 364 376 381 408 444 448 454 466 468 499 500 506 530 542 543 571 572 574 578 585 593 595 596 616 636 637 649 652 663 664 674 676 686 687 688 698 
14 20 23 30 45 75 83 93 118 122 135 144 146 158 160 206 207 208 218 225 230 231 239 262 263 273 296 312 316 333 335 342 346 355 364 380 391 397 412 437 447 479 488 499 501 508 511 521 526 529 544 553 563 566 568 576 585 618 641 657 660 679 685 
46 65 93 116 122 131 141 144 152 160 178 213 239 241 244 263 274 285 288 292 355 378 381 397 400 437 447 452 456 459 475 477 483 488 495 497 501 518 525 526 528 544 554 562 576 580 585 594 597 626 641 657 676 685 
10 33 39 49 55 75 90 105 136 158 172 181 206 208 210 218 225 238 272 296 335 340 346 350 364 390 391 395 402 406 411 412 511 513 515 533 540 563 584 591 601 602 626 672 676 680 688 694 
4 12 25 40 42 52 57 60 74 80 81 89 96 124 126 171 175 179 180 184 209 221 237 240 241 246 255 256 271 276 282 302 309 330 369 372 379 385 394 403 405 424 427 428 438 444 453 456 457 459 463 480 493 503 505 549 574 579 598 599 600 606 616 630 632 635 640 654 659 681 
16 60 62 96 118 126 136 149 175 177 179 184 240 246 296 309 317 365 366 369 379 424 427 428 434 440 453 454 463 476 480 483 491 493 514 524 534 538 549 570 574 598 600 625 632 643 648 654 659 681 
11 98 103 105 109 131 140 141 148 154 165 170 182 198 213 220 224 270 273 279 290 301 317 318 358 361 368 403 409 439 443 451 454 478 495 515 516 523 535 541 577 608 622 629 630 637 653 663 672 
5 24 54 55 57 68 82 112 116 118 124 142 185 221 234 243 256 271 297 314 328 330 336 338 352 372 375 378 385 394 405 424 428 457 505 536 542 545 559 579 606 630 631 635 649 650 664 667 671 692 699 
6 37 108 115 120 154 176 192 207 216 240 251 292 293 298 321 364 376 381 408 448 454 466 479 506 530 534 543 567 571 578 585 616 631 649 663 664 674 676 686 687 
8 19 47 53 55 67 68 69 88 92 94 95 97 98 103 104 105 121 136 137 139 145 150 166 182 184 185 190 202 203 212 214 221 228 237 243 244 251 258 260 294 297 301 306 308 311 318 328 338 339 352 353 359 375 382 390 394 399 410 411 415 425 429 436 439 457 483 485 487 499 509 510 536 541 553 555 559 567 574 577 579 583 586 603 605 630 631 632 642 646 667 668 670 671 672 675 687 692 695 699 
12 15 60 69 73 81 138 162 166 173 196 217 219 228 232 237 250 261 275 307 318 331 359 374 398 404 463 472 486 490 496 504 507 517 532 535 588 615 638 642 651 683 691 693 
72 102 119 126 127 128 140 157 161 166 201 226 233 234 249 259 265 295 303 304 334 338 356 392 396 416 418 421 442 473 481 484 537 540 545 553 556 583 596 599 610 611 617 619 647 650 652 666 670 683 689 
30 59 81 105 106 117 151 187 197 199 217 219 238 287 313 325 327 329 340 363 388 402 464 469 473 474 486 490 526 532 533 540 551 565 580 584 598 601 602 609 615 638 655 673 683 694 
38 44 64 78 85 87 99 110 165 189 204 239 260 265 269 305 306 310 312 317 322 328 332 343 354 389 399 441 459 488 494 496 503 513 520 522 531 539 546 554 564 586 644 661 672 678 
19 53 88 89 121 145 150 159 189 258 260 285 294 306 318 353 360 386 390 395 405 417 420 496 499 557 572 573 575 579 624 655 677 695 697 
1 24 149 163 223 255 259 267 273 280 286 299 300 420 423 450 489 519 527 563 572 578 587 614 618 651 655 660 665 697 
30 59 81 93 106 109 114 117 217 219 287 313 329 349 358 363 370 388 402 451 464 469 473 474 478 490 523 526 532 533 551 561 580 598 609 615 638 655 673 683 684 
1 32 44 91 98 101 104 111 115 133 137 139 142 144 145 147 148 154 163 166 167 174 190 195 223 233 244 254 260 264 280 285 286 289 299 300 301 310 311 312 314 357 360 370 378 383 395 398 401 408 414 417 420 423 429 435 436 450 462 481 482 489 492 498 519 527 557 572 573 575 582 586 593 614 616 618 619 621 622 624 642 651 655 665 666 677 681 695 696 697 
26 34 73 100 107 120 123 143 144 165 188 194 210 211 215 222 234 262 267 283 309 320 337 341 348 445 446 489 498 508 525 558 591 594 608 629 634 637 650 651 
31 57 62 124 141 227 251 252 256 263 271 284 315 321 330 343 372 379 385 393 396 418 444 457 459 461 467 494 498 503 505 516 526 547 548 562 579 587 596 606 616 623 625 635 647 648 670 682 
18 44 62 64 91 93 99 122 130 147 154 160 163 165 167 174 177 184 189 193 198 200 202 203 204 209 213 218 229 230 231 233 236 239 245 248 252 254 260 263 265 269 289 294 301 305 310 311 312 315 317 322 328 332 333 342 343 345 352 354 355 357 361 370 380 382 383 387 389 390 393 397 399 408 414 415 435 437 441 447 458 459 460 462 467 479 482 488 494 496 499 501 502 503 504 510 513 516 520 521 522 526 529 531 539 544 548 550 554 562 563 564 566 568 572 576 582 585 586 593 600 613 619 621 641 644 657 661 668 672 675 678 679 680 682 684 685 688 695 
44 64 87 99 165 182 189 204 205 239 260 265 269 305 306 312 317 322 328 332 343 354 361 389 399 439 441 459 488 494 496 502 503 513 516 520 522 531 535 539 554 564 586 644 653 661 672 678 
2 6 17 21 25 26 27 36 38 46 54 55 69 70 71 72 78 85 98 99 101 104 105 109 110 114 130 132 133 137 138 139 148 153 156 158 166 170 174 189 190 195 202 214 220 221 228 235 237 242 244 257 265 268 269 273 281 292 309 312 316 321 322 328 332 337 343 345 349 351 353 354 358 359 370 383 385 387 398 399 409 419 425 428 436 445 446 449 451 468 473 478 481 488 494 499 500 503 504 509 511 513 515 518 520 523 531 536 539 545 553 554 561 564 574 581 583 586 590 592 593 594 595 603 608 610 616 620 622 629 636 637 639 642 644 646 648 652 658 660 661 663 674 678 681 684 688 690 695 696 698 
67 73 76 77 83 119 129 131 134 140 174 177 200 215 217 226 247 250 259 261 272 293 295 311 334 374 381 418 463 472 492 507 517 545 546 553 560 588 617 623 646 683 691 693 
3 7 17 18 32 41 49 50 55 56 66 70 72 83 101 104 105 111 133 136 140 144 145 146 155 170 183 195 198 202 213 218 223 238 240 241 242 251 255 260 272 277 278 280 286 296 299 300 314 319 323 336 340 347 350 360 364 371 378 384 390 395 398 399 401 402 406 410 411 417 420 422 423 429 430 433 441 450 464 470 481 485 487 489 490 498 504 513 515 518 519 527 533 540 555 556 557 560 567 572 573 575 578 584 589 591 601 602 604 607 610 612 614 616 618 623 624 626 627 628 639 655 665 669 677 678 681 688 690 694 695 696 697 
26 28 30 44 48 49 54 58 59 61 67 76 86 97 98 106 109 117 146 163 191 200 205 219 237 254 257 266 272 287 291 293 313 324 329 343 348 362 363 386 387 388 396 402 403 419 426 431 432 441 465 469 471 473 474 490 492 512 522 532 533 536 547 551 552 554 558 565 580 586 587 598 609 615 629 633 638 639 644 645 655 656 662 673 683 684 689 700 
7 32 47 49 55 104 105 111 115 121 136 144 145 148 166 183 195 218 223 238 258 260 272 285 296 314 319 323 340 350 360 364 378 390 395 398 401 402 405 406 411 417 429 433 464 481 494 496 498 513 533 540 557 560 572 573 575 584 591 601 602 614 624 626 655 677 681 688 690 694 695 697 
26 27 35 36 37 44 46 64 66 67 72 89 91 92 94 95 97 98 99 109 114 115 129 130 132 142 145 147 154 155 159 163 174 184 190 191 193 198 202 203 212 220 233 251 253 254 261 264 273 275 277 281 289 292 293 294 301 304 306 308 309 310 311 313 328 329 339 347 349 357 358 359 370 371 382 383 384 387 388 399 401 406 409 410 411 414 415 422 425 426 429 430 435 444 451 462 464 468 470 472 478 482 483 485 487 499 500 509 510 511 512 515 517 522 523 540 542 555 556 560 561 565 567 572 574 578 582 583 586 587 588 589 592 593 594 595 596 604 605 607 608 609 612 619 621 622 623 627 628 630 636 637 645 652 658 662 663 668 669 670 671 674 675 678 684 688 690 698 
2 21 25 26 29 36 37 38 51 54 60 63 71 78 85 99 101 104 108 110 115 120 126 128 133 138 148 153 154 156 166 169 170 176 186 192 201 207 215 216 240 247 249 250 257 268 275 281 285 288 291 293 295 298 304 305 306 314 316 321 334 337 344 345 351 352 353 359 364 367 373 376 377 381 383 392 406 408 413 428 445 446 448 449 454 455 466 471 473 481 484 504 506 511 513 530 531 540 543 545 546 553 556 571 578 581 585 590 592 599 610 611 616 617 620 636 646 647 654 658 660 663 664 666 670 676 686 687 689 696 698 
3 6 11 15 17 22 26 28 29 32 35 36 44 46 47 48 51 55 56 58 60 61 63 64 65 66 67 69 70 71 72 73 76 77 81 83 86 89 91 96 97 98 99 100 101 102 103 104 105 106 116 117 119 120 126 127 128 129 131 133 134 136 137 138 139 140 141 142 144 146 147 148 152 157 158 159 160 161 162 163 165 166 167 169 170 173 174 175 177 178 179 182 184 186 189 190 191 195 196 198 200 201 204 205 209 213 214 215 217 219 220 221 223 226 228 229 232 233 234 235 236 237 239 240 241 242 244 245 246 247 248 249 250 252 253 254 255 257 259 260 261 263 264 265 266 268 269 270 272 274 275 277 278 280 284 285 286 287 289 290 291 293 295 299 300 301 303 304 305 307 309 310 311 312 313 316 317 321 322 324 328 329 331 332 334 335 336 337 338 341 343 344 347 348 351 352 354 355 356 357 359 360 361 362 363 367 368 369 370 371 373 374 377 378 381 384 386 387 388 389 390 392 393 395 396 397 398 399 400 401 402 403 404 406 409 413 414 416 417 418 419 421 422 423 424 425 426 427 428 430 431 432 435 436 437 439 441 442 443 445 446 447 450 452 453 455 456 458 459 460 462 463 464 465 467 469 470 471 472 473 474 475 477 481 482 483 484 485 486 487 488 489 490 492 493 494 495 496 497 502 503 504 507 509 510 512 513 515 516 517 518 519 520 522 524 525 526 527 528 531 532 533 535 536 537 539 541 544 545 546 547 548 550 551 552 553 554 556 557 558 560 562 564 565 569 573 574 575 577 578 579 580 581 582 583 586 587 588 589 590 593 594 595 596 597 598 599 600 603 604 605 607 609 610 611 612 613 614 615 617 618 619 620 621 622 623 624 625 627 628 629 632 633 638 639 640 642 644 645 646 647 650 651 653 654 655 656 659 660 661 662 665 666 669 672 673 674 676 677 678 680 681 682 683 684 688 689 690 691 693 695 696 697 698 700 
18 29 169 186 223 288 316 353 367 373 377 383 413 455 504 579 581 598 603 610 654 689 
12 28 40 42 48 57 58 63 68 70 86 89 98 111 119 124 140 163 191 215 226 235 254 256 257 263 265 271 278 285 291 293 295 297 320 330 337 338 343 344 362 372 375 377 379 385 386 403 405 418 424 428 431 432 444 445 446 449 457 459 471 484 498 503 505 512 536 545 546 547 565 579 599 606 609 616 617 629 630 633 635 639 645 648 656 662 675 696 700 
1 5 7 9 13 16 24 25 30 43 47 55 59 62 68 73 75 79 82 87 103 105 111 112 116 118 125 140 141 142 143 149 154 165 168 170 181 182 185 188 193 198 208 210 213 221 224 234 243 244 262 270 279 282 288 290 291 296 297 301 314 317 318 320 326 328 336 338 345 352 361 365 366 368 370 375 378 379 394 403 405 407 408 409 411 424 426 434 439 440 443 453 454 476 483 491 493 508 514 515 524 533 534 535 538 541 542 549 558 559 569 570 577 591 599 622 631 634 637 643 648 649 650 653 654 658 666 667 671 672 676 699 
