5 29 30 37 44 45 47 50 55 59 79 94 96 104 114 116 118 128 141 159 163 164 165 177 180 196 204 206 209 212 217 223 224 227 234 254 277 288 292 298 
4 8 12 18 21 22 33 34 39 43 49 63 65 70 74 78 105 108 109 115 117 121 122 130 143 154 155 158 162 168 174 205 212 225 250 261 281 298 
3 7 9 10 13 16 19 24 28 31 34 35 36 38 43 53 54 56 57 60 61 72 73 79 82 83 84 87 90 93 97 99 103 105 106 108 121 124 125 126 131 133 135 136 137 144 145 152 156 157 163 169 175 176 177 191 192 194 198 202 204 205 216 220 221 224 226 236 240 247 251 256 259 262 263 267 271 275 281 286 287 289 292 294 
19 32 42 51 56 61 73 82 84 87 88 94 97 105 106 120 126 131 137 138 144 146 150 152 156 157 159 161 163 179 192 193 194 198 216 220 221 231 236 247 250 256 262 267 271 275 276 283 286 287 292 294 297 
19 38 54 56 61 72 73 82 83 84 87 89 97 103 106 126 131 137 149 152 156 157 163 169 190 198 204 220 221 224 231 236 256 267 271 275 286 289 292 294 297 
11 23 27 52 57 64 66 71 76 81 82 86 94 112 117 128 142 165 167 169 170 174 183 186 187 199 207 212 213 214 218 221 223 225 233 235 250 258 261 268 272 279 291 293 
3 4 7 9 10 13 16 18 19 21 22 24 33 36 39 43 49 57 63 65 70 74 78 108 109 115 117 121 122 130 143 154 155 162 168 169 205 212 261 281 298 
5 8 20 28 29 31 34 37 44 45 47 50 53 55 59 60 72 79 89 90 93 98 104 107 124 133 136 143 145 163 167 175 176 191 192 194 205 210 216 217 226 240 247 251 259 262 263 271 275 287 290 298 
6 26 41 57 58 66 68 74 80 92 96 107 108 116 119 120 123 129 132 134 137 139 140 147 150 160 166 168 181 183 186 188 189 190 193 196 197 200 201 204 207 210 219 222 229 232 234 238 239 241 242 244 246 249 253 255 258 264 271 273 274 276 281 283 291 292 297 
29 30 37 44 45 47 49 50 54 55 56 59 84 87 94 96 102 103 104 114 116 118 126 128 141 149 152 159 163 164 165 177 180 196 204 206 209 212 217 220 223 224 227 234 236 256 277 288 289 292 298 
5 6 17 20 21 22 23 26 27 29 30 32 34 35 37 39 41 42 44 45 47 49 50 51 52 53 55 56 57 58 59 64 66 67 68 69 70 71 72 74 75 76 79 80 81 82 83 86 87 88 89 92 93 94 96 97 99 104 105 106 107 108 109 111 112 114 115 116 117 118 119 120 122 123 124 125 126 127 128 129 130 131 132 133 134 135 136 137 138 139 140 141 142 143 144 145 146 147 150 152 154 155 159 160 161 162 163 164 165 166 167 168 169 170 173 174 175 177 178 179 180 181 182 183 184 185 186 187 188 189 190 191 192 193 194 196 197 198 199 200 201 202 204 205 207 209 210 212 213 214 216 217 218 219 220 221 222 223 225 226 227 229 231 232 233 234 235 236 237 238 239 240 241 242 244 246 249 250 251 253 255 256 258 259 261 263 264 267 268 269 271 272 273 274 275 277 279 280 281 283 284 286 287 288 290 291 292 293 294 297 298 300 
5 8 20 23 27 28 29 30 31 34 37 38 44 45 47 49 50 52 53 54 55 56 59 60 64 71 72 73 76 79 81 83 86 87 89 90 93 94 96 97 98 103 104 106 107 112 114 116 118 124 126 128 131 133 136 137 141 142 145 152 156 159 163 164 165 167 169 170 174 175 176 177 180 183 186 187 191 192 194 196 198 199 204 205 206 209 212 213 214 216 217 218 220 221 223 224 225 226 227 228 230 233 234 235 236 240 247 250 251 256 261 262 263 266 267 271 272 275 277 279 285 287 288 289 292 293 295 298 
1 2 14 15 17 25 30 38 40 41 46 48 57 58 59 60 62 67 68 69 74 77 85 91 94 95 96 99 100 101 102 104 105 107 109 110 111 113 114 116 117 118 125 127 128 129 134 135 137 140 141 147 148 149 150 151 153 158 159 164 165 168 171 172 173 174 177 178 180 182 183 184 185 190 195 196 197 200 201 202 203 204 205 206 207 208 209 210 211 214 215 222 223 224 227 228 229 230 231 232 234 237 239 241 242 243 244 245 248 249 252 253 254 257 258 259 260 264 265 266 268 269 270 271 273 276 277 278 280 282 283 284 285 288 290 292 293 294 295 296 297 298 299 300 
8 17 38 67 69 72 75 88 94 96 99 105 109 111 116 120 125 127 135 138 140 144 146 147 161 170 173 177 178 179 182 184 185 193 202 210 237 242 244 252 259 268 280 284 290 294 297 300 
6 26 34 35 58 66 75 80 82 89 92 96 107 108 109 119 123 129 132 134 139 142 147 150 160 166 168 177 181 183 186 188 189 190 196 197 200 201 204 207 217 219 222 229 232 234 237 238 239 241 244 246 249 253 255 258 264 271 273 274 281 283 286 288 291 292 297 
19 32 38 42 51 54 56 61 72 73 83 84 87 88 89 94 97 103 105 106 120 126 131 137 138 144 146 150 152 156 157 161 163 169 179 183 190 193 197 198 204 207 220 221 224 231 232 236 239 244 250 256 267 271 275 286 289 294 297 299 
1 5 14 15 20 28 31 34 35 40 46 48 53 57 59 60 62 65 77 79 85 90 91 93 95 98 101 102 104 107 110 118 121 122 124 128 129 133 136 137 145 149 150 153 158 159 164 165 169 171 175 176 179 191 192 194 195 200 205 206 209 211 216 217 222 223 226 227 228 230 240 246 247 248 251 257 260 262 263 266 269 270 271 276 277 285 287 288 295 298 299 
6 17 26 34 35 41 58 66 67 68 69 72 74 75 79 80 82 83 89 92 96 99 107 108 109 111 116 119 123 125 127 129 132 134 135 139 140 145 147 150 160 166 168 173 177 181 182 183 184 185 188 189 190 196 197 200 201 202 204 207 210 217 219 222 225 226 229 231 232 234 237 238 239 240 241 242 244 246 249 251 253 255 258 259 264 268 271 273 274 276 280 281 283 284 286 290 291 292 294 297 300 
