1 2 15 46 62 77 85 101 102 110 117 200 206 229 231 242 268 276 
3 7 9 10 13 16 19 24 36 43 57 108 121 169 281 
4 8 12 18 33 34 49 63 65 78 105 108 121 174 212 250 261 
5 14 40 48 57 59 91 95 107 121 137 149 150 153 158 165 171 195 200 206 211 222 223 228 230 246 248 257 260 266 269 270 285 295 299 
5 8 20 28 31 34 53 59 60 72 79 89 90 93 98 104 107 124 133 136 145 163 169 175 176 191 192 194 205 216 217 226 240 247 251 262 263 271 287 
5 30 59 94 114 116 118 128 141 159 163 164 165 177 180 196 204 206 209 223 224 227 277 288 292 298 
6 26 34 35 66 75 80 82 89 92 96 107 109 119 123 132 139 150 160 166 177 181 188 189 196 200 217 219 222 229 234 238 246 255 274 281 286 291 
8 17 38 67 69 72 96 99 105 109 111 116 125 127 135 140 173 177 178 182 184 185 202 210 231 237 242 259 268 280 284 290 294 300 
11 23 27 52 64 71 76 81 82 86 94 112 117 142 165 167 169 170 174 183 186 187 189 199 212 213 214 218 221 223 225 233 235 250 261 268 272 279 293 
19 32 42 51 88 94 120 137 138 144 146 150 161 179 193 221 250 286 294 297 
19 38 54 56 61 72 73 82 83 84 87 89 97 103 105 106 126 131 137 152 156 157 163 198 204 220 221 224 231 236 256 267 271 275 286 289 292 294 297 
21 22 39 49 70 74 109 115 117 122 130 143 154 155 162 168 205 261 281 298 
25 38 74 100 104 113 148 151 168 172 174 180 183 203 205 208 215 224 229 243 245 252 254 265 276 278 282 296 
29 37 44 45 47 49 50 55 96 104 180 212 217 234 298 
41 57 58 68 74 108 116 129 134 147 168 183 189 190 196 197 201 204 207 222 232 234 239 241 242 244 246 249 253 258 264 271 273 276 283 292 297 
