1	2	3.15129
1	15	3.71393
1	46	3.77079
1	62	3.79561
1	77	3.88984
1	85	0.889775
1	91	3.94094
1	101	3.94094
1	102	3.97412
1	109	3.94094
1	110	4.1963
2	1	2.70876
2	15	3.27141
2	46	3.32827
2	62	3.35309
2	77	3.44732
2	85	3.49842
2	101	3.49842
2	102	3.49842
2	110	3.80967
2	229	3.92681
2	242	4.08054
3	7	2.81432
3	9	3.11521
3	10	3.24744
3	13	3.33548
3	16	3.21124
3	24	3.33048
3	36	2.35099
3	38	3.48701
3	43	3.21354
3	57	4.19894
3	169	4.17206
3	281	3.24744
4	12	2.59661
4	18	2.83761
4	33	3.36596
4	63	3.45643
4	65	3.48963
4	78	3.72689
4	81	3.42598
4	105	3.66473
4	121	3.86598
4	212	4.12285
4	250	3.97116
5	14	3.95928
5	56	2.94913
5	91	3.13776
5	98	3.32596
5	164	3.32935
5	194	3.99452
5	217	3.67617
5	226	3.79383
5	227	3.67372
5	230	3.7874
5	269	3.62825
6	35	2.94168
6	92	3.17641
6	123	3.14538
6	132	3.3284
6	166	4.23438
6	178	3.91179
6	217	3.64917
6	234	3.49729
6	238	3.59994
6	274	3.69376
6	281	3.79367
7	3	3.38563
7	9	3.68653
7	10	3.81876
7	13	3.9068
7	16	3.23591
7	19	3.78256
7	24	3.9018
7	36	4.05833
7	43	4.37866
7	121	0.483935
7	217	4.74338
7	281	5.02765
8	33	3.13429
8	63	3.22477
8	65	3.25797
8	78	3.57136
8	210	3.7632
8	216	4.0158
8	217	3.58345
8	231	3.74205
8	240	4.70798
8	255	3.62346
8	259	3.78167
8	262	3.88099
9	3	3.38563
9	7	3.21425
9	10	3.34648
9	13	3.43452
9	16	3.31027
9	24	3.42952
9	36	3.58605
9	43	3.59131
9	55	3.31258
9	57	3.78227
9	108	4.29798
9	169	4.2711
10	3	3.68653
10	7	3.21425
10	9	3.64737
10	13	3.73541
10	16	3.61117
10	24	3.73041
10	36	3.88695
10	43	4.20728
10	121	0.532272
10	144	3.59283
11	64	3.15438
11	76	2.82782
11	82	3.58051
11	142	4.761
11	157	3.46672
11	186	3.33382
11	187	3.48647
11	189	3.54851
11	199	3.9467
11	218	3.94945
11	235	4.08475
11	250	4.03052
12	4	2.78193
12	18	3.02293
12	33	3.1792
12	34	3.55127
12	63	3.64175
12	65	3.67495
12	78	3.6113
12	105	3.72594
12	108	4.02084
12	174	4.0513
12	212	4.6946
12	216	4.30817
13	3	3.81876
13	7	3.34648
13	9	3.64737
13	10	3.86764
13	16	3.19675
13	19	3.7434
13	24	3.86264
13	36	4.71928
13	40	4.01917
13	43	4.7311
13	169	4.70422
13	281	0.0198412
14	5	3.60385
14	121	3.38495
14	137	3.39855
14	149	3.43769
14	153	3.4418
14	171	3.81046
14	211	3.93851
14	228	4.82816
14	242	3.67408
14	257	3.73499
14	270	3.80237
14	285	3.84149
15	1	2.70876
15	2	3.35096
15	46	3.40782
15	62	3.43264
15	77	3.52687
15	85	3.57798
15	101	3.57798
15	102	3.57798
15	110	3.60297
15	117	4.78327
15	175	4.01951
15	268	4.2502
16	3	3.9068
16	7	3.43452
16	9	3.73541
16	10	3.86764
16	13	3.28479
16	19	3.83144
16	24	3.95068
16	36	4.10721
16	43	4.30344
16	108	4.42755
16	121	2.66358
16	142	1.94615
17	69	3.26813
17	105	3.18037
17	127	3.38836
17	140	3.41164
17	173	4.61533
17	176	3.47381
17	202	3.64517
17	210	3.66797
17	237	3.70225
17	280	3.93851
17	284	3.9548
17	290	3.65413
18	4	2.78193
18	12	3.00419
18	33	3.02275
18	49	3.53253
18	63	3.62301
18	65	3.65621
18	78	3.70719
18	108	3.8313
18	121	4.00209
18	174	6.49314
18	239	4.28942
18	250	4.13773
19	7	3.19675
19	13	3.28479
19	16	3.43632
19	43	2.96555
19	54	2.30542
19	68	3.67377
19	138	3.67377
19	144	3.53154
19	156	3.67377
19	161	4.02153
19	179	4.02153
19	193	4.27836
19	275	4.15129
20	60	3.48291
20	79	3.61915
20	93	3.65818
20	124	3.7643
20	136	3.91361
20	145	3.91121
20	176	4.21509
20	226	4.29932
20	262	4.40533
20	263	3.42276
20	265	4.29954
20	271	2.44603
20	275	4.11808
21	22	2.79551
21	39	2.93975
21	70	3.48759
21	115	3.4542
21	122	3.3185
21	130	3.57421
21	143	3.57421
21	154	3.82953
21	155	3.57421
21	162	4.3103
22	21	2.79551
22	39	2.93975
22	70	3.48759
22	115	3.4542
22	122	3.3185
22	130	3.57421
22	143	3.57421
22	154	3.82953
22	155	3.57421
22	162	4.07886
23	76	3.11696
23	81	4.85056
23	107	3.22394
23	112	3.39349
23	117	3.58827
23	142	3.93914
23	213	3.63314
23	214	3.95446
23	218	3.70321
23	223	3.71943
23	225	4.03828
23	272	3.70352
23	279	3.96892
24	3	3.78256
24	7	3.31027
24	9	3.61117
24	10	3.7434
24	13	3.83144
24	16	1.93906
24	28	3.82644
24	36	3.98297
24	43	4.17919
24	108	4.3033
24	121	3.5585
24	151	4.6949
24	169	4.66802
25	39	3.86885
25	116	3.59349
25	151	3.72802
25	172	3.98742
25	203	4.02005
25	208	3.75879
25	215	3.89132
25	243	4.07927
25	245	3.93942
25	254	4.24121
25	265	3.99826
25	278	4.00145
25	282	3.90618
26	80	0.0350538
26	88	3.52315
26	92	3.75787
26	123	3.66452
26	139	3.90987
26	166	3.77036
26	189	4.08354
26	196	5.1866
26	225	4.23064
26	234	4.07875
26	238	4.04409
26	255	4.1814
26	274	4.37514
27	52	0.463389
27	58	3.22772
27	64	3.66863
27	112	4.03296
27	142	4.24692
27	167	4.23668
27	170	5.53565
27	175	4.00096
27	199	4.07783
27	214	4.16412
27	225	4.32851
27	233	4.4019
27	235	4.14821
27	279	4.41361
28	24	3.38687
28	72	3.71977
28	124	3.6923
28	133	3.76786
28	141	3.9752
28	145	4.4039
28	169	3.9728
28	176	3.8639
28	191	3.92986
28	194	4.27668
28	226	4.08824
28	247	4.14791
28	251	4.36092
28	262	4.46692
29	37	3.41678
29	44	3.31334
29	45	3.55765
29	47	3.21556
29	49	3.55765
29	50	3.55765
29	55	3.73456
29	96	3.49278
29	104	3.92429
29	180	4.22537
29	212	4.60685
29	217	5.92627
29	227	4.34424
29	234	4.18975
30	47	3.51936
30	114	3.14781
30	118	3.42775
30	128	3.58005
30	141	3.9216
30	159	3.70606
30	164	3.97312
30	209	4.17393
30	227	4.55216
30	241	4.00835
30	277	3.95427
31	35	3.21837
31	60	3.24312
31	79	3.32634
31	90	3.37936
31	93	3.67381
31	145	4.10251
31	169	3.67141
31	176	3.56251
31	191	4.04106
31	216	3.9753
31	226	4.01991
31	240	3.84652
31	251	4.05953
31	262	4.16553
32	42	2.7882
32	51	3.4982
32	85	2.92429
32	88	3.25085
32	120	3.5066
32	138	3.5066
32	144	3.36316
32	146	3.5066
32	161	3.85436
32	179	3.85436
33	4	2.60595
33	8	3.02293
33	12	3.00419
33	18	3.77353
33	63	3.86401
33	65	3.89721
33	78	3.83356
33	105	3.94819
33	108	4.0723
33	121	4.24309
33	174	6.24005
33	191	4.27355
33	212	4.53043
33	250	4.37873
34	12	2.89899
34	39	3.9298
34	63	4.02028
34	65	4.05348
34	78	3.8436
34	80	3.844
34	90	2.72761
34	114	3.88762
34	119	4.04216
34	136	4.12304
34	181	4.0612
34	188	4.08016
34	191	4.53756
34	240	4.68319
35	6	5.48996
35	31	3.38334
35	66	3.85781
35	92	3.90423
35	119	3.97803
35	160	4.13965
35	181	4.07781
35	188	4.4182
35	196	4.22457
35	219	4.5653
35	234	4.41341
35	238	4.13206
35	246	0.614553
35	263	4.51606
36	3	3.9018
36	7	3.42952
36	9	3.73041
36	10	3.86264
36	13	3.95068
36	16	3.82644
36	24	4.10221
36	43	3.82874
36	57	3.51799
36	84	4.29844
36	108	4.42254
36	121	3.17533
36	160	4.81414
36	169	4.78726
36	281	3.95068
37	29	3.41678
37	44	3.31334
37	45	3.55765
37	47	3.21556
37	49	3.55765
37	50	3.55765
37	55	3.73456
37	96	3.49278
37	104	6.15937
37	136	3.92429
37	180	4.22537
37	212	4.60685
37	217	4.34424
37	234	4.18975
38	3	3.33504
38	56	3.7151
38	131	3.85947
38	172	3.83881
38	184	4.10388
38	210	3.99861
38	220	4.1396
38	236	4.12668
38	237	5.26441
38	239	4.19765
38	252	4.07087
38	254	4.37266
38	265	4.1297
38	278	4.39721
39	21	2.79551
39	22	1.25793
39	25	2.89899
39	34	3.44838
39	70	3.99622
39	115	3.96283
39	122	3.82713
39	130	4.08285
39	143	4.08285
39	154	4.33817
39	155	4.08285
40	13	0.995828
40	62	3.73711
40	153	3.89274
40	206	4.10988
40	211	4.23793
40	228	3.82787
40	248	3.9735
40	257	3.9981
40	260	4.02088
40	266	4.27888
40	269	4.03441
40	270	4.10179
40	285	4.14091
40	295	3.93127
41	76	3.77946
41	129	3.70579
41	134	3.79232
41	147	4.21738
41	197	4.35513
41	234	3.99454
41	241	4.24679
41	244	4.06598
41	249	4.00018
41	253	4.13957
41	264	3.12748
41	268	4.38384
41	271	4.12269
41	273	4.44134
41	276	4.355
42	32	2.7882
42	51	2.92429
42	88	3.25085
42	120	3.5066
42	138	3.5066
42	144	3.36316
42	146	3.5066
42	161	3.85436
42	179	3.85436
42	193	3.88272
43	3	4.05833
43	7	3.58605
43	9	3.88695
43	10	4.01917
43	13	4.10721
43	16	3.43632
43	19	3.98297
43	24	4.10221
43	36	3.98527
43	57	4.45497
43	108	4.57908
43	121	3.43732
43	135	3.03578
43	154	4.97067
43	169	4.94379
44	29	3.41678
44	37	3.5813
44	45	3.82561
44	47	3.82561
44	50	3.82561
44	55	3.21534
44	79	4.00252
44	96	3.76074
44	104	4.19225
44	180	2.13055
44	209	4.49333
44	212	4.87481
44	217	4.6122
44	234	4.45771
45	29	3.31334
45	37	3.5813
45	44	3.72217
45	47	3.72217
45	50	0.0116141
45	52	3.72217
45	55	5.98813
45	97	3.6573
45	104	4.08881
45	180	4.38989
45	212	4.77137
45	217	4.50876
45	234	4.35427
46	1	3.27141
46	2	3.35096
46	15	2.9274
46	53	3.97046
46	62	3.99529
46	77	4.08952
46	85	4.14062
46	101	4.14062
46	102	4.14062
46	110	3.66744
46	184	4.39598
46	206	4.45187
46	229	4.5569
46	231	4.569
46	242	4.81284
47	29	0.428221
47	30	3.55765
47	37	3.82561
47	44	3.72217
47	45	3.62439
47	49	3.96647
47	50	3.96647
47	55	4.14339
47	96	3.9016
47	104	4.33311
47	180	4.63419
47	212	5.01568
47	217	5.65501
47	223	4.75306
47	234	4.59857
48	91	3.56445
48	95	3.93776
48	149	3.97691
48	153	3.83958
48	158	3.98101
48	171	6.72608
48	182	4.1758
48	195	0.336719
48	221	4.47772
48	228	4.2133
48	257	4.23789
48	260	4.51868
48	269	4.2742
48	270	4.34158
48	285	4.38071
49	18	3.21556
49	29	3.21556
49	37	3.62439
49	47	3.62439
49	50	3.62439
49	55	3.88257
49	65	3.91577
49	78	3.98531
49	115	4.07193
49	143	4.07193
49	154	4.32725
49	155	4.07193
49	162	5.53001
49	245	4.54899
49	250	4.39729
50	29	3.55765
50	37	3.82561
50	44	3.72217
50	45	3.96647
50	47	3.62439
50	49	3.96647
50	55	4.14339
50	96	3.9016
50	104	2.45612
50	159	4.33311
50	180	4.17833
50	195	4.63419
50	212	5.01568
50	217	4.75306
50	234	4.59857
51	32	2.7882
51	42	3.43292
51	88	3.75949
51	120	0.89196
51	132	4.01524
51	138	4.01524
51	144	3.8718
51	146	4.01524
51	161	4.36299
51	179	4.36299
51	193	5.24774
52	27	0.0116141
52	45	3.68532
52	76	3.64014
52	81	3.36805
52	86	4.31518
52	170	3.86476
52	187	4.46233
52	213	4.29535
52	221	4.407
52	233	4.48039
52	235	4.464
52	261	4.56146
52	272	8.23082
52	278	4.2267
52	279	4.49211
53	46	3.77328
53	90	3.8263
53	93	3.88383
53	98	3.86533
53	124	3.83786
53	133	4.00945
53	191	3.95333
53	192	4.07542
53	194	4.488
53	216	3.33144
53	222	4.42224
53	226	4.23379
53	247	4.29347
53	251	4.61247
53	263	4.32523
54	19	3.55557
54	61	3.70705
54	83	3.61522
54	84	3.40309
54	87	3.59236
54	89	3.69107
54	97	3.77546
54	106	3.85783
54	131	6.17785
54	139	3.89582
54	152	4.14134
54	220	4.1845
54	224	4.34587
54	267	4.63001
54	275	4.23927
55	9	3.55765
55	29	3.55765
55	37	3.82561
55	44	3.72217
55	45	3.96647
55	47	3.62439
55	49	3.96647
55	50	4.14339
55	96	3.9016
55	104	3.86732
55	177	4.33311
55	180	4.63419
55	212	5.01568
55	217	4.75306
55	234	4.59857
56	5	3.33504
56	38	3.43369
56	73	3.86761
56	83	3.85164
56	97	3.93798
56	126	4.01839
56	131	2.61203
56	149	3.86667
56	163	4.3019
56	220	4.34506
56	224	4.4429
56	236	4.38602
56	256	4.50643
56	267	4.66351
56	289	4.64316
57	3	3.31258
57	9	3.82874
57	36	3.98527
57	43	3.5347
57	58	4.45906
57	112	4.05006
57	129	4.51221
57	211	2.13371
57	235	4.4681
57	242	4.37584
57	257	4.42322
57	266	4.39329
57	273	4.6256
57	283	4.54325
57	295	4.33361
58	27	3.5347
58	57	3.87296
58	129	3.88582
58	147	3.9087
58	190	4.30153
58	196	4.31088
58	197	4.02091
58	201	5.84374
58	228	4.08805
58	241	4.15948
58	249	4.35973
58	258	4.23307
58	264	4.2162
58	273	4.4485
58	283	4.25947
59	98	3.31674
59	107	6.63596
59	108	3.64637
59	136	3.96249
59	159	3.74695
59	164	4.09716
59	226	4.21482
59	227	4.16744
59	228	4.09471
59	230	4.1814
59	262	3.9504
59	266	4.04924
59	277	4.0313
59	285	4.00015
59	287	3.99516
59	288	4.07042
60	20	3.21837
60	31	3.93907
60	79	4.02229
60	90	4.07531
60	93	4.13283
60	98	6.4
60	100	4.08686
60	133	4.22045
60	136	4.36976
60	145	4.20234
60	192	4.71585
60	240	4.4828
60	247	4.54247
60	251	0.549657
60	252	4.75548
60	262	4.86148
61	54	3.51148
61	73	3.85358
61	84	3.64145
61	87	4.02507
61	103	4.09619
61	131	4.13418
61	152	4.12156
61	156	4.14592
61	157	4.58842
61	198	5.58268
61	219	4.5207
61	236	1.28792
61	250	4.58423
61	267	4.6955
61	271	4.86837
61	275	4.7413
62	1	3.32827
62	2	3.40782
62	15	0.995828
62	40	3.97046
62	46	4.05215
62	77	4.14637
62	85	4.19748
62	101	4.19748
62	102	4.19748
62	110	6.14651
62	127	4.61406
62	200	4.45284
62	206	4.61376
62	231	4.62586
62	242	4.63901
62	268	4.8697
63	4	3.13429
63	8	3.55127
63	12	3.53253
63	18	3.77353
63	33	3.9298
63	34	4.39235
63	65	4.42555
63	78	4.3619
63	105	4.47653
63	108	4.60064
63	121	4.77143
63	174	5.15401
63	195	2.0753
63	205	4.8019
63	212	5.05877
63	250	4.90707
63	261	3.53253
64	11	3.22772
64	27	3.53063
64	81	3.53929
64	94	3.63761
64	112	4.04643
64	165	4.21591
64	167	4.20567
64	170	4.21885
64	174	4.35282
64	213	4.04682
64	214	4.36813
64	218	4.11688
64	223	4.1331
64	225	4.29749
64	233	4.37088
64	235	6.5306
65	4	3.22477
65	8	3.64175
65	12	3.62301
65	18	3.86401
65	33	4.02028
65	34	3.88257
65	49	4.39235
65	63	4.51603
65	78	4.45238
65	105	4.56701
65	108	4.69112
65	121	5.67092
65	130	1.35127
65	158	4.86191
65	174	4.89237
65	212	4.99755
65	261	3.62301
66	35	3.50812
66	75	3.6526
66	80	3.23877
66	82	3.88493
66	123	3.79157
66	139	6.95982
66	142	3.75052
66	150	3.85686
66	177	3.93204
66	181	4.01696
66	219	4.20581
66	238	4.17115
66	255	4.30846
66	274	4.40229
66	281	4.47788
66	286	4.50219
67	99	3.87991
67	116	3.80339
67	135	4.1021
67	140	4.04469
67	178	4.074
67	182	4.09082
67	185	4.18755
67	202	3.58543
67	204	3.56442
67	205	4.35891
67	210	4.38171
67	237	4.411
67	259	4.39625
67	268	4.41599
67	280	4.66854
67	290	4.36787
68	19	7.63675
68	82	4.08689
68	108	3.95545
68	129	3.88178
68	134	3.96831
68	147	3.99118
68	190	4.39337
68	197	4.1034
68	201	4.3328
68	207	4.20559
68	232	4.37349
68	242	4.42278
68	244	4.24197
68	249	4.31555
68	264	4.61733
68	276	4.19364
69	17	4.66487
69	77	3.97256
69	99	1.64595
69	108	4.17386
69	140	4.19714
69	173	4.11645
69	178	4.14577
69	182	4.16561
69	184	4.16258
69	185	4.25931
69	202	4.43067
69	210	4.45347
69	237	4.45487
69	242	4.48775
69	280	4.72401
69	284	4.43963
70	21	2.93975
70	22	3.44838
70	39	4.14046
70	115	4.10707
70	122	3.97137
70	130	4.22709
70	143	4.22709
70	154	4.48241
70	155	4.22709
70	162	0.22987
70	211	5.50669
70	213	4.55245
70	261	4.61073
70	281	4.41165
71	76	3.4172
71	86	3.69795
71	94	4.16061
71	142	4.37457
71	167	4.59831
71	169	4.04681
71	186	4.1286
71	199	5.12646
71	202	2.10237
71	208	4.40797
71	212	4.51148
71	213	4.20548
71	214	4.52679
71	218	4.45616
71	233	4.27585
71	279	4.54126
72	28	3.95417
72	99	3.95238
72	103	3.78302
72	111	6.21666
72	114	4.08757
72	136	4.07323
72	157	0.468593
72	170	4.04713
72	175	4.23448
72	176	4.60413
72	216	4.44801
72	236	4.43508
72	237	4.39114
72	256	4.79568
72	275	4.46937
72	280	4.42124
73	56	3.51148
73	61	3.66296
73	83	3.35901
73	87	3.74263
73	103	3.73138
73	106	3.85174
73	152	3.83911
73	156	3.86348
73	157	6.79932
73	165	4.30598
73	198	4.09726
73	220	4.23825
73	236	4.18138
73	256	4.30178
73	267	4.50453
73	286	4.45886
74	115	3.79012
74	122	3.91013
74	143	3.68842
74	151	3.91013
74	154	4.16545
74	155	3.91013
74	162	6.66519
74	211	3.92365
74	232	3.88076
74	239	3.98626
74	243	3.96003
74	249	3.89423
74	253	4.03435
74	254	4.01675
74	273	4.09319
74	278	4.09639
75	66	3.98498
75	80	3.57115
75	82	3.98259
75	92	4.02901
75	119	4.21731
75	123	4.12396
75	139	4.10281
75	160	4.18924
75	177	4.26443
75	181	4.20259
75	188	4.95269
75	217	3.41578
75	218	3.76397
75	237	4.50353
75	255	4.64084
75	274	4.81026
76	11	3.16213
76	23	2.92298
76	41	3.68532
76	52	3.73447
76	71	3.63764
76	86	4.21623
76	110	4.38105
76	142	4.58477
76	170	4.26726
76	186	4.34905
76	199	4.62842
76	212	4.73192
76	213	4.74724
76	218	4.51221
76	225	4.6766
76	233	4.83106
77	1	3.35309
77	2	3.43264
77	15	3.99529
77	46	4.05215
77	62	4.66487
77	69	4.1712
77	85	4.2223
77	101	4.2223
77	102	4.2223
77	110	4.24729
77	117	4.63888
77	200	4.53355
77	229	4.63858
77	231	2.62849
77	265	4.66383
77	268	4.89452
78	4	3.25797
78	8	3.67495
78	12	3.65621
78	18	3.89721
78	33	4.05348
78	34	3.91577
78	49	4.42555
78	63	4.51603
78	65	0.00312459
78	96	4.48558
78	105	4.60021
78	108	4.72432
78	121	4.89511
78	174	4.92557
78	212	5.18245
78	250	5.03075
78	261	8.42259
79	20	3.24312
79	31	3.21534
79	44	3.93907
79	60	3.91567
79	89	4.10006
79	93	4.15758
79	98	3.90028
79	104	4.39451
79	145	4.39211
79	176	4.76176
79	216	5.01435
79	217	4.69599
79	226	4.74061
79	240	4.50755
79	247	4.88623
79	263	4.56519
79	270	4.59899
80	26	3.8436
80	34	3.6526
80	66	3.98498
80	75	4.12707
80	92	4.36179
80	123	4.33076
80	132	4.26844
80	139	4.24729
80	160	4.51379
80	166	1.44348
80	168	4.40891
80	181	4.49383
80	219	6.00545
80	228	4.5598
80	229	4.64801
80	255	4.78532
80	274	4.97905
81	4	3.11696
81	23	3.64014
81	52	3.53063
81	64	4.30779
81	109	3.97154
81	112	4.33587
81	142	4.38035
81	165	4.54983
81	167	4.5396
81	170	4.22208
81	186	4.68674
81	213	4.38074
81	214	4.70206
81	218	4.46703
81	225	4.70481
81	235	4.78588
81	272	4.71652
82	11	3.23877
82	66	7.63675
82	68	3.57115
82	75	3.68337
82	97	3.85013
82	131	4.05449
82	142	4.09996
82	166	4.26846
82	167	4.34236
82	198	4.09937
82	214	4.23418
82	255	4.21776
82	256	4.33816
82	267	4.27625
82	268	4.62231
82	275	4.46532
82	281	4.54091
83	54	3.86761
83	56	3.66296
83	73	3.79293
83	87	4.17655
83	103	4.1653
83	106	4.16726
83	126	4.24767
83	131	4.28566
83	152	4.2974
83	157	6.45159
83	177	3.19524
83	190	4.53118
83	220	4.67218
83	236	4.6153
83	256	5.01985
83	275	4.89278
83	289	4.62911
84	36	3.61522
84	54	3.85358
84	61	3.7011
84	87	3.98908
84	97	4.08472
84	103	4.18742
84	137	4.19383
84	152	3.7485
84	155	4.20557
84	157	4.64807
84	198	4.4825
84	224	4.55671
84	231	4.58034
84	236	4.52347
84	256	4.64388
84	267	4.92802
84	275	4.53728
85	1	3.44732
85	2	3.52687
85	15	3.4982
85	32	4.08952
85	46	4.14637
85	62	4.1712
85	77	4.31653
85	101	4.31653
85	102	4.31653
85	110	4.34152
85	117	4.73311
85	200	4.57189
85	206	4.62778
85	229	4.73281
85	231	4.74491
85	242	4.27852
85	267	4.75806
86	52	3.4172
86	71	3.63764
86	76	3.69945
86	112	6.70805
86	133	4.06378
86	142	4.27774
86	167	4.26751
86	170	3.78262
86	183	3.81709
86	187	3.96973
86	189	4.03178
86	199	4.41465
86	213	4.42997
86	218	4.41632
86	261	4.51379
86	272	4.17903
86	279	4.44443
87	54	3.64145
87	61	3.35901
87	73	3.79293
87	83	3.7011
87	84	3.87259
87	103	3.86134
87	106	3.8633
87	126	3.99344
87	157	4.43595
87	198	4.05205
87	204	4.22722
87	220	4.36822
87	236	6.97507
87	247	4.31134
87	256	4.54302
87	271	4.71589
87	275	4.58883
88	26	2.92429
88	32	2.92429
88	42	3.43292
88	51	3.89558
88	120	4.15133
88	138	4.15133
88	144	4.00789
88	146	4.15133
88	161	4.49908
88	179	4.49908
88	193	6.4509
88	201	4.67451
88	286	4.6085
88	294	4.36517
89	54	3.91567
89	79	0.454489
89	99	4.06186
89	103	4.05061
89	106	4.23082
89	123	4.19979
89	132	4.34636
89	145	4.15835
89	156	4.20275
89	177	4.36285
89	219	4.64785
89	226	4.69246
89	240	4.51908
89	251	4.51704
89	255	4.50062
89	256	6.77431
89	258	4.7323
90	31	3.844
90	34	3.77328
90	53	4.02229
90	60	4.18328
90	93	4.24081
90	98	3.14236
90	102	4.32843
90	136	4.90643
90	169	4.28799
90	175	4.47534
90	176	4.36643
90	191	4.31031
90	192	4.4324
90	194	4.77922
90	226	4.59078
90	247	4.86345
90	262	4.6906
91	1	2.94913
91	5	3.6804
91	48	3.85814
91	95	4.23145
91	149	4.2706
91	153	4.13328
91	158	4.43512
91	165	4.46949
91	195	4.64336
91	211	4.69868
91	230	4.32363
91	246	4.53158
91	260	4.55437
91	266	4.81237
91	269	6.49964
91	293	4.6744
91	295	4.46476
92	6	3.52315
92	26	3.85781
92	35	3.98259
92	75	4.12707
92	80	3.97194
92	109	6.50291
92	121	4.32837
92	132	4.24489
92	160	4.5114
92	166	0.948358
92	167	4.37188
92	189	4.83216
92	234	4.68028
92	238	4.64562
92	255	4.78293
92	274	4.95234
92	286	4.97666
93	20	3.37936
93	31	3.8263
93	53	4.07531
93	60	4.10006
93	79	4.18328
93	90	5.07542
93	116	2.44136
93	121	4.27533
93	124	4.24786
93	133	4.38144
93	136	4.53075
93	145	4.34101
93	175	4.62315
93	205	4.83224
93	226	4.87685
93	240	4.70347
93	251	4.73523
94	64	3.69795
94	71	4.11811
94	114	4.30775
94	138	4.17879
94	141	4.30775
94	144	4.16432
94	146	4.52035
94	159	4.30775
94	161	4.30481
94	164	4.65551
94	179	1.87688
94	181	4.23073
94	186	4.65551
94	193	4.47568
94	225	4.71346
94	235	5.82992
94	254	4.55302
95	48	3.85814
95	91	4.30639
95	113	4.1155
95	149	4.15465
95	153	4.01732
95	158	4.15875
95	171	4.35354
95	195	2.81105
95	209	4.52741
95	211	4.65546
95	228	4.2454
95	248	4.41563
95	260	4.43842
95	266	4.69641
95	269	4.45194
95	270	4.51932
95	285	4.55844
96	29	3.73456
96	37	4.00252
96	44	4.14339
96	47	4.14339
96	50	4.14339
96	55	0.00312459
96	78	4.29005
96	99	4.06975
96	109	4.26891
96	119	4.45721
96	123	4.16709
96	125	4.48309
96	184	4.48006
96	185	4.76025
96	231	8.39412
96	236	4.77809
96	238	5.07447
97	45	3.69107
97	54	3.85164
97	56	3.68337
97	82	3.98908
97	84	4.15128
97	126	4.26328
97	137	4.28142
97	157	4.07997
97	163	1.91155
97	169	4.72393
97	198	4.5152
97	220	4.61996
97	221	4.6562
97	236	4.59933
97	256	4.71973
97	267	4.83101
97	271	5.00388
97	275	4.87681
98	5	3.88383
98	53	3.55875
98	59	4.13283
98	60	4.15758
98	79	4.24081
98	90	4.33285
98	124	4.43897
98	136	4.58828
98	145	4.39853
98	175	4.58588
98	176	4.42085
98	192	5.25439
98	196	4.95552
98	216	4.88976
98	226	4.76099
98	251	4.97399
98	262	5.08
98	263	2.71819
99	67	3.97256
99	69	3.95417
99	72	0.454489
99	89	4.29005
99	96	4.13684
99	125	4.2531
99	127	4.16238
99	135	4.46109
99	140	4.48437
99	173	4.40368
99	178	4.433
99	182	4.45284
99	184	4.44981
99	185	4.7179
99	210	8.98422
99	232	4.7407
99	237	4.77
99	259	4.95389
100	60	3.16851
100	113	3.16851
100	148	3.59748
100	151	3.73201
100	172	3.99141
100	203	4.02404
100	208	3.76278
100	215	3.89532
100	243	4.08326
100	245	4.07019
100	252	3.94341
100	254	4.24521
100	265	4.00225
100	278	4.00545
100	282	3.91017
101	1	3.49842
101	2	3.57798
101	15	4.14062
101	46	4.19748
101	62	4.2223
101	77	4.31653
101	85	4.36763
101	102	4.36763
101	110	4.39262
101	117	0.035195
101	131	4.78421
101	200	4.62299
101	206	8.17823
101	215	4.67888
101	229	4.78391
101	231	4.79602
101	242	4.80916
101	268	5.03985
102	1	3.49842
102	2	3.57798
102	15	4.14062
102	46	4.19748
102	62	4.2223
102	77	4.31653
102	85	3.14236
102	90	4.36763
102	101	4.36763
102	110	4.39262
102	117	4.78421
102	200	4.62299
102	206	4.67888
102	229	4.78391
102	231	4.79602
102	242	4.80916
102	268	5.03985
102	276	5.02535
103	61	3.95238
103	72	3.74263
103	73	4.17655
103	83	4.08472
103	84	3.87259
103	87	4.06186
103	89	4.32733
103	131	4.3527
103	156	4.37706
103	157	0.986575
103	195	4.43567
103	204	4.71559
103	221	4.7282
103	231	4.75184
103	236	4.81537
103	267	5.09951
103	275	9.30419
103	282	5.01811
104	29	3.49278
104	37	3.76074
104	44	3.6573
104	45	3.9016
104	47	3.9016
104	50	3.9016
104	55	3.90028
104	79	4.12744
104	151	8.27214
104	158	4.26197
104	172	4.28564
104	194	4.554
104	208	4.29273
104	215	4.44401
104	247	4.71669
104	262	4.77516
104	265	4.5354
104	282	4.53545
105	4	3.6113
105	12	3.26813
105	17	3.83356
105	33	4.3619
105	63	4.45238
105	65	4.48558
105	78	4.32782
105	106	4.32978
105	126	3.01764
105	165	4.87118
105	179	4.5339
105	184	4.53087
105	185	4.62761
105	202	4.81106
105	231	4.82177
105	237	4.89823
105	267	5.18237
105	275	5.03495
106	54	3.73138
106	73	4.1653
106	83	3.86134
106	87	4.05061
106	89	4.32782
106	105	4.23567
106	126	4.35407
106	152	4.34145
106	156	4.36581
106	157	1.94396
106	196	4.80831
106	198	6.28333
106	216	4.59959
106	220	4.71695
106	231	4.74059
106	236	4.80412
106	267	4.9612
106	289	4.69752
107	23	3.31674
107	59	4.09085
107	124	4.1997
107	132	4.06337
107	133	4.21722
107	153	3.81635
107	162	4.38273
107	166	4.71351
107	216	4.36276
107	219	4.6453
107	230	4.45931
107	247	4.51898
107	251	4.45361
107	257	4.4782
107	260	4.65426
107	274	4.58189
107	285	4.55074
107	287	4.84799
108	9	3.72594
108	12	4.30344
108	16	3.70719
108	18	4.17919
108	24	3.94819
108	33	4.29844
108	36	4.45497
108	43	6.63596
108	59	4.47653
108	63	4.56701
108	65	4.08689
108	68	1.64595
108	69	4.60021
108	78	4.53262
108	147	4.80627
108	249	5.00653
108	258	4.87986
108	264	5.18163
109	1	4.30779
109	81	3.97194
109	92	4.06975
109	96	4.25375
109	115	4.22036
109	122	4.08466
109	130	4.34038
109	143	4.34038
109	154	4.34038
109	162	4.35866
109	166	4.26408
109	173	4.33869
109	219	4.52754
109	238	4.5497
109	259	4.55469
109	280	4.72402
109	281	4.79094
109	284	4.80723
110	1	3.49842
110	2	3.57798
110	15	4.14062
110	46	4.19748
110	62	4.21623
110	76	4.2223
110	77	4.31653
110	85	4.36763
110	101	4.36763
110	102	4.39262
110	117	4.78421
110	200	4.62299
110	206	4.67888
110	229	4.78391
110	231	4.79602
110	242	4.80916
110	268	3.94918
110	271	5.03985
111	72	4.06776
111	116	4.08195
111	127	4.28994
111	140	4.31322
111	173	4.23253
111	178	4.26185
111	182	4.28169
111	184	4.27866
111	185	4.37539
111	202	4.54675
111	210	4.34312
111	218	4.1687
111	234	4.56955
111	237	4.59885
111	259	4.60383
111	280	4.84009
111	284	4.85638
111	290	4.55571
112	23	3.66863
112	27	4.45906
112	57	3.63761
112	64	3.97154
112	81	3.69945
112	86	3.69275
112	119	4.65681
112	167	4.64658
112	170	4.41085
112	199	4.79373
112	213	4.48773
112	214	4.80904
112	218	4.57401
112	225	4.7384
112	233	4.81179
112	235	4.94709
112	250	4.79539
112	261	4.6646
113	95	3.16851
113	100	3.56019
113	148	3.98916
113	151	4.12369
113	172	4.38309
113	203	4.41572
113	208	4.15446
113	215	4.287
113	243	4.47494
113	245	4.46187
113	252	4.33509
113	254	2.92781
113	264	4.63688
113	265	4.39393
113	278	4.39713
113	282	4.30185
114	30	2.72761
114	34	6.21666
114	72	4.11811
114	94	4.28618
114	116	3.9828
114	118	4.26275
114	128	4.41504
114	141	4.75659
114	159	4.22468
114	163	4.54105
114	164	4.62525
114	165	4.52705
114	180	4.48474
114	204	4.80811
114	209	4.6957
114	223	5.00892
114	227	4.84334
114	277	4.78926
114	288	4.60952
115	21	3.48759
115	22	3.99622
115	39	3.98531
115	49	4.14046
115	70	3.82351
115	74	4.25375
115	109	4.65491
115	122	4.51922
115	130	4.77493
115	143	4.77493
115	154	5.03025
115	155	4.77493
115	162	4.72734
115	168	4.84916
115	205	6.11656
115	214	5.10029
115	261	5.15857
115	281	4.55318
115	285	4.95949
115	298	3.48759
116	25	3.87991
116	67	5.07542
116	93	4.06776
116	111	4.28618
116	114	4.19458
116	128	4.2295
116	134	4.34687
116	141	4.47289
116	164	4.41211
116	182	4.45112
116	201	4.51041
116	239	4.51825
116	241	4.52389
116	253	4.74911
116	259	4.66327
116	264	4.77518
116	277	4.99035
116	284	4.72109
116	288	4.70597
117	15	3.39349
117	23	4.24729
117	77	4.34152
117	85	4.39262
117	101	4.39262
117	102	4.39262
117	110	4.51957
117	122	4.38387
117	130	4.63959
117	143	4.63959
117	154	4.8949
117	155	4.63959
117	162	4.81612
117	170	1.93532
117	172	4.49861
117	186	4.97859
117	218	4.74356
117	225	4.98134
117	235	7.32836
118	30	3.9828
118	114	3.8912
118	128	4.04349
118	141	4.38504
118	159	4.1695
118	164	4.07461
118	177	4.42835
118	196	4.2448
118	206	4.43656
118	209	0.631236
118	220	4.33152
118	224	4.63737
118	227	7.48428
118	272	4.47179
118	277	4.41771
118	288	4.42096
119	34	3.90423
119	35	4.02901
119	75	4.26891
119	96	3.69275
119	112	4.37479
119	132	4.31246
119	139	5.38577
119	151	4.29131
119	160	4.55782
119	166	4.45293
119	181	4.39109
119	188	4.70915
119	200	4.60382
119	229	4.7267
119	238	4.44534
119	246	4.69204
119	255	4.82935
119	274	4.99877
119	286	5.02308
120	32	3.25085
120	42	3.75949
120	51	3.89558
120	88	4.34188
120	137	4.4779
120	138	4.4779
120	144	4.33446
120	146	4.27373
120	150	4.4779
120	161	4.82565
120	179	7.22013
120	189	4.82565
120	193	4.69856
120	221	1.71316
120	244	5.01891
120	250	5.00108
120	286	4.93507
120	294	4.69174
121	4	4.37866
121	7	4.20728
121	10	3.60385
121	14	4.42755
121	16	3.8313
121	18	4.3033
121	24	4.0723
121	33	4.42254
121	36	4.57908
121	43	4.60064
121	63	4.69112
121	65	4.72432
121	78	6.50291
121	92	2.44136
121	93	4.59593
121	158	5.10602
121	211	5.16134
121	230	5.03055
121	270	5.09793
122	21	3.4542
122	22	3.96283
122	39	4.10707
122	70	3.79012
122	74	4.22036
122	109	4.65491
122	115	4.51957
122	117	4.48582
122	130	4.74154
122	143	4.74154
122	154	4.99686
122	155	4.74154
122	162	4.69395
122	168	3.72523
122	171	4.81576
122	205	5.79832
122	257	5.0669
122	261	5.12518
122	281	4.9261
122	298	3.4542
123	6	3.75787
123	26	3.88493
123	66	4.21731
123	75	4.36179
123	80	4.23082
123	89	4.45721
123	96	4.56309
123	132	4.50077
123	139	4.47962
123	160	4.64123
123	181	4.5794
123	188	4.89746
123	200	4.72615
123	219	4.915
123	238	4.88034
123	255	5.01765
123	274	3.81391
123	287	5.21138
123	291	4.67378
124	20	3.71977
124	28	3.86533
124	53	4.27533
124	93	4.33285
124	98	4.09085
124	107	4.42047
124	136	4.56978
124	145	7.0009
124	153	4.99848
124	169	4.38003
124	175	4.40236
124	192	4.52445
124	194	1.68276
124	207	5.18962
124	217	4.91588
124	240	4.68282
124	247	4.74249
124	251	4.9555
124	262	4.77426
125	96	4.13684
125	99	4.13015
125	127	4.03943
125	135	5.85855
125	137	4.33814
125	140	4.36142
125	173	4.31004
125	182	4.32988
125	184	4.32685
125	185	4.59495
125	210	2.50722
125	223	4.61775
125	237	4.61914
125	242	4.64704
125	259	4.65203
125	280	4.88828
125	284	4.90457
125	290	4.83093
125	294	4.60391
126	56	4.16726
126	83	3.8633
126	87	4.15128
126	97	4.32978
126	105	4.23567
126	106	4.31804
126	131	4.00285
126	145	4.35603
126	152	4.81028
126	198	4.42638
126	204	4.60155
126	220	4.7063
126	221	4.56862
126	222	4.71891
126	231	4.74255
126	236	4.68567
126	256	4.80608
126	267	5.09022
126	275	4.55116
127	17	6.14651
127	62	4.2531
127	99	4.08195
127	111	4.13015
127	125	4.4544
127	140	4.47768
127	173	4.39219
127	177	4.39699
127	178	4.4263
127	182	4.44312
127	185	2.63226
127	198	4.53985
127	202	4.71121
127	210	4.73401
127	237	4.7633
127	259	4.76829
127	280	5.00455
127	284	5.02084
127	290	4.72017
128	30	4.26275
128	114	4.19458
128	116	3.8912
128	118	4.32343
128	141	4.66499
128	159	4.44945
128	164	4.53364
128	165	4.7083
128	196	5.13593
128	197	4.52475
128	206	4.71651
128	209	4.6041
128	223	4.61146
128	224	4.91732
128	227	4.75174
128	277	4.69766
128	288	4.51792
128	292	3.28217
128	293	4.70091
129	41	4.05006
129	57	3.87296
129	58	3.95545
129	68	4.40118
129	147	4.50371
129	189	4.42405
129	190	6.37206
129	194	4.82624
129	197	4.53627
129	201	4.50172
129	204	4.76567
129	207	4.66304
129	222	4.63846
129	232	4.6034
129	241	4.85565
129	244	4.53075
129	246	2.65193
129	269	4.96386
129	283	4.62651
130	21	3.3185
130	22	3.82713
130	39	5.67092
130	65	3.97137
130	70	4.08466
130	109	4.51922
130	115	4.38387
130	117	4.48582
130	122	4.60584
130	143	2.56213
130	150	4.60584
130	154	4.86116
130	155	4.60584
130	162	4.55826
130	168	4.68007
130	205	4.9312
130	261	4.98948
130	281	4.7904
131	38	3.85783
131	54	4.01839
131	56	4.09619
131	61	3.85013
131	82	4.24767
131	83	0.035195
131	101	4.32733
131	103	4.31804
131	126	4.43003
131	137	9.09114
131	144	4.43644
131	152	4.68196
131	220	4.76608
131	256	4.88649
131	267	4.99776
131	271	5.17063
131	275	5.04357
131	289	4.63157
131	292	5.02322
132	6	0.89196
132	51	4.33076
132	80	4.19979
132	89	4.32837
132	92	4.1997
132	107	4.37479
132	119	4.56309
132	123	4.46973
132	139	4.42868
132	150	4.44859
132	160	4.71509
132	166	4.6102
132	181	4.54837
132	188	4.57558
132	189	4.73491
132	222	4.76109
132	229	4.88397
132	238	5.18035
132	291	7.82622
133	28	3.83786
133	53	4.08686
133	60	6.70805
133	86	4.24786
133	93	4.06337
133	107	4.54231
133	145	4.35256
133	175	4.53991
133	176	4.43101
133	191	4.37489
133	192	4.49697
133	194	4.90955
133	216	4.84379
133	226	4.65535
133	247	4.71502
133	251	3.16278
133	261	4.92803
133	262	5.03403
133	263	4.74678
134	41	3.88178
134	68	4.2295
134	116	2.83817
134	140	4.32751
134	147	4.43003
134	189	4.35038
134	190	4.75257
134	197	4.4626
134	201	4.56478
134	232	4.52189
134	239	4.52973
134	241	4.78197
134	244	4.45707
134	246	4.78248
134	247	4.60116
134	249	4.53536
134	253	4.80141
134	258	4.67475
134	264	4.89018
135	43	3.80339
135	67	4.16238
135	99	4.03943
135	125	4.36368
135	140	4.38696
135	173	4.30627
135	178	4.33558
135	182	4.35543
135	184	4.3524
135	185	4.44913
135	202	4.62049
135	210	5.44773
135	219	4.64329
135	237	4.67259
135	259	4.67757
135	280	4.91383
135	284	4.93012
135	290	4.85648
135	294	4.62945
136	20	4.04216
136	34	6.15937
136	37	3.64637
136	59	4.22045
136	60	4.08757
136	72	4.32843
136	90	4.38144
136	93	4.43897
136	98	4.42047
136	124	4.48615
136	175	4.6735
136	176	4.56459
136	191	4.50847
136	192	4.97738
136	226	4.84861
136	251	2.43581
136	258	5.06161
136	262	5.16762
136	263	4.88037
137	14	4.18742
137	84	4.26328
137	97	4.34188
137	120	5.85855
137	125	4.43003
137	131	4.59763
137	138	4.59763
137	144	4.45419
137	146	4.4554
137	156	4.59763
137	161	4.94538
137	179	4.94538
137	193	5.01518
137	228	4.8309
137	231	4.60512
137	248	4.77534
137	260	4.81165
137	270	4.00054
137	283	4.66316
137	292	4.70852
138	19	3.5066
138	32	3.5066
138	42	4.01524
138	51	4.15133
138	88	4.30775
138	94	4.4779
138	120	4.59763
138	137	4.73364
138	144	4.59021
138	146	4.52948
138	150	4.73364
138	161	2.94174
138	163	5.0814
138	179	5.0814
138	193	4.95431
138	221	6.9294
138	242	5.27465
138	250	5.25683
138	286	5.19081
138	294	4.94749
139	26	6.17785
139	54	3.79157
139	66	4.12396
139	75	4.26844
139	80	4.31246
139	119	4.50077
139	123	4.46973
139	132	4.65276
139	166	4.47269
139	177	4.54788
139	181	4.48604
139	188	4.82643
139	196	5.23615
139	217	4.6328
139	219	4.97353
139	234	4.82165
139	238	3.68955
139	244	4.78699
139	255	4.92429
139	274	5.11803
140	17	4.1021
140	67	4.17386
140	69	4.46109
140	99	4.28994
140	111	4.33814
140	125	4.4544
140	127	2.83817
140	134	4.36368
140	135	4.68567
140	173	4.60498
140	178	4.63429
140	182	4.65414
140	184	4.65111
140	185	4.74784
140	202	7.44725
140	246	4.9713
140	259	4.95654
140	268	4.97628
140	280	5.22883
140	290	4.92816
141	28	3.58005
141	30	4.17879
141	94	4.41504
141	114	4.34687
141	116	4.04349
141	118	4.32343
141	128	4.81728
141	159	4.60174
141	164	4.50685
141	177	4.58774
141	180	4.86059
141	196	4.54542
141	204	4.67704
141	206	4.8688
141	209	4.76375
141	224	5.06961
141	227	5.92763
141	254	4.90403
141	277	4.84995
141	288	4.67021
142	11	2.66358
142	16	3.58827
142	23	4.03296
142	27	6.95982
142	66	4.16061
142	71	4.38105
142	76	4.33587
142	81	4.05449
142	82	4.06378
142	86	5.02115
142	167	4.69339
142	186	4.56049
142	187	4.77518
142	199	4.85206
142	214	4.93834
142	225	5.17612
142	235	5.02894
142	268	5.25719
142	272	4.92243
142	279	5.18784
143	21	3.57421
143	22	4.08285
143	39	4.07193
143	49	4.22709
143	70	3.91013
143	74	4.34038
143	109	4.77493
143	115	4.63959
143	117	4.74154
143	122	4.60584
143	130	4.86156
143	154	5.11687
143	155	4.86156
143	162	4.81397
143	168	4.93578
143	205	0.0524784
143	216	9.74617
143	248	5.18691
143	261	5.2452
143	281	5.04612
143	298	3.57421
144	10	3.67377
144	19	3.5066
144	32	3.5066
144	42	4.01524
144	51	4.15133
144	88	4.30775
144	94	4.4779
144	120	9.09114
144	131	4.59763
144	137	4.73364
144	138	4.59021
144	146	4.52948
144	150	4.73364
144	161	5.0814
144	179	5.0814
144	193	4.95431
144	221	5.27465
144	250	5.25683
144	286	5.19081
144	294	4.94749
145	20	3.9752
145	28	3.67381
145	31	4.36976
145	60	4.39451
145	79	4.34636
145	89	4.53075
145	93	4.58828
145	98	4.56978
145	124	4.00285
145	126	4.54231
145	133	4.63546
145	175	4.82281
145	176	5.89163
145	187	4.7139
145	191	4.65778
145	192	4.77987
145	194	4.91761
145	205	4.93825
145	247	5.21092
145	262	5.02968
146	32	3.36316
146	42	3.8718
146	51	4.00789
146	88	4.16432
146	94	4.33446
146	120	4.45419
146	137	4.59021
146	138	4.59021
146	144	4.38604
146	150	4.59021
146	161	4.93796
146	179	4.93796
146	193	4.81087
146	221	5.13122
146	250	2.90179
146	259	6.44874
146	265	5.11339
146	286	5.04738
146	294	4.80405
147	41	3.88582
147	58	3.96831
147	68	4.53262
147	108	4.40118
147	129	4.32751
147	134	4.59021
147	168	4.38411
147	185	4.54913
147	201	4.77853
147	207	4.91957
147	210	4.65132
147	232	4.97685
147	234	4.60842
147	239	4.86851
147	244	4.6877
147	249	4.6219
147	253	4.88795
147	258	4.76128
147	264	4.74441
147	273	4.97672
148	100	3.56019
148	113	3.98916
148	151	4.12369
148	172	4.38309
148	203	4.41572
148	208	4.15446
148	215	0.001241
148	228	4.287
148	243	4.47494
148	245	4.46187
148	252	4.33509
148	254	7.04957
148	255	4.63688
148	265	4.39393
148	278	4.39713
148	282	4.30185
149	14	3.93776
149	48	2.61203
149	56	4.23145
149	91	4.1155
149	95	4.40706
149	150	4.52796
149	153	4.39063
149	158	4.53206
149	171	4.72685
149	195	4.68358
149	206	4.76294
149	223	6.87443
149	224	5.02877
149	228	4.95604
149	230	4.76435
149	257	4.78894
149	260	4.81173
149	266	4.89263
149	285	4.93175
149	295	4.72212
150	66	4.27373
150	120	2.56213
150	130	4.42868
150	132	4.52948
150	138	4.52948
150	144	4.38604
150	146	4.40706
150	149	4.34521
150	160	4.52948
150	161	4.45031
150	171	4.87723
150	179	4.50683
150	181	4.44499
150	188	4.87723
150	193	4.94702
150	228	7.13615
150	235	4.74594
150	255	4.98797
150	269	4.7435
150	270	4.85
151	24	3.59349
151	25	3.68842
151	74	3.59748
151	100	4.12744
151	104	3.98916
151	113	5.38577
151	119	3.98916
151	148	4.55266
151	172	4.81206
151	203	4.84469
151	208	4.58343
151	215	4.71597
151	243	4.90391
151	245	4.89084
151	252	4.76406
151	254	5.06586
151	265	4.8229
151	278	4.8261
151	282	4.73082
152	54	4.13418
152	61	3.85174
152	73	4.28566
152	83	4.19383
152	84	4.35407
152	106	4.35603
152	126	4.43644
152	131	4.46181
152	156	4.48617
152	157	1.0844
152	168	8.44203
152	181	4.92868
152	198	4.54478
152	204	4.71995
152	220	4.82471
152	221	4.86095
152	236	4.92448
152	267	5.20862
152	275	5.08156
152	289	5.06121
153	14	3.73711
153	40	3.97691
153	48	4.2706
153	91	4.15465
153	95	4.21722
153	107	7.0009
153	124	4.52796
153	149	4.57121
153	171	4.766
153	195	4.93987
153	211	2.7393
153	227	4.99519
153	230	4.65786
153	248	4.80349
153	257	4.82809
153	260	4.85088
153	266	5.10887
153	269	4.8644
153	270	4.93178
153	285	4.9709
154	21	3.57421
154	22	4.08285
154	39	3.03578
154	43	4.07193
154	49	4.22709
154	70	3.91013
154	74	4.34038
154	109	4.77493
154	115	4.63959
154	117	4.74154
154	122	4.60584
154	130	4.86156
154	143	5.11687
154	155	4.86156
154	162	4.81397
154	168	4.93578
154	205	6.57096
154	225	5.18691
154	261	5.2452
154	281	5.04612
154	298	3.57421
155	21	3.82953
155	22	4.33817
155	39	4.32725
155	49	4.48241
155	70	4.16545
155	74	3.7485
155	84	5.03025
155	115	4.8949
155	117	4.99686
155	122	4.86116
155	130	5.11687
155	143	5.11687
155	154	5.11687
155	162	5.06929
155	168	5.1911
155	205	2.47925
155	251	5.44223
155	261	4.07741
155	266	5.50051
155	281	5.30143
155	298	3.82953
156	19	4.12156
156	61	3.83911
156	73	4.15835
156	89	4.3527
156	103	4.34145
156	106	4.4554
156	137	4.46181
156	152	4.47355
156	157	4.2721
156	163	6.15962
156	197	4.91605
156	198	4.70733
156	220	2.86819
156	223	4.84832
156	236	4.79145
156	256	4.91185
156	267	5.196
156	275	5.1146
156	286	5.06893
156	289	5.04858
157	11	4.14592
157	61	4.07323
157	72	3.86348
157	73	4.2974
157	83	4.20557
157	84	3.99344
157	87	4.28142
157	97	4.37706
157	103	4.36581
157	106	4.48617
157	152	4.47355
157	156	4.94042
157	198	4.80047
157	233	4.81581
157	256	4.93622
157	267	5.22036
157	275	5.13896
157	286	5.0933
157	289	5.07295
157	294	4.82962
158	48	1.35127
158	65	4.13328
158	91	4.01732
158	95	8.27214
158	104	4.59593
158	121	4.39063
158	149	4.5943
158	165	4.43388
158	171	4.62867
158	195	4.74662
158	200	4.80254
158	211	4.85786
158	230	4.52054
158	248	4.66617
158	257	4.69076
158	260	4.71355
158	266	4.72707
158	270	4.79445
158	285	4.83358
158	295	4.62394
159	30	2.45612
159	50	3.96249
159	59	4.52035
159	94	4.75659
159	114	4.38504
159	118	4.66499
159	128	4.81728
159	141	4.62692
159	163	4.9433
159	164	5.02749
159	165	4.9293
159	180	2.57587
159	198	4.88698
159	204	5.21036
159	209	5.09795
159	223	5.41117
159	227	4.36397
159	233	5.24559
159	277	5.1915
159	288	5.01177
160	35	3.17533
160	36	4.10281
160	75	4.24729
160	80	4.24489
160	92	4.29131
160	119	4.47962
160	123	4.44859
160	132	4.34521
160	150	4.63161
160	166	4.52673
160	181	4.46489
160	188	4.80528
160	196	5.215
160	217	4.61165
160	219	4.65143
160	222	4.8005
160	238	4.76584
160	255	5.9694
160	273	4.90314
160	274	5.09688
161	19	3.5066
161	32	3.5066
161	42	4.01524
161	51	4.15133
161	88	4.30775
161	94	4.4779
161	120	4.59763
161	137	4.73364
161	138	4.73364
161	144	4.59021
161	146	4.52948
161	150	5.93289
161	170	5.0814
161	179	5.0814
161	193	4.95431
161	221	5.27465
161	250	3.14693
161	276	5.25683
161	286	5.19081
161	294	4.94749
162	21	3.57421
162	22	4.08285
162	39	4.07193
162	49	4.22709
162	70	3.91013
162	74	3.81635
162	107	4.34038
162	109	4.77493
162	115	4.63959
162	117	4.74154
162	122	4.60584
162	130	4.86156
162	143	4.86156
162	154	5.11687
162	155	4.81397
162	168	5.42484
162	169	4.93578
162	205	5.18691
162	261	5.2452
162	281	5.04612
162	298	3.57421
163	56	4.07997
163	97	4.22468
163	114	2.94174
163	138	4.2721
163	156	4.62692
163	159	4.29268
163	192	4.41477
163	194	4.73896
163	198	4.67844
163	209	4.82735
163	216	4.87925
163	227	4.67124
163	236	4.57315
163	247	6.60222
163	250	4.84582
163	262	4.73477
163	267	4.84604
163	271	4.71367
163	277	4.66458
163	287	4.65959
164	5	3.70606
164	30	3.74695
164	59	4.30481
164	94	4.54105
164	114	4.47289
164	116	4.1695
164	118	4.44945
164	128	4.60174
164	141	4.9433
164	159	5.03407
164	166	4.63286
164	177	4.98661
164	196	4.67144
164	204	4.99481
164	209	4.88241
164	223	5.19562
164	227	5.03005
164	277	4.2819
164	281	4.97596
164	288	4.97921
165	64	6.79932
165	73	4.38035
165	81	4.43512
165	91	3.01764
165	105	4.62525
165	114	4.53364
165	128	4.5943
165	158	5.02749
165	159	5.05539
165	170	4.60497
165	187	5.07901
165	209	5.14721
165	233	4.82238
165	248	4.99261
165	260	5.02892
165	270	5.11424
165	277	4.96691
165	279	5.0963
165	285	5.06016
165	288	0.0164009
166	6	3.90987
166	26	4.51379
166	80	4.09996
166	82	4.5114
166	92	4.38273
166	107	4.35866
166	109	4.55782
166	119	4.71509
166	132	4.65276
166	139	4.63161
166	160	5.03407
166	164	4.73139
166	188	4.75861
166	189	5.3907
166	205	4.87815
166	219	4.94412
166	229	5.067
166	238	5.03234
166	255	5.16965
166	274	5.26348
166	281	5.36338
167	27	4.21591
167	64	4.37457
167	71	4.54983
167	81	4.26846
167	82	4.27774
167	86	0.948358
167	92	4.65681
167	112	5.02115
167	142	5.45886
167	169	5.23805
167	174	4.73999
167	183	4.90735
167	186	7.93351
167	192	4.98914
167	199	5.15231
167	225	5.39008
167	235	1.67858
167	240	5.37369
167	261	5.47116
167	272	5.13639
167	279	5.4018
168	80	4.72734
168	115	4.69395
168	122	4.55826
168	130	4.81397
168	143	4.59021
168	147	1.0844
168	152	4.81397
168	154	5.06929
168	155	4.81397
168	162	4.98619
168	203	4.9547
168	207	4.78459
168	239	4.89009
168	243	5.07803
168	245	4.79807
168	253	4.93819
168	254	4.93746
168	264	5.23998
168	265	7.93481
168	270	5.18173
168	271	5.00022
169	3	4.29798
169	9	4.7311
169	13	4.6949
169	24	4.4039
169	28	4.10251
169	31	4.81414
169	36	4.97067
169	43	4.59831
169	71	4.90643
169	90	1.91155
169	97	4.99848
169	124	5.42484
169	162	5.45886
169	167	5.1311
169	186	4.9982
169	187	5.15085
169	189	5.1426
169	191	5.21289
169	199	3.36343
169	236	5.6
169	240	5.45838
170	27	4.31518
170	52	4.20567
170	64	0.468593
170	72	4.58477
170	76	4.5396
170	81	4.26751
170	86	4.64658
170	112	4.81612
170	117	5.93289
170	161	5.05539
170	165	4.76422
170	187	4.97891
170	199	5.36178
170	213	5.05578
170	214	5.3771
170	218	5.30646
170	233	5.37985
170	235	5.46092
170	272	5.12616
170	279	4.108
170	280	5.39156
171	14	3.98101
171	48	4.15875
171	95	3.72523
171	122	4.53206
171	149	4.45031
171	150	4.57121
171	153	4.43388
171	158	4.7701
171	195	4.88805
171	200	4.75653
171	222	5.07202
171	228	4.66197
171	248	4.8076
171	257	4.83219
171	260	4.85498
171	266	5.11298
171	269	4.8685
171	270	4.93588
171	285	6.34684
171	289	4.97501
171	295	4.76537
172	25	3.85947
172	38	3.73201
172	100	4.26197
172	104	4.12369
172	113	1.93532
172	117	4.12369
172	148	4.55266
172	151	4.9466
172	203	4.8486
172	205	8.37536
172	206	4.97923
172	208	4.71796
172	215	4.8505
172	243	5.03844
172	245	5.02537
172	252	4.89859
172	254	5.20039
172	265	5.19963
172	276	4.95743
172	278	4.96063
172	282	4.86535
173	17	4.19714
173	69	4.48437
173	99	4.26408
173	109	4.31322
173	111	4.36142
173	125	4.47768
173	127	4.38696
173	135	4.68567
173	140	4.62826
173	178	4.67742
173	184	4.67439
173	185	4.94249
173	210	4.96528
173	237	4.96668
173	242	4.99458
173	259	4.99957
173	280	5.23582
173	284	5.25211
173	290	3.50854
173	292	7.47235
173	295	4.95144
174	12	4.00209
174	18	4.24309
174	33	4.77143
174	63	4.21885
174	64	4.86191
174	65	4.89511
174	78	5.23805
174	167	4.7774
174	187	1.09097
174	200	4.57952
174	201	4.99486
174	215	5.15525
174	225	5.31964
174	233	5.1274
174	243	5.31534
174	245	5.1755
174	254	5.50159
174	263	5.23433
174	278	5.13934
174	279	5.23753
174	282	5.14225
175	15	5.53565
175	27	4.04713
175	72	4.28799
175	90	4.34101
175	93	4.39853
175	98	4.38003
175	124	4.35256
175	133	4.48615
175	136	4.63546
175	145	4.63306
175	176	4.52416
175	191	4.59012
175	194	4.72786
175	205	5.0027
175	216	4.93694
175	226	4.98155
175	240	4.7485
175	247	4.80817
175	251	5.02118
175	262	5.12718
175	263	4.83993
176	17	3.91121
176	20	3.9728
176	28	3.67141
176	31	4.23448
176	72	4.39211
176	79	4.47534
176	90	4.58588
176	98	4.53991
176	133	4.6735
176	136	4.82281
176	145	4.63306
176	175	4.7115
176	191	4.65538
176	192	4.77747
176	194	5.19005
176	216	5.77274
176	221	5.1689
176	240	4.93585
176	247	4.99552
176	251	5.20852
176	262	5.31453
177	55	3.85686
177	66	4.18924
177	75	6.45159
177	83	4.20275
177	89	4.07461
177	118	4.39219
177	127	4.47269
177	139	4.50685
177	141	4.63286
177	164	4.61316
177	181	4.68563
177	202	4.89992
177	209	4.85699
177	210	4.69808
177	219	5.10073
177	227	4.87979
177	237	4.90909
177	259	4.98958
177	274	4.93515
177	277	4.88107
177	288	5.09298
178	6	4.04469
178	67	4.11645
178	69	4.40368
178	99	4.23253
178	111	4.39699
178	127	4.30627
178	135	4.60498
178	140	4.62826
178	173	4.57688
178	182	4.59672
178	184	4.59369
178	185	4.69043
178	202	4.86179
178	210	4.87388
178	231	4.88459
178	237	4.91388
178	259	4.89913
178	268	4.91887
178	280	5.15512
178	284	6.00815
178	286	5.17141
179	19	3.85436
179	32	3.85436
179	42	4.36299
179	51	4.49908
179	88	4.65551
179	94	4.87118
179	105	4.82565
179	120	4.94538
179	137	5.0814
179	138	5.0814
179	144	4.93796
179	146	4.87723
179	150	5.0814
179	161	5.42915
179	193	5.30206
179	221	5.62241
179	250	5.60458
179	286	5.53857
179	294	3.60711
179	296	5.29524
179	297	2.1821
180	29	3.92429
180	37	4.19225
180	44	4.08881
180	45	4.33311
180	47	4.33311
180	50	4.33311
180	55	4.52705
180	114	4.58774
180	141	4.9293
180	159	3.71201
180	188	4.98551
180	208	4.98081
180	209	4.72424
180	215	5.18162
180	227	5.04472
180	245	6.58138
180	269	5.01605
180	277	4.96371
180	278	4.96691
180	282	4.96196
180	288	4.87163
181	34	4.13965
181	35	3.93204
181	66	4.26443
181	75	4.40891
181	80	1.87688
181	94	4.45293
181	119	4.64123
181	123	4.6102
181	132	4.54788
181	139	4.50683
181	150	8.44203
181	152	4.52673
181	160	4.61316
181	177	4.62651
181	188	4.94457
181	200	5.37661
181	217	4.77327
181	219	4.96212
181	238	4.92746
181	255	5.23418
181	286	5.2585
182	10	6.72608
182	48	4.074
182	67	4.14577
182	69	4.433
182	99	4.26185
182	111	4.41211
182	116	4.31004
182	125	4.4263
182	127	4.33558
182	135	4.63429
182	140	4.57688
182	178	4.62604
182	184	4.71975
182	202	4.89111
182	210	4.9032
182	231	4.9153
182	242	4.9432
182	259	4.92845
182	268	4.94819
182	280	5.18444
182	284	5.20073
183	86	4.73999
183	167	4.41223
183	186	4.35232
183	190	4.75451
183	197	4.49402
183	199	4.69394
183	207	4.8769
183	213	3.09197
183	227	4.56673
183	232	4.52383
183	239	4.62933
183	243	4.78392
183	244	4.80421
183	252	4.67743
183	254	4.97922
183	265	4.97603
183	272	4.73626
183	278	4.73946
183	282	7.42794
183	294	4.64419
183	296	4.70309
184	38	3.66744
184	46	4.16561
184	69	4.48309
184	96	4.45284
184	99	4.5339
184	105	4.28169
184	111	4.32988
184	125	4.35543
184	135	4.65414
184	140	4.67742
184	173	4.59672
184	178	4.62604
184	182	6.60691
184	188	4.73959
184	202	4.91095
184	210	4.96304
184	259	4.94829
184	268	4.96803
184	280	5.20428
184	284	5.22057
184	290	4.91991
185	67	4.16258
185	69	4.48006
185	96	4.44981
185	99	4.53087
185	105	4.27866
185	111	4.32685
185	125	4.44312
185	127	4.3524
185	135	4.65111
185	140	4.38411
185	147	4.67439
185	173	4.59369
185	178	4.73656
185	202	6.04819
185	208	4.90792
185	210	4.93072
185	237	4.96001
185	259	4.965
185	280	5.20125
185	284	5.21754
185	290	4.91688
186	11	4.04681
186	71	4.26726
186	76	4.22208
186	81	4.23073
186	94	4.49861
186	117	4.69339
186	142	4.90735
186	167	5.1311
186	169	4.41223
186	183	4.4467
186	187	6.54319
186	207	5.04427
186	213	4.73827
186	214	5.05958
186	218	4.87729
186	221	4.82455
186	225	4.98894
186	233	5.06233
186	235	3.28988
186	258	5.1434
186	272	4.80864
187	11	3.86476
187	52	3.81709
187	86	4.56049
187	142	5.89163
187	145	4.60497
187	165	4.9982
187	169	4.76422
187	170	4.7774
187	174	4.4467
187	186	4.91137
187	213	4.92668
187	218	4.69165
187	225	4.85604
187	233	4.92943
187	235	5.06473
187	250	4.91304
187	261	4.78225
187	268	5.0105
187	272	4.67574
187	279	4.12195
187	291	4.94115
188	34	4.07781
188	35	4.20259
188	75	4.39109
188	119	4.5794
188	123	4.54837
188	132	4.48604
188	139	4.44499
188	150	4.46489
188	160	4.73139
188	166	3.71201
188	180	4.62651
188	181	6.60691
188	184	4.90506
188	196	4.88273
188	200	4.71143
188	219	4.90028
188	238	4.61892
188	246	4.86562
188	255	5.00293
188	274	5.17234
188	286	5.19666
189	11	3.77036
189	26	3.96973
189	86	4.37188
189	92	7.22013
189	120	4.50371
189	129	4.57558
189	132	4.43003
189	134	4.75861
189	166	5.15085
189	169	4.88106
189	207	4.75801
189	214	4.73864
189	219	4.8443
189	225	4.75384
189	232	5.00869
189	233	4.89283
189	255	4.99048
189	258	2.5998
189	262	5.10809
189	271	4.84694
189	273	5.03014
190	58	3.99118
190	68	3.19524
190	83	4.42405
190	129	4.35038
190	134	4.35232
190	183	4.85262
190	196	4.86197
190	197	4.572
190	201	4.8014
190	207	4.67419
190	232	4.99972
190	234	4.63129
190	239	4.84209
190	242	4.89138
190	244	6.25368
190	245	4.71057
190	249	4.64477
190	253	4.78416
190	264	4.76729
190	273	4.99959
190	283	4.81056
191	22	3.8639
191	28	3.56251
191	31	6.24005
191	33	4.08016
191	34	4.00945
191	53	4.36643
191	90	4.43101
191	133	4.56459
191	136	4.7139
191	145	5.1426
191	169	4.52416
191	175	4.7115
191	176	4.8063
191	205	5.08115
191	216	5.01539
191	226	5.06
191	240	4.82694
191	247	4.88662
191	251	5.09962
191	262	5.20562
191	263	4.91838
192	53	4.20234
192	60	4.31031
192	90	4.42085
192	98	4.40236
192	124	4.37489
192	133	4.50847
192	136	4.65778
192	145	4.29268
192	163	7.93351
192	167	4.65538
192	176	4.61245
192	194	4.75018
192	205	5.02503
192	216	2.24845
192	224	5.00388
192	240	4.77082
192	247	4.83049
192	251	5.0435
192	262	5.1495
192	263	5.04372
192	271	4.86226
193	19	3.85436
193	32	3.85436
193	42	4.36299
193	51	4.49908
193	88	4.65551
193	94	4.82565
193	120	4.94538
193	137	5.0814
193	138	5.0814
193	144	4.93796
193	146	4.87723
193	150	5.0814
193	161	5.42915
193	179	3.91947
193	217	5.30206
193	221	5.62241
193	250	5.95924
193	257	1.1711
193	283	5.60458
193	286	5.53857
193	294	5.29524
194	5	3.92986
194	28	4.07542
194	53	4.4324
194	90	4.28564
194	104	4.52445
194	124	6.37206
194	129	4.49697
194	133	4.77987
194	145	4.41477
194	163	4.59012
194	175	4.77747
194	176	4.61245
194	192	5.14712
194	216	5.08135
194	226	5.12597
194	240	4.89291
194	247	3.86741
194	250	4.95258
194	251	5.16559
194	262	5.27159
194	263	4.98434
195	48	4.17833
195	50	5.15401
195	63	4.46949
195	91	4.35354
195	95	0.986575
195	103	4.72685
195	149	4.766
195	153	4.62867
195	158	4.7701
195	171	4.95132
195	222	5.26681
195	228	5.19408
195	230	4.85675
195	248	5.00238
195	257	5.02698
195	260	5.04977
195	266	5.30777
195	269	5.06329
195	270	5.13067
195	285	5.16979
195	295	4.96016
196	26	4.4182
196	35	4.30153
196	58	5.25439
196	98	1.94396
196	106	4.42835
196	118	4.7083
196	128	4.82643
196	139	4.86059
196	141	4.80528
196	160	4.98661
196	164	4.90506
196	188	4.85262
196	190	5.39256
196	234	5.24067
196	238	5.02413
196	239	5.03197
196	241	5.30366
196	258	5.17699
196	264	5.2889
196	277	5.23482
196	288	3.13301
197	41	4.31088
197	58	4.39337
197	68	5.13593
197	128	4.82624
197	129	4.75257
197	134	6.15962
197	156	4.75451
197	183	4.86197
197	190	4.97419
197	201	0.0145511
197	203	5.20359
197	207	5.10096
197	222	5.07638
197	232	5.03348
197	239	5.24428
197	242	5.29357
197	244	5.11276
197	249	5.04696
197	253	5.31301
197	258	5.18635
197	264	5.16947
197	273	5.40178
198	61	4.30598
198	73	4.34236
198	82	4.64807
198	84	4.43595
198	87	4.72393
198	97	4.80831
198	106	4.81028
198	126	2.63226
198	127	4.92868
198	152	4.91605
198	156	4.94042
198	157	2.57587
198	159	4.73896
198	163	6.05672
198	200	5.1742
198	220	5.29156
198	231	5.31519
198	236	5.25832
198	256	5.37872
198	267	5.49
198	271	5.66287
198	275	5.51545
199	11	4.00096
199	27	4.1286
199	71	4.34905
199	76	4.03178
199	86	4.41085
199	112	4.77518
199	142	4.98914
199	167	5.21289
199	169	4.97891
199	170	4.49402
199	183	5.12605
199	213	4.82005
199	214	5.14137
199	218	4.89012
199	223	4.90634
199	225	5.07073
199	233	8.84741
199	253	2.28153
199	256	5.12772
199	261	5.22519
199	272	4.89043
199	279	5.15583
200	42	4.61406
200	62	4.63888
200	77	4.73311
200	85	4.78421
200	101	4.78421
200	102	4.78421
200	110	4.70915
200	119	4.89746
200	123	4.74662
200	158	4.88805
200	171	1.09097
200	174	4.94457
200	181	4.88273
200	188	6.05672
200	198	5.37022
200	234	4.9747
200	248	5.12033
200	257	5.14493
200	260	5.41481
200	281	5.24862
200	285	5.51472
200	291	5.07811
201	58	4.1034
201	68	6.4509
201	88	4.45112
201	116	4.53627
201	129	4.4626
201	134	4.54913
201	147	4.57952
201	174	4.572
201	190	4.97419
201	197	4.91362
201	207	4.78641
201	232	4.74351
201	239	4.75135
201	241	5.0036
201	244	4.82279
201	249	4.75699
201	253	5.02304
201	258	4.89637
201	264	5.14065
201	271	4.8795
201	273	5.11181
201	283	4.77446
202	17	4.18755
202	67	4.25931
202	69	5.12646
202	71	4.62761
202	105	4.37539
202	111	4.53985
202	127	4.44913
202	135	4.74784
202	140	4.68563
202	177	4.69043
202	178	4.71975
202	182	4.73959
202	184	4.73656
202	185	5.02745
202	237	5.02885
202	242	5.05675
202	259	5.78746
202	271	5.06173
202	280	5.29799
202	284	5.31428
202	290	5.24064
202	294	5.01361
203	25	3.99141
203	100	4.38309
203	113	4.38309
203	148	4.81206
203	151	4.98619
203	168	4.9466
203	172	0.0145511
203	197	7.44498
203	204	5.108
203	205	5.23863
203	208	3.57757
203	213	4.97736
203	215	5.12889
203	224	5.1099
203	243	5.29784
203	245	5.28477
203	252	5.158
203	254	5.45979
203	265	5.45904
203	276	5.21683
203	278	5.22003
203	282	5.12475
204	67	4.05205
204	87	4.43567
204	103	4.48474
204	114	4.42638
204	126	4.50172
204	129	4.54542
204	141	4.54478
204	152	4.88698
204	159	4.67144
204	164	7.44498
204	203	4.87907
204	207	4.9385
204	209	4.7903
204	220	5.13931
204	227	4.75186
204	232	4.70896
204	239	4.7168
204	241	4.72244
204	253	4.87442
204	256	4.97373
204	277	5.07726
204	283	5.1519
205	63	3.56442
205	67	4.62315
205	93	4.84916
205	115	4.81576
205	122	4.68007
205	130	4.93578
205	143	4.91761
205	145	4.93578
205	154	5.1911
205	155	4.93578
205	162	5.3907
205	166	4.8486
205	172	4.72786
205	175	4.8063
205	191	4.75018
205	192	5.108
205	203	5.28485
205	216	5.18678
205	252	5.40933
205	263	5.11884
205	278	5.12203
205	282	5.02676
206	1	3.89274
206	40	4.39598
206	46	4.45284
206	62	4.57189
206	85	4.62299
206	101	4.62299
206	102	4.62299
206	110	4.2448
206	118	4.52475
206	128	4.67704
206	141	4.68358
206	149	8.37536
206	172	5.07011
206	209	5.27093
206	227	5.22355
206	228	2.59311
206	233	4.81349
206	248	4.95912
206	257	5.0065
206	266	5.2645
206	269	5.10535
206	277	5.05126
207	68	1.68276
207	124	4.76567
207	129	4.77853
207	147	4.9547
207	168	4.69394
207	183	6.54319
207	186	4.88106
207	189	4.8014
207	190	5.20359
207	197	4.91362
207	201	4.87907
207	204	2.85218
207	215	5.0158
207	232	4.97291
207	239	4.98075
207	241	5.233
207	244	5.05219
207	249	4.98638
207	253	5.25244
207	258	5.12577
207	264	5.1089
207	273	5.3412
208	25	2.10237
208	71	4.02404
208	100	4.554
208	104	4.41572
208	113	4.41572
208	148	4.84469
208	151	4.97923
208	172	4.98551
208	180	6.04819
208	185	5.23863
208	203	5.00999
208	215	5.16152
208	224	5.14253
208	243	5.33047
208	245	5.3174
208	252	5.19063
208	254	5.49242
208	265	2.76336
208	271	5.49167
208	276	5.24946
208	278	5.25266
208	282	5.15738
209	30	2.13055
209	44	2.81105
209	95	4.80811
209	114	4.43656
209	118	4.71651
209	128	4.8688
209	141	5.21036
209	159	4.67844
209	163	4.99481
209	164	5.07901
209	165	4.89992
209	177	4.98081
209	180	4.9385
209	204	5.07011
209	206	5.14947
209	223	5.15683
209	224	5.46268
209	227	6.38385
209	263	5.2971
209	277	5.24302
209	288	5.06328
209	292	5.24627
210	8	3.64517
210	17	4.10388
210	38	4.35891
210	67	4.43067
210	69	4.7179
210	99	4.54675
210	111	4.59495
210	125	4.71121
210	127	4.62049
210	135	4.91957
210	147	4.94249
210	173	4.85699
210	177	4.86179
210	178	4.89111
210	182	4.91095
210	184	4.90792
210	185	6.35484
210	244	5.22811
210	259	5.23309
210	280	5.46935
210	284	5.48564
210	290	5.18497
211	14	4.10988
211	40	4.51221
211	57	0.22987
211	70	6.66519
211	74	4.64336
211	91	4.52741
211	95	5.10602
211	121	4.93987
211	153	4.80254
211	158	5.12519
211	222	5.44068
211	228	5.36795
211	230	4.9929
211	246	5.03063
211	248	5.17625
211	257	5.20085
211	260	5.22364
211	266	5.48164
211	269	4.78096
211	275	5.30454
211	285	5.34366
211	295	5.13403
212	4	4.0513
212	12	4.22537
212	29	4.27355
212	33	4.22537
212	37	4.49333
212	44	4.38989
212	45	4.63419
212	47	4.63419
212	50	4.63419
212	55	4.8019
212	63	4.89237
212	65	4.40797
212	71	4.62842
212	76	4.92557
212	78	5.40543
212	213	5.09943
212	214	5.3501
212	233	5.42349
212	235	3.06106
212	240	5.4071
212	261	8.22148
212	267	5.50456
213	16	3.93914
213	23	4.46233
213	52	4.35282
213	64	5.50669
213	70	4.51148
213	71	4.73192
213	76	4.68674
213	81	4.41465
213	86	4.79373
213	112	5.36178
213	170	4.8769
213	183	5.04427
213	186	4.91137
213	187	5.12605
213	199	3.57757
213	203	5.40543
213	212	5.20293
213	214	5.52425
213	218	5.45361
213	233	5.6623
213	250	5.2733
213	279	5.53871
214	23	4.07783
214	27	4.04682
214	64	4.20548
214	71	4.38074
214	81	4.09937
214	82	4.48773
214	112	6.11656
214	115	4.85206
214	142	5.05578
214	170	4.73827
214	186	4.75801
214	189	4.82005
214	199	5.09943
214	212	5.20293
214	213	5.03596
214	221	4.98322
214	225	5.221
214	235	5.07381
214	268	5.30207
214	272	4.9673
214	279	3.95988
214	284	5.23271
215	25	3.76278
215	100	8.17823
215	101	4.29273
215	104	4.15446
215	113	4.15446
215	148	4.58343
215	151	4.71796
215	172	4.99486
215	174	4.72424
215	180	4.97736
215	203	2.85218
215	207	5.00999
215	208	4.86943
215	229	4.88126
215	243	5.0692
215	245	5.05614
215	252	4.92936
215	254	5.23115
215	265	5.2304
215	276	4.9882
215	278	4.99139
215	282	4.89612
216	8	4.6946
216	12	4.04106
216	31	4.488
216	53	4.60413
216	72	4.76176
216	79	4.95552
216	98	6.28333
216	106	4.71351
216	107	4.90955
216	133	0.0524784
216	143	4.82735
216	163	5.0027
216	175	5.19005
216	176	5.08115
216	191	5.02503
216	192	5.14712
216	194	5.28485
216	205	5.49393
216	226	5.53854
216	240	5.36516
216	251	5.68417
216	263	5.39692
217	5	3.91179
217	6	0.483935
217	7	4.0158
217	8	4.60685
217	29	4.60685
217	37	4.87481
217	44	4.77137
217	45	5.01568
217	47	5.01568
217	50	5.01568
217	55	4.95269
217	75	5.01435
217	79	5.18962
217	124	5.23615
217	139	5.215
217	160	5.37661
217	181	3.91947
217	193	5.46153
217	219	5.79114
217	240	5.55808
217	247	5.64952
217	287	6.38016
218	11	3.95446
218	23	4.36813
218	64	4.52679
218	71	3.41578
218	75	4.74724
218	76	4.70206
218	81	4.42997
218	86	4.34312
218	111	4.80904
218	112	4.97859
218	117	5.3771
218	170	5.05958
218	186	4.92668
218	187	5.14137
218	199	5.52425
218	213	3.13035
218	222	5.30453
218	225	5.46892
218	233	5.54231
218	235	5.62338
218	272	5.28862
218	279	5.55403
219	35	5.58268
219	61	4.01696
219	66	4.49383
219	80	4.36285
219	89	4.36276
219	107	4.33869
219	109	4.72615
219	123	5.44773
219	135	4.6328
219	139	4.61165
219	160	4.87815
219	166	4.69808
219	177	4.77327
219	181	4.71143
219	188	4.73864
219	189	5.46153
219	217	4.92416
219	229	5.04704
219	238	4.76568
219	246	5.01238
219	255	5.14968
219	274	5.34342
220	38	4.14134
220	54	4.3019
220	56	4.09726
220	73	4.53118
220	83	4.22722
220	87	4.5152
220	97	4.59959
220	106	0.631236
220	118	4.60155
220	126	4.68196
220	131	4.71995
220	152	4.70733
220	156	5.1742
220	198	4.7903
220	204	5.07023
220	221	5.00863
220	224	5.10647
220	236	5.04959
220	256	9.9002
220	262	5.17
220	267	5.45414
220	275	5.32708
221	48	4.29535
221	52	4.61996
221	97	4.71559
221	103	4.69856
221	120	4.7063
221	126	4.95431
221	138	4.95431
221	144	4.81087
221	146	4.82471
221	152	4.95431
221	161	5.77274
221	176	5.30206
221	179	4.87729
221	186	5.30206
221	193	5.03596
221	214	5.07023
221	220	5.21283
221	268	5.44109
221	272	5.10633
221	279	5.01984
221	292	5.37174
221	293	4.8303
222	53	4.56862
222	126	4.66304
222	129	4.73491
222	132	4.65143
222	160	4.75653
222	171	4.95132
222	195	5.10096
222	197	5.12519
222	211	3.13035
222	218	4.96394
222	229	5.08682
222	238	4.87812
222	241	4.80546
222	246	4.94955
222	249	5.05216
222	255	4.98882
222	257	5.14981
222	258	5.00627
222	273	5.18947
222	274	5.1171
222	285	5.15623
222	295	4.94659
223	23	5.65501
223	47	4.11688
223	64	4.6957
223	114	2.50722
223	125	4.6041
223	128	4.76294
223	149	2.86819
223	156	5.09795
223	159	4.88241
223	164	4.89012
223	199	5.14947
223	209	5.35028
223	227	5.3029
223	228	5.23016
223	230	5.21767
223	233	5.03847
223	257	5.08585
223	266	5.34385
223	269	5.37213
223	272	5.13061
223	288	5.30278
223	293	4.99624
224	54	4.34506
224	56	4.4825
224	84	4.33152
224	118	4.61146
224	128	4.76375
224	141	6.87443
224	149	2.24845
224	192	5.12889
224	203	5.16152
224	208	5.15683
224	209	5.00863
224	220	5.35764
224	227	5.14962
224	236	5.03279
224	243	5.22073
224	245	2.01138
224	248	5.20767
224	252	5.38268
224	265	5.19206
224	277	5.13798
224	288	5.37023
224	289	5.04765
225	23	5.1866
225	26	4.16412
225	27	4.1331
225	64	4.51221
225	76	4.46703
225	81	4.47568
225	94	4.57401
225	112	4.74356
225	117	4.93834
225	142	6.57096
225	154	5.15231
225	167	5.15525
225	174	4.82455
225	186	4.69165
225	187	4.8443
225	189	4.90634
225	199	4.98322
225	214	5.30453
225	218	5.30728
225	235	5.1601
225	268	5.38835
225	272	5.05359
225	279	5.319
226	5	4.21509
226	20	4.27668
226	28	3.9753
226	31	4.42224
226	53	4.09716
226	59	4.69599
226	79	4.64785
226	89	4.77922
226	90	4.83224
226	93	4.88976
226	98	4.84379
226	133	4.97738
226	136	4.93694
226	175	5.01539
226	191	5.08135
226	194	5.49393
226	216	5.47278
226	240	7.22343
226	243	5.23973
226	247	5.2994
226	251	5.61841
226	263	5.27301
226	275	5.33116
227	5	5.92627
227	29	4.17393
227	30	4.21482
227	59	5.00892
227	114	4.63737
227	118	4.91732
227	128	5.06961
227	141	2.7393
227	153	5.41117
227	159	4.87925
227	163	5.19562
227	164	5.10073
227	177	5.18162
227	180	3.09197
227	183	5.13931
227	204	5.27093
227	206	5.46268
227	209	5.35028
227	223	5.35764
227	224	5.49792
227	277	5.44383
227	288	5.26409
227	292	5.44708
228	14	4.23793
228	40	4.47772
228	48	5.84374
228	58	4.16744
228	59	6.00545
228	80	4.65546
228	95	5.01518
228	137	0.001241
228	148	5.02877
228	149	4.94702
228	150	5.07202
228	171	5.26681
228	195	5.22355
228	206	5.44068
228	211	5.3029
228	223	5.496
228	230	5.15868
228	248	5.3289
228	260	5.35169
228	266	5.60969
228	269	5.36521
228	270	5.47172
228	295	5.26208
229	2	4.45187
229	46	4.53355
229	77	4.5598
229	80	4.62778
229	85	4.67888
229	101	4.67888
229	102	4.67888
229	110	4.60382
229	119	4.76109
229	132	4.94412
229	166	4.86943
229	215	4.92416
229	219	4.96394
229	222	5.11301
229	238	5.00196
229	243	5.18991
229	245	4.83165
229	246	9.2783
229	251	5.17684
229	252	2.91014
229	253	5.05006
229	254	5.35185
229	265	5.01682
230	5	4.09471
230	59	4.69868
230	91	4.6453
230	107	5.16134
230	121	4.95604
230	149	4.99519
230	153	4.85786
230	158	5.19408
230	195	5.36795
230	211	5.23016
230	223	5.496
230	228	2.99388
230	231	7.20539
230	241	5.04822
230	246	5.08594
230	248	5.25617
230	260	5.27896
230	266	5.53696
230	269	5.29248
230	270	2.77566
230	277	5.35986
230	285	5.39898
230	295	5.18935
231	8	4.5569
231	46	4.61376
231	62	4.63858
231	77	4.55671
231	84	4.73281
231	85	4.76025
231	96	4.78391
231	101	4.78391
231	102	4.7282
231	103	4.81106
231	105	4.71695
231	106	4.78391
231	110	4.71891
231	126	4.8309
231	137	4.87388
231	178	4.9032
231	182	5.29156
231	198	2.99388
231	230	5.22544
231	268	8.36477
231	274	5.24518
231	280	5.48144
231	284	5.19706
232	68	3.92365
232	74	8.98422
232	99	4.63846
232	129	4.56478
232	134	4.65132
232	147	4.56673
232	183	4.75384
232	189	4.67419
232	190	5.07638
232	197	4.78641
232	201	4.75186
232	204	5.0158
232	207	4.8457
232	239	4.85354
232	241	5.10578
232	244	4.92497
232	249	4.85917
232	253	5.12522
232	258	4.99856
232	264	4.98169
232	273	5.30033
232	276	5.21399
232	283	2.11163
233	27	4.407
233	52	4.29749
233	64	4.45616
233	71	4.6766
233	76	4.7384
233	112	4.80047
233	157	4.36397
233	159	5.14721
233	165	5.30646
233	170	5.31964
233	174	4.98894
233	186	4.85604
233	187	5.00869
233	189	5.07073
233	199	2.59311
233	206	5.3501
233	212	5.45361
233	213	5.46892
233	218	5.21767
233	223	5.47167
233	235	5.55274
233	272	5.21798
233	279	5.48339
234	6	4.23064
234	26	4.34424
234	29	4.5653
234	35	4.34424
234	37	4.35513
234	41	4.6122
234	44	4.50876
234	45	4.75306
234	47	4.75306
234	50	4.75306
234	55	4.83216
234	92	4.1687
234	111	4.97353
234	139	4.97685
234	147	4.99972
234	190	5.39256
234	196	5.37022
234	200	5.17123
234	239	5.2505
234	249	5.1847
234	253	5.30722
234	273	5.49042
234	274	7.47465
235	11	4.4019
235	27	4.48039
235	52	2.13371
235	57	4.37088
235	64	4.70481
235	81	4.71346
235	94	4.81179
235	112	4.98134
235	117	5.17612
235	142	7.13615
235	150	5.39008
235	167	5.37985
235	170	5.06233
235	186	4.92943
235	187	5.42349
235	212	5.221
235	214	5.54231
235	218	5.30728
235	225	5.47167
235	233	5.68036
235	250	5.52866
235	261	5.29137
235	279	2.41131
236	38	4.4429
236	56	4.5207
236	61	4.44801
236	72	4.23825
236	73	4.67218
236	83	4.58034
236	84	4.36822
236	87	8.39412
236	96	4.6562
236	97	4.75184
236	103	4.74059
236	106	4.74255
236	126	4.86095
236	152	4.84832
236	156	4.67124
236	163	3.36343
236	169	5.31519
236	198	5.10647
236	220	5.14962
236	224	5.19059
236	256	5.31099
236	267	5.59514
236	275	5.46807
237	17	4.12668
237	38	4.38171
237	67	4.45347
237	69	4.43508
237	72	3.76397
237	75	4.7407
237	99	4.82177
237	105	4.56955
237	111	4.61775
237	125	4.73401
237	127	4.64329
237	135	4.96528
237	173	4.87979
237	177	4.88459
237	178	4.93072
237	185	5.02745
237	202	5.22301
237	242	7.96025
237	252	5.25091
237	259	5.25589
237	280	5.49215
237	284	5.50844
237	290	5.20777
238	6	4.07875
238	26	4.41341
238	35	4.20581
238	66	4.68028
238	92	4.77809
238	96	4.52754
238	109	4.7267
238	119	4.915
238	123	4.88397
238	132	4.82165
238	139	4.8005
238	160	5.067
238	166	4.96212
238	181	4.90028
238	188	5.24067
238	196	5.04704
238	219	5.08682
238	222	5.11301
238	229	5.20122
238	255	9.33722
238	261	5.33853
238	274	4.26918
238	278	5.53227
239	18	5.26441
239	38	3.88076
239	74	4.51041
239	116	4.52189
239	134	4.60842
239	147	4.78459
239	168	4.52383
239	183	4.63129
239	190	5.02413
239	196	5.03348
239	197	4.74351
239	201	4.70896
239	204	4.97291
239	207	4.8457
239	232	5.17123
239	234	4.81064
239	241	4.88208
239	249	4.81628
239	253	5.08233
239	258	4.95567
239	264	5.19994
239	271	4.93879
239	273	5.1711
240	8	4.01991
240	31	4.53756
240	34	4.71585
240	60	4.74061
240	79	4.69246
240	89	4.87685
240	93	4.91588
240	124	1.67858
240	167	5.6
240	169	4.98155
240	175	5.1689
240	176	5.06
240	191	5.00388
240	192	5.12597
240	194	3.06106
240	212	5.53854
240	216	5.79114
240	217	5.47278
240	226	5.34401
240	251	5.55702
240	262	5.55724
240	271	5.37577
240	287	6.92725
241	30	3.99454
241	41	4.08805
241	58	4.51825
241	116	4.6034
241	129	4.52973
241	134	5.03197
241	196	4.75135
241	201	4.7168
241	204	4.98075
241	207	4.87812
241	222	7.20539
241	230	4.85354
241	232	4.81064
241	239	5.07073
241	244	4.88992
241	249	4.82412
241	253	5.09017
241	258	4.96351
241	264	4.94664
241	273	5.26528
241	276	5.17894
241	283	4.84159
241	292	4.98991
242	2	4.82816
242	14	4.569
242	46	4.4681
242	57	4.62586
242	62	4.37349
242	68	4.45487
242	69	4.74491
242	85	4.79602
242	101	4.79602
242	102	4.79602
242	110	4.61914
242	125	6.9294
242	138	4.96668
242	173	4.9153
242	182	4.84209
242	190	5.24428
242	197	5.02885
242	202	5.22301
242	237	4.94879
242	246	5.09288
242	249	5.02708
242	253	5.14959
242	273	5.20917
243	25	3.98626
243	74	3.89532
243	100	4.287
243	113	4.287
243	148	4.71597
243	151	4.89009
243	168	4.8505
243	172	5.1274
243	174	4.62933
243	183	5.1099
243	203	5.14253
243	208	4.88126
243	215	5.03279
243	224	7.22343
243	226	5.00196
243	229	5.20174
243	245	5.18867
243	252	5.0619
243	254	5.36369
243	265	4.13523
243	274	5.12073
243	278	5.12393
243	282	5.02866
243	296	3.89132
244	41	4.42278
244	68	1.71316
244	120	4.85565
244	129	4.78197
244	134	3.68955
244	139	4.86851
244	147	4.78392
244	183	4.89138
244	190	5.29357
244	197	5.0036
244	201	5.233
244	207	6.35484
244	210	5.10578
244	232	5.07073
244	241	5.14217
244	249	5.07636
244	253	5.34242
244	258	5.21575
244	264	5.19888
244	273	5.51753
244	276	5.43118
244	283	5.09384
244	292	5.24215
245	25	5.53001
245	49	4.08326
245	100	4.47494
245	113	4.47494
245	148	4.90391
245	151	5.07803
245	168	5.03844
245	172	5.31534
245	174	5.04472
245	180	6.25368
245	190	5.29784
245	203	5.33047
245	208	5.0692
245	215	5.22073
245	224	5.18991
245	229	5.20174
245	243	5.37662
245	252	5.24984
245	254	5.55163
245	265	1.25076
245	272	5.30867
245	278	5.31187
245	282	5.2166
245	296	4.07927
246	21	4.13206
246	35	4.32363
246	91	4.44534
246	119	4.53075
246	129	4.45707
246	134	7.44725
246	140	4.61892
246	188	4.9929
246	211	4.76568
246	219	4.80546
246	222	4.83165
246	229	5.04822
246	230	4.94879
246	242	4.71089
246	248	5.01751
246	258	4.89085
246	264	4.90391
246	266	5.1619
246	269	4.91743
246	270	5.05717
246	274	5.19262
246	276	5.25091
246	291	4.8143
247	28	4.23379
247	53	4.4828
247	60	4.50755
247	79	6.97507
247	87	4.59078
247	90	4.44401
247	104	4.45931
247	107	4.68282
247	124	4.65535
247	133	4.78248
247	134	4.93825
247	145	4.57315
247	163	4.7485
247	175	4.93585
247	176	4.82694
247	191	4.77082
247	192	4.89291
247	194	5.55808
247	217	5.23973
247	226	5.11096
247	251	5.32396
247	262	5.42997
247	263	5.32418
248	40	4.2454
248	95	4.60512
248	137	9.74617
248	143	4.65786
248	153	4.52054
248	158	4.82238
248	165	4.66197
248	171	4.85675
248	195	4.9747
248	200	4.81349
248	206	5.03063
248	211	2.01138
248	224	5.15868
248	228	5.08594
248	230	4.71089
248	246	4.89425
248	257	4.91884
248	260	4.94163
248	266	5.19963
248	269	4.95515
248	270	5.02253
248	285	5.06166
248	295	4.85202
249	41	4.15948
249	58	4.24197
249	68	3.96003
249	74	4.80627
249	108	4.60116
249	134	4.6877
249	147	4.71057
249	190	5.11276
249	197	4.82279
249	201	5.05219
249	207	4.94955
249	222	4.92497
249	232	5.2505
249	234	4.88208
249	239	4.88992
249	241	5.09288
249	242	5.14217
249	244	5.16161
249	258	5.03494
249	264	5.01807
249	273	2.31678
249	279	5.25037
249	283	9.36699
250	4	4.08475
250	11	4.30817
250	12	4.28942
250	18	4.53043
250	33	4.54899
250	49	1.28792
250	61	5.05877
250	63	5.18245
250	78	4.94709
250	112	5.01891
250	120	5.27465
250	138	5.27465
250	144	5.13122
250	146	5.27465
250	161	6.60222
250	163	5.62241
250	179	5.06473
250	187	5.62241
250	193	3.86741
250	194	5.6623
250	213	5.68036
250	235	5.42667
250	279	5.69208
251	28	3.84652
251	31	4.29347
251	53	4.54247
251	60	4.51908
251	89	4.70347
251	93	4.76099
251	98	4.51898
251	107	4.74249
251	124	4.71502
251	133	4.84861
251	136	2.47925
251	155	4.80817
251	175	4.99552
251	176	4.88662
251	191	4.83049
251	192	4.95258
251	194	5.36516
251	216	5.2994
251	226	9.2783
251	229	5.34401
251	240	5.11096
251	247	5.38364
251	262	5.20239
252	38	0.549657
252	60	4.07019
252	100	4.46187
252	113	4.46187
252	148	4.89084
252	151	5.02537
252	172	4.80421
252	183	5.28477
252	203	5.18678
252	205	5.3174
252	208	5.05614
252	215	5.20767
252	224	5.17684
252	229	7.96025
252	237	5.18867
252	243	5.37662
252	245	5.23677
252	254	5.53856
252	265	3.26669
252	269	5.53781
252	276	5.29561
252	278	5.2988
252	282	5.20353
253	41	3.89423
253	74	4.52389
253	116	4.53536
253	134	4.6219
253	147	4.79807
253	168	4.64477
253	190	5.04696
253	197	8.84741
253	199	4.75699
253	201	4.72244
253	204	4.98638
253	207	2.91014
253	229	4.85917
253	232	5.1847
253	234	4.81628
253	239	4.82412
253	241	5.02708
253	242	5.07636
253	244	5.0958
253	258	4.95227
253	273	5.27091
253	276	5.18457
253	283	4.99554
254	25	4.07087
254	38	4.03435
254	74	5.82992
254	94	3.94341
254	100	4.33509
254	113	5.92763
254	141	4.33509
254	148	4.76406
254	151	4.93819
254	168	4.89859
254	172	5.1755
254	174	4.67743
254	183	5.158
254	203	5.19063
254	208	4.92936
254	215	5.05006
254	229	5.0619
254	243	5.24984
254	245	5.23677
254	252	5.41179
254	265	5.16883
254	278	5.17203
254	282	5.07675
254	296	3.93942
255	8	4.04409
255	26	4.17115
255	66	4.50353
255	75	4.64801
255	80	4.23418
255	82	4.51704
255	89	4.64562
255	92	4.69204
255	119	4.88034
255	123	4.78699
255	139	7.04957
255	148	4.74594
255	150	4.76584
255	160	5.03234
255	166	4.92746
255	181	4.86562
255	188	4.89283
255	189	5.01238
255	219	5.05216
255	222	5.20122
255	238	5.30387
255	274	5.3977
255	281	5.4976
256	56	4.39114
256	72	4.18138
256	73	4.21776
256	82	4.6153
256	83	4.52347
256	84	4.31134
256	87	4.50062
256	89	4.59933
256	97	4.68567
256	126	4.76608
256	131	4.79145
256	156	4.81581
256	157	5.25832
256	198	2.28153
256	199	4.87442
256	204	5.04959
256	220	5.19059
256	236	9.59821
256	259	5.25412
256	267	5.53826
256	275	5.45687
256	286	5.4112
256	289	4.99921
257	14	3.9735
257	40	4.2133
257	48	4.37584
257	57	4.45361
257	107	5.79832
257	122	4.76435
257	149	4.80349
257	153	4.66617
257	158	4.8076
257	171	5.95924
257	193	5.00238
257	195	5.12033
257	200	4.95912
257	206	5.17625
257	211	4.98882
257	222	5.03847
257	223	4.89425
257	248	5.08726
257	266	5.34526
257	269	5.10078
257	270	5.16816
257	285	5.20729
257	295	4.99765
258	58	6.77431
258	89	5.00653
258	108	4.80141
258	134	2.43581
258	136	4.88795
258	147	3.28988
258	186	4.99048
258	189	5.30366
258	196	5.31301
258	197	5.02304
258	201	5.25244
258	207	5.14981
258	222	5.12522
258	232	5.08233
258	239	5.09017
258	241	5.34242
258	244	5.01751
258	246	5.16161
258	249	5.0958
258	253	5.23519
258	264	5.47947
258	271	5.21832
258	273	5.45063
258	283	5.11328
259	8	4.411
259	67	4.77
259	99	4.5497
259	109	4.59885
259	111	4.74911
259	116	4.64704
259	125	4.7633
259	127	4.67259
259	135	4.9713
259	140	2.90179
259	146	4.99458
259	173	4.90909
259	177	4.91388
259	178	4.9432
259	182	4.96304
259	184	4.96001
259	185	5.05675
259	202	5.22811
259	210	5.25091
259	237	9.59821
259	256	5.28519
259	280	5.53773
259	290	5.46409
259	294	5.23707
260	40	4.23789
260	48	5.24774
260	51	4.53158
260	91	4.41563
260	95	4.4782
260	107	4.77534
260	137	4.78894
260	149	4.82809
260	153	4.69076
260	158	4.99261
260	165	4.83219
260	171	5.02698
260	195	5.14493
260	200	5.20085
260	211	5.3289
260	228	5.25617
260	230	4.91884
260	248	5.11186
260	266	5.36986
260	269	5.12538
260	270	6.29829
260	284	5.19276
260	285	5.23188
260	295	5.02225
261	4	4.13773
261	18	4.37873
261	33	4.39729
261	49	4.464
261	52	4.90707
261	63	4.99755
261	65	4.55245
261	70	5.03075
261	78	4.41632
261	86	4.79539
261	112	5.10029
261	115	5.0669
261	122	4.9312
261	130	3.16278
261	133	5.18691
261	143	5.18691
261	154	5.44223
261	155	5.18691
261	162	5.37369
261	167	4.91304
261	187	5.12772
261	199	5.4071
261	212	5.52866
261	235	9.33722
262	8	4.29932
262	20	4.36092
262	28	4.05953
262	31	4.1814
262	59	4.75548
262	60	4.86345
262	90	4.97399
262	98	4.71669
262	104	4.9555
262	124	4.92803
262	133	5.06161
262	136	5.21092
262	145	4.84582
262	163	5.02118
262	175	5.20852
262	176	2.5998
262	189	5.09962
262	191	5.0435
262	192	5.16559
262	194	9.9002
262	220	5.55702
262	240	5.32396
262	247	5.38364
262	251	5.70264
263	20	4.46692
263	28	4.16553
263	31	4.68319
263	34	0.614553
263	35	4.61247
263	53	4.86148
263	60	4.88623
263	79	5.08
263	98	5.03403
263	133	5.16762
263	136	5.50159
263	174	5.12718
263	175	5.31453
263	176	5.20562
263	191	5.1495
263	192	5.27159
263	194	5.40933
263	205	6.38385
263	209	5.68417
263	216	5.61841
263	226	5.42997
263	247	5.70264
263	262	5.70286
263	271	5.5214
264	41	4.23307
264	58	4.31555
264	68	4.87986
264	108	2.92781
264	113	4.66327
264	116	4.67475
264	134	4.76128
264	147	4.93746
264	168	4.78416
264	190	5.17699
264	196	5.18635
264	197	4.89637
264	201	5.12577
264	207	4.99856
264	232	4.95567
264	239	4.96351
264	241	5.21575
264	244	4.89085
264	246	5.03494
264	249	5.23519
264	258	9.37252
264	268	5.3528
264	271	5.09166
264	273	4.98661
265	20	4.24121
265	25	4.37266
265	38	2.62849
265	77	4.24521
265	100	4.77516
265	104	4.63688
265	113	6.44874
265	146	4.63688
265	148	5.06586
265	151	5.23998
265	168	5.20039
265	172	4.97922
265	183	5.45979
265	203	5.49242
265	208	5.23115
265	215	5.38268
265	224	5.35185
265	229	5.36369
265	243	5.55163
265	245	5.53856
265	252	5.41179
265	254	5.47062
265	278	5.47382
265	282	5.37854
266	40	4.42322
266	57	3.9504
266	59	8.42259
266	78	4.55437
266	91	4.43842
266	95	4.81173
266	149	4.85088
266	153	4.07741
266	155	4.71355
266	158	4.85498
266	171	5.04977
266	195	5.0065
266	206	5.22364
266	211	5.08585
266	223	5.35169
266	228	5.27896
266	230	4.90391
266	246	4.94163
266	248	5.08726
266	257	5.11186
266	260	5.39264
266	269	5.14817
266	270	5.25467
266	295	5.04504
267	54	4.50643
267	56	4.58423
267	61	4.30178
267	73	4.33816
267	82	4.64388
267	84	4.27852
267	85	4.71973
267	97	4.81537
267	103	4.89823
267	105	4.80412
267	106	4.80608
267	126	4.88649
267	131	4.92448
267	152	4.91185
267	156	4.93622
267	157	4.73477
267	163	5.37872
267	198	8.22148
267	212	5.17
267	220	5.31099
267	236	5.25412
267	256	5.57727
267	286	5.5316
267	289	5.11961
268	15	3.12748
268	41	4.63901
268	62	4.39625
268	67	4.66383
268	77	4.27625
268	82	4.75806
268	85	4.80916
268	101	4.80916
268	102	4.80916
268	110	4.6646
268	112	4.95654
268	140	5.02894
268	142	4.89913
268	178	4.92845
268	182	4.94829
268	184	4.78225
268	187	5.07381
268	214	5.21283
268	221	5.1601
268	225	5.22544
268	231	9.37252
268	264	5.50669
268	284	5.52298
268	290	5.40959
269	5	4.27888
269	40	4.51868
269	48	4.81237
269	91	4.69641
269	95	2.65193
269	129	4.98797
269	150	5.10887
269	153	5.11298
269	171	6.58138
269	180	5.30777
269	195	5.2645
269	206	5.48164
269	211	5.34385
269	223	5.60969
269	228	5.53696
269	230	5.1619
269	246	5.19963
269	248	3.26669
269	252	5.34526
269	257	5.36986
269	260	5.39264
269	266	5.40617
269	270	5.47354
269	285	5.30303
270	14	4.03441
270	40	4.2742
270	48	4.56519
270	79	4.45194
270	95	5.03055
270	121	4.81165
270	137	4.7435
270	150	4.8644
270	153	4.72707
270	158	5.02892
270	165	7.93481
270	168	4.8685
270	171	5.06329
270	195	5.36521
270	228	5.29248
270	230	4.91743
270	246	4.95515
270	248	5.10078
270	257	5.12538
270	260	5.14817
270	266	5.40617
270	269	5.22907
270	285	5.26819
270	295	5.05856
271	20	4.38384
271	41	4.6955
271	61	4.54302
271	87	4.7323
271	89	4.83101
271	97	3.94918
271	110	4.99776
271	131	4.84604
271	163	5.18173
271	168	5.10809
271	189	5.04372
271	192	5.49
271	198	5.14065
271	201	5.78746
271	202	2.76336
271	208	5.19994
271	239	5.55724
271	240	5.32418
271	247	5.47947
271	258	5.70286
271	263	5.3528
271	264	5.56823
271	283	5.64288
271	289	5.3792
272	11	4.03828
272	23	4.56146
272	52	4.83106
272	76	4.78588
272	81	4.51379
272	86	7.48428
272	118	5.25719
272	142	5.47116
272	167	5.46092
272	170	4.97603
272	183	5.1434
272	186	5.0105
272	187	5.22519
272	199	5.50456
272	212	5.30207
272	214	5.62338
272	218	5.44109
272	221	5.37213
272	223	5.38835
272	225	5.55274
272	233	1.25076
272	245	5.37244
272	279	3.10325
272	290	5.63785
273	41	4.39329
273	57	4.2162
273	58	6.5306
273	64	4.01675
273	74	4.74441
273	147	5.9694
273	160	4.84694
273	189	4.76729
273	190	5.16947
273	197	4.8795
273	201	5.1089
273	207	5.00627
273	222	4.98169
273	232	5.30722
273	234	4.93879
273	239	4.94664
273	241	5.14959
273	242	5.19888
273	244	5.01807
273	249	4.95227
273	253	5.21832
273	258	5.09166
273	264	5.30709
273	283	5.11806
274	6	4.1814
274	26	4.51606
274	35	4.30846
274	66	4.64084
274	75	4.78532
274	80	4.78293
274	92	4.65426
274	107	4.82935
274	119	5.01765
274	123	4.92429
274	139	4.90314
274	160	5.16965
274	166	4.98958
274	177	5.00293
274	188	5.03014
274	189	5.14968
274	219	5.18947
274	222	8.36477
274	231	5.49042
274	234	5.33853
274	238	4.13523
274	243	5.05717
274	246	5.30387
274	255	5.63491
274	291	4.1814
275	19	2.44603
275	20	4.63001
275	54	4.86837
275	61	4.79568
275	72	4.62231
275	82	5.01985
275	83	4.92802
275	84	4.71589
275	87	5.00388
275	97	5.09951
275	103	5.18237
275	105	5.09022
275	126	5.17063
275	131	5.20862
275	152	5.196
275	156	5.22036
275	157	5.66287
275	198	4.78096
275	211	5.45414
275	220	5.27301
275	226	5.59514
275	236	5.53826
275	256	5.81575
275	289	5.40375
276	15	4.44134
276	41	4.81284
276	46	4.8697
276	62	4.61733
276	68	4.89452
276	77	5.03985
276	101	5.03985
276	102	5.18163
276	108	5.03985
276	110	3.14693
276	161	5.19963
276	172	5.45904
276	203	5.49167
276	208	5.2304
276	215	5.30033
276	232	5.26528
276	241	5.51753
276	244	5.19262
276	246	5.53781
276	252	5.27091
276	253	9.72434
276	277	5.46987
276	278	0.381457
276	294	5.37779
277	5	4.00835
277	30	4.04924
277	59	4.84334
277	114	4.77518
277	116	4.47179
277	118	4.75174
277	128	4.90403
277	141	5.24559
277	159	4.71367
277	163	5.03005
277	164	5.11424
277	165	4.93515
277	177	5.01605
277	180	5.2889
277	196	4.97373
277	204	5.10535
277	206	5.2971
277	209	5.19206
277	224	5.49792
277	227	2.77566
277	230	9.72434
277	276	5.27825
277	288	5.09852
277	292	5.2815
278	25	4.1297
278	38	8.23082
278	52	4.09319
278	74	4.00225
278	100	4.39393
278	113	4.39393
278	148	4.8229
278	151	4.95743
278	172	5.23433
278	174	4.96371
278	180	4.73626
278	183	5.21683
278	203	5.11884
278	205	5.24946
278	208	4.9882
278	215	4.26918
278	238	5.12073
278	243	5.30867
278	245	5.29561
278	252	5.16883
278	254	5.47062
278	265	5.46987
278	276	5.23086
278	282	5.13559
279	23	4.14821
279	27	4.2267
279	52	4.27585
279	71	4.17903
279	86	4.92243
279	142	4.96691
279	165	5.13639
279	167	5.12616
279	170	5.13934
279	174	4.80864
279	186	4.67574
279	187	4.89043
279	199	5.2733
279	213	4.9673
279	214	5.28862
279	218	5.10633
279	221	5.05359
279	225	5.21798
279	233	5.29137
279	235	2.31678
279	249	5.42667
279	250	5.37244
279	272	5.30308
279	293	10.3179
280	17	4.41599
280	67	4.48775
280	69	4.46937
280	72	4.55469
280	109	4.60383
280	111	4.65203
280	125	4.76829
280	127	4.67757
280	135	4.97628
280	140	4.108
280	170	4.99957
280	173	4.91887
280	178	4.94819
280	182	4.96803
280	184	4.965
280	185	5.06173
280	202	5.23309
280	210	5.24518
280	231	5.25589
280	237	5.28519
280	259	8.2181
280	281	5.52643
280	284	5.54272
280	290	5.24205
281	3	3.69376
281	6	4.74338
281	7	4.2711
281	9	4.70422
281	13	4.66802
281	24	4.78726
281	36	4.94379
281	43	4.40229
281	66	4.61073
281	70	4.46532
281	82	4.72402
281	109	5.15857
281	115	5.12518
281	122	4.98948
281	130	5.2452
281	143	5.2452
281	154	5.50051
281	155	5.2452
281	162	4.2819
281	164	5.26348
281	166	5.41481
281	200	5.3977
281	255	8.2181
281	280	5.72874
282	25	4.09639
282	74	4.00545
282	100	9.30419
282	103	4.5354
282	104	4.39713
282	113	4.39713
282	148	4.8261
282	151	5.00022
282	168	4.96063
282	172	5.23753
282	174	4.96691
282	180	4.73946
282	183	5.22003
282	203	5.12203
282	205	5.25266
282	208	4.99139
282	215	5.12393
282	243	5.31187
282	245	5.2988
282	252	5.17203
282	254	5.47382
282	265	5.23086
282	278	2.24183
282	284	5.13878
283	41	4.6256
283	57	4.4485
283	58	7.32836
283	117	4.96386
283	129	4.89018
283	134	4.00054
283	137	4.97672
283	147	4.99959
283	190	1.1711
283	193	5.40178
283	197	5.11181
283	201	5.07726
283	204	5.3412
283	207	5.21399
283	232	5.1711
283	239	5.17894
283	241	5.43118
283	244	5.25037
283	249	5.18457
283	253	5.45063
283	258	5.56823
283	271	5.30709
283	273	5.20204
283	292	5.35036
284	17	4.39721
284	38	4.72401
284	69	4.79094
284	109	4.84009
284	111	4.99035
284	116	4.88828
284	125	5.00455
284	127	4.91383
284	135	5.23582
284	173	5.15512
284	178	5.18444
284	182	5.20428
284	184	5.20125
284	185	5.29799
284	202	5.46935
284	210	3.95988
284	214	5.48144
284	231	5.49215
284	237	6.29829
284	260	5.50669
284	268	5.52643
284	280	2.24183
284	282	5.77897
284	290	5.47831
285	14	4.10179
285	40	4.34158
285	48	4.0313
285	59	4.51932
285	95	4.58189
285	107	4.55318
285	115	5.09793
285	121	4.89263
285	149	4.93178
285	153	4.79445
285	158	5.0963
285	165	4.93588
285	171	5.13067
285	195	5.24862
285	200	5.30454
285	211	5.1171
285	222	5.35986
285	230	5.02253
285	248	5.16816
285	257	5.19276
285	260	5.47354
285	269	5.22907
285	270	7.28512
285	290	5.12594
286	2	4.47788
286	66	4.50453
286	73	4.81026
286	75	4.54091
286	82	4.67451
286	88	4.95234
286	92	5.01811
286	103	4.99877
286	119	5.00108
286	120	5.25683
286	138	5.25683
286	144	5.11339
286	146	5.1146
286	156	5.13896
286	157	5.25683
286	161	6.00815
286	178	5.60458
286	179	5.23418
286	181	5.17234
286	188	5.60458
286	193	2.41131
286	235	5.45687
286	256	5.57727
286	267	5.73435
287	20	4.32523
287	53	4.00015
287	59	4.59899
287	79	4.73523
287	93	4.53545
287	104	4.55074
287	107	3.81391
287	123	4.77426
287	124	4.74678
287	133	4.88037
287	136	5.02968
287	145	4.66458
287	163	5.45838
287	169	4.83993
287	175	4.91838
287	191	4.86226
287	192	4.98434
287	194	5.39692
287	216	5.64952
287	217	5.33116
287	226	5.37577
287	240	5.20239
287	251	5.5214
287	263	8.89289
288	30	3.99516
288	59	4.55302
288	94	5.02535
288	102	4.78926
288	114	4.72109
288	116	4.41771
288	118	4.69766
288	128	4.84995
288	141	5.1915
288	159	4.65959
288	163	4.97596
288	164	5.06016
288	165	4.88107
288	177	4.96196
288	180	5.23482
288	196	5.05126
288	206	5.24302
288	209	5.13061
288	223	5.13798
288	224	5.44383
288	227	7.47465
288	234	5.27825
288	277	5.04443
288	292	5.22742
289	13	4.15129
289	19	4.66351
289	56	4.7413
289	61	4.45886
289	73	4.89278
289	83	4.58883
289	87	4.87681
289	97	4.9612
289	106	5.04357
289	131	5.08156
289	152	5.06893
289	156	5.0933
289	157	6.34684
289	171	5.1519
289	204	6.38016
289	217	5.32708
289	220	5.37023
289	224	5.46807
289	236	5.4112
289	256	5.5316
289	267	5.64288
289	271	5.81575
289	275	5.73435
289	286	5.425
290	8	3.9548
290	17	4.66854
290	67	4.80723
290	109	4.85638
290	111	4.90457
290	125	5.02084
290	127	4.93012
290	135	5.22883
290	140	5.25211
290	173	5.17141
290	178	5.20073
290	182	5.22057
290	184	5.21754
290	185	5.31428
290	202	5.48564
290	210	2.11163
290	232	5.50844
290	237	5.53773
290	259	5.52298
290	268	3.10325
290	272	5.54272
290	280	5.77897
290	284	7.28512
290	285	5.4946
291	6	4.37514
291	26	4.50219
291	66	4.97905
291	80	4.97666
291	92	5.07447
291	96	4.84799
291	107	5.02308
291	119	5.21138
291	123	5.18035
291	132	5.11803
291	139	5.09688
291	160	0.0164009
291	165	5.36338
291	166	5.2585
291	181	4.12195
291	187	5.19666
291	188	5.51472
291	200	5.34342
291	219	5.53227
291	238	5.25091
291	246	5.4976
291	255	5.63491
291	274	5.72874
291	281	8.99146
291	292	4.37514
292	68	4.60952
292	114	4.55116
292	126	4.51792
292	128	4.62651
292	129	4.63157
292	131	4.66316
292	137	4.67021
292	141	5.01177
292	159	3.50854
292	173	4.77446
292	201	5.06328
292	209	5.01984
292	221	5.26409
292	227	4.84159
292	241	5.09384
292	244	4.99921
292	256	5.11328
292	258	4.98661
292	264	5.11961
292	267	5.40375
292	275	5.09852
292	277	5.20204
292	283	5.04443
292	288	8.99146
293	23	4.41361
293	27	4.49211
293	52	4.54126
293	71	4.71652
293	81	4.44443
293	86	6.49964
293	91	2.71819
293	98	3.28217
293	128	5.18784
293	142	5.4018
293	167	5.39156
293	170	4.94115
293	187	5.15583
293	199	5.53871
293	213	5.23271
293	214	5.55403
293	218	5.37174
293	221	5.30278
293	223	5.319
293	225	5.48339
293	233	5.69208
293	250	5.40959
293	268	5.63785
293	272	5.30308
294	56	4.6085
294	88	4.6906
294	90	4.95389
294	99	5.03495
294	105	4.93507
294	120	4.83093
294	125	5.02322
294	131	4.85648
294	135	5.19081
294	138	5.19081
294	144	5.04738
294	146	5.06121
294	152	5.04858
294	156	5.07295
294	157	5.19081
294	161	5.09298
294	177	5.53857
294	179	7.42794
294	183	5.53857
294	193	5.51545
294	198	5.24064
294	202	5.46409
294	259	0.381457
294	276	5.42096
295	7	3.84149
295	14	4.14091
295	40	4.38071
295	48	4.54325
295	57	4.07042
295	59	4.6744
295	91	4.55844
295	95	4.93175
295	149	4.85
295	150	4.9709
295	153	4.83358
295	158	4.97501
295	171	7.47235
295	173	5.16979
295	195	5.34366
295	211	5.15623
295	222	5.47172
295	228	5.39898
295	230	5.06166
295	248	5.20729
295	257	5.23188
295	260	5.25467
295	266	5.26819
295	270	5.16506
296	25	3.91017
296	100	4.30185
296	113	4.30185
296	148	4.73082
296	151	4.86535
296	172	5.14225
296	174	3.60711
296	179	4.87163
296	180	4.64419
296	183	5.12475
296	203	5.02676
296	205	5.15738
296	208	4.89612
296	215	5.04765
296	224	5.01682
296	229	5.02866
296	243	5.2166
296	245	5.20353
296	252	5.07675
296	254	5.37854
296	265	5.37779
296	276	5.13559
296	278	5.13878
296	282	8.89289
297	54	4.25947
297	58	4.62911
297	83	4.53728
297	84	4.36517
297	88	4.69752
297	106	4.69174
297	120	4.67378
297	123	7.82622
297	132	4.94749
297	138	4.94749
297	144	4.80405
297	146	4.82962
297	157	4.94749
297	161	5.29524
297	179	4.70309
297	183	4.81056
297	190	5.29524
297	193	4.98991
297	241	5.24215
297	244	4.99554
297	253	5.3792
297	271	5.11806
297	273	5.35036
297	283	5.425
298	29	4.18975
298	37	4.45771
298	44	4.35427
298	45	4.59857
298	47	4.59857
298	50	4.59857
298	55	4.41165
298	70	4.95949
298	115	4.42096
298	118	4.9261
298	122	4.70091
298	128	4.7904
298	130	5.04612
298	143	5.04612
298	154	5.30143
298	155	5.04612
298	162	4.97921
298	164	5.24627
298	209	4.8303
298	221	5.44708
298	227	6.92725
298	240	5.2815
298	277	5.22742
299	40	4.33361
299	57	4.46476
299	91	4.70852
299	137	4.72212
299	149	4.62394
299	158	4.76537
299	171	2.1821
299	179	4.96016
299	195	5.07811
299	200	5.13403
299	211	4.94659
299	222	4.99624
299	223	5.26208
299	228	5.18935
299	230	4.8143
299	246	4.85202
299	248	4.99765
299	257	5.02225
299	260	5.04504
299	266	5.30303
299	269	5.05856
299	270	10.3179
299	279	5.12594
299	285	5.16506
300	17	4.36787
300	67	4.43963
300	69	4.42124
300	72	4.55571
300	111	4.70597
300	116	4.60391
300	125	4.72017
300	127	4.62945
300	135	4.92816
300	140	4.95144
300	173	4.91991
300	184	4.91688
300	185	3.13301
300	196	5.01361
300	202	5.18497
300	210	5.19706
300	231	5.20777
300	237	5.20917
300	242	9.36699
300	249	5.23707
300	259	5.24205
300	280	5.47831
300	284	5.4946
300	290	5.42096
