30 55 66 69 89 100 113 128 166 203 244 248 259 302 327 346 363 559 578 646 736 771 804 808 832 922 983 1187 1189 1261 1351 1387 
49 129 242 252 266 322 355 394 437 462 481 497 553 566 623 703 741 743 832 850 874 914 919 959 1015 1038 1171 1174 1187 1240 1273 1281 1302 1344 
94 159 186 236 256 265 280 289 304 416 423 458 463 470 473 477 494 500 514 547 552 601 638 640 715 731 747 783 808 848 852 988 998 1016 1046 1061 1071 1201 1206 1217 1220 1266 1268 1270 1276 1293 1315 1338 1348 1365 1372 1383 1385 1387 1390 1435 1453 
35 68 80 142 143 216 262 275 295 346 395 461 486 487 500 502 556 584 632 770 777 831 863 959 1091 1101 1114 1164 1199 1221 1284 1302 1308 1349 1386 1436 1470 1480 1483 
92 118 293 367 483 636 654 673 712 841 875 903 918 919 939 999 1023 1043 1044 1074 1075 1078 1082 1201 1347 1373 1400 1416 1437 1476 
120 160 185 186 224 264 444 445 481 573 611 714 800 861 1028 1029 1115 1181 1267 1274 1293 1321 
7 101 109 119 132 172 184 244 260 272 315 336 361 372 404 419 470 472 515 523 643 656 657 672 676 706 761 798 842 850 860 865 878 890 905 925 950 955 973 986 1010 1011 1020 1086 1107 1108 1134 1158 1186 1209 1224 1235 1254 1277 1295 1326 1330 1358 1360 1382 1417 1459 1475 
87 121 124 137 197 213 226 227 228 234 306 335 340 376 383 400 423 459 478 529 540 603 609 613 615 636 640 672 694 695 726 739 754 756 769 772 875 884 929 939 947 949 1006 1046 1058 1081 1082 1107 1126 1168 1178 1240 1256 1260 1276 1319 1389 1406 1409 1410 
30 55 66 69 89 100 128 166 179 203 244 248 259 346 363 395 559 578 646 771 804 808 832 860 863 874 922 983 1164 1187 1189 1261 1387 1442 
36 44 48 70 90 103 110 228 261 287 289 298 310 339 413 430 433 438 443 470 511 515 529 561 567 575 586 608 630 657 674 676 686 687 720 766 774 779 795 822 832 859 860 874 914 935 955 961 981 1000 1011 1017 1037 1077 1118 1119 1136 1140 1165 1216 1233 1278 1306 1317 1325 1336 1343 1347 1359 1371 1382 1406 1427 1461 1465 1467 1472 1486 
3 44 81 106 126 139 180 214 289 318 334 380 387 392 398 417 499 542 550 587 643 647 673 697 711 713 745 812 830 839 910 978 980 984 1000 1001 1024 1042 1044 1078 1094 1112 1118 1139 1161 1164 1171 1215 1261 1263 1278 1280 1282 1303 1313 1314 1328 1340 1342 1346 1384 1425 1432 1437 1446 1462 1471 1478 1490 1495 1499 
10 20 63 65 91 101 107 109 119 120 134 150 158 164 172 184 224 239 242 262 264 272 285 286 315 336 346 364 369 373 404 419 454 472 478 487 579 585 604 627 628 635 643 654 656 676 689 702 704 706 712 725 742 761 763 846 850 858 868 869 877 881 889 890 905 906 925 950 966 969 972 979 986 1045 1047 1086 1090 1107 1124 1139 1141 1158 1186 1217 1230 1235 1242 1248 1250 1289 1295 1297 1326 1330 1335 1351 1358 1363 1398 1417 1442 1459 1488 1492 
54 61 96 104 108 155 167 168 171 179 187 211 217 237 303 331 350 382 391 449 476 488 540 557 568 587 609 631 653 662 684 700 709 732 745 798 799 828 849 879 901 914 944 947 1001 1010 1014 1022 1023 1045 1056 1067 1081 1112 1114 1133 1166 1196 1216 1226 1227 1230 1241 1299 1313 1316 1328 1373 1377 1379 1384 1394 1420 1453 1457 1466 
22 93 150 163 195 200 206 309 325 355 371 429 435 440 456 522 523 530 543 648 703 802 818 843 869 909 941 1012 1015 1032 1038 1052 1090 1130 1151 1185 1202 1213 1231 1272 1294 1323 1327 1369 1389 1398 1429 1448 1497 
118 127 129 160 176 193 204 208 233 242 245 249 286 296 315 323 330 343 351 352 407 464 475 512 515 524 535 589 596 599 603 605 615 679 706 721 724 744 754 827 838 844 860 885 933 934 942 945 947 958 961 963 965 966 993 1000 1004 1007 1034 1044 1056 1074 1086 1137 1170 1172 1180 1196 1204 1207 1213 1232 1258 1297 1311 1314 1330 1354 1355 1394 1396 1432 1439 1442 1456 1464 1478 1479 
9 199 238 315 386 460 474 514 549 561 574 656 729 735 744 821 899 929 962 993 1024 1039 1040 1064 1065 1068 1076 1120 1132 1139 1141 1151 1192 1212 1225 1252 1278 1340 1361 1401 1403 1405 1446 1458 1459 1471 1485 1498 
11 57 89 113 115 198 232 292 299 337 392 500 514 526 542 548 561 587 588 633 646 651 658 724 754 778 807 854 885 926 942 953 984 1045 1053 1139 1155 1170 1203 1207 1215 1216 1232 1252 1254 1342 1344 1351 1426 1441 1490 1499 
10 80 102 157 162 169 197 250 284 327 379 388 392 401 426 431 465 470 479 482 530 577 580 588 622 634 642 660 682 694 705 717 734 776 782 785 825 835 853 856 876 884 907 939 944 956 964 970 997 1046 1071 1093 1113 1116 1167 1168 1240 1251 1252 1260 1298 1327 1368 1389 1405 1418 1423 1434 1481 1486 1497 
130 136 170 207 210 251 312 353 393 434 448 516 535 606 644 820 866 887 976 1003 1005 1089 1133 1219 1245 1286 1366 1430 1484 
33 86 126 214 219 231 300 340 459 492 497 510 517 615 621 623 672 681 692 749 755 772 788 795 801 862 977 997 999 1081 1256 1261 1279 1281 1282 1303 1322 1331 1410 1422 1432 1453 
90 99 108 115 135 154 162 201 253 263 290 301 305 313 332 354 362 374 421 425 427 442 482 503 534 544 545 561 588 629 639 645 655 676 722 743 757 776 818 833 916 955 992 1019 1024 1036 1055 1127 1153 1157 1168 1172 1182 1200 1274 1306 1328 1352 1353 1364 1374 1380 1405 1407 1428 1433 1434 1439 1449 1469 1473 
37 42 60 112 180 196 219 230 291 304 341 357 403 418 449 451 455 506 527 532 545 593 611 614 617 649 663 667 679 683 695 711 750 795 826 956 989 1057 1063 1087 1091 1113 1131 1144 1159 1170 1176 1212 1227 1238 1239 1243 1274 1293 1300 1314 1319 1321 1322 1324 1397 1404 1408 1485 1491 1492 1500 
19 41 156 177 199 235 240 267 269 318 342 349 378 436 466 485 494 495 517 532 539 550 566 594 621 678 693 696 699 711 731 773 775 794 814 815 824 873 896 897 900 974 985 990 996 1012 1050 1073 1076 1083 1192 1237 1270 1285 1346 1408 1481 
96 112 136 180 196 341 357 382 449 451 532 614 663 695 711 826 1023 1063 1113 1131 1144 1227 1239 1243 1319 1397 1404 1408 
18 27 41 50 84 121 141 154 174 177 191 199 215 240 254 255 267 278 318 334 349 396 436 446 457 466 485 494 495 504 550 564 574 579 595 609 621 653 678 693 696 699 711 731 759 765 775 794 805 814 815 819 839 873 886 897 900 905 910 940 946 947 982 985 990 996 1000 1002 1047 1050 1073 1076 1104 1111 1116 1167 1172 1179 1192 1285 1311 1337 1346 1353 1407 1411 1433 1481 1492 
58 62 73 84 105 117 157 160 176 186 201 204 208 213 228 235 245 249 286 287 296 301 313 323 354 389 403 415 425 427 446 456 484 504 509 530 534 545 564 567 569 588 591 612 652 660 665 671 677 688 690 692 707 720 737 752 760 762 776 778 809 817 834 838 880 892 903 911 913 917 942 945 947 952 968 987 992 1034 1044 1066 1098 1099 1116 1122 1135 1149 1151 1163 1168 1172 1173 1176 1207 1209 1213 1244 1246 1253 1255 1258 1264 1305 1314 1331 1355 1402 1405 1415 1416 1435 1440 1449 1455 1456 1477 1489 1491 
6 32 40 99 258 283 302 314 317 358 364 375 408 419 432 453 540 571 588 625 643 706 717 736 754 768 776 790 810 829 837 841 852 895 985 1005 1023 1037 1049 1235 1246 1287 1288 1342 1463 
65 79 228 271 281 377 432 536 585 635 670 679 718 845 925 991 1018 1027 1032 1049 1062 1086 1095 1106 1107 1139 1192 1240 1261 1308 1334 1335 1346 1376 1408 1421 
16 29 61 63 76 103 107 115 135 154 164 169 181 224 228 239 262 279 281 290 308 314 325 346 356 362 364 369 375 401 402 424 432 442 453 456 478 503 521 544 551 563 571 588 590 601 625 629 631 635 680 704 715 722 757 763 790 829 837 839 852 854 868 877 904 916 920 924 969 972 1009 1018 1019 1024 1027 1032 1036 1041 1049 1055 1065 1097 1106 1124 1127 1139 1141 1160 1161 1191 1200 1217 1219 1223 1242 1250 1274 1287 1297 1334 1335 1346 1352 1364 1374 1380 1388 1394 1401 1409 1411 1431 1442 1459 1461 1473 1495 
5 61 98 103 105 120 135 151 154 156 162 169 180 181 189 190 201 203 228 254 270 273 287 288 290 294 310 331 332 339 353 360 362 374 392 413 420 422 426 431 433 434 442 456 465 471 479 489 503 508 516 519 521 530 544 550 602 608 629 630 674 675 682 685 687 705 710 717 720 722 738 753 757 776 780 782 784 785 791 800 801 803 811 825 835 846 851 853 865 876 884 887 893 898 916 920 923 956 964 970 981 1005 1019 1024 1036 1041 1047 1055 1089 1093 1097 1117 1121 1127 1136 1157 1167 1168 1172 1182 1200 1209 1219 1230 1233 1249 1259 1268 1274 1283 1318 1322 1327 1328 1331 1336 1343 1345 1347 1352 1353 1364 1368 1374 1380 1384 1385 1388 1389 1390 1406 1407 1411 1423 1427 1433 1434 1454 1460 1467 1477 1481 1486 1488 
6 7 32 34 40 45 52 59 78 99 132 140 244 253 258 260 264 281 302 314 317 324 327 345 358 361 364 372 375 380 387 392 408 432 438 453 474 480 533 540 549 571 572 587 588 601 602 617 625 630 657 679 683 698 702 735 736 751 767 768 787 790 810 829 836 837 842 865 878 905 941 955 971 973 985 1005 1020 1037 1039 1049 1054 1060 1068 1080 1108 1132 1134 1145 1146 1210 1212 1224 1225 1228 1235 1246 1254 1277 1287 1288 1295 1300 1301 1342 1348 1360 1363 1382 1404 1414 1458 1461 1463 1475 1485 1487 1499 
34 45 52 78 140 180 196 264 288 302 345 380 438 451 572 601 602 614 630 663 698 702 736 784 787 810 837 1005 1037 1060 1063 1080 1113 1131 1144 1145 1228 1243 1249 1259 1301 1348 1397 1404 1408 1411 1414 1461 
75 122 149 268 283 316 415 441 491 521 535 539 583 624 666 815 816 871 873 895 915 1025 1095 1109 1110 1147 1180 1190 1197 1198 1245 1258 1270 1356 1409 1412 1453 
4 23 53 173 175 182 221 266 279 297 319 322 332 359 365 397 411 414 478 490 528 538 556 558 577 593 746 868 894 908 937 954 959 966 1069 1111 1163 1183 1187 1229 1235 1275 1290 1297 1320 1375 1378 1384 1421 1444 1467 1496 1498 
105 149 213 286 415 509 519 692 719 740 752 760 776 778 815 833 880 968 977 987 1110 1121 1149 1173 1209 1211 1253 1281 1344 1459 1491 
100 128 155 156 168 171 187 211 217 237 244 257 303 321 338 353 399 468 476 557 566 568 603 606 642 653 700 727 740 754 788 797 798 799 812 818 873 879 889 900 902 940 951 977 978 995 1001 1008 1010 1014 1055 1103 1121 1133 1154 1163 1166 1211 1216 1229 1241 1281 1292 1299 1309 1313 1323 1328 1331 1335 1363 1379 1394 1422 1425 1434 1457 
50 76 114 116 140 156 161 218 235 277 288 308 356 401 424 428 471 489 493 551 577 590 594 650 664 680 773 782 784 824 886 896 904 905 907 932 974 1009 1041 1059 1083 1097 1121 1158 1161 1174 1191 1192 1209 1224 1237 1249 1259 1364 1380 1381 1411 1431 1459 1473 
1 11 13 44 81 179 191 202 222 229 230 241 286 307 323 326 348 366 406 415 438 509 523 560 562 593 595 626 627 641 651 655 661 671 691 723 733 752 760 778 815 833 837 855 859 880 903 930 939 948 956 968 987 1036 1037 1051 1074 1079 1088 1102 1125 1149 1170 1173 1175 1209 1216 1253 1263 1265 1267 1278 1280 1329 1332 1341 1344 1347 1350 1359 1380 1412 1414 1416 1422 1441 1451 1461 
277 450 514 561 576 585 592 648 716 744 791 871 899 912 953 1040 1084 1085 1113 1174 1185 1215 1216 1252 1323 1362 1369 1373 1438 
11 57 63 107 115 129 164 179 202 204 222 224 229 232 239 245 252 292 296 299 307 323 337 352 366 392 394 402 406 442 475 514 515 523 526 535 542 548 560 561 588 595 596 601 605 626 633 635 651 655 658 661 671 703 704 721 754 778 781 807 817 829 853 854 868 877 899 926 942 945 953 969 972 992 997 1004 1024 1041 1044 1045 1053 1074 1078 1084 1086 1094 1102 1124 1139 1170 1172 1203 1207 1213 1215 1223 1242 1250 1252 1254 1258 1265 1297 1302 1314 1329 1332 1341 1342 1343 1344 1350 1355 1359 1362 1369 1380 1396 1412 1414 1422 1426 1432 1437 1438 1441 1451 1456 1461 1490 1499 
114 169 241 284 325 327 379 486 537 622 642 705 734 776 786 835 856 884 924 939 944 1071 1168 1237 1251 1252 1296 1298 1418 1452 
54 61 155 168 171 179 187 198 211 217 235 237 244 303 335 376 449 459 476 540 557 568 587 606 609 623 631 653 672 684 698 732 788 798 799 879 889 906 929 944 975 1006 1010 1014 1081 1114 1133 1166 1236 1241 1256 1299 1313 1379 1419 1453 1457 
51 79 151 153 172 180 200 207 251 270 271 331 355 360 376 383 422 432 514 519 522 529 536 565 676 705 716 718 791 811 825 835 845 876 893 909 924 991 1012 1023 1062 1067 1093 1099 1107 1272 1283 1313 1318 1328 1330 1358 1368 1373 1384 1398 1401 1420 1423 1429 1460 1497 
9 13 56 64 84 96 110 111 122 149 150 181 192 223 228 250 253 261 287 310 313 324 331 338 339 344 382 391 413 416 422 430 433 460 471 474 480 508 511 521 525 529 533 547 554 563 570 580 581 608 617 630 634 638 648 656 674 675 679 683 687 719 720 735 751 767 803 823 836 848 850 916 941 947 962 975 980 981 989 1004 1031 1039 1043 1054 1060 1068 1086 1097 1109 1116 1117 1120 1136 1140 1150 1151 1190 1212 1216 1225 1227 1230 1233 1255 1257 1260 1325 1336 1337 1339 1343 1347 1351 1356 1361 1364 1384 1387 1404 1406 1423 1427 1435 1457 1458 1467 1485 1486 1487 1488 
14 21 27 29 50 59 76 84 97 105 113 115 116 123 134 154 174 215 218 230 255 278 308 312 325 356 373 387 396 401 407 420 424 427 428 438 457 471 483 495 505 512 551 567 579 590 595 601 604 615 628 647 680 692 715 717 719 727 742 759 763 765 782 783 805 819 846 854 858 862 869 882 886 889 904 905 907 924 927 940 942 944 946 947 961 965 977 982 1001 1002 1009 1033 1045 1059 1104 1133 1153 1161 1167 1172 1179 1191 1204 1216 1228 1257 1276 1311 1317 1325 1337 1353 1388 1407 1411 1428 1431 1433 1459 1464 1473 1478 1479 
22 49 73 82 93 122 147 163 170 195 200 206 207 242 252 266 309 322 325 329 355 371 376 393 394 429 435 437 440 456 462 522 523 535 543 553 564 566 645 654 668 677 703 710 741 743 796 802 806 818 820 843 850 874 909 914 919 931 941 943 959 976 1003 1012 1015 1026 1032 1038 1052 1079 1096 1125 1129 1130 1151 1153 1174 1185 1187 1202 1218 1231 1247 1272 1273 1281 1286 1293 1294 1296 1302 1328 1345 1366 1370 1388 1390 1398 1425 1429 1430 1448 1484 1493 1497 
4 23 39 53 160 173 175 176 182 183 204 221 243 245 249 267 274 276 279 296 297 312 320 332 335 352 370 411 414 471 475 478 490 502 507 513 528 530 547 548 556 558 593 596 650 721 728 746 817 838 868 894 908 928 933 937 942 945 954 963 966 976 1004 1044 1051 1069 1082 1110 1111 1123 1128 1129 1138 1142 1148 1162 1163 1183 1187 1207 1213 1229 1258 1264 1265 1275 1291 1297 1302 1314 1320 1323 1355 1368 1384 1396 1432 1444 1456 1467 1496 
70 91 120 134 150 158 207 219 253 264 285 324 341 373 403 452 454 460 474 487 496 501 533 563 579 604 607 617 628 654 656 667 679 689 701 702 712 717 719 725 735 742 751 763 767 800 806 820 830 836 846 850 854 858 869 881 889 906 920 921 941 962 979 990 991 1003 1021 1039 1045 1047 1054 1068 1079 1086 1095 1096 1146 1159 1186 1212 1218 1225 1230 1234 1248 1254 1259 1278 1285 1295 1321 1322 1337 1351 1370 1382 1404 1419 1440 1457 1458 1464 1482 1485 1487 1491 1492 1493 
26 27 66 133 144 148 178 201 347 353 410 412 447 469 584 637 659 711 743 762 772 847 857 883 891 934 971 1002 1030 1155 1164 1194 1203 1205 1209 1222 1257 1333 1360 1376 1392 1424 1445 1450 1452 1457 1483 1494 
13 47 57 67 74 88 93 97 99 102 114 122 133 140 156 161 165 178 195 200 207 218 277 288 309 319 328 332 343 347 355 359 365 368 397 410 412 440 469 471 476 480 486 489 498 522 531 538 539 543 548 584 604 619 626 654 659 660 664 677 703 727 743 759 762 770 782 784 786 800 802 843 847 849 865 883 886 891 906 909 911 941 963 971 1030 1034 1038 1041 1052 1064 1097 1121 1130 1169 1194 1202 1205 1209 1211 1221 1222 1235 1249 1259 1271 1272 1290 1292 1333 1353 1375 1378 1380 1387 1392 1411 1421 1429 1445 1450 1452 1462 1480 1493 1498 
91 120 134 156 158 177 185 186 199 264 285 318 324 341 349 373 436 438 444 445 454 485 495 573 579 604 628 660 678 689 693 699 702 711 712 714 715 717 725 731 742 763 775 784 794 800 846 858 861 869 881 889 897 900 990 1000 1028 1029 1039 1045 1047 1050 1073 1076 1097 1111 1115 1139 1181 1248 1249 1259 1267 1285 1289 1308 1351 1411 1432 1487 1492 
33 43 84 94 113 118 144 186 208 236 243 246 250 265 267 274 304 354 389 416 423 458 463 482 484 513 541 547 552 591 638 640 650 652 690 715 737 772 808 809 834 928 963 970 1010 1016 1034 1046 1097 1122 1138 1142 1151 1162 1163 1201 1206 1217 1264 1265 1268 1315 1323 1338 1365 1372 1374 1383 1389 1415 1416 1435 1478 
54 59 61 86 90 96 99 104 108 138 152 155 156 167 168 171 187 188 211 214 217 219 231 237 303 305 313 350 353 354 391 399 403 417 421 425 427 476 481 488 492 498 510 534 540 545 557 566 567 568 587 588 597 603 606 609 620 631 645 653 662 672 681 684 700 708 709 727 732 740 743 749 755 776 777 798 799 818 825 828 833 849 862 864 879 900 901 910 941 955 975 977 1001 1007 1008 1010 1014 1017 1022 1055 1057 1067 1081 1092 1112 1114 1133 1135 1143 1153 1156 1163 1166 1172 1182 1211 1214 1216 1226 1229 1241 1262 1279 1282 1292 1299 1303 1306 1310 1313 1314 1316 1323 1328 1331 1335 1367 1373 1377 1379 1394 1405 1415 1420 1422 1425 1428 1434 1439 1447 1453 1457 1466 1469 1491 
14 21 29 50 53 76 116 124 137 173 175 197 213 218 221 226 227 230 234 297 300 306 308 332 335 340 356 376 388 400 401 407 411 414 424 428 459 471 478 489 490 505 512 528 529 540 551 558 563 577 590 593 609 613 615 623 631 640 647 650 672 680 694 695 715 739 746 754 783 784 854 875 894 904 907 908 924 929 937 949 954 966 1006 1009 1046 1058 1059 1069 1081 1111 1126 1163 1174 1178 1183 1191 1228 1236 1256 1259 1260 1275 1276 1281 1317 1319 1320 1325 1384 1388 1409 1410 1411 1431 1444 1459 1461 1473 1496 
85 189 190 218 263 273 294 374 420 508 550 571 577 639 685 710 726 738 743 753 776 780 787 801 810 825 851 856 898 920 923 960 1037 1157 1250 1268 1308 1345 1377 1388 1390 1454 1460 1474 1477 
70 129 198 333 381 425 487 584 585 608 610 745 748 753 770 804 840 872 908 943 996 1024 1045 1070 1101 1119 1120 1152 1177 1188 1195 1199 1210 1230 1377 1386 
26 39 209 228 267 274 312 404 436 502 513 518 569 650 753 928 1013 1051 1138 1142 1162 1188 1264 1265 1323 1449 1469 1489 
1 12 46 51 59 64 70 79 96 98 104 111 129 138 147 149 151 153 167 170 180 188 191 192 198 203 207 225 241 251 270 271 283 288 326 329 331 333 348 350 360 381 382 383 388 390 391 392 393 399 416 422 425 432 487 488 509 514 519 520 525 532 536 544 554 562 564 565 570 580 581 596 610 620 621 624 627 634 641 648 654 655 662 670 691 700 705 708 709 716 717 718 723 727 732 733 740 748 753 754 770 776 791 796 799 806 811 818 823 825 835 837 840 845 848 849 855 859 872 876 893 901 908 912 924 930 931 939 941 943 948 951 976 980 991 996 1003 1004 1008 1018 1022 1023 1024 1025 1026 1031 1036 1049 1057 1062 1067 1070 1078 1079 1088 1093 1099 1107 1114 1116 1120 1125 1135 1149 1150 1152 1175 1176 1177 1180 1188 1195 1198 1210 1226 1227 1229 1230 1247 1248 1258 1267 1283 1285 1286 1313 1316 1318 1327 1328 1334 1339 1350 1366 1368 1370 1373 1377 1380 1384 1386 1398 1401 1420 1423 1430 1451 1460 1466 1484 1488 1493 
64 70 84 111 129 134 149 192 223 250 253 324 333 334 341 381 460 471 474 480 487 508 525 533 554 563 570 580 581 608 610 617 634 648 712 719 735 748 751 753 767 770 804 823 830 836 840 848 850 872 920 929 941 962 996 1004 1024 1031 1039 1054 1068 1070 1086 1116 1117 1119 1120 1132 1140 1150 1151 1152 1177 1188 1195 1210 1212 1225 1230 1248 1265 1278 1285 1337 1339 1351 1361 1377 1387 1404 1430 1451 1457 1458 1459 1464 1471 1485 1487 1488 
15 72 77 82 93 122 147 150 161 163 170 193 200 207 225 243 270 288 309 329 355 371 385 390 393 429 435 440 497 522 523 535 543 564 575 596 648 677 699 703 796 802 806 820 843 867 909 931 943 951 976 979 994 1003 1008 1015 1026 1035 1038 1052 1070 1079 1085 1090 1096 1129 1130 1147 1151 1167 1174 1180 1185 1202 1213 1218 1231 1239 1247 1258 1272 1286 1289 1293 1294 1323 1350 1361 1366 1369 1370 1429 1430 1448 1484 1493 
8 71 125 138 140 141 145 167 188 212 343 354 384 391 403 405 452 462 488 493 591 607 616 620 639 662 702 710 726 730 792 825 832 860 874 888 898 901 914 921 932 979 991 1023 1057 1058 1072 1146 1182 1218 1226 1227 1229 1234 1240 1316 1381 1415 1416 1420 1440 1442 1460 1469 1474 1482 
75 150 172 198 268 283 316 403 441 452 476 491 496 501 506 521 527 535 539 583 607 624 666 667 683 698 701 702 717 815 816 838 869 871 895 901 915 921 979 991 1021 1025 1047 1057 1087 1090 1095 1107 1109 1126 1146 1147 1180 1190 1192 1197 1198 1218 1228 1234 1248 1254 1258 1278 1316 1356 1370 1382 1409 1412 1419 1430 1440 1442 1469 1482 
17 26 27 66 95 144 148 193 220 223 225 246 282 302 311 353 439 447 503 521 530 600 602 612 636 637 645 708 711 720 722 732 762 764 772 793 819 857 915 934 957 983 1002 1012 1016 1019 1024 1026 1036 1127 1155 1164 1200 1203 1255 1282 1289 1296 1333 1337 1364 1368 1376 1395 1399 1413 1424 1435 1494 
72 75 154 159 254 256 257 268 280 283 289 316 317 441 468 470 473 477 491 494 497 500 514 521 535 539 583 624 666 715 717 731 747 783 797 812 816 851 867 871 873 895 902 920 951 988 995 998 1025 1046 1048 1061 1095 1107 1109 1147 1151 1154 1180 1190 1197 1198 1220 1245 1266 1268 1270 1276 1293 1309 1316 1337 1348 1356 1385 1390 1409 1412 1425 1453 
3 27 28 43 59 61 65 80 91 114 120 126 132 142 143 146 213 216 226 235 260 262 295 300 309 335 340 361 364 372 376 387 450 470 500 502 515 523 555 556 563 582 586 603 609 623 632 643 657 672 700 754 763 766 772 777 788 800 801 822 831 842 852 856 863 865 878 881 929 959 967 973 975 1006 1011 1020 1047 1048 1077 1081 1100 1101 1103 1108 1133 1134 1160 1186 1199 1208 1224 1236 1251 1256 1277 1281 1282 1295 1302 1308 1326 1349 1360 1371 1386 1393 1410 1436 1470 1475 1483 
38 80 94 113 144 176 179 183 186 222 236 246 265 276 320 366 370 406 416 458 463 507 541 547 548 552 636 638 640 661 671 694 728 772 808 838 863 939 963 1016 1048 1051 1082 1097 1102 1110 1123 1128 1129 1148 1201 1206 1217 1229 1266 1291 1302 1308 1315 1329 1338 1349 1365 1368 1372 1374 1383 1435 1453 1469 
103 152 281 298 350 399 437 481 498 545 566 585 597 609 656 700 712 727 732 740 818 828 849 864 1007 1008 1077 1081 1092 1114 1143 1156 1186 1211 1214 1216 1229 1262 1292 1310 1326 1331 1367 1405 1447 1491 
17 37 42 60 172 219 230 291 304 403 418 452 455 496 501 506 527 545 607 611 649 667 683 701 702 723 750 795 921 979 989 991 1020 1021 1046 1054 1057 1087 1091 1095 1126 1146 1159 1176 1192 1234 1238 1239 1254 1274 1278 1285 1293 1300 1321 1322 1324 1347 1419 1440 1442 1462 1469 1482 1485 1492 1500 
25 48 72 77 103 110 131 150 205 228 243 244 260 298 309 361 372 385 387 413 430 435 443 470 575 648 657 686 703 774 779 783 842 859 860 865 867 878 905 935 955 973 981 994 1000 1011 1015 1017 1020 1035 1077 1085 1090 1108 1118 1119 1134 1147 1151 1165 1167 1174 1185 1224 1231 1254 1277 1295 1305 1306 1343 1360 1361 1382 1425 1427 1428 1447 1448 1465 1472 1475 
73 129 160 176 191 201 204 219 233 245 249 278 296 315 323 330 352 403 412 436 464 471 475 485 495 515 531 596 599 609 660 665 671 678 688 693 707 721 759 762 775 786 817 827 844 847 860 900 903 913 933 945 947 952 971 976 1000 1024 1026 1044 1056 1066 1074 1078 1098 1099 1137 1172 1176 1196 1207 1213 1232 1244 1258 1297 1311 1314 1330 1354 1355 1394 1396 1407 1432 1433 1439 1445 1455 1456 1491 
24 67 89 113 115 118 123 133 178 193 248 258 277 312 323 327 337 343 344 347 387 400 401 407 410 412 469 480 483 505 512 515 531 547 567 574 584 589 599 615 618 646 659 677 736 759 762 771 782 847 882 883 891 922 924 927 942 944 961 971 977 983 1004 1030 1033 1097 1120 1168 1194 1204 1205 1209 1222 1257 1260 1271 1276 1317 1325 1333 1360 1392 1394 1445 1450 1452 1463 1464 1478 1479 
2 69 114 126 131 203 213 226 235 242 244 247 252 300 335 340 376 378 426 459 462 467 479 537 559 603 611 615 621 623 660 664 669 672 682 692 695 704 741 756 782 785 786 788 795 801 813 816 825 852 870 884 906 919 926 929 936 938 958 985 991 1006 1011 1013 1033 1081 1107 1113 1127 1171 1189 1193 1218 1236 1256 1259 1261 1273 1274 1281 1285 1296 1304 1307 1312 1317 1327 1351 1357 1388 1391 1400 1410 1443 1468 1492 
35 80 131 142 143 154 159 216 242 247 256 262 275 280 295 346 378 395 461 467 470 473 477 479 486 494 497 500 502 537 556 584 601 632 645 664 669 715 747 756 770 777 786 788 813 816 818 831 863 870 927 936 938 958 959 975 985 988 991 998 1013 1033 1061 1071 1091 1101 1107 1114 1133 1153 1164 1193 1199 1218 1220 1251 1266 1268 1270 1284 1293 1296 1304 1307 1308 1312 1313 1317 1328 1348 1349 1357 1385 1386 1388 1391 1400 1436 1443 1468 1470 1483 
31 135 152 194 344 392 409 456 526 546 584 598 629 668 677 724 758 769 789 828 906 920 928 968 975 1030 1032 1091 1105 1184 1194 1205 1269 1272 1322 1429 1477 1489 
104 105 115 117 138 157 169 188 228 235 301 354 382 442 446 456 488 504 531 545 564 569 610 620 654 662 665 677 709 722 732 787 849 853 892 901 906 911 916 917 992 1022 1023 1057 1067 1078 1088 1135 1176 1198 1226 1244 1316 1373 1402 1420 1440 1449 1455 1460 1466 1477 1489 
7 83 120 152 160 180 185 186 224 254 257 264 321 338 409 444 445 468 481 526 573 660 671 677 697 714 758 759 787 788 797 800 812 861 873 902 920 951 978 995 1015 1028 1029 1048 1103 1105 1115 1121 1154 1181 1184 1269 1274 1309 1313 1337 1363 1407 1409 1425 
