0	1	111.235	23	
0	2	19.9771	5	
0	3	79.4342	17	
0	4	10.1076	2	
0	5	56.7552	11	
0	6	59.9824	14	
0	7	36.2575	8	
0	8	4.13608	1	
0	9	73.8919	16	
0	10	101.164	22	
0	11	6.5968	1	
0	12	55.8997	12	
0	13	30.3748	8	
0	14	27.4152	6	
0	15	32.0644	7	
0	16	10.6589	2	
0	17	32.0532	7	
0	18	56.4201	13	
0	19	79.7202	18	
0	20	58.2796	13	
0	21	12.8645	3	
0	22	28.5774	7	
0	23	56.0376	12	
0	24	58.5831	13	
0	25	59.7253	13	
0	26	18.7085	5	
0	27	96.2527	20	
0	28	39.9005	10	
0	29	5.75362	1	
1	2	20.075	5	
1	3	47.1799	9	
1	4	63.1174	14	
1	5	54.8474	12	
1	6	76.6843	17	
1	7	23.5106	5	
1	8	47.4281	11	
1	9	78.8623	16	
1	10	27.1418	5	
1	11	50.6504	11	
1	12	24.3715	5	
1	13	53.8003	12	
1	14	12.572	3	
1	15	116.056	24	
1	16	58.9947	12	
1	17	22.4876	5	
1	18	109.672	24	
1	19	58.9309	12	
1	20	47.6536	9	
1	21	35.1483	8	
1	22	106.821	21	
1	23	89.5172	18	
1	24	33.9726	8	
1	25	9.44974	2	
1	26	52.7507	12	
1	27	28.2526	7	
1	28	91.9457	21	
1	29	46.5356	10	
2	3	8.86005	2	
2	4	26.0363	6	
2	5	56.2794	12	
2	6	44.1701	9	
2	7	8.97308	2	
2	8	15.1683	4	
2	9	9.78553	2	
2	10	51.7596	11	
2	11	28.2177	6	
2	12	2.97578	1	
2	13	15.643	4	
2	14	21.534	6	
2	15	43.4849	9	
2	16	27.4666	6	
2	17	72.1257	16	
2	18	55.2166	11	
2	19	34.9423	8	
2	20	35.044	7	
2	21	54.3167	11	
2	22	39.6753	8	
2	23	14.9297	4	
2	24	98.9795	22	
2	25	38.0773	9	
2	26	14.4329	4	
2	27	61.2529	14	
2	28	74.401	17	
2	29	17.336	4	
3	4	49.1118	10	
3	6	34.3658	8	
3	8	8.97658	2	
3	9	33.3412	7	
3	10	29.0225	6	
3	11	53.6127	11	
3	12	43.6172	9	
3	13	74.6969	15	
3	14	6.90781	1	
3	15	24.2257	6	
3	16	6.00183	2	
3	17	47.4012	10	
3	18	26.4132	6	
3	19	54.5625	10	
3	20	65.9866	14	
3	21	39.55	9	
3	22	21.9856	5	
3	23	57.8091	12	
3	24	40.5856	9	
3	25	126.934	26	
3	26	52.7396	11	
3	27	54.1579	11	
3	28	55.7822	12	
3	29	62.8622	13	
4	6	35.0027	7	
4	7	19.6043	4	
4	8	8.69938	2	
4	9	6.3391	1	
4	11	9.17374	2	
4	12	2.70276	1	
4	13	49.5935	10	
4	14	22.7933	5	
4	15	4.0757	1	
4	17	8.96817	2	
4	18	7.59527	2	
4	19	4.24932	1	
4	21	30.0157	6	
4	23	3.58744	1	
4	24	5.46211	2	
4	25	2.55183	1	
4	26	41.447	9	
4	28	48.6926	10	
4	29	25.2781	5	
5	6	37.3296	8	
5	7	20.9648	5	
5	8	20.8442	5	
5	9	16.3731	4	
5	10	35.123	7	
5	12	32.2471	6	
5	13	23.354	5	
5	14	2.43786	1	
5	15	33.6397	7	
5	16	33.2635	7	
5	17	12.7659	3	
5	18	27.8408	6	
5	19	54.4805	12	
5	20	24.1926	5	
5	21	29.5719	6	
5	22	53.713	12	
5	23	26.2809	6	
5	24	23.0186	5	
5	25	44.2627	9	
5	26	34.3	7	
5	27	20.6884	5	
5	28	16.6139	4	
5	29	43.5208	10	
6	7	8.38941	2	
6	8	2.45566	1	
6	9	26.8906	6	
6	10	27.8801	6	
6	11	17.0395	4	
6	12	9.27422	2	
6	13	18.1753	4	
6	15	67.3282	14	
6	16	20.0162	4	
6	17	16.7019	4	
6	18	30.2238	7	
6	19	48.7291	11	
6	20	11.7734	3	
6	21	19.9249	4	
6	22	12.883	3	
6	23	17.137	4	
6	24	41.0391	9	
6	25	10.4696	2	
6	26	26.5684	6	
6	27	37.4452	8	
6	28	5.94105	1	
6	29	34.8447	9	
7	9	25.1446	5	
7	11	6.14301	1	
7	12	8.57682	2	
7	13	3.62282	1	
7	14	5.42142	1	
7	15	5.68582	2	
7	17	22.3664	4	
7	18	4.54918	1	
7	19	34.1408	7	
7	23	1.92941	1	
7	24	20.3122	4	
7	25	40.8048	9	
7	26	4.4868	1	
7	27	1.9952	1	
7	28	25.6813	6	
7	29	18.9687	4	
8	9	49.1305	11	
8	10	27.8744	5	
8	11	15.8777	4	
8	12	21.9845	4	
8	13	35.9301	7	
8	14	8.29841	2	
8	15	7.02558	1	
8	16	42.5323	10	
8	18	42.7397	9	
8	19	7.78161	2	
8	20	2.44581	1	
8	21	8.26377	2	
8	22	27.078	7	
8	23	6.08451	1	
8	25	41.0276	10	
8	26	14.6943	3	
8	28	16.6535	4	
8	29	7.20824	1	
9	10	13.7092	3	
9	11	21.8826	5	
9	12	22.219	5	
9	13	15.8132	4	
9	14	20.3578	4	
9	15	23.2038	5	
9	16	29.6451	6	
9	17	43.0053	9	
9	18	19.2933	5	
9	19	85.1915	18	
9	20	40.9939	9	
9	21	25.1991	5	
9	22	38.7168	8	
9	23	24.5275	5	
9	24	11.7918	2	
9	25	9.4472	2	
9	26	10.0955	3	
9	27	9.57798	2	
9	28	39.388	9	
9	29	20.6157	4	
10	11	25.5837	6	
10	12	6.8456	1	
10	13	29.4148	6	
10	14	22.7446	5	
10	15	17.7673	4	
10	16	21.1355	4	
10	17	21.8087	5	
10	18	7.53101	2	
10	19	58.9813	12	
10	20	20.1452	4	
10	21	21.1311	5	
10	22	24.4387	5	
10	23	33.7424	7	
10	24	49.6926	12	
10	25	81.4905	18	
10	26	32.2307	8	
10	27	44.165	10	
10	28	40.5823	9	
10	29	30.0293	6	
11	12	22.2738	5	
11	13	20.2294	4	
11	15	23.5201	5	
11	16	3.56373	1	
11	17	9.15807	2	
11	18	44.4411	10	
11	19	51.4983	11	
11	20	78.989	15	
11	21	3.87333	1	
11	22	23.8422	5	
11	23	38.5089	8	
11	24	12.3016	3	
11	25	29.2496	6	
11	26	11.07	2	
11	27	27.6652	6	
11	28	16.5319	4	
11	29	18.2908	5	
12	13	9.58187	2	
12	14	27.2437	5	
12	15	21.9731	5	
12	16	4.81349	2	
12	17	6.26292	1	
12	18	33.5466	8	
12	19	50.1676	10	
12	20	26.7961	5	
12	21	26.1024	6	
12	23	81.8914	16	
12	25	28.4273	6	
12	26	50.0429	10	
12	27	54.6038	11	
12	28	29.1528	5	
12	29	27.3744	5	
13	14	25.6334	5	
13	16	34.6068	7	
13	17	29.3797	6	
13	18	10.1801	2	
13	19	58.934	12	
13	20	26.4637	6	
13	21	4.6618	1	
13	22	28.0103	6	
13	23	12.8967	3	
13	24	16.5895	4	
13	25	25.2248	5	
13	26	34.9956	8	
13	27	9.44827	2	
13	28	52.2291	10	
13	29	10.4768	2	
14	15	3.7335	1	
14	16	5.16484	1	
14	17	7.9783	2	
14	18	35.0587	7	
14	19	21.5063	5	
14	20	4.49418	1	
14	21	6.4813	1	
14	22	6.02168	1	
14	23	11.8344	3	
14	24	5.79523	2	
14	25	2.76258	1	
14	26	2.93688	1	
14	27	8.33899	2	
14	28	24.6896	6	
14	29	45.1049	9	
15	16	19.9292	5	
15	17	21.0564	4	
15	18	19.3461	4	
15	19	59.6447	13	
15	20	32.4644	7	
15	21	56.8088	12	
15	22	11.2963	2	
15	23	5.82001	1	
15	24	15.9991	4	
15	25	37.5095	9	
15	26	15.773	4	
15	27	30.6282	6	
15	28	37.9135	8	
15	29	30.5487	6	
16	17	12.7165	3	
16	18	25.2549	5	
16	19	7.31383	2	
16	20	6.93301	2	
16	21	25.9768	6	
16	22	6.20034	1	
16	23	7.58794	2	
16	24	48.2962	10	
16	25	52.2497	11	
16	29	3.2545	1	
17	18	19.4746	5	
17	19	36.6066	7	
17	20	8.34853	2	
17	21	23.6186	5	
17	22	31.5655	6	
17	23	26.2587	6	
17	24	43.8555	9	
17	25	41.8053	9	
17	26	17.7217	3	
17	27	11.0253	3	
17	28	90.1915	18	
17	29	25.0131	5	
18	19	17.2222	4	
18	20	10.6978	2	
18	21	23.7798	5	
18	22	32.9067	7	
18	23	14.9752	4	
18	24	10.3128	2	
18	25	13.1809	3	
18	26	57.7736	12	
18	27	31.2507	7	
18	28	50.8464	11	
18	29	4.80101	1	
19	20	35.4406	8	
19	21	11.1694	3	
19	22	32.8864	7	
19	23	35.0788	7	
19	24	13.3721	3	
19	25	19.1696	5	
19	26	8.66159	2	
19	27	4.04258	1	
19	28	34.4034	8	
19	29	8.43897	2	
20	21	28.1407	6	
20	22	44.8579	10	
20	23	8.6589	2	
20	24	30.89	7	
20	25	28.1591	5	
20	26	24.4547	5	
20	27	39.9978	7	
20	28	35.0531	7	
20	29	3.642	1	
21	22	61.344	13	
21	23	50.3873	10	
21	24	63.4779	13	
21	25	24.5371	5	
21	26	7.60204	2	
21	27	8.21112	2	
21	28	37.0095	7	
21	29	65.2501	14	
22	23	38.1954	8	
22	24	30.3824	7	
22	25	30.1137	7	
22	28	59.8206	14	
23	24	40.7035	9	
23	25	56.1198	13	
23	26	28.6438	6	
23	27	38.8282	7	
23	28	9.73268	2	
23	29	64.0983	15	
24	25	60.9681	14	
24	26	39.627	9	
24	27	37.5322	9	
24	28	20.3523	6	
24	29	6.22468	1	
25	26	4.798	1	
25	27	10.6749	2	
25	28	31.063	7	
25	29	12.1289	3	
26	27	23.5913	5	
26	28	25.6376	5	
26	29	12.2689	3	
27	28	12.3007	3	
27	29	18.011	4	
28	29	24.8123	5	
