0	1	38.4904	9	
0	2	15.3735	3	
0	3	32.6976	7	
0	4	73.8908	17	
0	5	35.2581	7	
0	6	46.5613	11	
0	7	42.8361	10	
0	8	37.9562	7	
0	9	39.3259	8	
0	10	53.3139	13	
0	11	46.1826	10	
0	12	34.3628	8	
0	13	48.4059	10	
0	14	33.3604	6	
0	15	5.85995	1	
0	16	3.98062	1	
0	18	17.1176	4	
0	19	4.56809	1	
0	20	22.027	5	
0	21	39.1583	9	
0	22	19.1723	4	
0	23	80.9752	17	
0	24	81.1638	18	
0	25	25.8238	5	
0	26	33.5904	6	
0	27	39.261	6	
0	28	43.1287	10	
0	29	52.0572	12	
0	30	32.9006	7	
0	31	4.34879	1	
0	32	23.7663	5	
0	33	36.4777	8	
0	34	25.0846	6	
0	35	19.4951	4	
0	36	51.0453	10	
0	37	17.3139	3	
1	2	8.18713	2	
1	4	4.48328	1	
1	6	21.3342	5	
1	7	21.5787	4	
1	8	3.57754	1	
1	9	16.3088	3	
1	10	15.7668	4	
1	11	12.1266	2	
1	13	12.9596	3	
1	14	18.6182	3	
1	15	30.3447	6	
1	16	17.644	4	
1	17	3.87065	1	
1	18	10.2453	2	
1	19	7.88854	2	
1	20	14.4171	3	
1	21	17.7886	4	
1	22	4.82498	1	
1	23	6.43916	1	
1	24	3.70098	1	
1	28	11.4689	2	
1	29	18.1698	4	
1	30	30.1109	6	
1	31	13.8672	3	
1	32	7.71209	2	
1	34	5.11585	1	
1	36	4.90648	1	
1	37	2.25435	1	
2	3	6.09682	1	
2	4	13.6388	3	
2	5	5.37954	1	
2	6	25.2715	5	
2	7	17.731	4	
2	8	32.5597	6	
2	10	10.5975	3	
2	11	18.4682	4	
2	13	10.185	2	
2	14	6.18237	1	
2	15	16.9361	5	
2	18	4.59994	1	
2	19	25.563	5	
2	20	14.9128	3	
2	21	20.2197	4	
2	22	8.63747	2	
2	23	6.18237	1	
2	25	6.65782	1	
2	26	12.7196	3	
2	27	3.58788	1	
2	28	10.5685	3	
2	30	22.5139	5	
2	31	6.27814	1	
2	32	20.967	4	
2	33	7.16249	1	
2	34	6.66149	1	
2	35	5.18904	1	
2	36	29.7423	6	
2	37	4.7137	1	
3	5	23.3391	5	
3	6	7.13133	2	
3	7	3.22473	1	
3	8	11.4829	2	
3	9	16.808	3	
3	10	25.2184	5	
3	11	4.80893	2	
3	12	15.2692	3	
3	13	42.6204	9	
3	14	15.2441	3	
3	16	9.55317	2	
3	18	4.36462	1	
3	19	37.9352	8	
3	20	26.0941	5	
3	21	6.52832	1	
3	22	13.4598	3	
3	23	10.1109	2	
3	24	2.51824	1	
3	25	29.4236	6	
3	26	6.05153	1	
3	27	5.6394	1	
3	28	4.57058	1	
3	29	10.6592	2	
3	30	14.5074	3	
3	32	16.8607	3	
3	34	36.4686	7	
3	35	17.8838	4	
3	37	16.8053	3	
4	5	44.6151	11	
4	6	32.437	7	
4	7	17.6763	4	
4	8	10.3157	2	
4	9	51.7423	11	
4	10	30.7277	6	
4	11	31.2601	7	
4	12	24.2628	6	
4	13	4.77968	1	
4	14	25.4454	6	
4	15	12.7518	2	
4	16	25.478	6	
4	17	16.1746	4	
4	18	14.3117	3	
4	19	24.4996	5	
4	20	8.29701	2	
4	21	25.1858	5	
4	22	24.311	5	
4	23	17.3657	4	
4	24	49.6653	11	
4	25	40.3518	8	
4	26	31.956	8	
4	27	32.8745	9	
4	28	16.4781	3	
4	29	28.7143	6	
4	30	6.16112	1	
4	31	13.7113	3	
4	32	8.04022	2	
4	33	14.7849	3	
4	34	34.4816	8	
4	35	16.3413	3	
4	36	28.2318	7	
4	37	20.6805	4	
5	6	13.0371	3	
5	7	23.9565	5	
5	8	28.2795	6	
5	9	17.8657	4	
5	10	56.54	11	
5	11	6.53174	1	
5	12	13.1045	2	
5	13	11.1967	2	
5	14	12.8477	3	
5	15	27.2346	5	
5	16	39.6781	9	
5	17	24.8712	6	
5	18	6.3552	1	
5	19	25.2732	6	
5	20	22.722	5	
5	21	29.7711	6	
5	22	9.42363	2	
5	23	13.3236	3	
5	24	16.3227	3	
5	25	16.8269	4	
5	26	18.9433	4	
5	27	48.9353	11	
5	28	14.42	3	
5	29	3.3548	1	
5	30	16.4351	4	
5	31	27.7305	6	
5	32	29.6365	6	
5	33	41.0812	9	
5	34	11.9366	3	
5	35	5.74617	1	
5	36	9.4035	2	
5	37	21.56	4	
6	7	34.5865	7	
6	8	50.3977	10	
6	9	33.0555	7	
6	10	6.70834	1	
6	11	8.9988	2	
6	12	10.2451	2	
6	13	22.8444	5	
6	14	22.826	4	
6	15	12.7455	3	
6	16	3.75166	1	
6	17	7.64582	2	
6	18	6.76464	1	
6	19	45.9335	10	
6	20	12.3729	2	
6	21	23.6974	5	
6	22	24.7362	5	
6	23	16.5462	3	
6	24	6.95277	1	
6	25	43.4317	9	
6	26	13.1331	3	
6	27	3.43981	1	
6	28	1.85405	1	
6	29	22.2718	5	
6	30	13.8173	3	
6	31	5.69777	2	
6	32	23.5826	5	
6	33	10.047	2	
6	34	25.0168	5	
6	35	26.8152	6	
6	36	7.95854	2	
6	37	41.0597	8	
7	8	20.6367	5	
7	9	18.2362	4	
7	10	19.5686	5	
7	11	23.6644	5	
7	12	21.6139	5	
7	13	30.2335	6	
7	14	22.3498	5	
7	15	15.9165	3	
7	16	30.1195	6	
7	17	15.8272	4	
7	18	4.59996	1	
7	19	6.76451	2	
7	20	24.9627	6	
7	21	28.4781	6	
7	22	17.3712	4	
7	23	10.1991	2	
7	24	38.5319	8	
7	25	66.722	14	
7	26	36.9327	8	
7	27	30.2112	6	
7	28	64.1749	14	
7	29	23.0964	5	
7	30	18.5761	4	
7	31	21.919	5	
7	32	11.2192	2	
7	33	39.8459	8	
7	34	13.1126	3	
7	35	20.0621	4	
7	36	16.9228	3	
7	37	26.278	6	
8	9	11.7817	3	
8	10	34.3136	7	
8	11	24.9239	5	
8	12	4.75828	1	
8	13	28.693	6	
8	15	19.1852	4	
8	16	8.85225	2	
8	17	7.5691	2	
8	18	26.9668	5	
8	19	38.0377	7	
8	20	5.7512	1	
8	21	70.2863	14	
8	22	11.6908	2	
8	23	27.8886	6	
8	24	15.9591	4	
8	25	4.25279	1	
8	26	17.5776	4	
8	27	24.3357	5	
8	28	10.9222	2	
8	29	26.1584	6	
8	30	29.2577	7	
8	31	11.8333	3	
8	32	40.1484	8	
8	33	23.6387	5	
8	34	35.497	7	
8	35	6.99591	1	
8	36	5.24367	1	
8	37	20.5078	4	
9	10	11.4212	2	
9	11	15.483	4	
9	12	4.64493	1	
9	13	25.789	6	
9	14	4.29768	1	
9	15	20.388	5	
9	16	24.5472	6	
9	17	8.26609	2	
9	19	10.9281	2	
9	21	15.4809	3	
9	23	42.4016	9	
9	25	5.50212	1	
9	27	12.3385	2	
9	28	17.0342	4	
9	29	9.83333	2	
9	30	37.8143	9	
9	31	15.9157	3	
9	32	8.75359	2	
9	33	33.4497	7	
9	34	38.9204	8	
9	35	15.872	3	
9	36	8.00304	2	
9	37	12.2189	3	
10	11	52.9725	12	
10	12	25.4847	5	
10	13	54.6796	11	
10	14	14.8391	3	
10	15	23.5328	5	
10	16	11.46	2	
10	18	24.423	5	
10	19	19.5439	4	
10	20	20.4377	4	
10	21	34.8753	8	
10	22	22.415	5	
10	23	29.0252	6	
10	24	42.5718	9	
10	25	16.8763	3	
10	27	50.32	11	
10	28	14.8978	3	
10	29	23.5202	5	
10	30	20.7127	5	
10	31	29.342	7	
10	32	13.2888	3	
10	33	51.0967	11	
10	34	33.1674	7	
10	35	15.5608	4	
10	36	12.5767	2	
10	37	7.63839	2	
11	12	41.7605	9	
11	13	55.0023	11	
11	14	2.22079	1	
11	15	4.89094	1	
11	16	12.8151	3	
11	17	27.543	5	
11	18	6.53241	1	
11	19	23.411	5	
11	20	6.79554	2	
11	21	26.5425	5	
11	22	11.7573	3	
11	23	43.5431	9	
11	24	60.7784	12	
11	25	2.72598	1	
11	27	58.8277	14	
11	28	32.783	7	
11	29	44.159	10	
11	30	23.1142	6	
11	31	49.2918	11	
11	32	8.55196	2	
11	33	16.6499	4	
11	34	11.8229	2	
11	35	24.9067	6	
11	37	32.268	6	
12	13	22.415	5	
12	14	3.92555	1	
12	17	15.0935	3	
12	19	16.4419	4	
12	20	15.3504	3	
12	21	7.32381	2	
12	23	15.1764	3	
12	24	29.3704	7	
12	25	22.7553	5	
12	26	18.9505	4	
12	27	20.8976	5	
12	28	24.1874	5	
12	30	7.8832	2	
12	31	9.6412	2	
12	32	13.8781	3	
12	33	22.158	4	
12	34	27.5738	5	
12	35	8.33865	2	
12	36	21.0845	4	
12	37	14.6258	3	
13	15	8.67648	2	
13	16	14.1207	4	
13	17	11.8003	2	
13	18	25.3156	5	
13	19	24.8471	5	
13	20	31.891	6	
13	21	11.836	3	
13	22	7.12261	2	
13	23	26.6136	5	
13	24	35.2729	7	
13	25	21.0957	5	
13	26	23.2194	6	
13	27	26.5405	6	
13	28	46.6676	11	
13	29	21.901	4	
13	30	34.9666	8	
13	31	32.0367	7	
13	32	8.03702	3	
13	33	24.6482	5	
13	34	25.0601	6	
13	35	10.3461	2	
13	36	20.5201	5	
13	37	61.9883	13	
14	15	39.2088	8	
14	16	6.62659	1	
14	17	4.97879	1	
14	18	6.76464	1	
14	20	8.85409	2	
14	21	17.1683	4	
14	23	35.0384	7	
14	24	14.2738	3	
14	25	27.3944	6	
14	26	16.8082	4	
14	27	5.76321	1	
14	28	4.80727	1	
14	29	17.427	3	
14	30	26.3921	5	
14	32	16.3659	4	
14	33	15.3326	3	
14	34	21.5318	4	
14	35	2.55727	1	
14	36	8.51171	2	
14	37	14.3198	3	
15	16	12.3807	3	
15	18	22.0505	4	
15	20	39.0297	8	
15	21	20.0451	4	
15	23	43.6739	9	
15	24	12.5286	3	
15	25	9.89597	2	
15	26	28.7485	5	
15	27	13.9977	3	
15	28	22.5372	5	
15	29	14.3622	3	
15	30	69.3171	16	
15	31	14.1971	3	
15	32	26.0572	6	
15	33	9.53515	2	
15	34	27.8279	6	
15	36	3.66357	1	
15	37	20.3051	4	
16	17	4.18965	1	
16	19	17.2083	4	
16	20	21.6938	5	
16	21	13.3101	3	
16	22	13.1843	3	
16	24	6.97571	2	
16	25	24.8367	5	
16	27	36.0716	8	
16	28	2.88094	1	
16	29	9.02085	2	
16	30	14.3356	3	
16	31	30.1263	6	
16	33	20.4917	5	
16	34	12.1321	3	
16	35	13.8283	3	
16	37	10.5984	3	
17	19	6.62685	1	
17	20	4.11912	1	
17	21	40.4961	9	
17	22	4.67452	1	
17	23	33.3888	8	
17	24	17.1002	4	
17	25	2.68056	1	
17	26	4.98498	1	
17	27	35.6795	8	
17	28	13.1412	3	
17	29	6.6931	2	
17	30	19.4066	4	
17	31	25.9482	6	
17	32	19.778	4	
17	33	4.42742	2	
17	34	19.8646	5	
17	36	29.083	6	
17	37	19.5498	5	
18	19	2.82898	1	
18	20	6.05775	1	
18	21	32.384	6	
18	22	4.28177	1	
18	23	17.0297	4	
18	24	5.36099	1	
18	25	21.4365	4	
18	27	31.0962	6	
18	28	2.05279	1	
18	30	14.0055	3	
18	32	14.2456	3	
18	34	34.2356	7	
18	35	5.34135	1	
19	20	15.9968	3	
19	21	25.6562	6	
19	23	35.0794	7	
19	24	11.1469	2	
19	25	15.6439	3	
19	26	20.2365	4	
19	27	33.2699	8	
19	28	17.6803	4	
19	29	18.2364	4	
19	30	20.4756	4	
19	31	25.0691	6	
19	32	58.6307	12	
19	33	8.35205	2	
19	34	35.6372	8	
19	35	34.3496	7	
19	36	6.97654	2	
19	37	17.9134	4	
20	21	39.7875	8	
20	22	14.0264	3	
20	23	6.10794	1	
20	24	7.89271	2	
20	25	18.5233	4	
20	26	8.25728	2	
20	27	3.79994	1	
20	28	32.0328	8	
20	29	15.2194	3	
20	30	21.509	5	
20	31	17.9378	4	
20	32	6.70568	2	
20	33	59.4925	12	
20	34	2.23293	1	
20	35	13.3145	3	
20	36	5.15098	1	
20	37	23.3756	5	
21	22	12.3442	2	
21	23	21.6643	5	
21	24	20.5593	4	
21	26	22.1493	5	
21	27	42.0815	9	
21	28	21.655	5	
21	29	23.6864	5	
21	30	33.3224	8	
21	31	4.59147	1	
21	32	55.1206	12	
21	33	21.372	5	
21	34	49.9437	10	
21	35	9.85566	2	
21	36	11.3968	2	
21	37	23.6599	5	
22	23	11.022	2	
22	24	20.3798	4	
22	25	5.74899	1	
22	26	7.92432	2	
22	27	6.83702	1	
22	28	5.7341	2	
22	29	1.1981	1	
22	30	8.62476	2	
22	32	4.97337	1	
22	33	12.9307	2	
22	34	10.2489	2	
22	35	3.88958	1	
22	37	32.1781	8	
23	24	38.8566	8	
23	25	12.806	3	
23	26	9.67164	2	
23	27	26.4705	6	
23	28	33.8464	8	
23	29	26.359	6	
23	30	30.0213	6	
23	31	17.9361	4	
23	32	31.3689	7	
23	33	18.086	5	
23	34	35.1675	8	
23	35	11.2932	2	
23	36	25.2817	6	
23	37	19.6205	5	
24	25	9.00061	2	
24	27	31.5544	7	
24	28	31.6344	7	
24	29	9.02225	2	
24	30	8.84013	2	
24	31	24.751	5	
24	32	6.97254	2	
24	33	29.7614	6	
24	34	7.42833	2	
24	36	4.932	1	
24	37	14.5118	3	
25	26	12.6948	3	
25	27	21.8937	5	
25	28	17.0532	4	
25	29	20.6865	4	
25	30	23.7029	5	
25	31	35.3557	7	
25	32	22.0346	5	
25	33	32.698	7	
25	34	53.8318	11	
25	35	19.4865	5	
25	36	37.1975	7	
25	37	36.6089	8	
26	27	15.4815	5	
26	28	10.3699	2	
26	29	2.83831	1	
26	30	12.4339	3	
26	32	25.7289	5	
26	33	11.5633	3	
26	34	6.06425	1	
26	35	12.8519	3	
26	37	11.032	2	
27	28	37.6658	9	
27	29	14.3434	3	
27	30	56.785	13	
27	31	26.8054	6	
27	32	15.6769	4	
27	33	26.8562	6	
27	34	57.1382	13	
27	36	43.071	8	
27	37	48.5089	12	
28	29	22.1106	6	
28	30	21.0919	4	
28	31	29.1634	6	
28	33	30.1103	6	
28	34	49.6092	11	
28	35	20.3884	5	
28	36	20.4628	5	
28	37	27.6893	6	
29	30	10.8557	2	
29	31	24.2953	6	
29	32	57.394	12	
29	33	53.4113	10	
29	34	58.5903	13	
29	35	8.01234	2	
29	36	40.2518	9	
29	37	17.8675	4	
30	31	23.4145	5	
30	32	21.9418	5	
30	33	43.8805	9	
30	34	26.8596	6	
30	35	12.0381	3	
30	36	21.4588	6	
30	37	17.9014	4	
31	32	12.1522	3	
31	33	30.747	7	
31	34	14.7021	4	
31	36	10.3348	2	
31	37	26.441	6	
32	33	24.9583	5	
32	34	40.9825	9	
32	35	12.3498	3	
32	36	4.80473	1	
32	37	22.9775	5	
33	34	34.1757	8	
33	35	17.6735	4	
33	36	53.3597	12	
33	37	63.5811	14	
34	35	5.93203	1	
34	36	42.4128	10	
34	37	46.8698	10	
35	37	24.0358	5	
36	37	17.5415	4	
