9 20 47 69 89 110 123 169 590 627 1059 1090 
71 77 90 165 178 199 244 251 297 337 510 613 676 858 1054 1097 1233 
28 166 214 288 291 315 358 514 566 612 665 785 801 885 928 931 965 1237 1256 
120 184 213 230 292 349 397 436 459 552 564 637 644 704 724 745 780 783 795 814 848 857 882 902 903 915 917 923 954 990 1063 1076 1149 1157 1191 1202 1212 1219 1249 1252 1255 
85 87 97 100 103 129 139 174 209 236 241 246 278 279 304 317 335 393 492 494 504 509 518 531 545 547 574 587 632 654 656 700 730 737 766 777 789 821 836 842 854 864 901 918 933 937 939 946 978 990 996 1032 1066 1071 1077 1087 1098 1123 1173 1195 1197 1224 1239 1243 1274 1285 1295 1296 
26 49 85 100 101 113 153 158 167 174 176 222 226 237 240 245 265 291 298 318 398 400 408 426 434 446 455 463 490 493 512 547 565 570 574 575 584 587 589 609 620 656 680 696 766 777 794 800 803 808 821 827 836 838 841 856 880 886 892 901 906 916 931 933 946 960 1012 1050 1077 1087 1114 1117 1143 1162 1166 1177 1191 1197 1213 1224 1225 1236 1239 1258 1267 1282 
148 162 265 400 434 464 568 597 613 624 721 728 744 793 800 813 834 838 892 893 931 939 1012 1043 1117 1124 1166 1168 1224 1289 
8 42 99 117 140 141 185 204 229 312 342 353 377 387 399 416 430 442 445 468 478 520 587 593 611 641 663 685 693 706 712 716 737 739 741 745 750 758 799 803 819 829 836 856 864 868 872 899 906 915 919 931 971 976 988 1002 1033 1044 1060 1071 1073 1092 1097 1112 1116 1122 1131 1137 1158 1161 1179 1181 1201 1219 1233 1240 1243 1256 1266 1283 1284 1294 
38 51 68 95 112 114 125 131 185 202 228 233 242 248 263 272 311 348 380 396 488 516 517 522 563 585 592 597 604 618 679 694 728 733 735 738 754 770 782 791 801 867 923 936 941 957 963 968 972 975 989 990 995 1042 1058 1070 1073 1078 1105 1129 1133 1187 1189 1233 1275 1276 1277 1285 1298 
10 82 144 238 261 320 389 394 519 521 609 610 680 688 714 748 792 808 809 811 812 825 826 851 905 935 945 954 1009 1014 1020 1051 1101 1135 1179 1200 1220 1260 
1 34 46 56 70 137 198 205 242 258 282 346 352 400 401 509 578 664 698 709 837 879 901 1038 1053 1151 1203 1245 1275 
72 117 140 141 171 198 204 223 307 392 400 411 467 478 527 593 641 663 693 706 712 716 739 741 743 750 799 819 829 872 875 877 919 971 976 988 1002 1004 1029 1033 1044 1046 1060 1099 1116 1131 1137 1161 1181 1201 1219 1294 
13 16 116 120 136 157 170 184 193 197 223 230 235 283 292 299 308 338 349 360 397 418 444 459 505 552 564 607 643 644 687 704 723 724 745 754 780 783 795 814 848 857 867 869 882 902 903 904 915 917 919 923 927 982 987 990 1017 1072 1076 1103 1157 1191 1203 1246 1249 1251 1252 1255 
7 108 119 132 145 170 179 183 220 235 257 282 283 292 505 723 764 770 795 814 869 917 919 923 935 985 1038 1076 1249 1255 
5 10 21 59 85 104 121 122 128 130 134 151 156 158 167 168 179 181 207 208 215 226 233 244 265 271 309 318 362 363 382 387 395 400 404 406 417 426 433 434 438 439 454 463 464 476 484 499 537 538 551 557 559 567 568 602 605 609 649 661 676 719 727 729 731 737 742 771 779 781 800 802 805 808 833 856 868 888 889 894 906 931 932 949 953 969 999 1012 1049 1054 1077 1086 1095 1096 1101 1103 1117 1135 1136 1141 1150 1166 1167 1177 1186 1198 1208 1213 1214 1223 1224 1236 1257 1267 1285 1293 
63 77 80 81 130 162 165 168 178 181 215 244 272 297 309 330 395 438 444 499 510 541 557 579 588 602 659 676 681 712 727 729 742 749 779 781 803 805 854 888 906 913 925 931 969 989 997 999 1016 1049 1054 1097 1117 1136 1166 1188 1232 1236 1257 1293 1300 
31 57 74 77 81 125 152 189 217 225 280 293 325 386 410 423 427 431 449 473 479 487 533 535 551 556 561 576 581 585 586 611 615 625 630 636 640 700 711 718 723 752 775 778 815 819 823 824 844 850 852 855 862 877 890 898 907 950 956 981 995 1008 1028 1031 1084 1098 1123 1125 1133 1156 1167 1207 1214 1215 1216 1225 1230 1254 1272 1287 1291 
83 98 223 247 251 256 260 323 466 497 502 532 534 584 638 642 725 785 818 927 952 975 1027 1146 1152 1178 1182 1282 1292 
76 105 140 149 171 173 219 259 269 275 294 317 326 340 367 375 384 420 436 476 554 555 594 598 599 621 647 654 684 689 715 759 764 793 794 806 864 938 951 976 1009 1035 1061 1075 1161 1189 1212 1235 
62 152 176 230 234 300 305 307 319 403 404 456 508 550 558 614 619 648 712 747 776 846 853 930 944 1091 1132 1162 1184 
60 127 158 176 187 188 208 230 235 243 255 266 329 394 419 437 452 482 526 589 603 621 623 626 630 669 691 713 717 721 722 751 760 788 804 828 863 903 921 944 947 985 1028 1037 1042 1089 1100 1101 1105 1121 1124 1138 1169 1184 1190 1204 1214 1239 1271 1273 1284 1289 1295 1298 
29 50 52 75 80 162 201 254 319 341 357 388 393 400 413 421 569 588 648 659 686 712 730 747 762 786 811 854 913 944 969 986 993 997 1016 1018 1081 1111 1196 1232 1238 1268 1291 1300 
13 78 91 160 203 213 256 266 287 355 374 376 485 502 503 531 564 628 708 787 958 970 1073 1154 1203 1249 1295 
106 164 221 232 243 270 296 314 328 335 336 447 511 572 617 633 697 720 721 730 757 768 786 839 876 908 918 1011 1021 1045 1046 1072 1167 1173 1205 1221 
12 87 97 100 115 174 206 209 236 241 267 270 274 278 304 317 390 391 393 414 425 469 492 509 524 531 547 561 574 587 595 632 651 654 656 665 766 777 780 821 836 842 854 900 901 933 939 946 974 978 990 1020 1071 1087 1100 1128 1148 1153 1173 1195 1197 1285 1296 
40 109 213 222 251 267 270 300 301 370 390 435 503 524 561 571 595 610 651 670 672 708 743 767 806 821 883 900 901 949 970 974 1020 1047 1048 1113 1128 1148 1220 1227 1261 1275 1279 
138 188 207 246 268 302 371 409 458 465 477 549 599 644 656 668 672 673 705 710 713 740 743 750 833 856 875 934 948 955 1019 1024 1029 1040 1065 1067 1094 1107 1165 1173 1176 
143 192 239 277 284 354 376 426 432 453 543 559 583 603 623 653 666 674 704 711 746 761 822 999 1013 1022 1035 1064 1092 1145 1222 1247 1288 
53 66 76 92 136 147 180 185 201 252 272 289 332 353 360 372 377 383 387 418 442 456 480 587 599 602 603 640 657 693 700 702 711 726 737 739 756 784 807 817 851 860 881 895 899 915 959 968 1001 1005 1006 1007 1017 1030 1037 1041 1047 1073 1075 1096 1112 1127 1132 1134 1143 1144 1150 1170 1179 1185 1233 1241 1251 1265 1283 1284 1286 1297 
92 111 147 201 229 310 345 351 361 404 416 448 480 600 602 603 639 657 671 702 756 860 959 1001 1005 1018 1037 1041 1089 1096 1101 1116 1170 1185 1266 1290 
85 103 129 139 236 276 279 304 307 325 378 405 409 424 459 470 491 504 518 545 608 677 685 700 730 732 763 773 789 798 801 807 816 830 833 849 887 889 909 914 918 951 994 1071 1100 1123 1140 1161 1164 1173 1197 1212 1253 1285 
6 53 55 64 91 103 125 129 133 136 139 175 188 191 207 211 236 239 242 256 266 276 279 290 295 302 303 307 316 324 330 365 378 383 405 415 418 419 459 470 485 491 498 504 511 518 529 545 573 580 604 607 608 669 673 677 685 691 692 700 702 705 710 713 722 730 740 773 789 791 797 798 801 816 825 830 879 884 887 889 892 903 909 951 958 965 977 989 992 994 1003 1005 1024 1030 1053 1059 1065 1071 1078 1081 1088 1121 1123 1125 1130 1139 1140 1165 1174 1176 1229 1248 1258 1262 1284 1295 
31 57 81 94 117 216 225 227 280 293 313 325 366 396 398 431 450 487 518 551 556 565 586 591 611 615 620 625 630 636 640 652 654 682 698 700 718 736 737 738 752 778 806 823 824 833 835 844 849 852 862 864 880 890 902 907 918 950 981 1001 1015 1050 1070 1077 1084 1098 1123 1143 1156 1164 1173 1180 1191 1216 1254 1285 1295 
121 142 146 198 220 238 240 282 291 298 306 316 320 323 352 359 401 408 422 444 452 484 486 512 521 570 584 589 634 639 644 658 680 687 709 723 748 774 809 812 854 862 886 894 916 928 935 945 951 954 969 985 1009 1038 1074 1091 1154 1162 1208 1260 1269 1277 1282 
44 116 143 157 186 192 193 196 197 239 277 282 284 299 318 343 354 432 440 444 453 513 543 559 622 623 653 667 674 687 693 699 711 746 761 822 827 850 920 942 943 957 1023 1035 1057 1064 1072 1092 1093 1103 1108 1132 1222 1237 1270 1288 1299 
104 121 122 128 156 167 188 208 226 229 233 289 332 334 362 363 433 434 439 463 476 536 559 567 602 649 661 693 715 771 800 802 833 856 863 865 878 881 889 894 906 924 931 932 947 1013 1086 1095 1101 1103 1117 1166 1177 1186 1198 1223 1224 1226 1236 1273 
48 68 112 125 131 155 202 211 228 233 242 248 263 295 303 324 348 415 422 516 585 597 604 607 618 640 705 728 733 738 782 797 801 825 884 963 972 975 989 992 1030 1059 1070 1078 1088 1129 1139 1165 1174 1187 1189 1229 1248 1264 1276 1298 
106 107 164 221 243 270 296 314 328 335 336 447 499 511 572 617 633 648 697 720 721 730 757 786 839 876 908 911 918 995 1011 1021 1045 1046 1072 1082 1167 1196 1205 1221 1298 1300 
36 54 111 142 146 198 218 220 255 273 282 298 306 316 323 352 359 361 366 401 422 441 448 482 484 486 542 569 622 634 639 644 658 687 709 714 723 737 774 788 794 854 859 862 894 896 903 916 928 935 948 951 969 985 1038 1053 1070 1074 1089 1091 1092 1100 1109 1138 1154 1169 1204 1208 1219 1234 1239 1253 1269 
74 117 140 141 152 176 204 217 225 234 305 307 316 333 410 427 467 478 479 481 483 508 533 535 550 561 581 585 590 593 614 619 641 662 663 675 687 706 709 716 723 741 753 765 775 776 778 799 810 815 819 825 846 850 852 855 877 898 904 919 930 940 956 958 971 973 976 981 988 995 1002 1031 1033 1044 1046 1055 1060 1085 1098 1102 1120 1125 1131 1137 1162 1167 1181 1192 1201 1207 1215 1230 1272 1291 
150 173 249 253 289 318 457 508 520 530 550 589 629 680 728 762 819 839 846 873 912 942 943 962 967 1000 1091 1150 1177 1182 1250 1277 1287 
22 41 56 79 84 92 117 132 136 138 140 141 151 154 194 204 232 262 274 308 338 360 376 383 412 418 455 459 478 496 523 543 582 586 593 641 643 657 663 664 687 693 702 706 716 724 736 740 799 800 829 861 862 869 872 901 904 924 939 959 976 984 987 988 1002 1017 1027 1030 1033 1044 1060 1063 1075 1081 1090 1096 1115 1118 1119 1131 1137 1155 1160 1161 1168 1176 1181 1183 1194 1199 1206 1220 1239 1245 1246 1263 1286 
16 97 111 121 146 170 179 223 235 236 242 255 282 283 292 298 303 304 306 338 343 352 359 361 366 379 397 409 415 422 437 441 448 452 474 482 484 486 546 564 569 589 603 607 634 639 658 680 700 702 717 722 764 765 787 788 794 795 796 812 814 830 851 853 862 867 869 896 916 917 923 943 985 990 1030 1034 1042 1053 1064 1070 1071 1076 1089 1091 1095 1096 1100 1101 1109 1129 1138 1153 1169 1173 1184 1195 1204 1208 1210 1214 1239 1249 1253 1255 1269 1277 
94 117 216 227 304 366 396 398 450 565 591 611 620 652 682 737 738 752 756 806 823 833 835 849 862 864 880 902 918 1015 1050 1070 1077 1084 1164 1173 1180 1191 1285 
19 42 58 73 86 94 113 116 157 185 193 197 206 216 218 226 227 278 291 299 315 331 353 377 380 387 396 398 440 448 450 472 520 551 587 591 611 620 627 652 678 682 699 726 737 738 768 803 806 831 835 843 849 862 864 880 885 902 910 915 931 957 979 996 998 1001 1015 1050 1073 1077 1093 1096 1098 1112 1132 1143 1164 1180 1190 1191 1218 1233 1281 
63 88 208 220 231 242 246 268 291 307 322 371 409 411 446 458 461 465 477 494 549 568 570 604 625 644 656 668 679 703 716 743 750 791 856 860 875 934 948 1015 1019 1029 1036 1040 1065 1067 1094 1107 1168 1170 1173 1282 
4 16 30 56 92 112 147 155 166 194 201 217 229 235 308 310 345 368 376 380 400 454 463 480 496 543 566 581 582 592 600 602 603 607 612 643 657 664 671 736 740 756 780 814 861 867 869 887 888 904 910 919 927 936 940 959 965 984 987 1001 1017 1037 1041 1068 1075 1096 1101 1118 1119 1170 1183 1185 1199 1245 1246 1286 1290 
63 130 168 181 215 309 330 395 438 444 499 541 557 579 676 681 727 729 742 749 779 781 805 836 888 906 969 999 1049 1051 1054 1097 1136 1166 1188 1208 1257 1293 
8 99 113 153 222 237 240 245 291 312 342 372 383 408 442 445 446 455 468 490 493 506 512 544 575 584 606 641 685 700 739 784 836 838 841 866 886 899 960 961 1097 1099 1110 1112 1114 1134 1158 1177 1225 1233 1240 1243 1256 1258 1282 1283 1297 
88 96 173 210 231 246 268 270 302 322 371 392 411 448 458 461 465 477 544 549 553 568 590 593 599 627 641 644 656 668 679 739 743 750 833 856 860 866 875 899 934 948 949 961 1004 1015 1019 1029 1036 1040 1065 1067 1094 1099 1110 1158 1161 1163 1170 1175 1181 1256 1282 
2 32 54 64 91 142 153 178 181 203 213 218 242 256 266 271 273 290 312 323 333 415 419 438 445 481 483 485 492 498 503 521 529 542 557 579 580 607 622 628 631 662 669 673 691 692 700 710 713 714 722 737 749 753 774 779 781 811 825 836 839 885 902 903 928 954 958 967 982 992 999 1003 1005 1022 1024 1026 1027 1030 1055 1059 1064 1074 1085 1088 1092 1101 1104 1106 1120 1121 1135 1137 1154 1165 1169 1208 1213 1228 1229 1234 1237 1248 1257 1262 1269 1277 1293 1295 1298 
11 50 59 62 72 106 107 120 135 153 164 195 221 232 254 256 285 296 312 314 328 330 333 335 336 356 406 421 441 443 447 467 477 481 483 493 507 538 553 565 572 590 599 631 633 662 675 679 690 691 692 697 698 720 721 725 727 753 757 765 772 806 810 825 845 858 871 876 885 895 929 936 942 958 975 982 986 995 1005 1011 1018 1022 1026 1027 1034 1045 1046 1055 1081 1082 1085 1104 1106 1120 1135 1136 1137 1146 1147 1152 1153 1154 1171 1182 1205 1208 1210 1213 1219 1221 1228 1237 1251 1277 1295 1298 
26 49 101 107 113 120 135 144 153 167 176 184 195 215 237 238 240 245 261 272 285 291 297 320 356 367 389 394 408 446 455 467 490 493 499 512 519 521 552 557 570 575 584 675 676 679 680 688 696 704 727 742 745 748 749 765 772 779 781 783 792 794 803 808 809 810 812 826 836 838 848 857 882 886 905 935 936 938 945 954 960 989 999 1014 1020 1026 1034 1051 1081 1082 1097 1101 1162 1177 1179 1200 1210 1212 1219 1225 1252 1257 1258 1260 1293 
4 15 31 59 62 72 92 111 122 135 147 188 195 196 201 229 255 256 272 285 310 345 351 356 361 404 416 437 441 448 452 464 467 480 482 487 492 496 556 565 589 594 599 600 602 603 612 649 657 671 675 679 690 702 717 726 747 756 765 771 772 788 796 806 810 936 943 959 986 990 996 1001 1017 1018 1027 1034 1037 1041 1042 1060 1074 1081 1082 1089 1096 1100 1101 1116 1135 1136 1137 1138 1156 1169 1170 1173 1184 1185 1204 1210 1219 1230 1239 1246 1251 1253 1266 1270 1286 1290 
66 76 96 143 173 180 198 210 231 252 270 289 322 332 372 392 411 448 456 461 544 551 553 590 599 625 632 640 657 703 711 716 739 760 784 786 807 817 866 881 895 915 949 961 983 1004 1006 1007 1025 1036 1047 1068 1088 1099 1110 1134 1143 1144 1158 1163 1175 1241 1251 1256 1265 1283 1284 1286 1294 1297 
33 35 37 42 83 85 98 125 130 138 178 185 200 247 251 256 264 268 276 296 327 351 353 364 377 378 381 387 409 424 465 466 470 474 475 484 488 491 495 497 500 502 507 532 534 538 549 568 584 587 608 635 638 640 650 656 662 668 672 695 725 732 734 737 745 753 773 785 790 793 798 801 803 816 818 830 839 847 858 870 871 874 876 887 889 895 909 914 915 926 927 934 936 937 940 948 951 952 955 977 983 991 994 996 1019 1027 1040 1045 1062 1065 1067 1071 1073 1094 1104 1106 1109 1112 1122 1126 1140 1146 1147 1149 1152 1153 1163 1171 1178 1182 1193 1202 1209 1217 1233 1240 1243 1287 
3 14 15 18 33 58 112 125 142 146 150 155 159 173 180 189 191 203 218 249 253 273 289 295 318 323 329 333 364 365 372 386 399 407 423 431 449 454 457 460 473 477 481 483 484 495 501 506 507 508 509 520 530 538 542 556 560 565 576 578 589 596 620 622 628 629 630 640 652 662 672 681 696 702 711 714 728 737 752 753 758 760 762 763 774 784 802 804 807 819 825 839 846 871 873 902 907 912 914 915 922 936 950 955 956 962 967 983 984 1000 1006 1008 1028 1047 1055 1058 1059 1074 1079 1080 1083 1084 1085 1091 1092 1104 1106 1112 1120 1127 1133 1141 1143 1147 1150 1151 1153 1154 1159 1171 1177 1182 1209 1214 1222 1228 1231 1234 1237 1250 1265 1277 1280 1283 1286 1287 1298 
17 30 34 72 106 151 161 164 195 221 243 256 270 285 286 296 313 314 330 335 336 338 368 391 447 467 499 511 541 572 573 582 617 633 654 661 675 679 690 697 701 720 721 730 755 757 765 768 780 810 820 839 846 858 869 876 878 892 896 906 908 911 929 974 995 1011 1021 1026 1027 1034 1045 1046 1060 1066 1072 1082 1137 1141 1182 1188 1205 1210 1221 1246 1251 1259 1292 
18 163 229 239 332 334 376 403 456 536 540 548 666 715 732 757 767 796 832 859 878 924 973 994 1013 1038 1064 1069 1130 1145 1186 1190 1226 1244 1247 1275 1278 
24 135 149 168 171 173 177 181 182 215 219 224 265 271 275 281 295 340 375 420 464 541 555 577 598 599 621 647 654 662 684 689 719 727 729 742 747 749 759 781 793 804 805 864 888 999 1022 1035 1046 1048 1049 1054 1061 1082 1085 1104 1117 1120 1136 1141 1189 1208 1213 1235 1257 1293 
13 16 17 30 34 56 140 141 151 155 161 164 170 171 193 194 198 204 223 235 239 270 274 277 283 284 286 292 313 314 328 336 338 349 354 368 376 379 397 400 415 432 447 453 454 463 478 496 505 511 543 564 573 586 593 607 617 623 633 641 643 653 661 663 664 674 687 693 701 706 716 720 722 723 736 739 740 741 755 758 761 764 780 786 795 799 814 820 822 829 861 864 867 869 872 876 877 892 896 904 906 908 910 911 915 917 919 923 927 940 954 956 969 971 974 976 982 984 987 988 990 995 999 1002 1011 1017 1021 1022 1033 1035 1044 1045 1064 1072 1076 1095 1118 1119 1128 1131 1161 1167 1181 1183 1188 1194 1201 1203 1205 1219 1221 1222 1245 1246 1249 1251 1255 1259 1282 1288 1292 
58 152 217 316 350 427 429 471 479 533 535 538 539 569 581 631 655 683 687 723 769 775 778 815 827 841 852 855 865 877 885 898 964 973 981 1031 1052 1072 1086 1098 1102 1103 1106 1142 1150 1157 1167 1192 1207 1215 1230 1272 1291 
25 34 36 42 58 73 86 102 118 124 179 191 206 272 300 311 320 330 331 349 373 380 403 407 443 456 472 517 537 546 558 563 592 601 627 631 678 698 699 716 726 735 744 754 768 770 787 796 831 843 851 853 867 877 885 908 918 922 929 941 957 968 979 982 994 998 1026 1038 1058 1114 1131 1132 1141 1188 1201 1218 1259 1277 1280 1281 1285 
14 15 18 82 96 134 143 179 198 207 210 231 270 295 300 322 329 382 403 407 411 417 426 431 454 456 461 484 537 551 553 565 577 590 605 610 632 681 703 714 719 731 733 747 758 763 786 796 804 811 846 851 853 860 866 914 953 954 961 994 1004 1035 1036 1058 1080 1083 1084 1085 1088 1099 1110 1114 1127 1158 1159 1163 1166 1167 1175 1231 1256 1285 1286 
8 23 40 43 63 98 109 151 172 186 187 190 196 208 213 222 299 300 301 318 343 347 351 364 370 385 402 406 407 435 444 491 513 515 543 549 571 573 594 610 637 651 667 670 672 693 743 749 767 790 792 793 806 840 845 850 883 889 899 900 910 912 920 926 942 943 948 949 977 1011 1019 1020 1023 1027 1029 1039 1042 1047 1048 1057 1062 1105 1108 1109 1113 1122 1128 1135 1146 1148 1149 1152 1162 1163 1168 1169 1178 1186 1202 1213 1220 1222 1227 1232 1237 1240 1261 1270 1275 1279 1299 
65 93 104 121 128 153 156 206 222 237 321 344 362 363 366 369 406 431 433 439 440 451 462 463 476 525 528 559 560 566 567 582 606 612 649 669 771 833 861 865 889 891 894 913 925 932 951 965 966 967 980 1056 1086 1093 1095 1125 1130 1132 1139 1178 1186 1198 1214 1223 1242 1258 1264 1271 1273 
29 50 52 75 80 93 116 162 166 201 254 312 319 321 341 344 357 366 369 388 393 400 411 413 421 431 440 451 462 464 467 477 525 528 560 566 582 588 606 612 648 659 712 730 762 811 854 891 913 925 965 966 967 980 986 993 997 1016 1056 1081 1093 1111 1125 1130 1132 1181 1196 1223 1228 1232 1238 1242 1264 1268 1273 1300 
17 30 34 64 91 151 161 179 207 256 266 270 286 287 290 300 313 314 338 347 368 385 391 402 415 419 467 485 491 492 498 503 511 515 529 541 573 580 582 637 654 661 669 673 691 692 701 710 713 717 722 730 731 755 780 790 810 820 825 839 840 845 858 869 878 889 892 896 903 908 911 926 942 953 958 959 977 1003 1005 1024 1026 1027 1030 1039 1060 1062 1065 1088 1089 1101 1105 1109 1122 1149 1169 1176 1186 1188 1202 1213 1240 1246 1259 1262 1292 1295 
67 76 87 105 130 171 206 212 259 268 269 276 294 304 326 367 378 379 384 399 409 424 431 436 470 476 488 491 504 527 539 554 583 594 603 608 654 667 672 677 683 698 715 732 738 752 764 773 776 789 793 794 798 801 806 807 816 823 824 830 854 861 865 871 887 889 909 914 938 950 951 955 994 995 1009 1010 1022 1068 1071 1075 1105 1107 1133 1135 1140 1147 1153 1161 1195 1206 1211 1212 1296 
3 36 39 55 67 76 105 133 139 158 171 175 191 206 211 212 239 246 259 269 294 295 303 316 317 324 326 365 367 371 379 384 392 399 402 415 422 436 460 461 491 501 515 527 539 554 569 573 578 583 594 596 603 607 631 673 683 700 705 715 738 764 776 784 790 791 794 797 802 806 840 861 865 882 884 885 909 926 938 951 959 977 992 1009 1010 1022 1024 1027 1030 1039 1059 1061 1062 1068 1075 1088 1105 1107 1130 1135 1139 1140 1149 1165 1174 1202 1211 1212 1240 1242 1248 1264 1280 
72 176 222 229 312 399 416 430 526 611 829 856 868 906 947 1001 1071 1092 1116 1117 1266 1271 1273 1284 1294 
14 76 97 121 128 138 156 166 226 246 265 362 363 406 428 433 459 476 483 489 567 568 583 609 640 645 660 686 691 692 707 724 771 825 833 856 858 871 931 932 958 983 1005 1025 1060 1076 1077 1095 1096 1107 1117 1135 1166 1177 1184 1195 1198 1214 1223 1236 1265 1267 1295 
29 50 52 63 75 76 80 81 138 147 162 201 208 220 229 254 268 310 319 341 345 388 393 413 421 458 464 465 477 480 489 492 513 549 588 600 634 639 644 648 657 659 671 686 702 712 730 743 750 756 786 792 811 833 913 925 948 959 986 993 997 1016 1018 1025 1029 1037 1040 1065 1067 1094 1096 1108 1168 1170 1185 1196 1228 1232 1238 1290 1291 1297 1300 
27 32 35 39 45 50 54 61 87 126 130 155 159 167 191 212 223 240 250 260 316 335 339 351 357 365 399 413 420 446 457 460 463 484 494 495 501 506 509 552 562 569 578 596 616 642 646 678 696 766 802 811 821 837 842 879 897 901 915 922 946 952 974 991 993 1026 1032 1045 1053 1066 1079 1087 1111 1141 1147 1151 1153 1172 1197 1209 1224 1232 1243 1268 1274 1280 1289 1294 1300 
39 45 85 112 131 137 146 155 158 159 171 189 191 206 212 242 246 330 351 365 371 379 383 386 399 402 420 423 432 449 460 473 484 501 506 507 509 527 539 569 573 576 578 583 592 596 631 672 683 696 737 750 802 837 861 865 871 879 901 909 915 922 936 955 956 974 991 995 1008 1010 1022 1026 1028 1030 1053 1059 1068 1070 1079 1107 1125 1130 1133 1141 1147 1151 1153 1171 1187 1206 1209 1211 1229 1242 1280 1287 
