#module 0 size: 48 bs: 0.000431523
16 41 42 43 45 51 68 74 113 121 182 187 191 196 201 205 206 222 244 251 256 274 286 290 294 342 344 359 369 371 385 403 408 423 456 460 466 520 526 545 560 581 607 644 653 682 683 692 
#module 1 size: 65 bs: 0.000730778
13 15 36 37 44 57 58 89 98 122 134 138 170 176 179 187 231 247 252 257 261 279 281 284 288 289 290 295 306 312 327 335 341 343 360 376 393 396 400 426 431 442 461 501 511 519 521 534 542 555 564 576 595 601 602 606 611 612 616 647 672 687 689 694 695 
#module 2 size: 41 bs: 0.000431523
34 71 94 100 136 144 149 155 159 185 198 226 229 230 243 267 277 314 328 334 370 387 395 419 455 458 468 477 498 503 507 515 522 572 578 604 609 613 626 650 667 
#module 3 size: 45 bs: 0.00029777
8 77 102 104 112 117 163 171 173 204 234 241 273 278 299 337 375 381 383 388 389 399 407 437 446 459 466 474 480 496 499 510 524 532 536 569 596 603 606 625 643 659 661 671 693 
#module 4 size: 20 bs: 1
1 20 146 148 150 161 238 287 307 367 379 386 419 437 452 495 519 569 660 668 
#module 5 size: 27 bs: 1
2 48 69 106 166 202 203 221 262 352 357 435 444 447 464 486 525 528 567 570 572 587 607 618 631 635 652 
#module 6 size: 39 bs: 1
17 29 38 50 51 79 96 101 160 170 173 196 207 237 248 253 259 276 292 298 335 346 373 391 406 419 424 428 433 435 463 481 502 543 544 551 591 654 678 
#module 7 size: 15 bs: 1
7 10 24 33 49 59 109 137 252 403 440 450 452 525 677 
#module 8 size: 21 bs: 1
23 30 39 70 118 152 183 203 209 218 250 275 282 283 313 316 413 434 492 630 687 
#module 9 size: 33 bs: 1
25 82 118 132 187 190 205 210 263 317 321 322 329 350 364 373 375 378 380 408 429 453 476 490 585 595 616 637 658 665 666 669 677 
#module 10 size: 36 bs: 1
88 90 91 103 108 126 153 180 191 224 225 268 323 331 340 344 371 455 463 469 480 482 512 518 527 528 545 552 571 620 630 633 648 673 674 699 
#module 11 size: 27 bs: 1
67 73 93 125 152 157 164 180 235 240 248 264 272 321 343 356 362 366 398 446 537 539 561 575 625 650 662 
#module 12 size: 23 bs: 1
26 35 184 356 365 429 431 434 445 456 475 497 506 520 553 558 559 577 583 603 610 652 675 
#module 13 size: 32 bs: 1
11 13 21 68 105 106 129 154 270 279 303 320 326 377 392 412 432 495 514 548 562 563 593 621 630 649 657 659 661 668 684 686 
#module 14 size: 20 bs: 1
61 83 128 139 155 156 181 191 193 336 382 397 415 420 443 453 495 509 516 558 
#module 15 size: 37 bs: 1
66 76 81 110 130 141 142 145 162 171 175 211 220 260 269 304 356 373 416 457 470 479 481 515 542 549 573 588 614 623 634 635 651 656 683 689 696 
#module 16 size: 19 bs: 1
14 64 123 151 189 209 213 245 324 335 368 372 414 438 444 492 562 595 679 
#module 17 size: 31 bs: 1
75 80 135 144 159 186 188 208 242 293 301 308 318 323 409 440 473 477 488 494 524 530 581 589 598 600 628 632 640 649 669 
#module 18 size: 33 bs: 1
6 26 47 74 75 78 82 92 122 143 248 291 305 310 328 336 395 417 471 492 513 526 540 546 550 555 557 566 587 619 641 670 687 
#module 19 size: 36 bs: 1
32 41 74 97 155 216 223 252 260 302 309 321 352 353 378 384 402 410 411 441 462 463 534 545 574 592 603 621 625 645 652 669 676 677 683 700 
#module 20 size: 29 bs: 1
106 232 241 271 285 290 294 297 300 325 338 349 354 355 361 378 425 446 467 537 556 559 565 590 636 638 639 650 656 
#module 21 size: 32 bs: 1
63 95 99 119 158 315 323 324 339 345 417 421 429 437 439 449 454 461 483 489 491 504 508 515 535 580 582 586 626 629 646 656 
#module 22 size: 24 bs: 1
54 140 169 177 198 205 217 239 249 262 340 343 352 394 396 400 417 461 530 590 616 624 661 690 
#module 23 size: 35 bs: 1
84 111 115 122 167 178 192 228 233 340 357 400 408 436 451 484 496 500 505 531 534 547 568 575 583 608 610 622 629 642 644 655 663 681 685 
#module 24 size: 32 bs: 1
4 18 19 22 86 120 134 172 174 195 198 230 246 258 296 346 351 357 363 370 374 401 418 450 517 524 579 581 590 626 679 691 
#module 25 size: 34 bs: 1
9 56 85 116 124 127 131 153 162 219 229 236 246 254 324 358 371 389 427 434 450 465 473 496 525 528 537 541 562 597 615 664 680 698 
#module 26 size: 20 bs: 1
27 46 60 108 133 147 165 168 214 227 279 311 330 347 431 565 566 587 596 660 
#module 27 size: 27 bs: 1
3 12 28 40 164 199 230 265 328 333 456 480 481 485 520 523 529 533 538 554 565 584 594 599 605 627 644 
#module 28 size: 39 bs: 1
5 31 55 62 72 86 87 97 107 145 149 152 215 255 319 332 348 375 390 396 404 405 422 430 448 452 472 473 477 478 530 559 566 601 620 649 668 688 697 
#module 29 size: 24 bs: 1
52 53 65 114 166 194 197 200 212 253 266 280 421 440 453 487 493 558 569 606 617 620 629 635 
