0	1	12
0	2	10
0	3	8
0	4	12
0	5	12
0	6	7
0	7	11
0	8	9
0	9	10
0	10	9
0	11	15
0	12	14
0	13	14
0	14	4
0	15	11
0	16	13
0	17	16
0	18	16
0	19	23
0	20	17
0	21	13
0	22	5
1	2	5
1	3	6
1	4	9
1	5	14
1	6	7
1	7	10
1	8	7
1	9	9
1	10	10
1	11	13
1	12	11
1	13	10
1	14	10
1	15	11
1	16	11
1	17	10
1	18	10
1	19	9
1	20	7
1	21	8
1	22	3
2	3	7
2	4	7
2	5	8
2	6	6
2	7	10
2	8	8
2	9	11
2	10	10
2	11	12
2	12	11
2	13	9
2	14	6
2	15	5
2	16	8
2	17	7
2	18	12
2	19	6
2	20	10
2	21	7
2	22	1
3	4	9
3	5	10
3	6	8
3	7	12
3	8	13
3	9	12
3	10	9
3	11	14
3	12	11
3	13	6
3	14	4
3	15	8
3	16	7
3	17	8
3	18	5
3	19	6
3	20	16
3	21	5
3	22	3
4	5	10
4	6	6
4	7	11
4	8	17
4	9	8
4	10	15
4	11	19
4	12	16
4	13	14
4	14	5
4	15	4
4	16	10
4	17	17
4	18	9
4	19	5
4	20	12
4	21	10
4	22	5
5	6	8
5	7	6
5	8	21
5	9	18
5	10	21
5	11	24
5	12	14
5	13	13
5	14	6
5	15	9
5	16	9
5	17	12
5	18	21
5	19	17
5	20	13
5	21	20
5	22	11
6	7	11
6	8	6
6	9	11
6	10	13
6	11	12
6	12	8
6	13	10
6	14	9
6	15	8
6	16	7
6	17	6
6	18	10
6	19	7
6	20	12
6	21	14
6	22	2
7	8	12
7	9	9
7	10	12
7	11	11
7	12	11
7	13	16
7	14	6
7	15	13
7	16	8
7	17	14
7	18	12
7	19	7
7	20	11
7	21	10
7	22	6
8	9	13
8	10	21
8	11	17
8	12	25
8	13	12
8	14	8
8	15	16
8	16	15
8	17	24
8	18	18
8	19	12
8	20	19
8	21	13
8	22	11
9	10	14
9	11	18
9	12	17
9	13	19
9	14	10
9	15	18
9	16	17
9	17	16
9	18	18
9	19	19
9	20	17
9	21	13
9	22	7
10	11	18
10	12	23
10	13	15
10	14	7
10	15	10
10	16	15
10	17	17
10	18	20
10	19	14
10	20	21
10	21	21
10	22	8
11	12	18
11	13	19
11	14	6
11	15	14
11	16	11
11	17	16
11	18	19
11	19	12
11	20	20
11	21	20
11	22	7
12	13	14
12	14	3
12	15	9
12	16	10
12	17	11
12	18	11
12	19	11
12	20	14
12	21	9
12	22	9
13	14	10
13	15	12
13	16	6
13	17	15
13	18	15
13	19	15
13	20	13
13	21	13
13	22	6
14	15	5
14	16	7
14	17	7
14	18	7
14	19	10
14	20	5
14	21	10
14	22	2
15	16	8
15	17	6
15	18	8
15	19	14
15	20	11
15	21	6
15	22	3
16	17	11
16	18	13
16	19	10
16	20	10
16	21	6
16	22	5
17	18	14
17	19	18
17	20	18
17	21	10
17	22	3
18	19	5
18	20	21
18	21	14
18	22	9
19	20	16
19	21	9
19	22	6
20	21	17
20	22	6
21	22	3
