0	1	5
0	2	3
0	3	3
0	4	5
0	5	4
0	6	6
0	7	2
0	8	15
0	9	2
0	10	10
0	11	5
0	12	2
0	13	6
0	14	7
0	15	19
0	16	6
0	17	8
0	18	7
0	19	5
0	20	4
0	21	5
0	22	4
0	23	1
0	24	6
0	25	7
0	26	2
0	27	6
0	28	1
0	29	3
0	30	1
0	31	2
0	32	6
0	33	5
0	34	4
0	35	10
0	36	5
0	37	3
0	38	5
0	39	10
0	41	2
1	2	8
1	3	3
1	4	3
1	5	2
1	6	4
1	7	2
1	8	9
1	9	4
1	10	10
1	11	6
1	12	8
1	13	7
1	14	11
1	15	17
1	16	5
1	17	2
1	18	11
1	19	2
1	20	2
1	21	3
1	22	3
1	23	2
1	24	2
1	25	3
1	26	4
1	27	4
1	28	2
1	29	1
1	30	2
1	31	2
1	32	9
1	33	5
1	34	3
1	35	6
1	36	3
1	37	3
1	38	1
1	39	7
1	40	3
1	41	1
2	3	9
2	4	6
2	5	4
2	6	5
2	7	4
2	8	8
2	9	7
2	10	7
2	11	7
2	12	8
2	13	13
2	14	7
2	15	22
2	16	6
2	17	3
2	18	9
2	19	8
2	20	5
2	21	7
2	22	4
2	23	16
2	24	6
2	25	7
2	26	4
2	27	5
2	28	7
2	29	2
2	30	5
2	31	6
2	32	7
2	33	9
2	34	5
2	35	3
2	36	6
2	37	4
2	38	4
2	39	14
2	40	3
2	41	6
3	4	5
3	5	12
3	6	4
3	7	4
3	8	5
3	9	4
3	10	7
3	11	4
3	12	8
3	13	8
3	14	4
3	15	12
3	16	3
3	17	5
3	18	7
3	19	4
3	20	11
3	21	1
3	22	2
3	23	5
3	24	2
3	25	5
3	26	7
3	27	5
3	28	2
3	29	4
3	30	3
3	31	2
3	32	4
3	33	6
3	34	1
3	35	3
3	36	4
3	37	2
3	38	3
3	39	7
3	40	8
3	41	1
4	5	1
4	6	3
4	7	3
4	8	9
4	9	8
4	10	3
4	11	2
4	12	2
4	13	2
4	14	5
4	15	13
4	16	6
4	17	1
4	18	7
4	19	1
4	20	2
4	21	5
4	22	1
4	23	4
4	24	2
4	25	8
4	26	3
4	27	5
4	28	1
4	29	3
4	30	5
4	31	2
4	32	4
4	33	4
4	34	2
4	35	6
4	36	4
4	37	1
4	39	2
4	40	3
4	41	3
5	6	5
5	7	3
5	8	4
5	10	4
5	11	4
5	12	11
5	13	4
5	14	7
5	15	13
5	16	3
5	17	9
5	18	6
5	19	7
5	20	7
5	21	6
5	22	3
5	23	7
5	24	4
5	25	2
5	26	6
5	27	5
5	28	3
5	29	1
5	30	4
5	31	4
5	32	4
5	33	5
5	34	8
5	35	4
5	36	3
5	37	1
5	38	4
5	39	3
5	40	3
5	41	3
6	7	1
6	8	8
6	9	2
6	10	2
6	11	5
6	12	4
6	13	13
6	14	2
6	15	14
6	16	2
6	17	6
6	18	2
6	19	2
6	20	2
6	21	3
6	22	2
6	23	5
6	24	2
6	25	3
6	26	6
6	27	1
6	28	1
6	30	7
6	31	3
6	32	7
6	33	3
6	35	8
6	36	3
6	37	1
6	38	2
6	39	5
6	40	4
7	8	5
7	9	1
7	10	13
7	11	1
7	12	5
7	13	1
7	14	4
7	15	9
7	16	2
7	17	2
7	18	2
7	19	3
7	20	3
7	21	3
7	22	7
7	23	3
7	24	4
7	25	2
7	26	1
7	27	2
7	28	3
7	29	3
7	30	2
7	32	4
7	33	3
7	34	3
7	35	5
7	36	1
7	37	2
7	38	1
7	39	7
7	40	1
7	41	2
8	9	6
8	10	7
8	11	10
8	12	2
8	13	7
8	14	18
8	15	27
8	16	9
8	17	15
8	18	11
8	19	6
8	20	8
8	21	5
8	22	13
8	23	6
8	24	3
8	25	9
8	26	11
8	27	4
8	28	5
8	29	11
8	30	7
8	31	3
8	32	7
8	33	7
8	34	12
8	35	8
8	36	9
8	37	6
8	38	3
8	39	10
8	40	4
8	41	6
9	10	5
9	11	6
9	12	1
9	13	1
9	14	4
9	15	7
9	16	4
9	17	2
9	18	11
9	19	2
9	20	2
9	21	6
9	22	1
9	23	5
9	24	1
9	25	5
9	26	8
9	27	4
9	28	3
9	29	2
9	30	1
9	31	3
9	32	5
9	33	1
9	34	5
9	35	5
9	36	4
9	37	1
9	38	4
9	39	3
9	40	3
9	41	2
10	11	5
10	12	10
10	13	3
10	14	8
10	15	18
10	16	9
10	17	3
10	18	10
10	19	6
10	20	2
10	21	4
10	22	4
10	23	9
10	24	2
10	25	7
10	26	5
10	27	4
10	29	5
10	30	7
10	31	1
10	32	10
10	33	8
10	34	12
10	35	8
10	36	3
10	37	4
10	38	3
10	39	7
10	40	9
10	41	7
11	12	5
11	13	5
11	14	7
11	15	23
11	16	2
11	17	7
11	18	10
11	19	6
11	20	6
11	21	6
11	22	5
11	23	5
11	24	2
11	25	9
11	26	7
11	27	2
11	28	2
11	29	6
11	30	5
11	31	4
11	32	3
11	33	1
11	34	3
11	35	5
11	36	4
11	37	2
11	38	4
11	39	4
11	40	3
11	41	1
12	13	6
12	14	4
12	15	13
12	16	3
12	17	4
12	18	2
12	19	8
12	20	4
12	21	3
12	22	6
12	23	5
12	24	3
12	25	3
12	26	4
12	27	9
12	28	1
12	29	5
12	30	5
12	31	3
12	32	5
12	33	8
12	34	5
12	35	3
12	36	6
12	37	3
12	38	6
12	39	8
12	40	5
12	41	7
13	14	13
13	15	19
13	16	2
13	17	6
13	18	7
13	19	7
13	20	4
13	21	4
13	22	4
13	23	4
13	24	3
13	25	6
13	26	3
13	27	5
13	28	4
13	29	4
13	30	4
13	31	7
13	32	7
13	33	4
13	34	4
13	35	6
13	36	6
13	37	3
13	38	3
13	39	3
13	40	3
13	41	5
14	15	23
14	16	3
14	17	8
14	18	7
14	19	6
14	20	3
14	21	3
14	22	3
14	23	6
14	24	2
14	25	7
14	26	6
14	27	10
14	28	4
14	29	2
14	30	7
14	31	5
14	32	7
14	33	6
14	34	4
14	35	2
14	36	9
14	37	9
14	38	7
14	39	9
14	40	7
14	41	3
15	16	19
15	17	16
15	18	21
15	19	21
15	20	11
15	21	16
15	22	15
15	23	24
15	24	7
15	25	18
15	26	10
15	27	5
15	28	15
15	29	10
15	30	9
15	31	6
15	32	16
15	33	14
15	34	14
15	35	20
15	36	18
15	37	4
15	38	17
15	39	22
15	40	14
15	41	7
16	17	6
16	18	3
16	19	4
16	20	1
16	21	4
16	22	5
16	23	8
16	24	5
16	25	3
16	26	4
16	27	3
16	28	1
16	29	3
16	30	1
16	31	7
16	32	7
16	33	8
16	34	2
16	35	2
16	36	8
16	37	2
16	38	6
16	39	4
16	40	2
16	41	2
17	18	3
17	19	5
17	20	5
17	21	7
17	22	9
17	23	5
17	25	6
17	26	2
17	27	9
17	28	5
17	29	2
17	30	2
17	31	3
17	32	10
17	33	11
17	34	9
17	35	2
17	36	4
17	37	4
17	38	4
17	39	10
17	40	6
17	41	4
18	19	1
18	20	5
18	21	2
18	22	4
18	23	4
18	24	6
18	25	12
18	26	5
18	27	6
18	28	4
18	29	5
18	30	4
18	31	5
18	32	8
18	33	5
18	34	6
18	35	9
18	36	5
18	37	3
18	38	3
18	39	6
18	40	5
18	41	4
19	20	4
19	21	5
19	22	1
19	23	5
19	24	3
19	25	5
19	26	1
19	27	11
19	29	2
19	30	3
19	31	1
19	32	5
19	33	1
19	34	2
19	35	6
19	36	8
19	37	1
19	38	3
19	39	2
19	40	3
19	41	1
20	21	4
20	22	2
20	23	3
20	24	1
20	25	5
20	26	7
20	27	4
20	28	4
20	29	4
20	30	5
20	31	6
20	32	6
20	33	6
20	34	4
20	35	4
20	36	6
20	37	3
20	38	3
20	39	6
20	41	3
21	22	5
21	23	3
21	25	6
21	26	2
21	27	4
21	28	3
21	29	3
21	30	1
21	31	3
21	32	5
21	33	3
21	34	3
21	35	7
21	36	5
21	37	5
21	38	3
21	39	7
21	40	1
21	41	2
22	23	9
22	24	2
22	25	2
22	26	4
22	27	3
22	28	2
22	29	6
22	30	8
22	31	3
22	32	4
22	33	7
22	34	3
22	35	8
22	36	8
22	37	1
22	38	1
22	39	3
22	40	5
22	41	2
23	24	2
23	25	8
23	26	6
23	28	2
23	29	1
23	30	4
23	31	5
23	32	7
23	33	5
23	34	5
23	35	5
23	36	10
23	37	1
23	38	2
23	39	3
23	40	7
23	41	4
24	25	1
24	26	5
24	27	1
24	29	4
24	30	3
24	32	4
24	33	2
24	34	1
24	35	4
24	36	2
24	37	1
24	38	3
24	39	4
24	40	4
25	26	5
25	27	1
25	28	2
25	29	4
25	30	7
25	31	4
25	32	8
25	33	4
25	34	7
25	35	2
25	36	4
25	37	6
25	38	1
25	39	7
25	40	2
25	41	2
26	27	3
26	28	7
26	29	3
26	30	2
26	31	2
26	32	2
26	33	6
26	34	2
26	35	5
26	36	3
26	37	2
26	38	2
26	39	7
26	40	3
26	41	5
27	28	2
27	29	7
27	30	3
27	31	2
27	32	4
27	33	3
27	34	4
27	35	3
27	36	6
27	38	5
27	39	3
27	40	5
27	41	1
28	29	2
28	30	3
28	31	2
28	32	1
28	33	4
28	34	5
28	35	2
28	36	2
28	37	2
28	38	3
28	39	2
28	40	6
29	30	4
29	31	2
29	32	5
29	34	5
29	36	2
29	37	4
29	38	1
29	39	6
29	41	2
30	31	2
30	32	3
30	33	4
30	34	5
30	35	10
30	36	7
30	37	4
30	38	4
30	39	2
30	40	4
30	41	4
31	32	3
31	33	6
31	36	7
31	38	2
31	39	3
31	40	2
31	41	1
32	33	6
32	34	7
32	35	5
32	36	3
32	37	6
32	38	3
32	39	6
32	40	2
32	41	5
33	34	8
33	35	5
33	36	3
33	37	4
33	38	1
33	39	2
33	40	8
33	41	2
34	35	5
34	36	4
34	37	4
34	38	4
34	39	1
34	40	3
34	41	3
35	36	5
35	37	1
35	38	3
35	39	4
35	40	2
35	41	3
36	37	1
36	38	3
36	39	6
36	40	3
36	41	2
37	38	1
37	39	5
37	40	3
37	41	3
38	39	1
38	40	2
38	41	3
39	40	1
39	41	4
40	41	2
