10 49 63 73 90 187 210 255 277 326 337 339 341 342 397 403 409 414 465 486 512 543 575 580 587 593 661 
8 41 95 100 111 115 120 124 153 170 173 179 189 209 245 247 259 263 270 272 289 290 306 362 381 398 400 418 436 437 438 440 443 457 462 474 478 509 515 528 569 576 606 608 616 626 635 641 656 686 691 
16 20 21 23 24 40 53 57 70 78 84 93 102 104 126 127 131 135 144 157 183 192 193 213 218 219 223 234 242 250 258 266 268 273 274 282 287 292 295 297 302 305 306 307 327 343 345 352 366 367 370 373 375 378 379 384 387 389 406 413 414 418 423 433 441 446 450 451 456 465 466 468 471 476 479 487 489 490 491 494 503 504 506 513 516 524 538 539 546 549 550 551 574 579 591 603 617 624 628 634 642 643 654 657 666 672 696 
10 30 31 32 34 35 36 45 49 50 56 62 70 72 76 79 83 85 87 92 94 97 103 108 110 113 117 121 122 123 129 136 139 149 150 152 154 158 164 165 171 177 178 184 199 204 206 214 225 226 227 231 233 237 238 248 252 265 267 272 275 286 288 299 303 308 309 313 314 317 320 323 324 328 339 340 346 350 354 357 358 364 372 375 376 378 383 388 389 392 395 401 403 407 420 440 444 445 451 452 453 454 459 461 467 476 478 482 483 488 494 498 499 505 513 518 523 527 537 538 541 542 545 546 548 550 556 559 561 570 571 574 577 578 580 584 588 589 590 602 605 614 618 623 631 636 638 639 640 643 645 648 649 651 652 655 657 660 661 677 682 684 686 687 688 692 693 695 
14 34 47 56 57 59 64 65 70 76 80 87 89 92 94 98 99 100 101 115 131 132 139 143 144 156 160 164 166 173 174 178 188 190 198 199 203 208 209 213 218 219 225 231 238 248 252 262 266 268 272 279 282 287 295 296 299 305 309 310 311 312 322 323 324 329 330 332 336 337 338 340 344 351 353 357 362 367 370 372 374 375 377 379 382 384 386 389 390 393 396 400 404 414 415 421 427 428 429 431 432 442 447 465 468 469 476 478 479 489 494 496 498 499 501 503 513 514 522 523 524 525 534 538 547 559 561 562 563 566 568 573 574 580 581 597 598 601 618 622 624 627 628 630 634 636 639 640 643 652 657 658 665 666 672 677 680 681 685 700 
15 17 31 32 49 55 59 62 66 70 75 103 105 108 123 158 162 177 204 214 225 233 249 251 257 265 267 286 308 311 320 367 372 380 387 411 416 419 436 447 452 460 462 466 475 476 494 524 537 538 541 544 546 555 559 562 566 571 574 589 601 602 603 609 631 636 638 643 653 666 671 672 682 684 687 693 
40 53 97 127 135 144 167 193 218 223 250 264 307 334 345 352 376 378 406 407 408 413 433 461 470 491 513 520 524 526 542 548 549 551 556 572 589 597 619 628 638 642 645 648 695 
22 44 45 46 56 67 74 75 76 81 87 92 94 96 97 103 106 119 122 133 134 137 138 139 141 147 150 152 159 164 178 196 199 205 206 211 218 220 221 237 238 240 241 248 251 252 260 264 275 283 293 309 313 314 318 322 323 324 325 329 337 340 343 348 350 357 361 364 365 370 375 380 388 392 401 403 415 418 435 444 449 451 454 458 463 478 483 494 498 499 505 513 518 523 527 534 542 543 556 557 558 559 570 572 574 575 577 578 579 580 581 588 604 618 620 623 639 640 647 648 649 652 664 665 672 677 680 681 683 688 689 693 695 
54 61 69 77 78 93 126 132 157 163 168 172 181 192 195 197 198 241 242 258 274 278 281 292 296 297 298 300 306 322 327 329 333 346 359 366 368 369 429 432 439 446 450 506 516 519 526 528 532 533 539 655 663 667 673 678 698 
9 20 65 80 94 97 112 122 129 132 136 139 152 154 159 160 164 196 201 203 205 221 227 228 229 231 238 241 251 252 262 275 282 303 309 310 311 313 322 323 330 335 336 338 340 348 357 358 362 364 373 374 379 380 386 387 392 395 401 428 432 441 444 449 451 454 456 459 461 466 478 481 482 483 484 495 496 498 499 514 518 522 527 532 533 534 535 536 542 545 548 556 558 559 561 562 566 572 578 580 581 588 596 597 601 613 620 624 634 639 640 648 649 651 652 653 668 672 677 688 
9 47 57 75 76 88 89 94 98 108 112 120 128 131 140 153 155 166 179 182 189 209 213 219 225 247 253 254 256 258 259 261 263 266 268 270 287 289 290 291 295 305 344 356 357 367 370 372 379 384 387 398 404 406 414 419 421 436 437 438 440 441 447 457 465 474 476 479 489 494 503 509 511 524 530 538 544 547 562 564 569 574 576 582 583 586 595 606 608 611 615 630 633 634 635 636 641 643 655 657 661 666 668 672 691 700 
25 28 40 44 46 53 67 81 87 96 106 113 127 133 135 137 141 144 147 151 164 167 178 180 193 218 220 236 237 240 250 251 260 264 273 277 287 293 307 311 314 318 319 324 334 337 345 352 369 378 380 388 393 406 408 413 414 421 433 435 442 448 461 463 486 491 513 518 523 524 526 549 551 558 577 580 588 593 597 606 613 617 628 642 647 664 665 666 672 677 680 681 689 
4 28 38 48 51 56 58 72 91 111 114 125 126 127 130 142 145 167 169 173 185 191 200 201 202 206 212 216 224 226 229 241 243 244 245 246 280 283 284 285 304 307 315 316 328 342 347 349 360 362 363 371 381 394 399 410 411 412 417 422 424 425 426 427 428 434 448 455 464 472 484 489 497 499 500 507 510 511 520 521 530 531 540 549 552 553 565 567 571 572 585 596 599 610 611 619 625 626 634 637 642 646 656 662 687 694 699 
2 6 19 26 40 42 44 46 60 67 81 96 106 116 133 137 140 141 147 148 151 157 180 220 235 236 237 240 248 251 260 264 269 287 293 311 314 318 319 321 324 334 337 341 350 355 388 408 432 435 442 463 469 480 486 529 554 558 564 577 588 593 596 600 606 608 610 613 628 647 664 665 669 681 682 689 697 
30 36 72 76 79 83 85 110 113 117 121 123 149 184 231 261 270 288 303 317 339 347 354 376 383 388 389 403 420 427 452 453 467 488 523 535 550 584 590 605 614 619 623 625 633 636 655 660 661 684 686 692 
11 34 59 99 101 115 143 164 174 188 190 198 199 209 252 272 279 296 299 309 312 318 322 329 340 351 377 388 393 396 400 403 404 415 431 438 442 454 469 478 487 498 499 501 503 523 525 531 534 547 561 568 573 598 616 622 626 627 639 640 658 677 685 
29 107 137 142 165 173 185 191 209 212 226 230 232 246 285 291 300 301 304 331 345 346 347 365 376 385 390 391 399 410 418 426 427 429 437 455 479 497 500 506 520 521 530 579 585 591 607 609 610 615 619 621 625 632 633 646 659 667 694 699 700 
29 30 35 36 39 45 47 51 54 59 61 69 74 77 79 83 85 97 102 103 107 110 113 117 119 121 122 125 129 132 134 137 142 149 154 163 165 168 172 173 176 181 184 185 191 195 196 197 198 205 206 209 211 212 213 221 226 227 229 230 231 232 241 246 278 281 285 288 298 300 301 304 317 325 333 345 346 347 348 354 358 359 361 364 365 368 369 370 371 376 380 389 390 391 392 395 399 407 410 418 419 422 426 429 437 439 440 444 445 452 453 455 456 458 459 461 467 472 475 476 488 495 497 500 505 506 508 519 520 521 526 528 530 532 533 548 550 552 553 556 557 561 565 572 578 579 584 585 590 591 594 599 601 605 607 610 613 614 615 619 620 621 623 625 631 632 642 645 646 648 649 651 655 659 660 661 663 667 673 675 678 682 683 684 686 687 692 694 695 696 699 
27 37 39 47 51 56 58 69 74 75 77 102 119 126 130 134 138 159 163 165 168 172 173 181 191 195 196 197 205 211 221 226 228 232 241 244 251 278 280 281 283 285 298 300 304 311 325 333 346 348 349 358 359 361 362 365 368 369 370 371 380 391 392 410 411 418 426 429 436 439 449 455 458 466 470 472 475 495 498 499 500 508 519 520 521 526 528 532 533 553 555 557 560 565 572 579 590 604 609 610 611 613 619 620 626 627 654 657 663 667 673 675 678 683 694 698 
9 30 31 34 35 36 45 46 50 81 97 105 122 129 136 151 152 154 158 206 222 227 249 267 275 283 286 321 324 358 364 368 376 378 392 395 401 407 408 416 435 444 445 454 456 459 460 461 482 483 505 526 533 537 541 542 545 548 556 559 560 561 578 588 594 604 645 648 649 651 668 670 684 688 695 696 
5 7 18 33 63 64 68 73 76 88 90 95 100 128 140 155 156 173 175 176 182 186 187 191 208 210 217 225 230 246 253 254 255 256 261 268 277 285 291 301 304 310 326 332 339 341 353 356 357 362 367 372 374 382 385 387 390 397 401 409 410 419 426 427 436 441 446 447 458 463 465 468 477 479 486 500 509 511 512 514 521 537 538 543 544 547 562 563 564 569 575 580 583 585 586 587 595 607 615 617 620 629 632 633 635 641 643 644 650 655 659 668 671 680 694 699 700 
3 12 14 15 24 32 33 37 39 43 47 48 49 51 52 55 57 62 70 71 74 75 76 82 86 87 89 91 94 98 102 105 108 109 115 118 123 131 132 134 143 145 146 152 154 159 161 162 166 169 174 175 176 177 183 191 194 196 199 200 204 207 211 213 214 215 219 221 223 224 225 239 241 243 244 258 265 266 267 268 270 271 272 276 279 286 287 294 295 299 305 309 313 316 319 323 325 329 336 337 342 344 351 360 361 365 367 370 372 377 379 384 392 393 394 404 412 414 415 416 417 418 419 421 422 425 429 430 434 436 449 457 458 460 462 465 466 467 472 473 475 476 479 481 485 489 492 494 503 507 508 510 514 515 516 518 521 522 524 525 526 527 531 537 538 541 542 543 546 547 549 551 555 557 559 561 562 567 568 570 571 573 574 577 579 582 589 594 598 599 602 604 609 611 620 623 627 629 630 631 636 637 638 639 640 643 652 656 657 665 666 670 671 672 674 677 679 683 685 687 693 698 700 
1 9 13 17 31 32 38 39 43 49 51 55 56 62 66 71 72 74 75 79 82 83 85 86 96 102 105 108 109 111 113 114 117 118 119 121 123 125 130 134 138 141 143 146 149 154 155 158 161 162 165 167 173 176 177 184 189 194 196 204 205 207 211 214 216 221 223 226 228 230 233 236 237 239 240 245 249 251 257 264 265 267 270 271 283 285 286 288 289 293 294 301 303 304 307 308 311 314 315 318 319 320 324 325 328 337 347 348 349 350 354 356 361 362 363 365 371 380 381 383 384 387 389 390 391 392 403 408 410 411 416 419 420 422 423 424 425 426 430 433 434 448 449 453 455 457 458 460 464 466 472 475 479 481 484 485 488 492 495 497 498 500 508 511 515 520 521 530 537 538 540 541 544 546 550 551 553 555 557 558 565 567 569 571 572 575 577 579 582 583 584 586 589 590 594 599 602 603 604 605 609 610 613 615 620 621 623 625 626 629 631 632 636 638 641 646 647 653 655 659 660 661 662 664 665 667 670 675 681 683 684 686 687 689 692 693 694 696 698 699 
24 54 61 69 77 78 93 126 157 163 168 172 181 192 195 197 229 241 242 258 274 278 281 292 296 297 298 300 306 322 327 333 346 350 359 366 368 369 383 417 429 432 439 446 450 453 473 506 516 519 526 528 532 533 539 601 610 663 667 673 678 687 
23 24 53 77 84 104 160 171 183 195 220 222 228 234 238 239 266 273 284 302 310 331 343 362 373 402 405 417 423 432 447 468 470 471 473 476 483 487 490 493 495 502 504 516 517 535 540 552 560 582 583 591 592 603 612 617 624 643 654 676 690 696 
