1 161 485 71 43 460 109 430 176 146 86 599 118 475 670 319 
2 6 269 529 19 148 26 669 554 682 42 564 697 60 321 596 341 469 600 350 480 355 235 236 116 248 
481 194 515 294 422 582 457 492 13 207 271 594 82 434 629 698 223 
513 642 135 144 406 413 549 551 40 433 307 193 334 345 218 352 491 378 628 250 127 
654 16 273 21 23 423 53 183 696 456 591 468 84 471 343 603 487 104 617 490 234 373 504 
3 394 12 15 656 145 531 276 412 417 674 679 169 425 48 52 316 200 342 215 91 224 611 360 243 244 507 637 510 
288 354 452 453 10 684 110 79 623 83 660 661 149 85 403 
517 402 405 535 284 676 552 171 302 432 560 690 331 592 470 473 222 612 493 239 502 
160 581 282 428 335 336 80 338 20 597 310 634 
384 131 643 268 524 14 657 538 666 672 421 166 305 574 465 219 476 479 489 494 367 370 372 379 
646 391 520 521 142 399 530 659 410 29 285 165 426 173 304 694 185 699 191 455 585 209 212 347 607 226 230 232 107 619 621 625 497 500 246 632 
323 451 357 518 103 329 618 652 559 527 150 22 56 313 570 92 415 
129 645 136 648 392 395 651 649 401 275 407 152 154 542 545 35 548 36 556 45 688 561 50 695 444 445 578 459 588 461 206 97 482 227 483 358 364 376 505 122 
257 265 267 653 17 537 541 158 31 286 32 162 546 416 687 177 49 308 693 55 571 62 320 66 204 589 214 602 233 105 108 631 249 123 636 638 
130 4 280 283 411 28 38 553 51 565 58 315 72 328 216 349 610 484 362 363 111 626 371 125 381 
448 229 167 424 202 464 114 662 567 540 
258 516 274 24 539 157 292 297 306 446 192 450 327 78 93 366 242 506 126 
128 641 256 387 261 9 140 155 668 544 419 291 562 182 569 583 586 595 88 356 615 633 253 254 511 
385 514 644 5 390 7 650 18 156 671 33 680 427 301 175 563 186 575 447 64 68 332 208 217 477 353 100 382 
389 655 30 420 550 686 303 692 184 317 584 590 467 605 614 231 488 113 117 121 383 
393 11 396 525 143 272 400 658 279 34 547 296 299 685 174 431 312 568 442 59 188 573 190 198 598 351 99 101 622 627 115 501 503 377 
260 133 388 647 264 137 141 147 151 408 664 25 665 293 681 44 46 558 689 435 180 311 314 318 577 67 324 463 593 81 337 220 96 106 237 240 251 
65 386 132 262 201 330 203 441 522 112 496 624 374 566 536 601 
263 8 153 290 41 170 691 179 437 438 440 443 576 474 95 608 616 245 120 635 124 
134 138 27 159 418 675 37 39 555 683 557 47 572 449 579 196 325 458 75 74 205 466 211 472 604 348 221 609 228 613 102 361 620 365 495 119 380 508 
289 259 398 270 462 436 189 247 509 606 
519 526 528 532 533 278 663 281 667 673 163 678 168 298 172 429 300 181 54 439 61 195 197 69 77 333 346 359 368 369 241 
512 326 486 73 587 543 397 210 339 277 409 90 187 63 255 
89 225 98 70 295 266 404 213 630 344 57 700 414 287 
640 139 523 534 164 677 178 309 322 580 454 199 76 340 87 94 478 238 498 499 375 252 639 
