42 60 77 78 79 95 99 131 150 153 174 193 204 219 239 246 254 263 283 292 296 317 321 325 334 353 360 377 379 417 430 432 436 451 452 459 471 487 514 525 534 546 558 561 582 600 603 610 619 630 637 640 645 653 663 664 675 689 
18 22 32 38 44 67 72 75 84 85 105 109 113 126 130 140 145 147 155 171 177 188 190 192 194 218 227 229 233 250 256 268 269 284 288 311 335 347 348 350 351 356 362 366 369 371 380 392 406 411 418 426 438 447 455 456 462 477 478 484 489 496 497 506 519 531 536 543 544 545 553 557 561 567 569 570 577 579 591 592 607 612 618 632 635 645 649 655 658 670 679 680 695 698 699 
16 17 43 45 56 58 59 72 74 95 98 127 137 142 145 147 148 151 152 160 163 166 167 184 191 192 194 195 197 207 215 226 234 249 257 271 278 289 294 300 308 317 322 327 333 338 340 341 344 347 355 356 369 373 378 389 391 392 396 415 416 421 425 428 429 436 444 445 447 449 450 451 452 455 458 470 476 478 484 485 488 490 491 492 497 500 507 513 516 522 532 540 542 547 548 555 559 562 566 573 574 576 580 586 587 599 602 607 609 615 619 627 631 637 647 648 651 656 660 670 681 686 693 699 
24 28 43 45 56 58 59 68 69 71 72 78 81 82 95 96 102 118 127 128 137 147 148 149 156 160 162 165 167 172 184 195 197 207 212 214 215 226 227 232 234 243 245 246 249 254 263 265 284 286 296 310 317 327 333 337 340 341 344 349 354 356 357 373 374 378 389 396 402 403 407 415 429 439 442 444 445 447 451 459 461 466 470 471 473 474 492 507 508 511 521 522 535 539 540 549 555 559 562 571 580 581 586 587 598 599 603 606 607 609 613 615 627 631 632 635 647 648 649 660 668 672 676 682 683 684 687 689 693 
13 25 27 36 75 84 88 91 93 97 98 101 104 106 116 119 131 142 148 159 174 176 180 184 186 191 214 224 238 244 271 277 279 281 286 307 308 313 331 338 339 347 369 373 384 385 389 397 405 414 418 421 445 450 463 483 488 497 498 510 517 520 526 528 530 537 545 547 550 559 564 573 576 592 609 616 626 637 638 646 651 655 661 672 679 686 688 694 697 
9 11 28 33 40 43 50 51 57 58 61 68 70 74 78 83 88 91 95 97 103 111 112 117 121 135 147 149 152 154 156 164 166 181 184 189 195 211 213 216 219 223 225 246 249 254 259 263 264 265 267 268 271 272 277 283 285 287 296 304 307 310 311 312 313 316 317 319 320 333 343 344 353 355 358 359 364 372 377 382 385 387 396 408 409 412 414 425 428 430 435 437 439 443 445 448 452 453 458 459 463 464 466 471 473 475 479 483 485 486 487 490 498 501 507 511 513 520 530 533 540 555 557 560 564 574 575 580 587 588 589 592 595 597 602 603 609 614 616 618 619 624 627 628 631 635 636 639 642 646 647 650 652 656 660 661 669 670 671 682 683 684 687 688 691 
50 63 69 71 72 80 81 90 97 102 118 128 131 134 156 162 180 182 201 212 214 215 232 238 243 245 246 260 265 284 302 310 312 314 324 327 330 337 349 354 356 357 367 374 402 403 407 414 429 442 447 448 473 474 499 508 511 521 533 535 539 540 549 552 564 571 574 581 586 590 597 606 607 613 617 626 636 647 649 668 671 686 691 697 699 
35 48 66 78 100 113 134 150 168 197 198 201 229 233 240 247 255 266 273 281 288 299 302 324 346 348 351 376 383 390 400 413 419 432 452 468 472 475 496 499 514 527 534 537 541 547 552 562 567 590 597 600 601 608 610 616 621 623 626 649 651 653 666 673 675 696 698 
30 48 128 129 132 156 197 198 201 210 235 245 252 255 262 266 273 274 288 293 297 299 301 302 305 338 345 346 351 383 390 398 413 419 423 431 432 442 452 457 468 475 482 496 499 505 506 514 517 527 534 541 544 572 584 589 591 610 621 623 653 659 662 665 666 668 675 696 
25 31 37 47 57 61 70 75 78 80 88 91 95 96 97 123 149 154 156 161 176 182 184 189 201 207 216 233 249 254 263 271 277 285 296 302 307 309 316 317 324 345 367 376 385 387 396 406 408 414 443 445 448 451 453 464 466 471 473 479 483 498 535 540 546 560 564 574 587 590 592 601 616 618 624 626 627 635 636 638 639 642 647 653 659 671 688 689 691 
23 25 37 43 45 51 56 58 61 68 70 74 75 78 83 86 88 91 95 96 97 103 110 113 127 137 144 147 149 151 160 166 167 172 176 182 185 187 195 203 207 216 217 219 220 223 225 227 234 239 246 249 254 263 264 265 268 271 277 278 285 289 296 313 315 316 317 318 320 326 327 333 338 341 344 354 363 372 378 384 385 393 396 408 410 413 414 415 416 427 428 429 433 434 443 444 445 448 451 464 466 470 471 473 476 479 483 486 491 492 494 498 507 513 515 516 518 522 533 540 555 557 560 562 563 564 574 580 583 586 587 588 589 592 595 597 599 603 609 615 616 619 620 627 631 633 635 642 647 648 650 660 672 676 682 684 687 688 689 690 691 693 700 
16 37 54 60 63 73 92 110 115 120 129 131 136 158 182 185 203 217 223 231 234 248 278 289 292 318 326 327 338 348 351 354 355 363 374 393 406 407 410 413 416 423 427 429 458 482 504 513 516 518 544 553 554 560 563 572 573 578 583 585 595 620 633 638 660 664 665 669 683 696 700 
4 46 52 63 65 76 89 92 111 113 122 135 139 143 146 158 170 198 208 223 237 259 269 271 272 273 319 323 333 336 343 350 358 361 362 363 364 375 395 406 412 420 430 441 453 463 476 485 501 503 504 506 515 529 537 551 555 567 569 585 602 604 615 622 624 628 638 646 650 656 657 661 664 667 682 687 
8 23 34 39 47 57 95 111 135 148 152 165 181 189 197 208 211 213 237 259 263 265 287 304 313 314 323 326 333 376 382 387 389 396 412 416 420 425 430 435 443 453 457 461 466 475 494 501 515 520 529 530 542 556 580 602 609 618 624 635 636 639 647 650 656 657 682 685 688 689 
2 20 25 27 28 39 42 49 57 93 99 102 104 106 107 116 120 131 136 138 170 174 176 180 186 191 204 214 220 227 231 238 239 240 242 244 248 253 254 260 276 279 282 290 298 306 309 313 317 321 332 334 336 339 340 342 343 360 362 365 368 375 379 387 388 401 405 414 420 421 439 440 441 443 446 453 463 467 469 477 480 483 485 487 494 504 509 510 512 514 517 518 519 525 526 528 530 536 537 538 544 545 546 550 556 559 565 582 596 598 602 604 614 625 630 634 637 640 641 643 645 646 656 658 661 663 669 673 677 678 679 689 692 697 
12 16 24 31 39 46 53 58 76 86 102 111 122 135 141 144 158 170 184 195 198 220 223 237 242 248 256 259 269 272 275 280 301 310 315 319 320 326 332 343 350 358 364 371 372 375 384 397 404 408 412 417 420 424 433 434 475 476 485 494 500 503 509 520 529 548 560 567 576 582 585 597 602 608 624 628 641 643 644 650 656 663 667 674 682 683 684 690 692 696 700 
5 6 12 13 15 20 23 24 25 27 31 42 45 47 49 56 62 66 86 87 93 94 102 104 106 108 116 117 119 120 124 127 133 136 137 138 144 148 150 156 159 160 167 168 172 173 176 178 179 180 184 185 186 187 191 194 201 204 205 207 217 226 227 231 240 242 244 248 249 251 252 256 257 258 260 271 276 279 280 282 287 290 295 303 306 309 313 315 319 320 327 329 330 336 339 340 341 342 343 344 348 352 357 362 365 368 370 371 373 375 378 384 385 388 396 399 401 404 405 409 415 417 421 430 431 437 439 440 441 444 446 450 453 457 461 463 465 467 470 477 481 483 484 485 486 487 492 494 499 500 501 509 510 512 517 518 519 521 522 524 525 526 528 529 530 536 537 538 544 545 546 550 552 555 559 560 562 565 566 567 569 575 580 582 586 593 596 597 598 599 602 603 604 605 608 614 615 618 625 629 634 636 640 641 643 644 646 651 654 655 656 657 659 661 663 669 672 673 674 676 677 678 679 683 684 685 689 690 692 693 699 700 
55 62 82 87 102 124 154 178 179 205 228 251 257 290 295 303 313 328 329 352 362 397 399 401 417 422 427 434 437 440 441 465 467 481 509 518 524 525 536 544 583 593 605 612 614 634 651 654 655 656 679 683 685 692 
30 42 59 129 131 132 172 210 245 252 262 271 273 274 293 297 301 302 305 331 338 369 389 398 423 431 457 461 482 501 505 517 572 573 586 589 620 629 651 662 665 672 686 693 
8 34 39 47 57 65 82 89 98 107 111 113 122 135 139 143 146 150 152 159 163 164 181 189 191 196 199 208 209 211 213 216 221 237 257 259 287 297 304 313 314 323 333 340 349 355 361 382 387 389 395 396 399 404 409 412 416 425 428 430 435 438 453 457 461 463 475 490 501 503 504 506 515 520 524 528 532 548 551 556 559 598 602 603 604 618 619 622 624 628 635 636 639 650 651 657 660 671 682 
3 5 6 15 20 23 29 31 44 45 49 52 55 62 66 67 70 72 75 82 84 87 88 89 94 97 98 107 112 113 114 117 124 125 126 130 133 138 139 140 143 144 146 147 148 150 151 154 156 160 163 165 167 168 170 172 173 177 178 179 184 187 188 189 190 191 192 195 197 198 199 200 207 209 213 215 216 218 220 224 227 228 230 236 240 248 250 251 254 256 258 269 271 273 276 280 281 285 290 291 294 295 300 301 303 306 309 313 315 320 322 328 329 332 335 336 338 339 340 345 348 349 352 356 361 362 366 368 369 370 371 372 373 383 385 394 395 397 401 404 406 408 409 414 418 420 422 425 428 432 433 434 436 438 440 441 442 443 446 448 450 456 461 462 465 467 469 477 481 483 484 487 489 491 493 494 498 504 506 509 518 519 521 524 525 529 531 532 536 542 544 547 548 551 552 554 555 556 559 561 564 566 567 575 577 578 579 583 584 586 591 592 593 596 597 598 604 605 607 608 612 614 616 622 629 634 637 643 644 646 651 654 655 656 658 661 668 669 670 672 674 675 676 677 679 680 683 684 685 687 688 690 691 692 693 695 696 697 700 
25 42 71 102 120 136 138 183 217 231 242 252 260 282 292 298 309 312 328 330 334 339 342 365 384 388 402 405 429 439 446 491 508 511 512 519 528 538 539 546 550 556 565 581 598 606 614 625 640 641 655 663 672 673 678 679 684 686 700 
1 10 22 31 32 35 38 39 41 46 47 48 50 57 60 65 80 86 87 89 90 101 108 109 111 117 123 131 134 144 145 150 152 155 156 161 169 171 173 175 180 181 182 183 187 189 192 194 198 200 201 202 206 208 210 211 212 213 215 220 222 227 229 233 235 237 241 247 255 257 260 266 268 273 275 288 299 302 304 307 309 314 315 320 323 324 326 333 343 345 346 351 356 358 364 367 372 375 376 379 382 383 385 386 387 390 392 399 400 404 408 411 412 413 416 417 419 420 425 426 432 433 434 435 437 447 451 452 453 455 460 461 463 468 473 475 476 478 479 485 487 493 495 496 499 501 503 515 519 520 524 527 529 533 534 535 537 541 543 551 552 560 565 568 569 570 575 582 585 590 594 597 600 601 602 604 607 610 618 621 623 624 626 628 629 632 635 636 639 641 644 650 653 657 659 660 666 667 669 671 672 674 675 680 683 684 690 696 698 699 700 
16 37 44 54 60 63 73 79 83 92 100 101 110 114 115 151 158 166 174 185 190 203 214 217 219 223 234 246 253 261 270 278 289 318 337 338 348 351 354 363 379 380 381 393 406 410 416 424 427 429 454 466 469 480 482 491 500 504 510 513 516 553 554 557 563 573 574 578 583 585 587 595 611 617 620 631 633 638 652 664 696 697 
19 39 55 64 82 98 112 120 136 138 141 149 151 153 159 163 168 191 194 196 217 221 231 240 241 242 248 249 252 257 258 280 281 282 283 291 298 301 309 317 328 330 331 342 348 352 365 370 373 388 389 429 439 459 460 472 493 502 512 519 522 523 528 536 538 546 547 548 550 552 565 567 568 594 607 608 625 630 640 641 651 654 663 665 669 673 678 680 
9 14 17 21 28 36 37 49 53 55 59 60 61 62 63 71 73 79 82 88 89 92 98 100 101 105 109 110 115 124 139 142 143 145 148 151 152 154 156 157 159 163 165 169 172 174 178 179 181 184 185 191 192 194 196 197 205 208 214 215 217 221 223 226 228 234 235 238 241 251 253 257 261 267 270 272 284 285 286 288 289 290 291 295 300 301 302 308 314 318 322 323 327 328 329 337 354 355 356 357 361 363 373 380 381 389 391 395 396 397 401 403 405 410 412 415 416 421 422 424 426 428 429 432 436 438 440 441 442 444 446 447 448 449 450 454 458 459 461 464 469 470 472 474 480 481 488 490 491 492 497 500 502 506 510 513 516 518 521 523 532 539 541 542 547 548 551 552 553 554 559 562 566 570 571 573 574 581 583 586 593 595 598 601 604 605 607 611 616 617 621 622 628 632 633 637 638 646 648 651 652 654 655 664 668 670 678 680 681 685 686 687 688 689 692 693 694 697 698 
4 17 38 44 59 61 65 67 76 89 105 107 111 113 117 122 126 130 135 139 140 141 142 143 155 158 169 170 171 192 194 196 198 199 208 209 218 221 227 235 237 259 262 269 275 288 300 308 313 319 322 323 333 335 340 343 347 348 350 358 361 362 364 375 391 392 395 403 404 411 416 418 420 421 426 428 438 443 447 449 453 456 463 470 476 477 482 485 488 489 490 497 503 504 506 515 529 531 542 543 544 548 550 551 556 566 569 570 573 576 577 579 581 585 586 588 591 598 602 604 619 622 628 632 650 651 656 658 662 667 670 680 681 682 686 687 695 
7 9 11 21 22 28 32 33 34 36 40 51 53 58 63 69 71 79 81 83 88 99 100 101 103 105 109 112 121 128 145 154 155 157 162 164 166 169 171 172 174 182 189 192 193 198 204 214 215 216 219 225 227 229 232 235 238 239 243 244 246 253 255 256 261 264 266 267 268 270 284 285 288 292 294 302 310 311 312 313 316 318 321 325 330 334 337 339 346 349 351 353 354 355 356 357 359 360 367 374 377 379 380 381 383 392 400 402 403 405 407 410 411 413 424 426 428 430 441 447 448 451 452 454 455 458 459 464 466 469 474 475 478 479 480 485 486 487 491 499 500 508 510 511 514 519 521 525 526 527 533 536 537 539 541 543 545 549 553 554 557 558 561 567 569 570 571 574 584 588 595 600 601 602 603 606 607 609 611 613 614 616 617 619 630 632 642 645 648 649 652 653 662 668 670 675 677 680 687 688 689 691 694 696 697 698 699 
7 10 22 29 31 32 33 34 37 38 40 41 48 51 62 67 69 71 72 80 81 85 90 103 105 109 112 121 123 125 128 131 134 145 155 159 161 164 169 171 177 182 188 190 192 194 197 198 200 201 212 215 221 224 225 227 229 232 233 235 243 247 255 257 264 267 272 277 283 284 288 290 294 299 300 302 309 310 311 314 316 324 331 345 350 351 353 356 359 367 369 374 376 377 381 383 385 390 392 394 400 402 406 407 411 412 413 426 429 442 447 455 458 464 468 469 473 474 475 478 479 484 486 487 496 499 501 508 511 519 521 527 531 533 535 539 541 543 549 552 557 561 563 569 570 571 578 579 581 584 588 590 597 600 601 606 607 610 613 619 621 623 626 632 642 646 648 649 653 655 659 661 666 668 670 671 675 680 695 698 699 700 
12 15 23 30 42 70 84 108 111 114 117 124 125 129 131 132 133 150 173 177 178 179 188 190 200 210 224 228 236 237 245 252 256 262 264 270 273 274 293 295 297 301 305 319 329 331 334 336 338 342 350 352 358 360 364 366 369 375 394 398 399 404 406 409 412 422 423 424 431 437 461 462 464 465 481 482 489 505 517 524 572 575 578 584 589 593 603 608 610 618 628 629 634 637 643 654 655 657 661 662 663 665 667 669 674 684 685 692 700 
2 13 16 20 28 31 36 40 44 49 52 53 63 65 67 72 79 83 85 100 101 107 114 120 124 126 130 139 140 143 146 147 157 163 177 178 179 188 189 192 196 199 205 208 209 214 218 220 221 223 224 228 250 253 261 262 268 269 270 282 284 289 290 295 298 323 328 331 332 335 336 337 340 342 345 349 350 353 354 357 361 364 366 369 380 381 393 394 395 404 406 410 414 418 422 424 436 438 441 446 454 456 462 469 477 480 489 491 497 499 500 503 504 506 509 510 512 518 524 531 538 544 551 554 556 557 559 561 570 577 579 584 591 593 598 604 605 611 612 614 617 621 622 626 627 628 633 634 637 646 652 653 654 658 661 664 667 669 679 685 687 688 689 691 692 694 695 
29 62 66 67 75 84 88 94 113 114 125 168 177 184 188 190 200 224 230 236 258 269 271 275 280 288 290 294 300 301 331 338 345 348 366 369 370 371 375 394 397 404 406 424 433 462 469 484 489 493 494 532 552 566 567 574 578 582 584 608 620 626 637 644 655 661 668 676 683 686 690 
12 24 37 50 53 54 60 63 69 71 73 75 81 86 92 97 100 102 108 115 117 118 124 128 133 144 150 156 162 173 184 185 187 189 203 212 215 216 217 220 223 232 234 238 239 248 253 256 257 268 270 277 278 284 285 289 310 315 318 320 325 326 327 333 336 337 351 352 354 362 363 364 368 372 374 380 381 384 393 396 399 402 403 404 407 408 409 410 414 416 417 427 429 433 434 437 440 442 443 447 448 465 469 474 480 483 491 494 498 500 502 511 513 516 518 524 539 549 553 554 557 560 563 564 571 574 575 581 582 583 585 592 595 596 597 603 606 611 613 614 620 629 633 636 638 641 642 643 644 649 652 653 655 657 660 661 664 668 671 674 675 683 684 688 690 692 694 696 697 700 
21 24 26 28 35 36 44 45 48 53 55 61 63 69 77 79 82 83 89 98 100 101 127 137 148 149 151 152 157 159 160 163 165 167 172 175 183 185 191 197 202 206 207 212 214 222 225 226 238 240 241 246 253 255 257 261 266 267 270 275 286 294 299 307 314 327 337 341 344 351 353 354 355 356 357 375 378 379 380 381 383 385 386 389 390 392 400 413 415 416 419 424 428 432 444 450 451 452 454 455 460 461 468 470 475 478 480 491 492 493 495 496 499 500 501 510 522 527 532 534 541 542 547 554 555 559 562 565 568 574 580 591 594 599 600 602 607 610 611 615 617 621 623 631 637 642 648 649 651 652 653 666 670 672 675 676 687 689 691 693 694 697 
