6 29 47 60 63 74 87 108 120 132 139 182 196 198 211 239 271 278 280 283 307 314 324 353 356 381 392 393 396 400 413 431 440 448 450 458 463 467 477 481 485 491 493 500 527 529 551 569 573 575 577 582 591 592 597 631 641 645 657 664 666 680 686 688 693 
22 31 36 89 90 93 114 125 135 141 149 162 207 221 228 229 255 260 268 270 285 286 301 331 417 421 451 506 511 521 540 556 562 567 576 578 592 598 606 621 635 648 657 678 681 684 
18 61 74 82 90 91 111 114 150 160 193 213 214 215 230 235 243 273 276 289 299 308 309 312 314 322 323 333 337 350 358 361 368 376 383 396 398 408 450 452 459 460 462 466 472 479 490 497 499 500 507 529 530 540 546 548 552 566 568 595 600 604 678 679 690 691 694 697 
28 29 33 52 60 78 120 134 136 164 196 198 211 239 264 267 278 283 307 323 324 333 344 361 381 392 394 413 448 456 457 458 463 481 497 528 543 592 595 597 631 666 
13 58 74 83 90 95 112 115 119 125 145 151 167 169 172 176 187 222 225 246 256 273 276 299 302 308 313 317 318 319 320 326 327 338 355 365 368 376 380 386 388 398 401 402 403 404 408 416 422 427 452 462 478 485 487 500 507 509 528 548 549 563 571 574 587 593 603 610 614 616 627 637 667 672 682 697 699 
13 34 37 58 59 66 67 74 75 79 83 86 95 99 102 106 112 115 128 133 145 151 154 156 160 167 169 171 176 206 222 223 227 230 234 235 246 251 256 260 273 276 279 282 285 294 295 301 302 303 308 311 312 313 317 318 320 325 326 327 338 346 355 365 368 380 384 388 391 393 396 398 402 403 404 405 406 408 416 420 422 427 428 439 444 464 473 487 490 500 507 509 511 513 517 523 528 529 548 563 564 571 574 591 593 603 605 610 614 616 627 628 629 656 663 667 668 672 677 682 688 690 691 696 697 699 
14 15 32 38 44 69 122 134 145 156 185 210 223 226 232 238 262 323 331 332 370 404 425 445 456 470 533 564 567 583 585 629 630 658 668 679 692 
20 27 45 50 53 65 84 92 95 130 131 132 142 143 147 159 165 174 177 178 188 194 204 205 220 228 237 242 251 258 264 265 269 280 291 293 295 297 304 309 316 335 340 352 358 377 418 419 426 446 455 457 468 473 475 478 480 482 488 489 501 502 511 519 524 532 543 557 560 561 585 611 612 624 626 632 640 642 653 655 660 661 667 669 670 673 675 694 
37 90 99 106 112 115 145 148 149 151 153 157 167 169 181 186 234 241 249 256 273 289 295 302 303 310 312 313 320 327 338 339 343 355 364 365 368 380 393 396 398 402 404 405 408 416 420 422 427 432 434 444 449 450 454 459 460 464 480 487 496 507 511 513 535 541 544 547 548 563 564 569 574 580 593 598 614 616 620 645 663 672 679 682 686 697 
17 24 28 68 75 77 86 119 131 135 142 154 171 177 187 188 201 202 206 209 224 242 248 256 260 275 277 278 279 285 294 301 304 311 326 335 346 370 376 387 390 406 413 426 443 444 457 460 469 471 473 479 488 491 498 504 509 523 532 536 543 545 548 555 560 578 592 603 608 612 621 622 624 626 628 629 656 660 665 667 669 672 673 677 680 685 688 690 696 699 700 
4 14 22 26 30 31 40 43 45 48 49 61 62 71 80 84 90 93 96 100 101 103 110 111 113 114 117 121 129 135 141 147 148 150 156 159 161 162 163 164 170 172 173 175 176 184 189 190 195 197 199 207 209 210 212 213 215 216 217 221 223 228 229 230 241 244 247 248 252 253 255 261 268 270 281 286 293 296 297 308 312 322 335 337 341 342 345 354 358 365 367 368 373 376 378 382 385 390 391 397 409 411 415 420 421 430 431 432 433 438 445 446 447 449 459 467 472 478 479 484 490 492 494 503 505 511 512 514 518 519 524 526 531 533 539 546 547 549 555 556 557 558 562 568 570 571 573 580 587 589 594 598 599 602 606 607 608 611 618 621 622 626 631 635 637 638 642 644 655 657 662 676 680 682 683 685 691 692 694 697 
45 56 61 64 69 85 97 113 119 134 135 138 142 145 159 190 192 203 205 217 222 233 238 244 246 251 252 258 280 284 321 327 332 334 341 354 359 367 368 370 379 380 391 397 402 403 405 421 437 438 446 448 449 452 455 459 470 471 488 489 496 505 508 512 518 536 545 553 559 572 573 582 587 598 599 606 607 610 616 643 646 670 680 682 690 692 
20 22 24 31 43 47 54 57 68 76 77 81 82 87 89 93 94 97 104 105 108 114 116 120 124 125 127 137 139 141 148 158 162 166 170 180 191 193 197 198 203 207 208 211 219 221 229 248 250 255 259 262 268 269 270 274 282 283 285 286 287 288 290 294 300 301 302 314 335 336 338 347 350 360 363 369 374 375 389 392 417 421 429 431 436 439 441 442 443 451 467 469 472 479 484 491 492 495 498 503 506 509 510 511 515 516 525 527 531 532 537 538 556 567 570 572 575 578 580 584 590 592 598 602 606 607 613 615 622 633 634 635 636 642 646 647 648 652 654 657 671 681 684 687 689 693 695 
6 7 17 23 28 55 56 57 64 68 75 77 84 85 97 100 116 119 123 127 134 137 138 139 140 144 145 152 155 158 166 168 179 180 182 186 187 191 192 199 203 204 205 208 218 222 224 233 237 246 248 251 259 260 265 266 271 280 282 284 286 287 290 298 302 304 314 315 321 327 334 340 351 352 357 359 360 362 363 370 372 377 379 380 389 391 393 395 396 397 400 403 405 410 411 414 420 421 429 437 442 448 449 455 461 463 469 470 471 472 476 479 481 486 487 488 489 491 493 495 501 503 504 505 508 510 515 516 517 522 529 531 532 536 537 538 543 545 553 554 555 559 561 573 575 577 578 579 581 582 588 596 599 605 607 608 616 617 619 621 622 626 631 633 634 635 636 639 643 646 647 649 650 652 658 659 660 662 664 665 670 671 673 674 680 682 686 688 689 690 
4 9 18 21 29 34 39 41 43 45 49 52 55 59 61 62 65 66 67 70 72 73 84 87 88 92 98 100 102 107 108 109 116 119 124 126 129 132 136 138 140 144 146 148 152 154 155 158 160 161 169 171 172 173 179 180 189 193 194 195 197 201 202 203 204 206 209 212 216 217 224 227 231 234 236 240 244 252 253 254 255 260 262 266 271 272 273 279 280 281 282 284 285 287 292 296 298 299 300 304 306 311 313 315 320 327 329 334 335 338 341 342 346 349 351 352 354 360 365 366 367 369 371 372 374 375 377 379 383 390 391 394 397 400 401 405 406 410 415 423 424 436 438 439 442 443 444 445 449 460 462 463 465 467 469 473 474 477 479 484 486 490 492 493 496 499 501 504 505 511 512 514 515 516 517 518 520 524 526 529 534 538 540 542 546 547 551 552 555 559 561 564 565 572 574 575 576 579 580 581 582 586 587 599 600 604 605 607 608 610 612 619 620 622 623 625 628 629 632 633 634 636 641 642 650 651 654 662 663 666 671 674 676 685 688 690 693 696 698 700 
3 6 16 19 29 34 36 40 46 47 48 54 57 63 68 70 76 77 78 79 81 84 89 90 92 94 96 104 105 109 114 116 118 119 120 122 125 127 133 137 158 163 166 170 171 175 176 180 181 191 192 194 196 198 202 207 211 216 219 221 222 223 227 229 231 234 236 247 248 251 254 257 259 260 262 265 266 269 272 274 275 277 278 280 282 283 284 285 286 287 288 290 292 297 299 300 301 302 304 307 308 311 312 313 314 317 319 324 330 331 334 336 338 344 345 348 350 353 356 360 363 372 373 374 375 376 379 386 389 391 392 393 396 401 406 407 409 411 413 414 415 417 423 429 431 433 434 438 439 440 441 442 443 444 448 451 456 458 461 474 476 477 478 479 481 484 485 491 492 493 494 495 498 503 505 509 510 511 513 516 519 521 522 525 527 534 537 538 541 542 553 554 555 556 559 562 564 565 567 569 570 571 572 573 578 579 582 584 586 587 589 590 591 592 593 594 597 599 600 605 609 612 613 615 619 620 621 625 626 627 628 632 633 635 636 637 638 642 643 645 647 648 650 652 657 659 663 664 666 668 671 672 678 679 681 682 683 684 686 687 688 689 690 693 695 
2 5 8 9 10 12 20 34 35 39 41 43 47 48 49 57 59 63 64 66 70 72 73 75 79 82 84 88 92 96 97 98 99 100 102 103 108 112 121 126 127 129 130 132 133 135 136 137 140 146 148 151 152 153 154 156 158 160 163 165 166 167 169 172 173 179 180 182 183 187 188 189 196 201 203 224 229 231 236 237 240 242 244 247 251 256 259 260 266 267 275 277 279 282 285 286 287 290 294 295 296 299 301 305 306 316 317 320 323 325 327 328 329 331 335 345 346 349 353 355 356 358 360 363 365 366 369 371 373 374 375 376 378 383 386 387 388 389 390 392 393 400 402 406 407 410 411 412 414 416 422 423 424 425 428 429 430 431 432 433 436 439 442 444 447 449 452 464 465 467 469 472 473 478 479 484 486 491 493 499 501 503 504 509 510 513 515 516 517 520 523 524 526 527 528 529 531 532 537 538 540 542 543 546 551 552 555 556 557 561 563 564 565 573 575 577 578 579 580 581 583 586 589 591 592 593 594 603 604 609 610 611 612 614 616 617 619 622 623 624 625 627 628 629 633 636 637 638 641 644 645 646 647 648 654 656 658 662 663 664 665 667 668 669 671 672 673 677 678 683 685 686 688 691 693 696 697 699 700 
5 12 33 46 67 73 78 79 91 98 102 107 118 123 132 136 137 139 146 158 160 168 171 180 182 183 186 195 198 203 204 208 212 218 224 233 235 239 240 243 265 273 277 282 284 287 290 299 302 307 309 311 333 340 347 349 357 360 361 362 369 371 375 381 383 395 400 406 423 429 439 444 445 452 458 462 463 469 479 497 499 500 501 504 510 522 533 540 548 551 555 564 568 569 575 577 578 586 588 590 595 596 602 604 613 617 618 627 629 631 633 634 636 637 639 641 649 650 651 652 663 665 666 671 672 676 677 679 689 691 696 
6 29 33 52 60 65 78 91 119 120 124 134 164 184 193 195 196 198 211 212 235 239 243 255 261 264 266 278 279 283 288 298 307 324 329 333 361 378 381 387 392 394 413 419 431 448 456 458 474 477 481 482 490 494 497 514 515 528 539 558 564 579 585 589 592 595 597 602 616 618 620 631 645 657 666 688 696 698 
25 46 54 59 72 88 92 94 100 118 123 136 152 168 171 182 183 188 196 199 200 201 208 212 218 228 233 236 240 250 252 258 262 263 265 267 275 277 295 296 300 302 303 305 306 312 317 318 320 325 328 329 331 336 344 347 349 357 362 363 366 369 383 386 391 395 397 410 412 414 424 434 435 442 448 453 458 459 460 479 483 488 493 498 501 502 504 508 512 517 520 525 538 550 555 565 566 567 569 572 575 577 588 590 595 601 614 615 617 618 619 621 622 623 625 635 639 642 649 651 653 656 661 668 674 678 679 687 689 695 699 
1 8 12 15 22 30 32 38 44 46 65 66 69 71 76 81 84 89 94 97 104 106 107 110 113 117 122 123 124 125 128 132 134 135 136 138 143 147 148 156 159 164 168 173 174 178 182 184 185 186 195 197 200 208 210 212 218 219 220 223 225 226 232 233 238 240 253 261 262 264 266 271 274 284 288 293 297 298 300 309 312 313 315 321 323 327 331 332 334 336 344 345 346 347 349 362 363 379 382 384 385 390 395 396 397 404 405 408 413 417 422 425 429 430 431 434 436 443 445 449 453 463 470 473 474 475 489 494 495 498 503 504 511 514 515 519 524 525 527 528 531 533 539 540 542 547 551 552 553 555 556 558 559 560 564 569 570 571 572 573 575 577 578 579 582 583 586 588 590 598 599 602 605 611 613 615 616 617 618 620 621 622 626 627 629 630 631 632 635 639 640 644 646 648 649 651 652 655 658 661 662 665 666 668 672 675 677 678 681 684 687 689 691 692 695 697 698 
37 47 51 62 65 79 86 88 95 99 106 107 110 112 115 117 140 151 152 154 167 170 173 181 186 193 197 225 248 250 253 264 281 294 295 296 298 299 313 325 326 327 338 345 348 349 350 355 358 362 365 369 374 388 391 402 416 421 422 426 428 430 432 434 441 445 449 474 491 494 495 503 509 511 512 513 515 523 527 532 547 552 563 564 571 581 593 602 603 607 611 614 618 620 629 631 644 645 646 652 655 656 672 677 680 698 
11 14 23 28 48 55 72 74 85 88 96 97 101 111 119 121 133 139 140 141 144 150 155 163 175 176 179 186 201 202 204 214 215 225 230 231 241 246 254 267 272 273 275 286 293 299 304 306 308 322 323 328 337 340 350 351 352 363 368 373 374 377 378 380 388 394 395 398 400 401 404 408 409 410 411 412 415 420 423 424 427 432 433 436 437 440 447 450 460 461 463 472 476 478 479 481 484 487 501 504 506 515 520 522 528 529 530 534 546 549 550 552 557 568 574 581 586 589 594 596 600 606 608 610 616 619 623 625 630 631 634 637 638 642 643 646 650 651 660 674 676 682 683 685 694 697 699 
12 34 48 62 80 86 96 101 103 107 108 113 121 132 133 152 153 161 163 169 172 175 176 189 213 224 231 237 244 247 253 256 286 296 299 302 308 317 326 329 340 341 342 351 354 367 369 373 374 376 378 386 388 409 411 415 428 429 432 433 440 446 447 449 462 463 464 465 467 469 478 484 490 492 509 512 513 518 520 526 528 538 548 580 581 587 589 594 603 610 614 619 629 636 637 638 654 656 671 672 676 683 685 691 693 700 
28 47 50 51 59 87 100 109 111 119 124 140 150 152 173 182 197 206 213 214 215 222 225 230 245 250 251 253 298 299 320 322 326 337 348 350 352 358 374 377 388 390 399 420 422 434 436 437 445 449 450 459 466 474 476 477 479 494 506 511 529 530 531 534 546 547 550 552 558 562 568 596 616 620 677 694 698 699 
24 55 59 64 67 75 79 90 103 108 124 142 144 148 149 153 155 157 160 170 171 181 197 202 204 206 223 224 227 234 235 237 241 242 249 260 279 280 285 289 298 299 303 310 311 321 338 339 343 352 364 369 374 386 387 390 399 403 405 406 411 414 438 443 444 445 449 451 454 456 463 464 465 469 474 480 490 494 496 501 522 532 535 541 544 547 548 550 552 556 564 569 574 575 598 605 608 610 613 621 624 628 634 642 650 654 663 665 674 679 680 682 685 688 690 696 698 700 
15 16 17 24 28 33 36 40 46 50 53 56 68 69 77 81 82 83 85 87 89 93 105 119 125 131 142 148 149 150 153 170 177 181 185 187 188 191 192 193 194 195 204 205 207 209 212 214 215 219 222 237 238 241 242 248 249 250 260 261 264 269 274 277 278 288 289 291 294 299 301 302 303 304 311 312 313 314 316 318 321 335 338 339 340 350 359 364 366 370 372 387 388 399 403 405 415 417 418 419 426 437 441 443 446 449 450 451 454 455 456 457 459 461 464 468 470 471 472 475 476 478 480 481 482 488 489 491 492 495 496 506 514 521 522 524 527 531 532 533 535 536 538 539 541 543 544 545 546 550 553 554 555 556 559 562 564 569 570 571 576 578 581 584 585 592 599 602 612 613 615 624 626 627 629 635 643 646 648 652 659 660 667 669 670 673 675 677 679 680 681 684 687 689 691 693 694 699 
26 38 45 61 62 71 80 112 113 122 149 153 157 161 164 181 184 190 195 199 210 212 215 217 225 244 249 252 261 264 281 287 303 310 335 339 341 342 343 354 360 364 365 367 375 382 385 391 402 404 405 415 416 431 438 446 450 454 460 464 477 480 490 492 496 512 514 518 531 533 535 539 541 544 549 568 571 573 587 599 602 607 608 614 615 618 626 627 652 658 662 676 679 680 682 684 685 692 
4 19 64 66 70 82 84 119 122 124 125 154 179 182 197 223 246 251 256 257 266 288 294 298 317 319 325 330 346 348 362 365 369 372 384 390 396 401 406 423 428 434 436 440 445 449 462 464 466 467 474 481 485 487 494 507 509 510 511 514 519 523 526 528 529 534 542 546 548 551 552 565 567 568 569 574 576 580 589 598 603 609 616 620 622 628 629 659 668 672 677 679 691 697 699 
8 23 45 53 92 95 133 135 142 194 199 200 204 237 252 264 266 269 271 276 291 298 316 329 342 351 362 372 385 387 391 397 398 418 419 423 427 431 435 436 446 468 475 482 489 500 501 502 505 511 519 524 528 549 553 555 566 582 585 611 615 621 643 648 650 653 665 675 676 688 
14 16 24 33 36 40 69 77 81 85 89 94 100 105 125 140 149 157 170 179 185 192 194 206 207 219 222 231 238 253 274 288 294 299 301 305 312 313 318 320 326 327 331 338 366 372 388 396 399 404 414 417 431 432 435 437 438 441 443 451 453 456 459 460 461 470 476 477 489 492 517 521 522 553 554 556 558 561 562 564 566 568 569 570 576 578 581 584 601 613 618 626 643 646 648 660 678 679 681 684 687 692 694 699 
28 35 39 73 91 102 118 122 126 131 132 142 146 156 177 182 183 188 193 196 209 224 235 242 243 273 275 277 289 299 309 312 323 325 331 333 341 342 346 358 361 371 383 385 400 415 426 439 442 452 457 462 463 472 490 492 493 497 499 501 509 518 529 538 539 540 543 549 551 555 568 584 586 592 595 596 604 624 629 634 641 660 665 669 673 674 678 679 691 
47 63 67 79 95 144 160 182 223 234 275 277 278 353 356 366 393 406 407 493 513 515 520 523 559 573 577 591 592 593 628 630 645 656 662 664 668 672 686 692 693 
1 8 41 57 59 61 63 66 83 84 86 95 97 104 106 110 117 127 128 132 136 137 139 143 147 148 150 156 159 166 174 186 187 201 205 213 214 215 220 222 228 230 245 251 256 259 265 273 277 282 293 294 297 301 306 309 316 317 322 325 326 337 345 346 349 358 363 376 388 389 404 412 420 422 428 430 436 439 463 466 472 473 475 479 496 502 503 509 515 516 523 527 529 530 537 546 548 550 552 560 568 573 601 603 611 612 618 622 628 629 631 632 639 640 642 644 647 648 649 655 656 661 665 667 672 675 677 689 691 694 699 
12 20 36 70 86 88 100 114 116 130 137 140 152 154 173 178 179 193 231 236 243 251 253 260 277 296 297 305 312 317 320 323 327 333 334 337 346 347 366 388 401 410 414 428 436 438 459 466 486 497 504 509 517 520 521 534 546 548 550 552 558 560 561 566 568 569 576 581 595 606 616 617 619 625 629 639 640 646 656 658 661 675 677 678 687 693 697 699 
