4 12 22 29 39 59 79 86 88 106 119 135 148 160 170 175 191 195 219 222 258 266 272 277 280 293 300 302 309 327 341 343 358 368 371 374 378 381 386 391 404 429 431 434 443 446 454 457 461 465 468 475 478 498 500 515 533 544 551 554 555 570 571 611 618 620 629 635 642 656 664 665 684 692 
17 23 30 53 54 60 64 83 97 103 116 134 142 145 149 152 158 169 179 194 206 209 215 222 228 237 254 260 265 272 279 283 286 309 317 318 320 322 326 328 330 350 351 352 363 372 374 383 409 414 416 418 432 447 457 459 461 464 470 482 491 495 496 504 509 515 539 550 562 571 580 592 598 634 636 645 649 653 657 671 675 682 692 
27 49 81 96 143 162 203 205 211 222 225 226 240 248 278 311 325 335 341 342 382 394 395 436 467 470 474 494 495 498 502 518 527 535 538 561 565 595 605 614 621 628 639 645 648 649 656 659 683 688 691 
10 22 36 45 48 50 57 61 78 87 91 95 102 112 116 128 131 147 150 151 172 178 184 186 192 193 196 217 244 253 256 264 275 286 287 300 306 307 319 321 326 327 333 338 340 365 369 373 388 401 406 438 439 441 442 452 471 472 486 487 494 497 500 506 516 519 534 537 543 551 554 558 559 567 569 576 589 590 591 605 607 619 625 632 644 654 656 672 677 679 689 698 
19 21 27 41 49 57 85 101 117 121 126 151 157 162 184 211 222 236 238 248 250 251 261 269 276 278 290 296 317 318 328 336 341 342 360 364 372 382 422 426 430 474 475 497 498 501 502 505 518 526 529 535 542 548 552 564 565 567 572 590 591 599 600 605 608 626 645 655 657 670 684 697 
6 18 33 39 43 46 50 51 66 77 79 86 99 106 110 124 126 130 133 135 137 143 160 161 162 175 192 198 205 216 225 226 229 238 244 248 249 260 266 273 277 280 289 302 304 330 331 332 340 341 343 351 358 363 368 371 377 378 381 383 391 394 396 402 405 408 410 415 420 421 422 433 434 437 443 445 456 463 465 467 490 494 498 501 503 507 524 527 530 533 536 544 545 546 547 548 550 558 565 570 582 596 602 604 609 613 614 617 618 621 623 625 626 628 629 637 638 640 642 648 658 664 671 679 680 684 686 690 
47 58 80 112 128 129 156 172 175 177 208 216 219 228 234 247 302 317 320 344 377 396 402 416 429 438 439 442 443 462 481 483 487 494 496 533 579 586 588 594 598 605 625 627 630 637 641 663 685 691 692 697 
1 5 7 11 13 24 27 28 30 31 36 38 39 40 41 46 48 54 55 57 59 63 66 68 69 75 76 78 79 81 84 88 89 90 93 94 99 101 102 103 104 105 107 108 113 115 119 123 124 127 138 146 150 151 157 158 161 162 165 166 169 170 171 173 178 181 183 187 193 194 197 204 212 214 217 221 222 224 228 231 232 237 238 239 242 245 249 253 255 258 261 264 266 267 268 271 275 276 278 281 284 285 286 287 289 290 292 294 296 304 305 307 308 309 310 312 313 314 316 317 318 319 322 323 327 328 329 332 333 334 335 337 342 344 350 351 352 353 355 356 358 359 360 361 362 365 367 368 369 375 376 377 378 379 382 383 384 385 386 389 390 391 392 394 395 399 400 401 403 406 408 409 412 413 420 421 422 423 424 426 428 430 432 442 444 445 447 448 449 453 455 456 458 459 460 461 463 465 466 468 471 473 476 477 484 485 486 489 492 495 497 499 501 502 503 506 507 508 510 512 514 516 519 520 522 526 528 529 531 532 533 538 539 540 541 542 544 548 549 550 551 552 553 554 555 556 557 559 560 562 565 566 567 572 575 577 581 582 583 589 591 599 600 601 604 607 610 611 613 614 616 618 619 620 622 624 626 629 631 632 633 634 635 636 639 640 641 643 645 647 648 649 651 655 656 659 660 662 663 665 666 667 669 673 674 676 681 682 684 688 691 696 697 699 
84 96 114 121 126 127 143 160 199 211 225 226 227 229 246 247 311 323 325 351 366 372 375 377 392 410 412 415 436 462 467 477 503 507 518 524 527 535 536 538 539 541 561 565 589 595 607 609 610 628 641 681 683 686 691 
22 61 63 95 107 110 122 147 150 167 169 178 179 189 192 204 215 230 286 287 300 303 306 311 316 326 327 359 363 369 373 384 387 428 442 450 452 455 471 472 475 476 478 479 483 515 547 549 558 568 571 576 591 606 632 634 652 679 689 693 694 695 
7 28 34 44 47 51 53 62 69 74 76 80 83 85 94 103 108 116 118 124 129 139 153 156 173 185 187 201 210 212 214 223 231 234 241 242 246 249 253 255 262 268 271 275 281 284 297 305 310 311 313 315 317 320 321 329 337 339 346 348 353 357 359 361 368 370 371 388 396 402 406 408 416 419 422 428 438 450 460 481 483 488 496 497 499 508 512 516 521 523 531 532 533 537 547 553 568 577 579 586 590 594 598 609 617 618 622 628 632 637 645 646 650 655 656 657 660 663 664 671 674 676 678 681 692 694 695 696 
9 40 53 61 67 124 133 146 147 153 164 167 172 175 178 187 194 203 207 214 215 219 226 233 251 258 265 267 268 269 272 277 281 286 287 290 299 300 304 309 327 332 336 344 352 353 359 364 374 386 391 402 404 408 420 426 427 439 442 443 450 457 461 463 468 470 478 488 491 499 508 515 532 533 547 549 554 555 556 582 591 592 596 606 612 618 620 627 629 635 638 642 655 656 679 684 685 689 691 694 697 
14 34 44 47 84 103 131 153 164 188 210 220 231 281 287 339 341 346 348 351 357 361 370 401 409 410 416 419 429 438 445 450 459 463 481 488 499 503 521 529 531 536 538 547 549 551 557 559 565 577 579 594 598 606 609 628 632 637 655 682 
26 52 65 88 115 119 120 134 147 160 164 165 180 203 204 209 213 251 255 258 263 265 267 269 272 281 287 299 309 336 352 362 364 374 386 391 397 404 427 436 447 456 463 468 470 478 481 489 495 499 506 515 520 526 555 556 592 593 612 620 626 628 635 637 639 648 649 659 660 661 665 668 684 697 
7 21 30 31 43 45 47 50 54 69 74 87 88 108 111 116 123 129 131 147 148 166 167 169 173 180 192 193 196 200 204 207 211 212 213 214 216 222 226 228 237 244 246 247 251 255 256 260 286 300 302 304 305 311 313 317 320 321 329 330 340 345 346 353 354 359 365 369 374 383 384 393 401 402 404 408 410 415 416 423 435 438 441 444 447 457 460 461 462 463 467 468 471 472 478 481 483 494 495 497 503 508 509 510 512 515 519 522 523 530 532 534 543 544 546 561 568 569 571 572 573 579 586 587 589 590 598 612 618 621 622 625 630 631 632 633 636 644 655 658 660 664 665 667 671 675 684 687 690 691 698 
38 111 122 131 144 189 204 220 230 275 316 326 363 375 384 428 429 437 445 452 453 483 515 521 551 554 568 571 589 599 611 648 652 674 692 693 694 695 
10 18 43 44 50 77 81 87 103 104 109 123 131 184 187 188 196 207 216 230 238 240 244 247 256 271 277 279 294 295 302 310 326 334 340 348 365 369 373 395 397 403 418 441 463 472 484 487 490 493 494 534 543 549 557 560 561 565 569 579 582 588 605 606 619 621 625 630 632 640 644 660 669 672 679 691 698 
15 16 24 25 28 40 41 45 46 57 58 62 65 66 75 78 94 95 102 109 115 118 123 125 126 134 138 144 146 148 150 168 176 180 185 186 190 194 200 217 221 223 231 232 233 234 239 241 242 243 246 249 252 256 261 262 263 264 267 275 276 284 292 301 305 306 307 310 311 314 315 319 333 345 352 354 367 368 375 379 384 387 389 390 393 400 406 421 425 426 427 428 429 433 434 435 442 443 451 455 458 462 465 466 470 471 472 473 479 482 486 487 495 497 498 500 501 513 514 517 519 523 537 542 550 551 553 554 556 566 567 573 574 576 581 582 586 587 588 594 595 599 600 601 605 607 611 614 619 623 624 627 631 634 638 639 647 650 654 657 662 663 664 666 670 676 678 681 687 690 694 696 
26 42 49 52 58 61 68 88 91 99 100 119 136 139 144 156 158 163 167 168 178 194 202 207 209 213 240 258 260 263 272 276 279 287 289 298 299 300 316 322 327 335 338 344 345 352 374 381 397 404 405 411 414 418 442 448 457 461 468 474 478 488 493 497 499 504 515 528 538 546 555 556 558 579 586 587 597 601 602 612 615 616 621 627 628 635 641 649 656 661 672 679 680 682 683 685 688 689 691 700 
38 63 88 107 110 111 122 134 151 179 189 198 204 222 230 284 292 303 308 316 328 360 369 375 380 384 443 452 475 476 487 495 500 526 548 568 572 585 591 600 624 634 652 655 672 674 684 687 688 693 695 
6 34 40 41 44 68 96 101 103 140 142 151 153 160 161 162 192 198 231 238 249 251 260 266 273 283 284 292 302 303 304 308 321 328 330 339 341 346 348 351 357 358 360 361 369 370 394 395 396 401 405 419 429 433 434 437 439 445 448 450 456 459 465 467 477 486 495 521 524 526 530 531 538 539 544 545 546 547 548 559 570 572 577 580 586 591 596 602 604 606 609 610 613 614 615 617 620 622 626 637 638 654 655 658 660 671 673 677 678 682 684 686 687 688 690 695 697 
1 7 30 35 39 40 41 56 58 68 70 79 80 94 96 101 105 114 121 124 126 138 143 151 153 156 160 161 166 185 190 198 199 211 220 222 225 229 234 237 242 255 266 267 274 284 292 301 303 308 310 312 313 317 328 341 353 358 360 363 366 377 381 383 396 401 410 413 415 420 421 430 433 434 436 437 443 456 466 467 480 482 485 490 493 501 507 508 512 513 518 524 526 527 536 544 547 548 551 553 556 558 561 575 585 590 591 595 603 604 605 609 612 614 615 620 622 626 627 637 646 655 660 664 673 674 676 678 684 686 688 696 697 
35 56 62 70 73 114 120 122 163 184 199 218 227 234 235 248 261 264 267 272 274 276 290 314 317 318 337 366 381 412 414 426 433 438 467 480 482 487 524 525 541 558 567 579 585 590 595 597 600 623 637 657 677 683 689 
8 19 21 46 48 52 55 57 59 65 69 72 79 80 89 93 109 117 118 125 126 127 134 141 146 155 157 164 168 173 176 184 190 191 193 197 203 205 209 215 217 228 230 231 235 236 243 248 250 251 253 255 261 263 264 276 289 290 295 296 298 299 301 307 312 316 317 318 323 325 328 336 337 344 352 359 360 363 364 367 372 373 387 392 398 402 412 424 426 428 434 444 455 458 459 462 468 469 470 471 477 483 486 492 494 497 498 499 501 502 504 505 508 513 516 517 529 535 540 542 543 549 552 559 562 564 568 572 574 575 581 589 590 594 599 600 603 605 607 608 609 610 611 612 613 614 623 626 627 628 633 636 643 646 647 649 651 664 665 667 670 673 674 675 677 681 685 688 697 
39 65 104 123 127 148 150 159 180 200 213 221 242 261 279 286 289 290 294 305 310 334 345 346 354 377 389 393 403 426 435 443 450 451 458 462 469 481 484 522 523 526 551 560 567 573 576 586 587 607 630 631 640 655 657 660 669 687 690 694 
2 3 14 26 42 44 48 52 73 74 75 82 85 92 98 100 103 104 115 124 127 139 141 145 148 153 159 163 168 173 191 202 221 224 225 233 235 243 252 253 254 259 264 268 269 281 282 285 290 292 294 295 297 298 305 310 316 321 322 334 335 337 338 339 346 348 359 376 380 387 392 397 401 403 409 411 418 419 421 427 428 431 436 448 451 455 460 463 468 469 474 480 483 484 485 486 488 499 500 508 510 512 516 517 520 522 528 529 532 540 541 560 563 577 586 588 589 594 597 606 607 615 616 618 619 624 628 631 634 637 640 660 661 662 665 667 669 672 673 680 681 685 700 
15 32 57 66 71 82 85 89 90 92 98 113 117 136 140 141 145 148 171 176 181 182 183 186 193 220 229 231 235 247 257 259 265 270 282 285 291 297 298 300 301 307 312 324 331 345 347 349 355 357 362 380 385 388 393 399 404 407 412 414 417 433 435 436 449 453 454 469 474 485 490 500 510 514 520 523 528 551 559 560 563 568 574 578 581 583 584 593 594 607 610 619 620 623 624 627 634 640 642 646 659 661 665 668 672 677 680 683 685 696 698 699 
1 21 32 66 71 81 83 93 94 105 113 121 132 138 143 149 152 157 170 175 177 180 181 185 192 208 211 212 219 225 226 229 235 238 242 245 246 247 250 259 271 275 282 288 297 307 308 312 324 325 331 347 350 351 355 375 377 392 393 398 400 407 410 413 415 421 422 426 429 430 432 436 439 460 465 466 467 482 489 495 500 505 506 507 510 511 518 524 525 533 534 535 536 538 539 540 550 553 554 556 559 563 565 574 577 578 579 583 589 599 603 608 611 614 623 626 629 630 640 641 643 646 650 652 660 670 674 676 690 691 696 699 
49 77 110 114 121 126 143 177 188 203 205 211 212 216 225 226 230 235 240 247 310 314 362 373 377 397 410 415 436 438 462 467 481 493 503 507 518 527 535 536 538 561 565 593 596 602 605 620 625 626 630 641 648 660 691 
27 49 53 73 81 82 85 100 101 126 159 162 163 202 217 222 225 254 278 298 322 341 342 365 382 394 408 411 451 474 478 498 502 510 516 524 532 535 552 564 565 586 587 597 608 615 616 619 645 656 700 
40 43 73 82 91 92 98 124 125 137 141 145 146 148 156 159 163 168 171 176 190 192 201 202 207 219 225 233 243 254 259 285 292 298 300 301 307 322 326 327 328 332 335 338 341 357 368 373 374 378 380 384 387 396 402 404 425 434 457 463 469 470 474 475 478 485 493 500 510 513 515 517 523 524 528 540 542 565 574 576 586 587 591 593 594 597 603 612 615 616 618 623 624 627 632 634 637 639 651 655 656 661 665 672 675 687 689 698 700 
9 37 40 52 59 67 79 86 100 107 112 115 128 139 159 163 164 168 172 175 179 187 191 192 193 197 199 202 203 208 219 224 226 238 265 267 269 276 282 290 297 298 303 322 336 358 364 381 384 397 402 411 424 426 427 429 430 433 439 443 446 451 459 474 475 477 478 488 495 524 528 538 541 544 554 574 581 586 587 592 597 603 612 615 619 622 638 643 652 672 686 691 700 
3 6 20 26 47 52 67 69 71 81 85 93 104 113 116 117 140 146 154 164 165 168 171 174 182 186 187 192 203 216 233 235 242 245 249 252 261 265 268 269 270 273 281 282 290 291 294 295 297 307 308 321 329 334 336 339 346 347 348 349 354 355 361 364 376 385 388 389 394 402 403 411 417 436 440 444 449 451 454 458 468 472 475 484 488 489 494 496 499 506 511 514 522 528 556 557 560 566 568 569 572 578 584 586 588 592 597 598 615 623 624 640 647 649 654 660 666 668 669 677 695 699 
13 24 33 39 43 45 50 51 63 68 75 78 83 87 89 99 102 106 109 122 130 131 132 133 134 135 137 150 152 174 177 184 189 192 196 198 204 217 218 219 220 228 236 239 244 256 260 273 283 284 287 304 319 328 330 332 350 351 365 368 369 378 379 381 383 400 402 405 420 437 441 443 452 458 465 472 473 487 490 496 500 511 525 530 533 541 545 546 550 556 558 567 570 577 582 589 596 601 604 613 614 617 619 623 624 625 626 628 631 636 639 642 644 652 662 664 671 679 680 685 687 693 698 
18 22 33 35 61 86 130 133 137 144 147 153 167 174 175 177 187 188 191 198 207 209 216 218 219 222 233 240 247 248 272 274 277 286 287 289 300 331 332 340 368 373 374 378 381 388 395 397 404 420 423 427 434 440 457 462 463 465 475 484 490 494 498 515 558 565 568 570 582 584 593 618 621 623 624 627 628 630 631 638 640 642 648 661 664 668 679 680 685 689 
6 41 46 75 99 101 108 120 142 151 171 204 205 218 219 221 222 229 232 238 239 249 251 260 268 273 284 302 304 308 321 330 358 360 369 379 386 388 390 391 394 400 405 408 447 465 468 495 526 530 533 545 546 547 548 551 555 591 596 602 609 613 617 620 624 626 629 635 647 648 654 655 658 662 663 668 671 677 684 690 697 
15 28 32 35 42 62 71 76 81 89 96 104 113 134 143 180 181 198 201 208 220 223 229 233 241 243 252 253 257 259 262 282 294 295 297 307 310 311 315 324 331 338 355 368 406 407 429 433 436 453 476 480 484 486 497 513 517 522 526 527 537 551 560 563 568 578 580 583 585 588 594 611 618 634 638 640 647 650 654 657 664 678 687 694 698 699 
37 47 66 83 106 108 112 116 128 129 132 149 152 154 156 172 174 177 182 192 208 219 228 244 273 284 288 303 304 309 313 320 328 329 331 350 351 396 402 416 429 432 433 439 446 471 472 496 511 528 550 569 584 606 622 623 625 638 645 654 659 690 692 
19 62 68 88 96 118 119 134 146 151 157 184 198 205 211 213 223 230 236 240 241 246 250 251 255 258 262 276 277 287 289 292 310 311 312 315 324 332 338 350 360 362 367 372 379 386 391 392 395 396 402 406 429 448 463 467 477 486 490 495 497 505 515 520 524 526 527 529 537 538 541 543 548 551 552 555 561 564 577 587 591 593 594 605 607 608 620 629 635 638 647 650 654 657 665 670 673 678 679 681 684 688 694 
17 23 43 50 58 60 64 77 87 97 116 131 136 142 145 147 151 153 158 159 165 179 182 194 196 205 206 215 228 230 234 244 245 246 254 255 258 260 261 265 276 279 283 287 298 307 308 309 318 322 326 329 330 335 340 341 360 369 372 385 395 396 409 412 414 418 438 441 457 459 464 472 474 484 487 489 491 493 504 506 514 534 538 539 543 557 562 563 565 566 569 580 597 600 625 630 632 641 644 649 653 657 666 675 680 682 689 692 693 695 698 699 700 
11 15 34 44 57 68 74 84 90 94 99 103 113 114 144 158 165 171 183 187 194 210 214 230 231 240 247 256 275 291 314 318 320 321 324 329 338 339 341 346 348 351 356 357 362 363 367 370 376 389 396 399 409 414 416 421 423 429 437 445 449 450 453 457 459 463 485 486 491 514 521 531 547 549 551 559 577 583 598 599 605 606 609 614 621 629 634 639 645 648 654 655 657 659 661 677 
4 8 25 27 30 31 46 54 60 64 65 72 74 76 93 94 109 111 114 134 136 138 140 145 155 158 165 166 168 178 180 185 186 194 209 215 224 240 242 245 249 253 256 261 263 265 270 271 285 296 299 307 312 318 325 328 335 344 347 349 352 355 362 367 376 377 380 382 383 389 390 395 398 399 401 402 413 417 418 421 422 426 430 434 444 447 453 454 455 458 460 461 466 470 483 489 492 493 494 496 497 498 501 506 507 509 514 522 525 527 540 549 553 554 557 566 568 574 575 584 586 593 595 599 601 603 604 611 612 614 616 619 627 628 630 633 636 639 641 643 646 649 651 652 658 665 666 667 673 674 675 676 677 685 691 696 697 
25 30 31 33 47 51 54 65 74 85 108 129 139 156 165 166 175 180 200 224 228 234 237 245 271 283 307 308 309 313 317 320 321 326 354 377 383 389 393 395 401 416 438 447 460 483 489 496 499 503 506 508 509 510 514 522 523 525 541 542 557 565 566 568 573 579 590 591 595 598 604 612 627 633 634 636 637 641 645 649 663 665 666 667 675 680 692 
11 15 30 57 60 64 68 77 90 91 99 103 114 136 144 158 159 171 183 187 191 226 229 237 240 246 254 260 265 271 292 296 298 299 300 310 312 314 322 325 326 327 335 338 344 352 356 362 377 383 396 398 399 404 410 418 423 431 437 443 444 445 449 453 456 457 461 463 467 474 485 492 493 495 504 509 510 525 527 536 538 540 549 557 561 565 571 574 575 579 592 601 603 616 633 635 638 639 643 646 649 651 658 659 661 675 679 680 683 685 686 692 
6 32 42 66 70 81 83 85 89 113 132 149 152 165 174 177 220 228 229 245 253 257 259 264 273 282 283 288 297 307 309 313 324 328 331 335 337 350 351 355 367 382 392 394 407 427 429 432 455 471 472 482 486 489 496 499 506 507 511 514 516 521 525 526 540 541 550 551 557 559 563 568 572 578 579 583 585 603 605 607 619 623 634 640 641 646 647 654 664 666 681 690 696 699 
39 94 104 105 129 138 178 185 187 188 207 242 253 256 275 284 289 294 309 312 318 323 334 335 398 403 421 460 466 484 507 527 553 554 556 560 571 589 599 614 660 662 669 676 696 
12 14 24 45 55 59 62 68 79 86 95 106 127 176 191 193 197 224 252 255 261 280 285 293 306 312 316 323 333 343 347 371 375 392 412 423 424 425 428 431 433 442 448 449 454 459 462 468 477 479 483 496 500 519 530 533 571 576 581 583 587 591 607 609 610 611 613 620 629 640 669 674 692 
5 16 18 25 36 41 45 46 48 51 66 68 75 86 95 103 104 108 109 127 130 133 135 137 160 161 177 180 194 198 209 221 226 232 239 246 248 253 261 263 264 266 267 268 275 277 281 284 288 289 294 295 297 299 306 310 313 321 332 333 334 335 337 340 352 358 368 378 379 381 390 394 396 397 400 401 403 420 421 425 428 433 434 437 442 443 451 455 456 465 467 470 471 473 479 481 484 486 490 492 495 496 497 498 499 500 501 513 516 519 520 522 527 538 544 545 556 558 559 560 563 570 573 576 582 587 599 602 607 618 619 620 624 626 628 629 637 639 640 642 654 656 660 662 663 664 669 673 682 686 
34 35 44 51 56 70 120 182 186 188 199 210 218 227 231 248 256 274 291 295 297 331 339 346 351 352 357 361 366 370 417 419 433 440 449 450 473 480 488 495 496 503 521 524 529 531 541 563 577 585 595 606 623 628 632 637 649 659 683 
35 38 51 55 56 62 63 70 96 107 110 114 115 120 122 136 144 150 158 179 193 199 204 218 227 229 234 235 246 252 267 274 316 323 331 345 366 367 369 376 384 390 392 399 418 421 424 425 433 436 438 452 473 475 476 480 482 487 493 527 528 541 558 563 585 589 595 600 610 613 623 634 637 639 646 652 675 680 683 692 693 695 699 
