1 130 642 133 135 137 271 18 402 277 664 28 420 422 430 175 434 51 570 443 582 332 463 465 212 86 490 238 498 375 248 378 381 
129 645 156 416 42 47 691 438 188 320 321 579 598 216 481 483 621 496 240 116 373 630 247 
641 514 194 389 165 649 489 395 557 506 307 245 566 376 666 93 318 
256 676 421 614 553 138 554 105 556 398 466 242 275 696 185 413 94 
544 609 153 160 68 161 358 456 266 396 686 303 80 626 437 377 604 637 
672 98 259 485 141 593 82 145 500 661 469 380 92 285 510 
643 646 8 651 155 540 674 549 296 685 574 575 325 72 461 215 344 603 492 
2 3 12 14 412 424 425 431 692 55 312 59 316 191 193 451 323 581 197 459 588 333 477 224 610 611 613 103 235 252 
515 272 147 404 541 286 33 167 679 169 300 689 178 61 327 457 207 91 219 478 612 115 374 
66 390 232 267 75 108 46 239 400 624 368 501 662 663 379 221 639 
257 407 282 32 297 563 436 181 568 699 578 324 583 71 331 96 355 229 113 
513 387 517 40 233 301 623 176 594 243 627 126 190 125 542 
480 482 35 227 70 199 585 683 558 366 274 595 56 218 120 
385 388 6 140 270 20 154 668 417 291 677 174 182 440 186 444 454 584 329 85 347 349 117 
139 26 411 159 163 168 298 52 700 322 201 202 73 338 468 597 474 100 615 616 
512 353 69 408 7 359 618 460 508 173 305 532 53 214 632 124 255 
545 546 547 260 617 330 205 304 658 530 596 533 629 405 249 602 671 
65 354 200 393 586 523 587 462 687 690 435 148 213 345 123 573 
195 4 293 170 106 302 79 371 22 343 280 571 29 446 
675 166 383 326 447 74 237 401 633 665 54 313 634 667 636 509 30 31 
653 142 17 23 279 409 283 539 414 158 682 562 309 58 64 580 206 464 97 491 254 
576 471 5 519 41 109 607 16 433 306 599 25 442 95 479 
36 516 486 647 264 681 455 363 428 392 559 48 337 146 367 499 89 253 
288 228 132 550 525 654 432 177 273 83 149 152 350 511 
352 134 263 299 397 209 628 180 470 
608 605 230 552 236 529 19 564 21 372 184 504 505 250 251 572 157 670 
258 386 391 555 620 119 88 635 287 
136 13 399 144 150 24 418 39 680 567 60 319 458 589 78 217 601 473 102 619 493 114 631 
128 192 37 172 429 622 112 208 528 439 638 
448 673 548 101 292 360 328 684 526 655 688 495 591 308 151 697 284 
640 261 520 522 268 403 660 281 669 289 294 295 560 310 334 335 484 104 127 
290 67 164 9 234 203 364 269 590 265 592 336 426 427 276 600 475 317 
131 644 10 534 543 43 45 50 569 441 698 196 77 340 87 472 365 494 369 625 244 
449 99 356 453 423 648 362 11 314 171 15 659 183 57 90 187 445 
262 650 657 406 537 678 551 694 311 315 62 198 76 220 223 241 497 246 118 
521 531 34 419 44 577 450 210 339 84 346 348 606 351 357 231 488 361 370 
384 452 38 487 107 652 204 110 111 179 693 695 122 476 189 63 
225 226 518 524 143 527 561 211 467 538 503 536 121 410 507 415 
162 535 394 656 81 49 341 502 278 342 565 27 222 382 
