0	1	8
0	3	8
0	4	13
0	5	8
0	6	6
0	7	11
0	8	8
0	9	3
0	10	6
0	11	10
0	12	12
0	13	13
0	14	11
0	15	10
0	16	9
0	17	8
0	18	7
0	19	6
0	20	14
0	21	6
0	22	7
0	23	6
0	24	15
0	25	8
0	26	4
0	27	4
1	2	7
1	3	4
1	4	7
1	5	7
1	6	11
1	7	18
1	8	5
1	9	3
1	10	15
1	11	9
1	12	13
1	13	14
1	14	8
1	15	9
1	16	11
1	17	10
1	18	9
1	19	10
1	20	14
1	21	5
1	22	16
1	23	4
1	24	13
1	25	11
1	26	11
1	27	8
2	3	2
2	4	9
2	5	8
2	6	5
2	7	2
2	8	1
2	9	2
2	10	3
2	11	7
2	12	7
2	13	3
2	14	3
2	15	2
2	16	7
2	17	2
2	18	4
2	19	4
2	20	8
2	21	8
2	22	4
2	23	4
2	24	9
2	25	10
2	26	1
2	27	7
3	4	7
3	5	9
3	6	4
3	7	3
3	8	8
3	9	7
3	10	7
3	11	5
3	12	8
3	13	9
3	14	7
3	15	10
3	16	6
3	17	5
3	18	5
3	19	7
3	20	8
3	21	5
3	22	9
3	23	6
3	24	6
3	25	9
3	26	6
3	27	9
4	5	13
4	6	8
4	7	9
4	8	10
4	9	5
4	10	8
4	11	10
4	12	9
4	13	12
4	14	11
4	15	7
4	16	11
4	17	18
4	18	11
4	19	9
4	20	9
4	21	10
4	22	9
4	23	6
4	24	7
4	25	18
4	26	16
4	27	6
5	6	8
5	7	12
5	8	10
5	9	8
5	10	11
5	11	8
5	12	18
5	13	12
5	14	8
5	15	5
5	16	15
5	17	6
5	18	11
5	19	9
5	20	16
5	21	6
5	22	12
5	23	12
5	24	13
5	25	8
5	26	7
5	27	3
6	7	6
6	8	12
6	9	5
6	10	6
6	11	6
6	12	17
6	13	18
6	14	8
6	15	5
6	16	9
6	17	5
6	18	8
6	19	9
6	20	8
6	21	11
6	22	8
6	23	14
6	24	13
6	25	11
6	26	6
6	27	6
7	8	10
7	9	9
7	10	6
7	11	14
7	12	11
7	13	14
7	14	6
7	15	12
7	16	20
7	17	16
7	18	9
7	19	9
7	20	14
7	21	15
7	22	18
7	23	11
7	24	13
7	25	14
7	26	12
7	27	6
8	9	10
8	10	5
8	11	11
8	12	3
8	13	5
8	14	6
8	15	2
8	16	6
8	17	8
8	18	6
8	19	5
8	20	12
8	21	6
8	22	11
8	23	7
8	24	7
8	25	7
8	26	7
8	27	5
9	10	4
9	11	2
9	12	8
9	13	5
9	14	1
9	15	5
9	16	8
9	17	7
9	18	5
9	19	3
9	20	3
9	21	3
9	22	4
9	23	5
9	24	10
9	25	10
9	26	3
9	27	6
10	11	4
10	12	5
10	13	11
10	14	4
10	15	5
10	16	11
10	17	7
10	18	7
10	19	8
10	20	14
10	21	9
10	22	8
10	23	3
10	24	10
10	25	7
10	26	8
10	27	2
11	12	11
11	13	10
11	14	6
11	15	2
11	16	4
11	17	15
11	18	16
11	19	11
11	20	10
11	21	9
11	22	14
11	23	6
11	24	16
11	25	7
11	26	14
11	27	4
12	13	14
12	14	15
12	15	3
12	16	3
12	17	10
12	18	7
12	19	6
12	20	11
12	21	9
12	22	16
12	23	15
12	24	12
12	25	9
12	26	8
12	27	10
13	14	7
13	15	5
13	16	16
13	17	11
13	18	17
13	19	8
13	20	15
13	21	7
13	22	17
13	23	10
13	24	14
13	25	28
13	26	8
13	27	10
14	15	5
14	16	3
14	17	8
14	18	4
14	19	7
14	20	12
14	21	4
14	22	5
14	23	3
14	24	12
14	25	12
14	26	13
14	27	14
15	16	14
15	17	13
15	18	6
15	19	3
15	20	4
15	21	9
15	22	6
15	23	6
15	24	12
15	25	10
15	26	7
15	27	3
16	17	10
16	18	12
16	19	12
16	20	9
16	21	10
16	22	15
16	23	7
16	24	11
16	25	14
16	26	7
16	27	13
17	18	20
17	19	12
17	20	22
17	21	12
17	22	10
17	23	11
17	24	10
17	25	23
17	26	17
17	27	8
18	19	17
18	20	10
18	21	7
18	22	13
18	23	7
18	24	15
18	25	7
18	26	13
18	27	7
19	20	7
19	21	10
19	22	13
19	23	5
19	24	12
19	25	14
19	26	9
19	27	6
20	21	12
20	22	19
20	23	11
20	24	10
20	25	17
20	26	10
20	27	5
21	22	8
21	23	12
21	24	11
21	25	8
21	26	7
21	27	4
22	23	11
22	24	17
22	25	7
22	26	11
22	27	3
23	24	8
23	25	11
23	26	10
23	27	5
24	25	10
24	26	12
24	27	4
25	26	22
25	27	8
26	27	4
