1	16 34 40 
2	17 
3	4 
4	7 
5	21 
6	6 13 18 
7	1 2 34 
8	9 
9	22 
10	8 
11	23 
12	7 20 27 
13	2 
14	25 
15	20 
16	2 
17	38 
18	3 28 31 
19	32 
20	25 
21	17 
22	10 
23	18 
24	21 22 40 
25	7 22 39 
26	30 33 39 
27	12 
28	33 
29	28 
30	2 25 37 
31	15 
32	1 
33	8 
34	35 
35	4 
36	6 12 39 
37	13 
38	17 
39	8 
40	27 
41	31 
42	27 
43	22 
44	16 29 33 
45	25 
46	4 6 14 
47	1 9 22 
48	33 
49	1 5 19 
50	31 
51	10 
52	7 
53	32 
54	5 17 21 
55	6 19 21 
56	36 
57	27 
58	33 
59	2 8 37 
60	17 20 24 
61	5 
62	2 3 15 
63	10 
64	12 29 30 
65	14 
66	4 
67	5 9 41 
68	34 
69	6 
70	36 
71	39 
72	11 30 38 
73	20 22 41 
74	7 
75	22 25 26 
76	5 
77	41 
78	17 
79	22 
80	7 
81	7 20 37 
82	21 
83	25 36 41 
84	26 
85	17 
86	33 
87	2 26 29 
88	32 
89	4 27 32 
90	8 
91	16 
92	9 
93	18 
94	9 
95	9 
96	24 
97	5 6 33 
98	6 30 33 
99	4 29 39 
100	35 
101	38 
102	11 
103	23 
104	1 6 10 
105	6 19 23 
106	37 
107	35 
108	13 
109	30 
110	17 
111	1 31 34 
112	21 
113	26 
114	30 
115	1 12 13 
116	2 14 21 
117	37 
118	2 21 25 
119	11 27 41 
120	10 13 35 
121	32 
122	18 
123	35 
124	27 
125	22 
126	10 11 24 
127	11 
128	11 
129	41 
130	12 
131	14 23 41 
132	30 
133	38 
134	41 
135	25 
136	9 19 24 
137	6 
138	39 
139	6 
140	10 23 36 
141	14 15 23 
142	4 16 21 
143	22 
144	1 18 35 
145	1 30 32 
146	25 33 36 
147	16 
148	1 23 39 
149	2 
150	32 
151	26 
152	14 
153	39 
154	13 16 23 
155	8 12 31 
156	39 
157	11 
158	6 8 25 
159	30 32 36 
160	18 
161	11 
162	20 
163	16 33 40 
164	26 
165	23 29 35 
166	1 6 10 
167	3 
168	2 
169	28 
170	23 38 39 
171	7 
172	8 
173	20 
174	12 16 41 
175	24 
176	13 
177	3 10 24 
178	14 
179	24 
180	7 
181	22 
182	23 
183	31 
184	3 9 24 
185	34 
186	28 
187	26 
188	2 22 34 
189	29 30 32 
190	6 
191	33 
192	13 
193	2 3 30 
194	35 
195	1 36 38 
196	20 
197	26 
198	3 4 23 
199	26 
200	3 33 41 
201	10 
202	9 
203	9 
204	29 
205	5 
206	8 
207	13 
208	22 
209	3 
210	22 
211	35 
212	9 
213	18 23 31 
214	6 
215	10 
216	13 
217	26 37 41 
218	19 25 31 
219	37 
220	30 
221	6 7 21 
222	35 
223	1 28 40 
224	23 
225	8 
226	10 36 41 
227	15 
228	6 
229	3 
230	18 
231	25 
232	20 
233	16 
234	11 21 35 
235	6 10 27 
236	3 
237	5 6 7 
238	19 
239	14 18 29 
240	13 24 31 
241	7 14 31 
242	36 
243	21 
244	6 14 34 
245	3 
246	24 
247	10 
248	3 
249	11 
250	10 20 41 
251	9 13 15 
252	15 
253	4 
254	16 
255	7 36 40 
256	27 
257	10 33 39 
258	32 
259	11 40 41 
260	1 29 32 
261	41 
262	22 
263	14 18 27 
264	16 
265	11 29 36 
266	5 
267	35 
268	39 
269	29 
270	23 
271	27 
272	19 33 41 
273	18 30 40 
274	14 
275	4 17 20 
276	7 
277	4 
278	36 
279	23 
280	40 
281	12 
282	7 
283	35 
284	15 
285	1 10 14 
286	40 
287	37 
288	14 22 28 
289	16 
290	23 
291	10 22 33 
292	12 13 14 
293	13 33 41 
294	9 26 32 
295	10 
296	2 19 25 
297	34 
298	13 
299	40 
300	40 
301	9 16 23 
302	7 
303	11 
304	10 11 30 
305	17 26 29 
306	9 17 32 
307	20 
308	9 
309	4 24 30 
310	16 
311	9 16 41 
312	6 18 29 
313	5 30 37 
314	1 21 38 
315	15 
316	18 28 39 
317	23 24 29 
318	20 23 32 
319	31 
320	22 
321	13 15 39 
322	29 
323	31 
324	5 
325	26 
326	2 
327	26 
328	9 21 29 
329	4 30 37 
330	27 
331	20 
332	29 
333	25 
334	10 
335	8 
336	2 34 36 
337	39 
338	34 
339	9 
340	19 
341	35 
342	25 
343	15 29 33 
344	10 
345	3 22 39 
346	8 
347	4 
348	5 
349	30 
350	31 
351	39 
352	3 10 34 
353	28 32 39 
354	29 
355	18 
356	11 
357	16 
358	30 
359	6 
360	1 
361	23 29 34 
362	33 
363	37 
364	13 19 25 
365	2 
366	2 
367	28 
368	23 
369	24 
370	16 22 30 
371	4 
372	27 
373	28 
374	41 
375	34 
376	13 
377	10 27 28 
378	1 14 21 
379	2 27 34 
380	25 
381	13 14 41 
382	9 
383	16 28 39 
384	4 
385	27 
386	18 32 33 
387	5 18 30 
388	5 33 37 
389	29 
390	3 19 32 
391	8 
392	10 
393	15 
394	7 21 34 
395	1 19 32 
396	5 11 15 
397	8 14 25 
398	1 6 20 
399	9 29 36 
400	14 
401	1 4 16 
402	8 19 37 
403	23 27 33 
404	20 
405	27 32 34 
406	4 19 38 
407	2 
408	2 13 16 
409	22 23 30 
410	9 
411	9 19 34 
412	8 
413	28 
414	16 
415	9 
416	11 
417	1 
418	10 11 15 
419	5 
420	1 26 40 
421	11 
422	4 
423	40 
424	21 24 27 
425	6 9 30 
426	4 5 22 
427	24 
428	24 27 39 
429	1 9 31 
430	4 
431	33 
432	33 
433	31 
434	2 
435	16 
436	6 
437	18 
438	7 
439	23 
440	2 
441	5 29 31 
442	11 
443	23 
444	12 15 27 
445	6 35 39 
446	39 
447	18 
448	13 
449	39 
450	40 
451	30 
452	14 
453	24 
454	2 13 23 
455	28 
456	14 
457	27 
458	3 
459	14 27 29 
460	3 
461	15 
462	16 
463	7 24 41 
464	1 4 37 
465	5 
466	13 
467	15 
468	12 
469	37 
470	4 
471	10 27 33 
472	41 
473	11 37 39 
474	37 
475	14 
476	2 
477	14 
478	30 
479	25 
480	7 
481	1 11 38 
482	16 
483	2 9 14 
484	10 
485	4 
486	20 
487	9 31 38 
488	14 18 29 
489	40 
490	37 
491	2 
492	5 16 41 
493	2 7 24 
494	29 
495	14 
496	20 29 32 
497	14 
498	1 27 35 
499	12 18 32 
500	12 
501	18 
502	3 
503	15 27 29 
504	3 20 38 
505	27 
506	13 
507	41 
508	22 
509	6 9 30 
510	9 
511	8 30 39 
512	33 
513	17 19 29 
514	2 
515	4 22 30 
516	3 15 23 
517	41 
518	4 14 38 
519	40 
520	29 
521	25 
522	29 30 33 
523	30 
524	2 
525	14 
526	15 18 37 
527	40 
528	14 
529	25 
530	13 
531	29 
532	37 
533	19 22 37 
534	2 
535	20 23 26 
536	5 6 33 
537	11 
538	2 
539	29 
540	19 
541	23 
542	12 21 26 
543	13 
544	18 
545	10 26 39 
546	10 17 41 
547	15 26 33 
548	15 
549	2 
550	3 
551	37 
552	5 
553	6 10 25 
554	5 14 29 
555	9 
556	10 11 31 
557	1 
558	5 22 35 
559	21 
560	1 4 41 
561	30 
562	14 15 18 
563	25 
564	29 
565	33 
566	25 
567	9 
568	25 
569	22 
570	2 
571	13 
572	1 12 16 
573	1 
574	6 12 24 
575	1 
576	18 
577	23 
578	4 13 40 
579	27 28 32 
580	37 
581	17 28 39 
582	16 
583	4 6 11 
584	19 
585	13 18 25 
586	29 30 33 
587	15 33 40 
588	41 
589	4 
590	39 
591	19 22 31 
592	8 30 39 
593	12 16 30 
594	14 30 35 
595	12 
596	11 12 15 
597	14 
598	24 28 37 
599	7 10 34 
600	24 
601	19 
602	19 
603	6 28 36 
604	4 
605	4 9 36 
606	27 
607	4 
608	30 
609	4 33 37 
610	10 28 38 
611	11 
612	4 
613	3 
614	40 
615	37 
616	13 27 38 
617	10 
618	40 
619	3 11 16 
620	39 
621	16 
622	6 16 23 
623	4 10 15 
624	1 
625	15 
626	14 19 26 
627	4 
628	4 
629	33 35 36 
630	9 23 27 
631	21 
632	24 
633	33 
634	22 
635	27 
636	12 17 30 
637	12 23 30 
638	37 
639	31 33 36 
640	7 
641	18 
642	6 
643	2 
644	29 
645	33 
646	6 10 41 
647	11 
648	2 15 27 
649	13 21 22 
650	11 22 34 
651	20 35 40 
652	12 
653	23 
654	24 28 34 
655	1 37 40 
656	33 
657	18 
658	12 22 39 
659	24 
660	25 39 40 
661	29 
662	33 
663	12 13 30 
664	13 
665	40 
666	11 
667	21 
668	9 
669	4 
670	9 11 15 
671	8 9 34 
672	8 23 29 
673	37 
674	12 
675	9 
676	13 14 22 
677	1 
678	3 4 29 
679	25 
680	3 8 18 
681	1 24 36 
682	15 
683	11 37 41 
684	5 18 30 
685	18 
686	13 
687	13 
688	3 12 19 
689	5 11 28 
690	1 12 38 
691	41 
692	21 
693	41 
694	19 
695	1 3 6 
696	10 36 38 
697	1 
698	12 
699	21 
700	33 
