72 102 112 163 173 241 246 299 332 375 381 383 399 407 466 474 480 524 596 606 625 628 661 
31 43 45 96 113 121 173 182 196 201 222 237 259 276 290 292 298 335 369 385 391 423 424 428 466 520 526 544 545 551 581 607 644 654 678 
17 52 53 65 114 166 194 197 200 212 253 266 280 421 440 453 487 493 558 569 606 617 620 629 635 643 
61 62 83 128 139 155 156 181 191 193 336 382 397 415 420 443 453 495 509 516 558 
52 67 73 93 125 143 152 157 164 180 235 240 248 264 272 321 343 356 362 366 398 446 522 537 539 561 575 625 638 650 662 690 
19 52 84 85 111 115 122 159 167 178 192 228 233 340 357 400 408 421 436 451 484 496 500 505 508 531 534 547 568 575 583 608 610 622 629 642 644 655 663 681 682 685 
19 52 84 85 111 115 122 159 167 178 192 228 233 340 357 388 400 421 436 445 451 484 496 500 505 531 534 547 554 568 575 583 606 608 610 622 629 642 644 655 663 681 685 
1 20 38 50 75 79 96 101 118 146 148 150 160 161 165 170 196 203 207 227 237 238 253 259 276 287 292 298 307 315 346 347 367 379 386 391 395 403 406 419 424 428 433 435 437 449 452 463 481 495 502 519 543 544 551 569 583 591 596 610 621 654 660 668 671 678 
19 52 75 84 85 108 111 115 122 165 167 178 192 196 203 227 228 233 340 346 347 357 388 400 408 421 436 451 484 496 500 505 531 547 568 575 583 596 606 608 610 622 629 642 644 655 660 663 681 685 
30 36 57 58 98 134 138 170 176 231 252 261 279 281 284 289 290 294 295 306 312 313 327 338 343 360 393 396 426 435 442 461 470 501 511 519 521 542 555 564 576 595 601 602 606 611 612 616 647 672 687 689 694 695 
2 40 48 69 89 106 166 179 202 203 221 247 257 262 288 319 341 344 352 357 376 396 435 444 445 447 464 486 525 528 567 570 572 587 607 618 631 635 652 673 
2 16 25 31 42 51 62 74 82 109 118 121 132 183 187 190 205 210 229 244 251 256 263 274 286 294 317 321 322 329 342 344 350 359 364 373 375 378 380 403 404 408 422 429 430 448 453 460 472 476 477 478 490 560 585 595 607 616 637 639 649 653 658 665 666 669 677 682 692 695 
15 75 80 135 144 159 186 188 208 229 242 293 301 308 318 323 375 409 440 473 477 488 494 524 530 581 589 598 600 628 632 640 649 669 
13 15 37 57 58 89 122 134 179 187 199 206 231 247 257 281 284 288 295 306 327 341 343 376 393 426 431 519 542 555 601 602 647 672 689 
6 15 26 27 46 47 60 74 75 78 82 92 108 122 133 143 145 147 164 168 172 191 195 199 206 214 248 251 253 256 274 279 291 296 305 310 311 328 330 336 342 344 351 359 363 370 371 389 390 395 401 417 422 430 431 455 460 466 468 471 492 498 503 507 513 517 526 540 546 550 555 557 559 560 565 566 578 587 596 604 609 613 619 641 653 660 664 667 670 675 682 683 687 691 692 697 
5 44 48 51 54 69 89 97 106 140 153 157 166 169 170 177 179 183 198 199 202 203 205 206 215 217 221 235 239 240 247 249 255 257 262 264 272 288 319 335 340 341 343 344 352 357 375 376 393 394 396 400 417 435 444 447 461 464 472 486 519 525 528 530 534 539 542 567 570 572 580 582 587 590 607 616 618 624 631 635 652 661 690 
9 16 30 41 42 56 62 68 74 85 116 121 124 127 131 152 153 162 183 187 191 199 205 206 209 219 229 236 244 246 250 251 254 256 274 275 282 283 286 294 299 313 316 324 342 344 358 359 371 389 403 408 413 427 434 450 456 460 465 466 473 474 496 525 526 528 537 541 560 562 597 607 615 653 664 680 682 683 687 692 698 
17 29 34 38 50 51 79 94 96 101 113 159 160 170 171 173 182 185 196 198 201 207 220 222 229 237 243 248 253 259 276 277 292 298 304 307 315 328 334 335 346 369 370 373 385 391 406 419 423 424 428 433 435 455 463 466 468 477 479 481 498 502 503 507 543 544 551 572 573 578 588 591 604 609 613 623 626 654 667 678 
7 10 16 24 25 30 31 33 41 42 43 45 49 51 56 59 62 68 72 74 85 95 99 102 109 112 113 116 118 119 121 124 127 131 132 137 140 151 153 162 163 173 182 183 187 189 190 191 196 199 201 205 206 210 219 222 229 232 236 239 241 244 245 246 249 250 251 252 254 256 262 263 271 274 275 282 283 285 286 290 294 297 299 300 313 315 316 317 321 322 323 324 325 329 338 339 342 343 344 345 348 349 350 354 355 358 359 361 364 368 369 371 372 373 375 378 380 381 383 385 389 399 403 407 408 411 413 414 423 425 427 429 434 437 438 439 440 446 449 450 452 453 454 456 460 465 466 467 473 474 476 480 483 489 490 491 492 496 504 508 520 524 525 526 528 534 535 537 541 545 556 560 562 565 580 581 582 585 586 590 592 593 595 596 597 606 607 615 616 624 625 629 636 637 638 639 644 645 646 653 656 658 661 663 664 665 666 676 677 680 682 683 690 692 698 
11 13 21 26 27 35 41 46 60 68 74 75 85 105 108 118 129 133 140 147 154 155 165 168 177 184 196 198 203 214 216 217 223 227 232 239 249 253 270 279 302 303 311 320 326 330 346 347 351 352 353 356 365 370 377 378 384 392 394 395 402 403 410 411 412 414 429 431 432 434 441 445 456 462 463 475 495 497 506 514 520 534 545 547 548 553 558 559 562 563 565 566 570 574 575 577 583 587 592 593 596 603 610 616 621 624 625 630 645 649 652 657 659 660 661 668 669 675 676 683 684 686 700 
4 18 19 22 24 34 40 63 68 71 72 86 92 94 95 99 100 119 120 123 132 134 136 143 144 145 149 155 158 159 162 171 172 174 180 185 189 195 198 206 209 213 217 225 226 229 230 243 245 246 258 262 263 267 277 291 296 305 310 314 315 317 324 328 334 339 345 346 350 351 357 363 368 370 372 373 374 378 379 380 387 395 401 414 417 418 419 421 429 433 437 438 439 449 450 454 455 458 461 468 471 477 483 489 490 491 492 498 503 504 507 508 513 515 517 522 524 535 546 550 557 572 578 579 580 581 582 585 586 587 590 604 609 613 619 626 629 637 641 646 650 656 658 665 667 670 679 687 691 
106 134 217 232 241 271 285 290 294 297 300 325 338 349 354 355 361 378 405 425 446 467 511 524 533 537 556 559 565 590 636 638 639 650 656 
23 30 39 70 98 118 131 138 152 170 176 183 203 209 218 236 250 252 254 261 275 279 282 283 289 290 294 312 313 316 322 360 396 413 434 435 442 461 465 492 501 511 521 555 564 576 595 601 606 611 612 615 616 630 687 689 694 695 698 
56 66 76 81 96 101 110 130 141 142 145 160 162 171 175 211 220 260 269 276 304 356 373 391 416 457 470 479 481 515 542 544 549 573 588 591 612 614 623 634 635 651 656 683 689 696 
4 18 19 22 40 54 63 68 72 86 95 99 110 119 120 134 140 158 169 171 172 174 177 180 195 198 206 230 239 258 262 296 315 323 324 339 345 346 351 357 363 370 374 396 400 401 417 418 421 429 437 439 449 450 454 461 483 489 491 504 507 508 515 517 524 535 549 567 568 579 580 582 586 590 624 626 629 646 656 679 683 690 691 
106 134 217 232 241 271 285 290 294 297 300 302 325 338 349 354 355 361 362 378 425 435 446 467 537 556 559 565 590 636 638 639 650 656 
8 26 53 65 77 82 102 104 114 117 163 171 173 194 197 200 204 212 234 241 253 266 273 278 280 299 307 337 375 381 383 388 389 399 407 421 437 440 446 453 459 466 474 480 487 493 496 499 510 532 536 558 569 596 603 606 617 620 625 629 635 643 659 661 671 693 
56 66 76 81 110 130 141 142 162 171 175 211 220 260 269 304 356 373 416 457 470 479 481 515 542 549 573 584 588 614 623 634 635 651 656 683 689 696 
3 12 26 28 40 51 71 73 86 100 136 144 149 155 164 173 199 209 217 226 230 265 267 314 328 333 387 395 455 456 458 480 481 485 487 499 515 520 522 523 529 532 533 538 554 556 565 572 584 594 599 605 627 634 642 643 644 650 
11 13 21 41 68 105 106 129 154 270 279 303 320 326 346 375 377 392 407 409 412 432 477 495 514 548 562 563 593 601 621 630 649 657 659 661 668 684 686 
5 31 55 62 72 86 87 88 90 91 97 103 106 107 145 149 152 169 180 215 224 225 249 255 260 262 268 294 310 319 323 326 331 332 336 340 344 348 375 390 394 396 399 404 405 422 430 448 452 463 469 471 472 473 477 478 480 482 511 512 513 514 518 527 530 545 546 552 557 559 563 566 567 571 601 611 619 620 624 633 648 649 668 670 673 674 686 688 690 697 699 
26 35 108 118 165 184 196 203 227 346 347 356 365 370 395 403 429 431 434 445 456 475 497 506 520 550 553 558 559 575 577 583 596 603 610 621 652 659 660 675 
9 14 56 64 85 91 108 116 121 123 124 126 127 131 144 151 153 162 189 209 213 236 245 263 324 329 335 344 358 368 372 373 392 414 427 434 438 444 450 465 469 476 492 496 512 517 525 528 537 541 562 585 595 597 615 624 648 658 664 666 674 679 698 699 
12 19 88 90 91 103 108 126 153 180 191 224 225 260 268 323 331 340 344 371 404 455 463 469 480 482 512 518 527 528 545 552 571 620 630 633 637 648 673 674 679 699 
2 13 32 41 46 60 74 85 97 108 118 133 147 155 165 168 196 214 216 223 227 252 260 302 309 311 321 330 346 347 352 353 370 378 384 395 402 403 410 411 441 462 463 534 545 574 575 583 592 596 603 610 621 625 645 652 659 660 669 676 677 683 700 
