1 20 146 148 150 161 238 287 307 367 379 386 419 437 452 495 519 569 660 668 
36 98 138 170 176 252 261 279 289 290 312 360 396 442 461 501 511 521 555 564 576 595 601 606 611 612 616 687 689 694 695 
2 48 69 106 166 202 203 221 262 352 357 435 444 447 464 486 525 528 567 570 572 587 607 618 631 635 652 
17 29 38 50 51 79 96 101 160 170 173 196 207 237 248 253 259 276 292 298 335 346 373 391 406 419 424 428 433 435 463 481 502 543 544 551 591 654 678 
44 89 179 247 257 288 335 341 376 400 519 534 542 
7 10 24 33 49 59 109 137 252 403 440 450 452 525 677 
13 15 37 57 58 122 134 187 231 281 284 295 306 327 343 393 426 431 519 542 555 601 602 647 672 689 
23 30 39 70 118 152 183 203 209 218 250 275 282 283 313 316 413 434 492 630 687 
34 94 149 159 185 198 229 243 277 328 334 370 419 455 468 477 498 503 507 572 578 604 609 613 626 667 
25 82 118 132 187 190 205 210 263 317 321 322 329 350 364 373 375 378 380 408 429 453 476 490 585 595 616 637 658 665 666 669 677 
88 90 91 103 108 126 153 180 191 224 225 268 323 331 340 344 371 455 463 469 480 482 512 518 527 528 545 552 571 620 630 633 648 673 674 699 
67 73 93 125 152 157 164 180 235 240 248 264 272 321 343 356 362 366 398 446 537 539 561 575 625 650 662 
26 35 184 356 365 429 431 434 445 456 475 497 506 520 553 558 559 577 583 603 610 652 675 
43 45 113 121 182 196 201 222 290 369 385 423 466 520 526 545 581 607 644 
11 13 21 68 105 106 129 154 270 279 303 320 326 377 392 412 432 495 514 548 562 563 593 621 630 649 657 659 661 668 684 686 
61 83 128 139 155 156 181 191 193 336 382 397 415 420 443 453 495 509 516 558 
66 76 81 110 130 141 142 145 162 171 175 211 220 260 269 304 356 373 416 457 470 479 481 515 542 549 573 588 614 623 634 635 651 656 683 689 696 
14 64 123 151 189 209 213 245 324 335 368 372 414 438 444 492 562 595 679 
71 100 136 144 149 155 226 230 267 314 387 395 455 458 515 522 572 650 
75 80 135 144 159 186 188 208 242 293 301 308 318 323 409 440 473 477 488 494 524 530 581 589 598 600 628 632 640 649 669 
6 26 47 74 75 78 82 92 122 143 248 291 305 310 328 336 395 417 471 492 513 526 540 546 550 555 557 566 587 619 641 670 687 
32 41 74 97 155 216 223 252 260 302 309 321 352 353 378 384 402 410 411 441 462 463 534 545 574 592 603 621 625 645 652 669 676 677 683 700 
106 232 241 271 285 290 294 297 300 325 338 349 354 355 361 378 425 446 467 537 556 559 565 590 636 638 639 650 656 
63 95 99 119 158 315 323 324 339 345 417 421 429 437 439 449 454 461 483 489 491 504 508 515 535 580 582 586 626 629 646 656 
54 140 169 177 198 205 217 239 249 262 340 343 352 394 396 400 417 461 530 590 616 624 661 690 
16 41 42 51 68 74 187 191 205 206 244 251 256 274 286 294 342 344 359 371 403 408 456 460 466 526 560 607 653 682 683 692 
84 111 115 122 167 178 192 228 233 340 357 400 408 436 451 484 496 500 505 531 534 547 568 575 583 608 610 622 629 642 644 655 663 681 685 
4 18 19 22 86 120 134 172 174 195 198 230 246 258 296 346 351 357 363 370 374 401 418 450 517 524 579 581 590 626 679 691 
102 112 163 173 299 375 381 383 399 407 466 474 480 524 596 606 625 661 
9 56 85 116 124 127 131 153 162 219 229 236 246 254 324 358 371 389 427 434 450 465 473 496 525 528 537 541 562 597 615 664 680 698 
8 77 104 117 171 204 234 241 273 278 337 388 389 437 446 459 474 496 499 510 532 536 569 603 643 659 671 693 
27 46 60 108 133 147 165 168 214 227 279 311 330 347 431 565 566 587 596 660 
3 12 28 40 164 199 230 265 328 333 456 480 481 485 520 523 529 533 538 554 565 584 594 599 605 627 644 
5 31 55 62 72 86 87 97 107 145 149 152 215 255 319 332 348 375 390 396 404 405 422 430 448 452 472 473 477 478 530 559 566 601 620 649 668 688 697 
52 53 65 114 166 194 197 200 212 253 266 280 421 440 453 487 493 558 569 606 617 620 629 635 
