54 108 155 168 171 179 187 211 216 217 237 262 303 392 476 540 557 568 587 609 631 632 653 672 684 732 777 798 799 828 879 944 1010 1014 1101 1114 1133 1166 1199 1241 1299 1313 1342 1379 1386 1436 1453 1457 1470 1499 
30 55 66 69 89 100 128 166 203 244 248 259 302 327 346 363 559 578 642 646 771 804 832 922 983 1187 1189 1229 1261 1387 1434 
54 61 155 168 171 179 187 198 211 217 237 303 449 476 557 568 587 606 609 631 653 684 698 777 798 799 828 879 889 944 975 1010 1014 1133 1166 1241 1299 1313 1379 1419 1453 1457 
49 129 242 252 266 322 394 437 462 481 497 553 566 623 741 743 832 850 874 914 919 959 1015 1171 1174 1187 1231 1240 1273 1281 1302 1344 
87 121 124 137 197 213 226 227 228 234 300 306 340 376 383 400 423 459 478 529 540 603 609 613 615 623 636 640 672 694 695 726 739 754 756 769 772 875 929 939 949 1006 1046 1058 1081 1082 1107 1126 1168 1178 1236 1256 1259 1260 1276 1281 1319 1409 1410 
35 68 80 142 143 216 262 275 295 346 395 461 500 502 556 584 632 770 777 831 863 959 975 1091 1101 1114 1133 1164 1199 1284 1308 1349 1386 1436 1470 1483 
92 118 293 367 378 483 654 673 712 841 918 919 999 1023 1033 1043 1044 1067 1074 1075 1078 1082 1201 1357 1373 1400 1420 1437 1460 1476 
120 160 185 186 224 264 444 445 481 573 611 714 800 861 1028 1029 1115 1181 1267 1274 1293 1321 
7 59 90 101 119 132 172 184 244 260 272 309 315 336 361 372 387 419 470 515 523 561 643 656 657 672 676 706 761 798 842 850 860 865 878 890 905 925 950 955 973 986 1010 1011 1020 1077 1086 1107 1108 1134 1158 1186 1224 1235 1254 1277 1295 1326 1330 1358 1360 1382 1417 1475 
75 122 149 268 283 316 415 441 491 521 535 539 583 624 666 717 815 816 871 895 915 1025 1095 1107 1109 1110 1147 1180 1190 1197 1198 1245 1258 1270 1356 1409 1412 1453 
10 20 65 91 101 109 119 134 158 172 184 264 272 285 315 336 364 373 404 419 454 472 487 551 579 585 601 604 627 628 643 656 676 680 689 704 706 717 725 742 761 763 800 846 850 854 858 869 881 889 890 905 925 950 966 969 986 1045 1047 1086 1107 1124 1139 1158 1186 1209 1224 1230 1235 1248 1259 1285 1289 1326 1330 1351 1358 1363 1398 1417 1431 1459 
25 59 72 77 97 131 132 150 205 243 244 260 355 361 372 385 387 435 515 523 575 586 648 657 703 766 783 822 842 865 867 878 886 905 973 994 1011 1015 1020 1035 1038 1085 1090 1108 1134 1147 1151 1167 1174 1185 1224 1231 1254 1277 1294 1295 1305 1353 1360 1361 1369 1371 1382 1425 1448 1475 
16 63 107 164 224 239 242 262 279 286 343 346 364 369 402 478 512 585 601 635 704 854 868 877 969 972 1018 1041 1065 1106 1124 1141 1172 1217 1223 1242 1250 1297 1311 1335 1355 1374 1380 1394 1401 1409 1442 1479 
30 55 66 69 89 100 113 128 166 179 203 244 248 259 327 346 363 395 559 578 646 736 771 804 808 832 860 863 874 922 983 1164 1187 1189 1261 1351 1387 1442 
127 230 233 238 242 286 315 330 351 386 464 515 524 535 542 549 574 593 599 603 605 679 706 724 729 744 754 821 827 844 860 885 933 934 947 956 965 966 993 1007 1034 1040 1056 1065 1074 1120 1132 1137 1139 1170 1180 1196 1215 1232 1278 1297 1330 1340 1354 1361 1401 1403 1405 1439 1442 1456 1485 1490 1498 
14 21 29 50 53 76 105 116 134 173 175 182 218 230 308 334 356 373 388 401 404 411 414 420 424 428 438 454 460 471 472 474 490 505 528 551 558 563 577 579 585 590 593 604 628 631 647 650 656 676 680 692 711 713 715 717 719 742 745 746 763 783 839 846 854 858 869 881 886 889 890 904 907 908 910 924 925 937 962 965 966 969 980 1009 1042 1045 1059 1069 1151 1158 1161 1171 1174 1183 1186 1191 1212 1228 1235 1259 1289 1326 1346 1358 1384 1388 1417 1431 1444 1458 1459 1461 1471 1473 1495 
70 91 120 150 158 253 264 285 324 341 373 454 460 474 533 563 579 604 617 628 654 689 702 712 717 719 725 735 742 751 763 767 800 830 836 846 850 858 869 881 889 906 920 962 979 990 1039 1045 1047 1054 1068 1090 1151 1210 1212 1225 1248 1289 1295 1337 1351 1404 1457 1458 1459 1464 1485 1487 1492 
73 105 129 160 176 201 204 208 233 245 249 296 315 323 330 334 351 352 464 471 475 515 524 535 596 605 609 665 673 688 707 721 762 775 786 817 827 844 860 885 903 913 933 945 947 952 958 965 976 1000 1004 1024 1026 1044 1056 1066 1074 1078 1086 1094 1098 1099 1137 1172 1176 1196 1207 1213 1232 1244 1258 1263 1278 1297 1311 1314 1330 1354 1355 1394 1396 1402 1432 1433 1437 1455 1456 1471 
1 11 13 44 57 129 160 176 179 201 202 204 222 229 245 249 252 258 292 296 299 307 352 366 394 406 438 475 500 523 526 535 542 548 560 561 595 596 626 633 651 655 658 661 671 721 775 778 790 807 817 837 838 903 926 942 945 953 997 1000 1004 1036 1037 1044 1045 1049 1051 1053 1074 1078 1086 1094 1102 1170 1207 1213 1215 1216 1258 1265 1280 1297 1302 1314 1329 1332 1341 1342 1343 1344 1347 1350 1355 1359 1380 1396 1414 1416 1422 1426 1432 1437 1441 1451 1456 1461 1490 1499 
51 79 151 153 162 172 180 200 207 251 270 271 360 383 422 431 432 514 522 529 536 561 565 676 682 705 716 718 785 791 811 825 835 845 893 899 924 991 997 1012 1023 1062 1093 1099 1107 1252 1272 1283 1318 1330 1358 1368 1398 1401 1420 1429 1460 1497 
11 57 63 89 107 113 115 164 198 224 232 239 292 299 337 392 402 514 526 542 548 561 587 588 633 635 646 651 658 754 778 781 807 829 854 868 877 926 942 953 969 972 984 997 1041 1045 1053 1124 1139 1170 1203 1207 1215 1216 1223 1232 1242 1250 1252 1254 1342 1344 1351 1426 1441 1490 1499 
90 99 108 115 135 154 162 169 190 201 218 253 263 273 290 294 305 313 354 362 374 421 425 427 442 456 482 503 508 534 544 550 561 567 577 588 639 645 655 676 685 722 738 740 743 757 776 818 833 851 856 916 923 955 960 992 1001 1017 1019 1022 1024 1032 1036 1055 1127 1153 1157 1168 1172 1182 1200 1272 1274 1306 1328 1345 1352 1364 1374 1380 1390 1405 1407 1428 1429 1433 1439 1454 1469 1473 1477 
130 136 210 251 312 353 432 434 448 516 606 644 718 866 887 928 991 1005 1089 1133 1219 1245 1264 1323 1484 
33 86 126 214 219 231 300 340 459 492 497 510 517 615 621 623 672 681 692 749 755 772 788 795 801 862 977 997 999 1081 1256 1261 1279 1281 1282 1303 1322 1331 1410 1422 1432 1453 
103 152 219 281 298 403 427 437 470 481 498 545 597 657 712 828 864 1007 1077 1092 1114 1143 1156 1159 1186 1214 1262 1310 1314 1321 1322 1367 1405 1419 1447 1491 
58 73 105 144 186 213 236 246 265 301 416 423 458 463 545 547 552 638 640 660 665 671 688 692 707 719 762 772 808 848 903 913 952 963 992 1016 1066 1098 1099 1176 1201 1206 1213 1217 1244 1246 1258 1305 1315 1338 1355 1365 1372 1374 1383 1435 1449 1455 1459 
4 23 53 173 175 182 221 252 266 279 297 322 332 394 411 414 437 462 478 490 528 553 556 558 566 577 593 671 741 743 746 759 797 850 874 894 902 908 919 937 954 959 966 1015 1069 1103 1111 1163 1183 1187 1229 1273 1275 1296 1302 1309 1320 1384 1444 1496 
58 62 73 84 105 117 157 165 186 208 228 287 301 343 354 368 389 446 456 484 504 530 531 545 548 564 569 591 612 619 652 660 665 671 677 688 690 707 720 737 786 809 834 892 903 911 913 917 952 992 1034 1064 1066 1098 1099 1122 1135 1151 1163 1221 1244 1255 1264 1305 1331 1402 1415 1416 1449 1455 1462 1480 1489 
96 112 136 180 196 341 357 382 449 451 532 614 663 695 711 826 1023 1063 1113 1131 1144 1227 1239 1243 1319 1397 1404 1408 
112 136 137 180 196 227 234 306 334 341 350 357 382 391 400 449 451 529 532 613 614 640 663 695 697 711 739 754 812 826 839 875 910 949 978 1058 1063 1113 1126 1131 1144 1178 1227 1239 1243 1319 1397 1404 1408 1409 
10 80 102 115 157 162 169 197 250 313 378 388 392 401 425 426 427 431 442 465 470 479 482 530 534 577 588 612 660 682 694 717 720 722 782 785 825 835 853 884 907 916 956 964 970 992 997 1046 1113 1167 1168 1240 1255 1260 1327 1357 1389 1391 1405 1434 1481 1486 1497 
6 7 32 34 40 45 52 57 78 99 132 140 228 244 258 260 264 281 302 309 314 317 327 336 345 358 361 372 375 377 380 387 408 419 432 438 453 480 536 571 572 588 601 602 625 630 635 670 698 702 736 754 768 776 787 790 810 829 837 842 865 878 905 925 955 971 973 985 1005 1011 1018 1020 1023 1027 1032 1037 1049 1060 1080 1086 1106 1108 1134 1139 1145 1146 1192 1224 1228 1235 1240 1246 1254 1277 1287 1288 1295 1301 1308 1334 1335 1342 1348 1359 1360 1363 1382 1404 1414 1461 1463 1475 
65 79 228 271 281 287 377 413 432 433 462 536 585 635 670 675 679 687 718 720 845 874 914 925 981 991 1018 1027 1032 1049 1062 1086 1095 1106 1107 1139 1192 1240 1261 1308 1334 1335 1343 1346 1376 1406 1408 1421 1427 1467 
9 16 29 61 63 76 99 102 106 107 139 164 213 218 224 226 238 239 252 262 289 300 308 314 318 319 332 334 335 340 346 356 359 364 365 369 375 376 380 386 387 397 398 401 402 417 424 432 453 459 462 471 478 489 499 538 549 563 571 574 588 590 601 609 615 625 635 647 660 672 680 695 700 704 711 713 715 729 739 741 744 745 754 763 772 784 790 800 801 821 829 837 839 852 854 868 877 899 906 907 910 919 924 929 963 969 972 978 980 984 993 1001 1006 1009 1024 1039 1040 1041 1042 1049 1059 1064 1065 1081 1094 1112 1124 1132 1139 1141 1160 1161 1171 1191 1216 1217 1223 1236 1242 1250 1256 1259 1273 1278 1280 1281 1287 1290 1297 1313 1319 1334 1335 1340 1361 1374 1375 1378 1380 1387 1388 1394 1401 1403 1405 1409 1410 1411 1421 1425 1431 1442 1446 1466 1471 1485 1495 1498 
6 32 40 99 258 281 302 314 317 327 358 364 375 408 432 453 540 571 625 736 768 776 787 790 810 829 837 841 852 985 1005 1023 1037 1049 1235 1246 1287 1288 1463 
34 45 52 78 140 180 196 264 288 302 345 380 438 451 572 601 602 614 630 663 698 702 736 784 787 810 837 1005 1037 1060 1063 1080 1113 1131 1144 1145 1228 1243 1249 1259 1301 1348 1397 1404 1408 1411 1414 1461 
18 41 59 84 141 154 159 174 177 191 199 215 240 254 255 256 267 278 280 289 316 318 349 396 436 441 457 466 470 473 477 485 491 494 495 500 514 550 564 574 601 609 621 653 666 678 693 696 699 711 715 731 747 759 765 775 783 794 805 814 815 816 819 852 871 873 886 897 900 905 940 946 947 982 985 988 990 996 998 1000 1002 1025 1050 1056 1061 1073 1076 1104 1109 1111 1133 1167 1172 1179 1192 1196 1198 1220 1266 1268 1270 1276 1285 1293 1311 1346 1348 1353 1356 1385 1387 1407 1409 1432 1433 1481 
114 140 156 161 277 284 379 471 489 493 604 622 642 664 734 776 782 784 800 907 932 939 944 1041 1071 1097 1121 1209 1249 1251 1259 1298 1380 1381 1411 1418 
149 213 286 415 509 519 692 740 752 760 776 778 815 833 880 968 977 987 1110 1121 1149 1173 1209 1211 1253 1281 1344 1491 
72 75 122 257 268 283 316 317 321 338 441 468 491 521 535 539 583 624 666 697 717 788 797 812 816 867 871 873 895 902 915 951 978 995 1025 1048 1095 1103 1107 1109 1121 1147 1151 1154 1180 1190 1197 1198 1245 1309 1316 1356 1363 1409 1412 1453 
91 120 134 149 150 158 185 186 192 250 264 285 341 373 438 444 445 454 489 525 554 570 573 579 580 581 604 628 634 660 689 702 714 715 725 742 763 782 784 800 823 846 848 858 861 881 889 1004 1028 1029 1031 1045 1047 1097 1115 1116 1139 1150 1181 1230 1248 1249 1259 1267 1285 1289 1308 1339 1351 1361 1380 1411 1430 1488 
31 135 152 194 344 392 409 426 456 479 526 546 584 598 629 668 677 724 754 758 769 782 789 828 884 885 906 920 928 968 975 1091 1105 1184 1232 1269 1322 1327 1389 
277 450 514 561 576 585 592 648 670 700 716 744 791 871 899 912 953 1008 1040 1084 1085 1106 1113 1174 1185 1215 1216 1252 1323 1362 1369 1373 1408 1438 1491 
11 26 27 57 66 115 144 148 198 202 222 229 230 232 286 292 299 307 323 337 353 366 406 415 447 476 500 509 514 523 526 542 548 560 561 593 595 626 633 637 651 655 658 661 671 698 703 711 752 754 760 762 772 778 781 807 815 819 833 854 857 880 899 926 934 942 953 956 968 987 1002 1053 1074 1084 1102 1139 1149 1155 1164 1170 1173 1203 1209 1215 1252 1253 1254 1329 1332 1341 1342 1344 1350 1351 1359 1362 1369 1376 1380 1412 1419 1422 1424 1426 1438 1441 1451 1457 1461 1490 1494 1499 
94 154 159 169 236 256 265 280 304 379 416 458 463 473 477 497 500 514 541 547 552 601 622 638 640 715 747 783 808 816 851 963 988 998 1046 1061 1071 1201 1206 1217 1220 1251 1252 1266 1268 1270 1276 1293 1298 1315 1338 1348 1365 1372 1383 1385 1390 1418 1435 1453 
54 61 155 168 171 187 211 217 235 237 244 303 335 376 459 476 540 557 568 606 623 631 653 672 684 788 798 799 828 879 906 914 929 975 1001 1006 1010 1014 1081 1114 1133 1166 1236 1241 1256 1299 1313 1379 1453 1457 
22 49 73 93 122 163 195 200 206 242 252 266 270 309 322 355 371 376 394 429 435 437 440 462 486 522 523 537 543 553 566 654 668 699 703 741 743 786 802 818 843 874 909 914 919 941 959 1012 1015 1032 1038 1052 1125 1130 1151 1174 1185 1187 1202 1213 1231 1272 1273 1281 1294 1296 1390 1398 1429 1448 1493 1497 
9 13 56 64 84 105 110 111 122 149 150 181 192 223 228 250 253 261 283 287 310 313 316 324 331 338 339 413 416 420 422 427 430 433 441 460 474 480 508 511 521 525 529 530 533 554 563 567 570 580 581 583 608 612 617 624 630 634 638 648 666 674 675 683 687 717 719 720 735 751 767 803 815 823 836 848 850 895 916 929 941 947 962 975 980 981 989 1004 1025 1031 1039 1043 1054 1060 1068 1086 1109 1116 1117 1120 1136 1140 1150 1172 1190 1197 1216 1225 1230 1233 1255 1260 1336 1337 1339 1343 1347 1351 1356 1361 1364 1384 1387 1404 1406 1412 1423 1427 1458 1459 1467 1485 1486 1487 1488 
14 21 27 29 50 59 76 84 101 113 115 116 118 121 123 154 174 193 215 218 230 255 278 308 325 343 356 396 401 407 424 428 457 471 483 505 512 551 567 590 595 601 615 631 647 650 680 715 727 759 761 765 783 805 819 854 862 886 904 905 907 924 940 944 946 947 961 965 977 982 1002 1009 1059 1104 1133 1161 1167 1172 1179 1186 1191 1204 1216 1228 1311 1317 1325 1337 1353 1388 1407 1411 1431 1433 1459 1461 1464 1473 1478 1479 
5 18 61 98 103 105 115 135 151 154 156 169 180 181 201 203 207 254 261 270 287 288 290 310 331 332 353 360 362 413 416 422 433 434 442 456 471 489 503 508 511 516 521 534 544 570 581 602 629 630 674 685 687 705 720 722 757 780 782 784 791 794 800 803 811 835 848 865 876 884 887 893 916 920 923 1004 1005 1008 1019 1024 1036 1041 1055 1076 1089 1093 1097 1112 1116 1121 1127 1136 1168 1182 1200 1209 1219 1230 1233 1249 1259 1274 1283 1285 1318 1322 1328 1331 1336 1343 1347 1352 1353 1364 1374 1380 1384 1390 1406 1411 1423 1434 1467 1486 1488 
15 72 77 82 129 147 150 161 170 176 204 207 208 225 243 245 249 285 296 323 329 352 385 390 393 475 497 515 530 535 564 575 596 605 654 721 796 806 817 820 867 869 909 931 942 943 945 947 951 976 979 994 1003 1004 1024 1026 1035 1044 1045 1047 1052 1079 1085 1090 1096 1129 1147 1151 1167 1172 1174 1180 1185 1207 1213 1218 1231 1239 1247 1248 1258 1286 1289 1293 1295 1314 1343 1355 1361 1366 1370 1396 1430 1432 1448 1456 1484 1493 
17 26 95 128 179 181 193 220 223 225 253 282 290 302 311 324 362 363 439 442 474 480 497 503 521 533 544 549 600 602 612 617 636 645 679 683 708 719 732 735 751 757 764 767 793 836 915 916 941 957 962 983 1012 1019 1024 1026 1036 1039 1054 1068 1086 1097 1127 1132 1200 1210 1212 1225 1282 1289 1296 1300 1337 1352 1364 1368 1370 1395 1399 1404 1411 1413 1457 1458 1484 1485 1487 
114 133 169 178 218 241 258 284 325 327 347 379 410 412 469 480 486 622 642 647 659 680 705 734 743 759 762 776 835 847 856 876 883 884 891 907 924 939 944 971 1009 1030 1071 1093 1194 1205 1209 1222 1237 1251 1252 1271 1298 1333 1368 1392 1418 1423 1445 1450 1452 1463 
13 47 57 67 74 88 93 97 99 102 114 133 140 147 156 161 163 165 178 195 200 206 207 218 277 288 309 319 328 329 332 343 347 355 359 365 368 371 393 397 410 412 429 440 446 469 471 476 480 486 489 498 504 522 531 538 539 543 548 564 584 619 626 654 659 660 664 677 743 759 762 770 773 782 784 786 800 802 824 843 847 849 865 883 886 891 896 906 909 911 924 941 963 971 974 1030 1034 1038 1041 1052 1064 1083 1097 1116 1121 1130 1169 1192 1194 1202 1205 1209 1221 1222 1231 1235 1237 1249 1257 1259 1271 1272 1290 1294 1333 1353 1360 1364 1375 1378 1387 1392 1411 1421 1429 1445 1450 1452 1462 1480 1493 1497 1498 
19 41 156 177 191 199 235 240 267 269 278 318 342 349 378 436 466 485 494 495 517 532 539 550 564 566 579 594 621 678 693 696 699 711 731 773 775 794 814 815 824 873 896 897 900 974 985 990 996 1000 1012 1047 1050 1073 1076 1083 1192 1237 1270 1285 1346 1407 1408 1481 1492 
33 43 84 94 113 118 144 186 208 236 243 246 250 265 267 274 354 389 416 423 458 463 484 513 541 547 552 580 591 634 638 640 650 652 690 715 737 772 808 809 834 928 963 1010 1016 1034 1097 1116 1122 1138 1142 1151 1162 1163 1201 1206 1217 1264 1265 1315 1323 1338 1365 1372 1374 1383 1415 1416 1435 1478 
3 44 54 81 106 126 139 156 289 303 318 331 334 353 380 387 398 399 417 422 499 519 550 566 587 603 643 645 647 700 705 713 727 740 745 754 811 818 830 839 876 910 977 978 980 984 1000 1001 1008 1042 1044 1078 1093 1094 1112 1118 1153 1161 1163 1164 1171 1211 1261 1263 1278 1280 1281 1283 1292 1313 1328 1331 1335 1340 1346 1384 1394 1422 1423 1425 1446 1462 1471 1478 1490 1495 
24 53 89 96 104 113 123 156 173 188 193 246 281 297 312 337 344 350 353 382 391 399 401 407 411 478 490 505 512 528 547 558 566 567 589 603 615 618 638 646 662 700 708 727 732 736 740 754 772 818 849 882 894 900 901 908 927 940 941 942 944 954 961 977 1004 1008 1016 1030 1033 1055 1057 1067 1069 1081 1092 1097 1111 1114 1120 1156 1163 1183 1187 1204 1211 1214 1216 1227 1229 1257 1262 1275 1276 1279 1281 1292 1310 1316 1317 1320 1325 1328 1331 1335 1377 1384 1394 1415 1420 1422 1434 1435 1444 1447 1464 1466 1467 1478 1479 1491 1496 
85 189 190 263 273 294 374 420 508 550 577 629 639 685 710 726 738 743 753 776 780 787 801 825 851 856 898 920 923 960 1157 1268 1308 1345 1377 1385 1388 1390 1420 1454 1460 1474 1477 
35 68 80 129 142 143 198 216 262 275 295 333 381 395 461 487 500 502 556 584 608 610 632 748 753 770 777 804 831 840 863 872 908 959 996 1024 1070 1091 1101 1119 1120 1133 1152 1164 1177 1188 1195 1199 1210 1251 1284 1302 1308 1349 1377 1386 1404 1436 1470 1483 
70 129 198 333 381 425 487 608 610 745 748 753 770 804 840 872 908 928 943 996 1024 1045 1070 1119 1120 1142 1152 1177 1188 1195 1210 1230 1265 1323 1377 
1 12 46 51 59 64 70 79 84 96 98 104 111 129 138 147 149 151 153 162 167 170 180 188 191 192 203 225 241 250 251 270 271 284 288 326 329 331 333 348 350 360 379 381 382 383 388 391 392 416 422 423 426 431 436 438 465 479 487 488 509 514 519 520 525 530 532 535 544 554 562 565 570 580 581 585 596 610 620 621 622 627 634 638 641 642 648 654 655 662 682 691 696 705 709 716 718 723 732 733 734 748 753 757 770 776 782 791 796 799 806 811 820 823 825 835 837 840 845 848 849 853 855 856 859 872 876 884 893 897 901 912 924 930 931 939 941 943 948 951 964 970 980 991 996 1003 1004 1005 1008 1022 1023 1024 1026 1031 1036 1057 1062 1067 1070 1071 1078 1079 1088 1093 1099 1101 1107 1114 1116 1117 1120 1125 1135 1140 1149 1150 1152 1167 1175 1176 1177 1180 1188 1195 1198 1210 1226 1227 1229 1230 1237 1247 1248 1251 1267 1283 1285 1286 1298 1313 1316 1318 1327 1328 1339 1361 1366 1368 1370 1373 1377 1380 1384 1386 1389 1398 1401 1418 1420 1423 1430 1434 1451 1460 1461 1466 1481 1484 1488 1497 
70 189 190 218 253 263 273 294 308 324 333 341 356 374 381 420 460 471 474 480 487 508 533 550 563 577 581 616 617 639 656 679 685 710 712 719 726 735 738 748 751 753 767 770 780 792 801 830 836 840 850 851 856 872 888 898 920 921 923 929 941 960 962 996 1039 1054 1058 1059 1068 1070 1086 1119 1132 1151 1152 1177 1188 1195 1210 1212 1225 1250 1268 1308 1337 1345 1377 1387 1388 1390 1404 1454 1457 1458 1459 1460 1464 1474 1477 1485 1487 
22 93 122 147 163 170 195 200 202 206 207 225 250 288 309 325 329 355 371 390 393 429 435 440 456 482 522 523 530 543 564 596 648 651 677 699 703 796 802 806 820 843 909 931 941 943 970 976 1003 1008 1015 1026 1032 1038 1052 1070 1079 1130 1202 1231 1247 1272 1286 1293 1294 1323 1327 1332 1350 1366 1369 1370 1389 1390 1398 1425 1429 1430 1484 1493 1497 
8 71 125 140 141 145 212 219 343 354 384 403 405 452 493 496 501 591 607 616 639 667 701 702 726 730 792 832 860 874 888 898 901 921 932 979 991 1021 1058 1072 1146 1182 1192 1218 1227 1234 1254 1381 1415 1416 1419 1440 1442 1469 1474 1482 
17 37 42 60 172 219 230 291 304 403 418 427 452 455 480 496 501 506 527 533 545 607 611 649 667 683 701 702 723 735 750 795 901 921 979 989 991 1020 1021 1046 1054 1057 1087 1095 1146 1159 1176 1192 1210 1218 1234 1238 1239 1254 1274 1278 1285 1293 1300 1314 1321 1322 1324 1347 1382 1419 1440 1442 1462 1469 1482 1485 1491 1492 1500 
26 27 66 144 148 201 353 447 637 711 762 772 819 857 934 1002 1155 1203 1333 1376 1424 1457 1483 1494 
38 80 94 113 176 179 183 186 202 222 229 236 243 276 307 320 366 370 406 416 458 463 507 541 547 548 552 560 626 638 640 655 661 728 838 863 873 963 1016 1048 1051 1074 1082 1097 1102 1110 1123 1128 1129 1148 1154 1201 1206 1217 1229 1266 1291 1302 1308 1315 1329 1332 1337 1338 1344 1349 1359 1365 1368 1372 1383 1412 1414 1435 1451 1453 1461 1469 
3 27 28 43 61 80 114 120 126 132 142 143 146 213 214 216 226 235 244 262 275 295 300 335 340 346 364 376 395 450 500 502 515 544 555 556 563 582 586 603 623 632 643 657 672 677 757 763 766 772 777 788 800 801 822 831 852 856 863 906 929 959 967 973 975 1006 1011 1048 1081 1091 1100 1101 1103 1114 1127 1160 1164 1199 1200 1208 1236 1251 1256 1281 1282 1284 1302 1303 1349 1371 1386 1393 1410 1432 1436 1470 1477 1483 1489 
4 23 39 53 160 173 175 176 182 183 204 221 243 245 267 274 276 279 296 297 312 320 332 335 353 370 411 414 471 475 478 490 502 507 513 528 547 548 558 577 593 596 650 728 746 817 838 894 908 928 933 937 942 945 954 963 966 976 1048 1051 1055 1069 1082 1110 1111 1123 1128 1129 1138 1142 1148 1162 1163 1183 1187 1207 1213 1229 1258 1264 1265 1275 1290 1291 1292 1302 1314 1320 1323 1331 1355 1368 1375 1378 1384 1396 1432 1444 1456 1467 1496 
54 61 96 100 104 128 138 155 156 167 168 171 179 187 188 211 217 237 244 303 332 350 353 391 399 449 476 488 540 557 566 568 587 603 606 609 610 620 631 642 653 662 684 700 708 709 727 732 740 798 799 818 825 849 879 889 900 901 914 934 941 1001 1008 1010 1014 1022 1023 1025 1055 1067 1081 1114 1127 1135 1163 1166 1176 1198 1200 1211 1216 1226 1227 1229 1241 1292 1299 1313 1316 1323 1331 1335 1352 1373 1376 1379 1384 1394 1420 1422 1425 1434 1466 1491 1494 
37 42 60 75 82 147 150 170 207 219 230 268 283 285 291 304 317 329 373 393 403 418 441 452 455 491 496 501 506 521 527 535 539 545 564 583 607 611 624 649 666 667 677 683 689 701 702 717 723 725 750 796 806 815 820 838 858 869 871 889 895 921 931 943 976 979 989 991 1003 1021 1025 1026 1046 1057 1079 1087 1090 1091 1095 1096 1107 1109 1126 1129 1146 1147 1159 1176 1180 1185 1190 1192 1197 1198 1218 1228 1234 1238 1239 1247 1254 1258 1274 1278 1285 1286 1300 1316 1321 1322 1324 1347 1356 1366 1370 1382 1409 1412 1419 1430 1440 1442 1462 1482 1484 1485 1493 1500 
36 44 48 56 70 81 103 110 152 219 261 281 287 289 298 310 339 382 403 413 430 433 438 443 470 511 515 529 545 567 575 597 608 630 657 674 675 686 687 712 720 774 779 795 803 828 832 859 860 864 865 874 914 935 947 955 975 981 1000 1007 1008 1011 1017 1060 1077 1092 1114 1117 1118 1119 1120 1136 1140 1143 1156 1165 1186 1214 1216 1233 1255 1260 1262 1263 1278 1280 1306 1310 1314 1336 1343 1347 1367 1382 1405 1406 1427 1428 1447 1465 1467 1472 1475 1486 1491 
24 67 115 118 123 133 178 193 199 312 323 337 343 344 347 387 400 401 407 410 412 469 480 483 486 505 512 515 531 574 584 589 599 615 618 659 677 756 759 762 782 847 882 883 891 927 942 944 961 971 977 1004 1030 1033 1076 1097 1120 1168 1192 1194 1204 1205 1221 1222 1257 1260 1271 1276 1296 1312 1317 1325 1333 1360 1392 1394 1445 1450 1452 1463 1464 1478 1479 1480 
2 69 126 131 203 213 226 235 242 244 247 252 300 335 340 376 378 459 467 479 506 537 559 603 609 611 615 621 623 660 664 669 672 682 692 695 700 704 754 756 785 786 788 795 813 816 818 825 852 870 906 926 927 929 936 938 958 985 991 1006 1013 1033 1081 1087 1107 1113 1127 1189 1193 1236 1256 1259 1261 1274 1281 1285 1293 1296 1304 1307 1312 1317 1327 1351 1357 1388 1391 1400 1410 1443 1468 1492 
131 154 159 242 247 256 280 378 467 470 473 477 486 494 497 500 514 537 601 664 669 747 756 783 786 788 813 816 818 852 870 936 938 958 985 988 991 998 1013 1033 1061 1071 1107 1193 1218 1220 1266 1268 1270 1293 1296 1304 1307 1312 1317 1348 1357 1385 1387 1388 1391 1400 1443 1468 
96 104 105 115 117 138 157 167 188 228 235 301 350 354 382 391 442 446 456 488 504 531 545 564 569 594 610 620 654 662 665 677 709 710 732 787 825 849 853 892 896 901 911 917 992 1022 1023 1030 1057 1067 1078 1083 1088 1116 1135 1176 1194 1198 1205 1226 1227 1316 1373 1377 1384 1402 1420 1440 1449 1460 1466 1477 1489 
26 39 209 228 235 267 274 312 404 436 502 504 513 518 569 648 650 677 753 787 892 906 928 1013 1051 1138 1142 1162 1188 1231 1264 1265 1323 1369 1402 1449 1469 1477 1489 
7 83 120 152 156 160 177 180 185 186 224 254 257 264 303 321 338 366 406 409 444 445 468 481 526 566 573 584 603 660 661 671 677 697 700 714 727 740 758 759 787 788 789 797 800 812 818 861 873 902 920 951 968 977 978 995 1001 1008 1015 1028 1029 1048 1050 1076 1103 1105 1115 1121 1154 1181 1184 1211 1216 1269 1274 1292 1309 1313 1331 1335 1337 1363 1407 1409 1422 1425 1491 
