1 1283 519 270 1423 791 151 1318 422 811 1328 180 705 1093 331 98 360 876 893 
992 228 677 1449 301 911 1489 117 917 504 569 1402 892 157 446 
901 391 138 12 1420 1022 662 1316 167 1067 941 1466 188 709 1226 849 732 1373 350 96 488 104 1384 620 382 1023 
651 523 655 661 406 1451 44 560 1329 307 179 1461 1332 1341 1344 837 1350 202 1102 1359 595 222 229 366 626 
1216 576 450 899 1252 744 585 1369 716 912 592 1362 277 1113 1084 1438 
642 1251 835 325 327 776 169 1418 939 622 1071 114 1298 284 856 379 924 734 
774 779 1165 1306 36 935 298 686 430 48 1077 1465 443 1472 859 1118 1119 110 1017 
2 131 1033 1296 1304 537 664 1307 669 1312 1443 936 1193 938 813 1468 958 1357 467 1492 870 1391 242 756 1013 247 1400 
11 781 1426 658 1170 1053 926 542 1441 292 807 299 561 953 57 1342 1215 1351 337 1490 1499 232 633 
256 783 1046 280 154 159 1061 816 1348 1220 715 473 601 988 477 998 1385 747 1266 500 1268 1270 
384 1474 932 1381 71 8 616 493 141 1072 145 792 212 405 726 888 730 125 
137 400 1276 1178 540 1058 423 1319 306 949 694 197 87 227 739 613 1126 234 875 1260 124 754 121 636 
1280 1161 139 398 910 1042 1171 289 417 1446 318 1471 1094 839 713 587 334 81 980 1495 984 1112 745 106 1263 499 380 
3 132 1160 146 28 801 43 555 822 1208 582 967 586 1100 1371 364 1393 1011 766 
1349 295 1483 556 461 143 863 216 831 
768 258 387 6 1287 1288 1037 790 408 1049 32 40 302 1463 314 571 317 829 453 852 985 1246 358 625 375 
512 407 24 927 1317 1325 944 1204 1464 961 193 1478 1479 589 977 599 1257 618 1004 882 115 505 123 
385 515 905 1035 657 25 1185 1448 1085 575 1090 72 205 77 1231 994 867 243 1020 
4 908 528 23 279 411 414 1183 1444 1320 937 297 1069 558 175 173 53 182 954 966 593 1111 1496 221 746 490 502 1275 894 
898 1157 263 780 273 923 420 550 294 685 1454 189 190 960 577 1345 1477 710 851 85 738 1390 374 508 639 
1159 649 1293 527 1300 1057 418 291 37 1321 42 683 1324 172 1322 304 60 1087 455 1238 1500 989 611 750 506 
640 265 1435 541 33 1315 547 808 552 1201 1206 1338 1217 458 463 1365 1372 94 1383 236 113 246 1016 638 
1024 5 135 1036 916 920 1434 1055 544 290 1200 181 442 1352 722 1364 1127 362 757 503 1019 
897 900 1285 775 1050 814 177 1076 696 699 199 1481 466 731 349 990 621 494 495 240 
579 869 717 654 689 881 373 725 1045 889 858 285 
485 678 1000 41 1073 18 436 693 794 254 
865 1475 260 1254 7 1382 361 842 1224 973 878 1134 1360 1295 1108 372 59 1277 
740 1001 1292 399 1008 1425 1394 1331 818 566 727 1211 700 
1291 276 1302 1048 548 38 183 320 963 838 1229 1110 1368 728 1123 1128 1129 370 507 1148 
1440 1218 1442 452 1146 701 1482 1419 496 1234 979 403 501 921 991 667 1021 607 
16 1297 402 164 63 704 1223 969 972 1242 1374 478 224 1250 1124 868 107 877 239 369 1141 635 
321 1154 995 257 902 873 812 1103 338 83 1363 978 468 951 697 1309 797 
1409 1025 1412 521 268 535 666 283 1180 1190 1197 1198 441 316 583 75 1356 1109 871 491 624 122 1147 895 
522 909 1038 1294 1429 22 1052 543 802 163 429 1202 435 309 440 703 195 200 843 206 1497 93 355 1130 371 1272 
524 1439 1056 933 1196 315 827 965 1354 330 844 464 1232 603 860 605 351 233 1007 1137 885 127 
1282 997 231 681 492 1453 1422 749 219 862 497 755 214 86 795 1303 510 1279 
1153 354 421 645 743 425 427 108 588 305 1428 534 567 313 90 955 1182 
1039 533 1054 1068 1458 563 1212 830 962 836 324 70 1225 460 1485 1487 719 850 474 735 480 617 751 253 767 
993 386 549 9 1065 1132 238 1040 1361 821 1278 729 1403 1340 1405 574 
448 1089 130 866 516 644 1219 353 136 1133 1005 434 210 887 312 1245 606 
255 396 278 1433 1179 1311 805 940 174 946 819 947 457 1104 84 982 215 886 759 765 1407 
1031 648 525 149 416 554 823 570 1339 64 192 580 581 1230 848 1488 1116 111 634 250 1150 
1027 1032 536 281 1308 670 679 432 1334 1335 1086 65 1346 1095 1106 1240 1261 1139 377 1018 
1026 390 1286 393 15 147 1430 150 796 931 806 170 943 564 820 1079 1096 329 1484 207 976 82 1493 1366 1370 1247 225 1003 
643 1158 1417 10 656 272 20 404 925 1186 419 676 1326 1330 1459 950 184 706 1358 336 1235 472 986 101 109 119 761 890 
392 1167 1168 785 162 682 426 431 1327 825 956 964 970 465 853 470 479 482 1389 884 
153 514 1062 845 718 79 271 529 51 1107 565 1398 1460 1401 251 383 
1445 133 1450 971 847 1392 347 531 659 469 1333 1271 410 891 412 
903 913 660 1176 665 1305 671 1066 1455 688 952 58 707 73 1098 1099 1244 105 762 
1376 66 1155 772 934 201 1002 144 1457 1424 1203 148 1494 857 26 27 637 447 
896 517 773 1192 267 269 974 594 19 532 1237 342 1012 539 824 378 1083 
641 388 520 1175 930 46 562 691 948 191 1088 326 723 855 348 733 1125 1135 241 1267 627 
261 13 1427 413 287 674 675 803 687 433 310 56 1336 1467 1343 1347 1486 720 1233 339 981 1117 608 1255 1136 1140 1406 511 
647 904 907 14 401 21 1174 1431 29 1059 1191 551 424 680 428 50 308 1473 76 590 854 356 230 1388 1009 116 
67 1222 1030 1194 1452 178 883 1205 
833 509 1253 968 778 815 752 880 1491 692 1173 213 760 1209 987 1149 286 415 
1413 1289 17 915 793 282 439 311 1337 957 708 600 220 223 95 612 1395 1399 764 
1408 449 451 196 357 614 1063 711 1227 1131 112 341 1397 663 1144 1239 1243 826 
128 771 259 646 922 30 1187 804 1189 166 559 55 832 578 69 203 983 89 100 363 244 248 
864 481 545 1156 1092 103 712 1447 1262 597 1143 1367 152 1114 1214 1310 
288 161 1249 1411 1380 1121 489 1097 1259 140 782 784 1041 471 156 
35 1284 68 262 777 1386 395 1164 1101 142 1199 80 275 632 346 1436 1470 959 
769 906 526 789 409 668 31 1184 546 828 194 1091 456 584 975 1105 724 598 344 629 758 1269 
1172 1044 1432 160 1314 296 942 1456 945 176 817 1078 1207 1213 323 1355 204 721 596 475 352 1258 1396 245 249 
1152 129 770 1177 1188 1195 1070 1210 198 840 333 1120 1377 610 996 487 872 748 753 381 
673 483 1476 293 999 841 367 1074 1043 1075 918 118 1082 92 1437 
653 1166 1299 155 798 799 1313 168 171 684 557 303 54 568 187 61 211 217 1241 476 1379 237 879 1010 1014 631 
928 513 518 39 650 1162 1323 1264 1265 1138 209 274 1142 1051 1469 
1414 787 1301 34 1060 810 45 52 1080 698 572 702 1228 78 345 602 736 630 1145 1404 
1281 322 741 553 266 874 394 462 49 914 1015 437 919 1273 252 
1378 99 319 102 359 218 1290 1387 332 1421 365 397 1498 538 1375 
737 834 1122 484 389 1415 1416 809 1034 1163 652 591 208 690 530 62 1151 
800 1028 1029 264 714 1274 861 1181 120 185 186 1115 444 573 445 
97 165 486 1221 1064 1353 74 328 619 1480 47 368 1169 498 786 1462 343 88 
1248 134 454 742 846 628 438 1047 91 604 158 763 
1410 788 672 929 300 695 1081 459 335 340 1236 609 226 615 1256 235 1006 623 376 126 
