1 161 386 452 238 367 146 307 20 148 150 437 379 668 287 
261 521 138 289 36 176 564 694 695 312 442 576 606 98 611 612 360 501 511 
2 132 263 658 25 665 666 429 317 190 322 329 585 210 82 476 350 490 364 378 380 637 
262 528 40 48 435 567 570 444 447 69 202 464 221 607 352 357 486 618 106 631 635 
259 391 654 276 406 29 543 544 160 292 38 551 424 678 298 428 433 50 207 591 79 346 96 101 237 502 
384 32 353 676 645 462 302 592 463 402 309 216 441 410 411 700 574 223 
407 480 163 102 72 299 524 173 399 112 625 466 661 246 375 474 381 383 
481 3 485 584 265 554 523 12 333 529 594 627 533 599 538 28 605 
128 193 509 420 516 139 397 495 83 181 443 156 61 382 415 
258 4 517 401 18 19 22 418 296 172 174 691 579 195 198 363 370 374 120 
131 9 664 153 541 680 427 56 698 465 597 473 219 229 358 615 236 371 116 124 254 127 
512 260 518 648 268 527 673 674 552 571 699 191 323 331 469 88 90 91 224 225 482 103 633 126 
646 535 158 417 439 315 63 449 580 454 582 586 339 345 95 99 483 489 491 626 119 504 508 
97 217 5 616 169 394 140 205 461 239 624 177 690 530 54 183 249 
288 257 344 166 519 199 170 44 206 335 400 179 341 534 247 376 89 542 
390 396 145 404 405 422 430 688 55 697 62 319 448 332 87 472 215 348 478 107 255 
643 388 389 8 273 659 532 278 536 671 171 693 446 459 204 77 337 104 234 496 499 117 510 
652 26 35 675 165 553 558 559 431 184 445 577 583 456 203 347 475 603 610 227 356 365 497 506 
641 513 6 143 540 670 546 291 550 557 47 305 310 75 78 336 471 92 619 
133 168 330 587 108 46 147 596 565 214 279 566 660 27 60 311 351 
33 450 677 440 7 137 10 109 525 49 403 24 59 252 
134 647 393 15 281 284 672 37 295 426 555 689 306 57 58 187 327 343 601 602 231 122 
64 162 324 679 492 14 368 209 562 595 372 213 245 151 438 123 189 414 
129 514 392 649 11 13 270 657 21 154 412 548 684 686 303 432 563 320 326 593 105 621 377 
256 653 16 274 408 286 294 41 42 682 683 560 51 692 68 460 342 359 244 251 
266 17 280 421 52 53 569 65 194 197 453 200 212 487 617 620 493 114 629 253 
387 515 136 522 650 267 395 144 149 155 314 572 71 455 458 86 226 100 230 
264 398 272 662 537 539 157 164 561 180 575 321 67 73 93 362 235 366 240 248 125 
640 135 409 669 293 301 308 186 188 318 589 80 208 598 600 488 494 242 628 632 
271 656 285 425 297 556 300 325 590 338 467 349 354 355 232 361 241 636 638 639 
642 655 531 663 547 167 681 685 178 436 568 192 451 340 84 85 608 484 228 233 622 111 115 500 505 
130 651 141 269 142 416 549 175 304 696 573 66 457 588 76 81 211 470 220 479 614 110 623 373 634 
70 39 250 282 687 434 275 152 630 23 118 313 218 283 316 413 30 
277 667 159 34 419 185 578 328 334 468 604 477 94 609 613 498 243 503 507 
385 644 520 526 31 545 290 423 43 45 182 196 581 201 74 222 113 369 121 
