0	1	13.2683	3	
0	3	35.0027	7	
0	4	22.483	5	
0	5	19.6043	4	
0	6	27.3661	6	
0	7	8.69938	2	
0	8	26.0363	6	
0	9	6.3391	1	
0	11	9.17374	2	
0	12	2.70276	1	
0	13	10.1076	2	
0	14	49.5935	10	
0	15	22.7933	5	
0	16	4.0757	1	
0	19	8.96817	2	
0	20	7.59527	2	
0	21	4.24932	1	
0	23	30.0157	6	
0	26	3.58744	1	
0	27	5.46211	2	
0	29	2.55183	1	
0	30	49.1118	10	
0	31	41.447	9	
0	33	48.6926	10	
0	34	25.2781	5	
1	2	15.992	3	
1	3	35.3439	8	
1	4	11.6804	3	
1	5	20.9241	4	
1	6	72.1865	14	
1	7	47.4281	11	
1	8	3.95487	1	
1	9	52.3121	10	
1	11	17.5051	4	
1	13	25.1546	5	
1	14	25.3898	5	
1	15	10.524	2	
1	16	33.1538	7	
1	17	25.4458	5	
1	18	9.70413	2	
1	20	54.7604	11	
1	21	24.6127	5	
1	22	32.1322	6	
1	23	32.2588	7	
1	24	59.6319	12	
1	25	14.1706	3	
1	26	11.3712	2	
1	27	13.9309	3	
1	28	21.9108	4	
1	29	7.26482	1	
1	30	13.8203	3	
1	31	27.0672	6	
1	32	3.14424	1	
1	33	46.8442	10	
1	34	31.8526	6	
2	3	37.3296	8	
2	4	32.1223	7	
2	5	20.9648	5	
2	6	6.7331	2	
2	7	20.8442	5	
2	8	28.1843	6	
2	9	16.3731	4	
2	10	35.123	7	
2	12	32.2471	6	
2	13	24.1442	5	
2	14	23.354	5	
2	15	2.43786	1	
2	16	33.6397	7	
2	17	33.2635	7	
2	18	28.0952	6	
2	19	12.7659	3	
2	20	27.8408	6	
2	21	54.4805	12	
2	22	24.1926	5	
2	23	29.5719	6	
2	24	53.713	12	
2	25	32.611	6	
2	26	26.2809	6	
2	27	23.0186	5	
2	29	44.2627	9	
2	31	34.3	7	
2	32	20.6884	5	
2	33	16.6139	4	
2	34	43.5208	10	
3	4	34.0561	7	
3	5	8.38941	2	
3	6	7.28438	2	
3	7	2.45566	1	
3	8	38.033	8	
3	9	26.8906	6	
3	10	27.8801	6	
3	11	17.0395	4	
3	12	9.27422	2	
3	13	36.3045	8	
3	14	18.1753	4	
3	16	67.3282	14	
3	17	20.0162	4	
3	18	6.13707	1	
3	19	16.7019	4	
3	20	30.2238	7	
3	21	48.7291	11	
3	22	11.7734	3	
3	23	19.9249	4	
3	24	12.883	3	
3	25	23.6779	6	
3	26	17.137	4	
3	27	41.0391	9	
3	28	30.0054	7	
3	29	10.4696	2	
3	30	4.36044	1	
3	31	26.5684	6	
3	32	37.4452	8	
3	33	5.94105	1	
3	34	34.8447	9	
4	6	55.2044	11	
4	8	3.05372	1	
4	10	20.9923	4	
4	11	4.80045	1	
4	14	4.78524	1	
4	16	26.7957	6	
4	17	33.5489	7	
4	18	3.36232	1	
4	20	3.86718	1	
4	21	25.1151	5	
4	24	21.19	4	
4	25	44.9439	9	
4	26	51.1563	10	
4	28	4.4494	1	
4	32	19.5237	5	
4	33	13.4127	4	
4	34	14.6829	4	
5	6	2.58645	1	
5	8	8.97308	2	
5	9	25.1446	5	
5	11	6.14301	1	
5	12	8.57682	2	
5	14	3.62282	1	
5	15	5.42142	1	
5	16	5.68582	2	
5	19	22.3664	4	
5	20	4.54918	1	
5	21	34.1408	7	
5	25	36.2575	8	
5	26	1.92941	1	
5	27	20.3122	4	
5	29	40.8048	9	
5	31	4.4868	1	
5	32	1.9952	1	
5	33	25.6813	6	
5	34	18.9687	4	
6	9	26.5502	6	
6	10	6.14947	1	
6	11	28.3448	6	
6	12	24.3715	5	
6	14	23.6252	6	
6	15	2.04798	1	
6	16	56.1064	11	
6	19	22.4876	5	
6	20	51.0446	12	
6	21	9.20314	2	
6	22	15.5214	3	
6	23	2.88946	1	
6	24	25.9992	5	
6	25	26.9658	6	
6	26	26.9898	6	
6	27	20.0417	5	
6	29	2.18491	1	
6	30	6.99934	1	
6	31	25.6835	6	
6	32	5.58466	1	
6	33	31.6888	7	
7	9	49.1305	11	
7	10	27.8744	5	
7	11	15.8777	4	
7	12	21.9845	4	
7	14	35.9301	7	
7	15	8.29841	2	
7	16	7.02558	1	
7	17	42.5323	10	
7	18	15.1683	4	
7	20	42.7397	9	
7	21	7.78161	2	
7	22	2.44581	1	
7	23	8.26377	2	
7	24	27.078	7	
7	25	4.13608	1	
7	26	6.08451	1	
7	28	5.60727	1	
7	29	41.0276	10	
7	30	3.36931	1	
7	31	14.6943	3	
7	33	16.6535	4	
7	34	7.20824	1	
8	9	9.78553	2	
8	10	29.9388	6	
8	12	2.97578	1	
8	13	2.76064	1	
8	14	2.9459	1	
8	15	6.80595	2	
8	16	19.8623	4	
8	18	65.3714	14	
8	19	50.3904	11	
8	20	26.9017	5	
8	21	17.7906	4	
8	22	5.80343	1	
8	23	31.4248	6	
8	24	14.2508	3	
8	25	9.84144	2	
8	26	14.9297	4	
8	27	74.1673	16	
8	29	33.9674	8	
8	30	6.21821	1	
8	31	7.14953	2	
8	32	22.6049	5	
8	33	49.1761	11	
8	34	5.87236	1	
9	10	13.7092	3	
9	11	21.8826	5	
9	12	22.219	5	
9	13	10.9786	2	
9	14	15.8132	4	
9	15	20.3578	4	
9	16	23.2038	5	
9	17	29.6451	6	
9	19	43.0053	9	
9	20	19.2933	5	
9	21	85.1915	18	
9	22	40.9939	9	
9	23	25.1991	5	
9	24	38.7168	8	
9	25	62.9132	14	
9	26	24.5275	5	
9	27	11.7918	2	
9	28	19.8373	4	
9	29	9.4472	2	
9	30	13.5039	3	
9	31	10.0955	3	
9	32	9.57798	2	
9	33	39.388	9	
9	34	20.6157	4	
10	11	25.5837	6	
10	12	6.8456	1	
10	13	30.4189	6	
10	14	29.4148	6	
10	15	22.7446	5	
10	16	17.7673	4	
10	17	21.1355	4	
10	18	21.8207	5	
10	19	21.8087	5	
10	20	7.53101	2	
10	21	58.9813	12	
10	22	20.1452	4	
10	23	21.1311	5	
10	24	24.4387	5	
10	25	70.7452	16	
10	26	33.7424	7	
10	27	49.6926	12	
10	28	25.2007	5	
10	29	81.4905	18	
10	30	3.82177	1	
10	31	32.2307	8	
10	32	44.165	10	
10	33	40.5823	9	
10	34	30.0293	6	
11	12	22.2738	5	
11	14	20.2294	4	
11	16	23.5201	5	
11	17	3.56373	1	
11	18	28.2177	6	
11	19	9.15807	2	
11	20	44.4411	10	
11	21	51.4983	11	
11	22	78.989	15	
11	23	3.87333	1	
11	24	23.8422	5	
11	25	6.5968	1	
11	26	38.5089	8	
11	27	12.3016	3	
11	28	28.4868	6	
11	29	29.2496	6	
11	30	25.1259	5	
11	31	11.07	2	
11	32	27.6652	6	
11	33	16.5319	4	
11	34	18.2908	5	
12	13	24.8128	5	
12	14	9.58187	2	
12	15	27.2437	5	
12	16	21.9731	5	
12	17	4.81349	2	
12	19	6.26292	1	
12	20	33.5466	8	
12	21	50.1676	10	
12	22	26.7961	5	
12	23	26.1024	6	
12	25	31.0869	7	
12	26	81.8914	16	
12	28	10.4239	2	
12	29	28.4273	6	
12	30	33.1933	7	
12	31	50.0429	10	
12	32	54.6038	11	
12	33	29.1528	5	
12	34	27.3744	5	
13	14	2.09466	1	
13	15	8.57797	2	
13	16	4.16523	1	
13	17	5.73375	1	
13	18	3.19488	1	
13	19	26.6508	6	
13	20	24.14	5	
13	21	22.7467	5	
13	22	18.5925	4	
13	23	5.65212	1	
13	25	85.0265	19	
13	26	28.321	6	
13	27	24.6589	5	
13	28	26.4478	6	
13	29	20.2851	5	
13	30	9.83106	2	
13	31	7.00332	2	
13	32	51.3569	10	
13	33	16.5035	4	
14	15	25.6334	5	
14	17	34.6068	7	
14	18	12.6971	3	
14	19	29.3797	6	
14	20	10.1801	2	
14	21	58.934	12	
14	22	26.4637	6	
14	23	4.6618	1	
14	24	28.0103	6	
14	25	28.2802	7	
14	26	12.8967	3	
14	27	16.5895	4	
14	28	35.0061	7	
14	29	25.2248	5	
14	30	39.6907	8	
14	31	34.9956	8	
14	32	9.44827	2	
14	33	52.2291	10	
14	34	10.4768	2	
15	16	3.7335	1	
15	17	5.16484	1	
15	18	14.728	4	
15	19	7.9783	2	
15	20	35.0587	7	
15	21	21.5063	5	
15	22	4.49418	1	
15	23	6.4813	1	
15	24	6.02168	1	
15	25	18.8372	4	
15	26	11.8344	3	
15	27	5.79523	2	
15	28	6.90781	1	
15	29	2.76258	1	
15	31	2.93688	1	
15	32	8.33899	2	
15	33	24.6896	6	
15	34	45.1049	9	
16	17	19.9292	5	
16	18	23.6226	5	
16	19	21.0564	4	
16	20	19.3461	4	
16	21	59.6447	13	
16	22	32.4644	7	
16	23	56.8088	12	
16	24	11.2963	2	
16	25	27.8992	6	
16	26	5.82001	1	
16	27	15.9991	4	
16	29	37.5095	9	
16	30	24.2257	6	
16	31	15.773	4	
16	32	30.6282	6	
16	33	37.9135	8	
16	34	30.5487	6	
17	18	27.4666	6	
17	19	12.7165	3	
17	20	25.2549	5	
17	21	7.31383	2	
17	22	6.93301	2	
17	23	25.9768	6	
17	24	6.20034	1	
17	25	4.92519	1	
17	26	7.58794	2	
17	27	48.2962	10	
17	29	52.2497	11	
17	30	6.00183	2	
17	34	3.2545	1	
18	19	21.7353	5	
18	20	28.3149	6	
18	21	17.1517	4	
18	22	29.2406	6	
18	23	22.892	5	
18	24	25.4245	5	
18	25	4.18018	1	
18	27	24.8122	6	
18	29	4.10989	1	
18	30	2.64184	1	
18	31	7.28337	2	
18	32	38.648	9	
18	33	25.2249	6	
18	34	11.4637	3	
19	20	19.4746	5	
19	21	36.6066	7	
19	22	8.34853	2	
19	23	23.6186	5	
19	24	31.5655	6	
19	25	5.40248	1	
19	26	26.2587	6	
19	27	43.8555	9	
19	28	44.1389	9	
19	29	41.8053	9	
19	30	3.26226	1	
19	31	17.7217	3	
19	32	11.0253	3	
19	33	90.1915	18	
19	34	25.0131	5	
20	21	17.2222	4	
20	22	10.6978	2	
20	23	23.7798	5	
20	24	32.9067	7	
20	25	32.2801	8	
20	26	14.9752	4	
20	27	10.3128	2	
20	29	13.1809	3	
20	30	26.4132	6	
20	31	57.7736	12	
20	32	31.2507	7	
20	33	50.8464	11	
20	34	4.80101	1	
21	22	35.4406	8	
21	23	11.1694	3	
21	24	32.8864	7	
21	25	56.9736	13	
21	26	35.0788	7	
21	27	13.3721	3	
21	28	25.9486	5	
21	29	19.1696	5	
21	30	28.6139	5	
21	31	8.66159	2	
21	32	4.04258	1	
21	33	34.4034	8	
21	34	8.43897	2	
22	23	28.1407	6	
22	24	44.8579	10	
22	25	39.6871	9	
22	26	8.6589	2	
22	27	30.89	7	
22	28	14.1867	3	
22	29	28.1591	5	
22	30	51.7999	11	
22	31	24.4547	5	
22	32	39.9978	7	
22	33	35.0531	7	
22	34	3.642	1	
23	24	61.344	13	
23	25	7.2124	2	
23	26	50.3873	10	
23	27	63.4779	13	
23	28	2.79853	1	
23	29	24.5371	5	
23	30	36.7515	8	
23	31	7.60204	2	
23	32	8.21112	2	
23	33	37.0095	7	
23	34	65.2501	14	
24	25	28.5774	7	
24	26	38.1954	8	
24	27	30.3824	7	
24	28	21.9856	5	
24	29	30.1137	7	
24	33	59.8206	14	
25	26	27.7166	6	
25	27	33.9241	8	
25	28	24.9829	5	
25	29	39.4402	8	
25	30	18.1724	4	
25	31	11.7052	3	
25	32	44.8957	10	
25	33	23.397	6	
25	34	5.75362	1	
26	27	40.7035	9	
26	28	8.18717	2	
26	29	56.1198	13	
26	30	49.6219	10	
26	31	28.6438	6	
26	32	38.8282	7	
26	33	9.73268	2	
26	34	64.0983	15	
27	28	34.6167	7	
27	29	60.9681	14	
27	30	5.96893	2	
27	31	39.627	9	
27	32	37.5322	9	
27	33	20.3523	6	
27	34	6.22468	1	
28	29	54.7374	12	
28	30	75.3843	16	
28	31	44.411	9	
28	32	34.6077	7	
28	33	40.5803	9	
28	34	21.2043	4	
29	30	72.1966	14	
29	31	4.798	1	
29	32	10.6749	2	
29	33	31.063	7	
29	34	12.1289	3	
30	31	8.32864	2	
30	32	19.5502	4	
30	33	15.2019	3	
30	34	41.6578	9	
31	32	23.5913	5	
31	33	25.6376	5	
31	34	12.2689	3	
32	33	12.3007	3	
32	34	18.011	4	
33	34	24.8123	5	
