0	1	7
0	2	5
0	3	11
0	4	8
0	5	9
0	6	9
0	7	18
0	8	6
0	9	9
0	10	14
0	11	4
0	12	9
0	13	12
0	14	9
0	15	6
0	16	11
0	17	9
0	18	13
0	19	19
0	20	15
0	21	12
0	22	2
0	23	13
0	24	4
0	25	3
1	2	8
1	3	12
1	4	3
1	5	5
1	6	10
1	7	12
1	8	3
1	9	9
1	10	6
1	11	6
1	12	4
1	13	10
1	14	10
1	15	3
1	16	11
1	17	7
1	18	14
1	19	18
1	20	6
1	21	10
1	22	5
1	23	12
1	24	2
1	25	4
2	3	14
2	4	2
2	5	9
2	6	9
2	7	8
2	8	3
2	9	6
2	10	9
2	11	7
2	12	10
2	13	9
2	14	10
2	15	5
2	16	12
2	17	5
2	18	5
2	19	10
2	20	11
2	21	14
2	22	6
2	23	5
2	25	11
3	4	4
3	5	14
3	6	7
3	7	16
3	8	7
3	9	11
3	10	9
3	11	6
3	12	11
3	13	12
3	14	5
3	15	11
3	16	18
3	17	11
3	18	10
3	19	15
3	20	10
3	21	32
3	22	6
3	23	19
3	24	6
3	25	4
4	5	5
4	6	2
4	7	7
4	8	1
4	9	6
4	10	4
4	11	5
4	12	3
4	13	4
4	14	8
4	15	8
4	16	8
4	17	3
4	18	6
4	19	6
4	20	4
4	21	12
4	22	2
4	23	7
4	24	5
4	25	5
5	6	3
5	7	13
5	8	3
5	9	15
5	10	18
5	11	5
5	12	10
5	13	10
5	14	3
5	15	8
5	16	9
5	17	8
5	18	6
5	19	10
5	20	11
5	21	23
5	22	6
5	23	8
5	24	5
5	25	10
6	7	8
6	8	1
6	9	5
6	10	9
6	11	5
6	12	1
6	13	5
6	14	2
6	15	5
6	16	2
6	17	4
6	18	4
6	19	16
6	20	4
6	21	8
6	22	5
6	23	2
6	24	2
6	25	2
7	8	6
7	9	13
7	10	13
7	11	6
7	12	12
7	13	16
7	14	11
7	15	7
7	16	6
7	17	11
7	18	11
7	19	11
7	20	7
7	21	14
7	22	4
7	23	13
7	24	7
7	25	8
8	9	10
8	10	6
8	12	3
8	13	8
8	14	7
8	15	4
8	16	3
8	17	14
8	18	6
8	19	12
8	20	9
8	21	12
8	22	9
8	23	6
8	24	1
8	25	3
9	10	10
9	11	2
9	12	4
9	13	8
9	14	14
9	15	13
9	16	9
9	17	4
9	18	4
9	19	10
9	20	12
9	21	26
9	22	1
9	23	14
9	24	8
9	25	5
10	11	13
10	12	10
10	13	15
10	14	2
10	15	11
10	16	9
10	17	4
10	18	11
10	19	11
10	20	5
10	21	19
10	22	6
10	23	13
10	24	6
10	25	4
11	12	3
11	13	7
11	14	5
11	15	3
11	16	15
11	17	4
11	18	1
11	19	7
11	20	3
11	21	19
11	22	3
11	23	7
11	24	2
11	25	11
12	13	4
12	14	10
12	15	6
12	16	11
12	17	8
12	18	7
12	19	10
12	20	7
12	21	15
12	22	7
12	23	8
12	24	5
12	25	3
13	14	8
13	15	9
13	16	19
13	17	11
13	18	8
13	19	17
13	20	9
13	21	19
13	22	9
13	23	17
13	24	10
13	25	9
14	15	3
14	16	8
14	17	4
14	18	8
14	19	9
14	20	9
14	21	14
14	22	8
14	23	11
14	24	6
14	25	2
15	16	8
15	17	13
15	18	11
15	19	12
15	20	9
15	21	13
15	22	5
15	23	9
15	24	1
15	25	8
16	17	4
16	18	11
16	19	11
16	20	11
16	21	29
16	22	12
16	23	23
16	25	11
17	18	10
17	19	5
17	20	9
17	21	20
17	22	4
17	23	7
17	24	1
17	25	4
18	19	9
18	20	7
18	21	13
18	22	11
18	23	11
18	24	9
18	25	5
19	20	7
19	21	23
19	22	7
19	23	20
19	24	3
19	25	8
20	21	24
20	22	13
20	23	15
20	24	8
20	25	3
21	22	18
21	23	31
21	24	6
21	25	15
22	23	11
22	24	2
22	25	4
23	24	6
23	25	9
24	25	1
