6 22 78 86 90 160 173 191 203 279 280 335 366 405 451 474 490 512 555 586 620 
9 38 42 52 53 55 59 62 68 88 94 98 119 132 197 381 383 385 484 556 577 582 641 692 
21 37 45 123 137 170 229 265 279 287 294 306 325 341 343 367 371 377 381 384 385 395 402 417 434 435 448 474 493 498 517 551 553 572 619 649 671 
12 84 115 118 137 146 148 155 200 214 239 241 285 307 308 319 329 338 354 370 376 381 382 394 405 433 456 459 472 486 506 510 513 530 544 545 548 595 603 620 630 633 644 648 650 651 659 663 666 668 673 693 
106 130 140 181 194 206 212 214 224 228 346 372 380 383 386 456 495 512 570 580 614 
37 76 100 107 110 115 133 141 155 161 171 184 198 207 213 214 217 218 252 259 264 277 281 289 313 322 334 341 347 359 363 368 387 398 413 420 421 446 447 457 458 461 463 482 492 498 500 504 508 509 515 520 533 539 546 549 562 566 567 573 583 584 585 592 596 605 606 608 615 617 618 621 622 634 641 642 650 658 690 692 694 
48 152 168 187 192 199 279 282 349 355 376 393 449 461 505 551 571 572 601 641 685 
66 99 147 151 195 218 219 225 232 291 293 327 328 337 350 384 410 418 431 438 443 445 480 484 495 505 516 534 543 589 610 634 655 670 682 688 693 
11 35 47 49 50 52 57 79 99 101 112 134 161 176 184 197 202 208 218 236 276 282 291 300 302 305 306 324 330 333 350 353 364 365 370 384 417 419 435 440 445 454 461 465 477 479 481 483 485 487 494 497 504 524 534 540 545 561 580 584 593 602 607 613 632 636 643 648 651 664 673 679 682 695 
32 70 100 107 155 164 184 214 217 218 221 252 268 277 281 289 341 360 363 379 492 498 500 508 520 533 546 566 567 569 573 584 592 596 597 617 618 622 641 647 650 689 692 
11 15 27 29 42 45 49 52 53 57 59 62 88 101 134 172 186 192 194 202 208 216 236 247 276 279 282 300 302 306 324 330 333 350 364 365 383 384 417 435 454 461 465 477 479 485 489 497 519 524 534 580 593 602 607 636 643 648 650 664 679 685 
37 76 110 115 126 133 141 161 188 192 198 213 259 297 313 322 334 347 351 398 410 413 415 420 421 447 458 461 504 509 515 539 546 549 562 583 605 606 621 634 642 667 668 690 694 
71 79 86 96 103 203 218 246 253 272 274 293 307 331 367 396 407 413 426 458 471 484 543 552 556 558 586 624 625 626 628 646 665 676 680 687 688 
63 69 76 77 99 161 165 167 194 254 285 291 327 351 366 373 390 403 410 415 417 418 431 469 473 480 495 538 568 586 589 604 610 664 670 677 688 
8 10 16 46 49 60 65 71 76 81 99 105 110 143 145 154 155 158 175 178 189 191 201 203 212 230 240 260 288 291 303 310 319 321 332 335 340 348 351 356 357 358 362 369 373 383 390 392 410 411 415 417 422 439 445 458 468 469 477 484 491 492 501 502 507 518 523 537 538 546 551 554 558 563 571 572 581 582 584 586 588 594 599 601 621 627 630 631 638 641 652 658 661 670 675 678 682 688 
14 16 19 22 32 37 44 49 58 61 71 72 73 74 75 78 81 90 92 102 105 111 113 115 120 125 135 136 156 158 160 171 173 177 182 190 193 200 210 215 220 223 234 237 238 243 244 267 271 280 285 290 292 299 317 318 334 335 349 352 361 369 374 376 398 401 405 408 409 411 416 420 423 428 436 444 450 451 452 455 465 466 469 477 487 490 492 495 512 515 525 532 536 541 543 547 548 555 567 576 577 584 586 608 609 614 624 639 644 646 648 653 660 662 667 672 674 677 682 683 685 700 
37 76 110 115 133 141 171 192 198 209 213 245 259 275 297 304 313 322 323 347 398 413 420 421 446 447 461 464 469 476 500 504 509 515 539 546 549 562 573 583 598 605 606 621 634 635 638 642 690 694 
16 28 30 81 115 159 184 249 261 270 293 316 368 385 387 424 457 463 465 482 492 502 520 522 548 577 582 587 617 647 656 658 694 
31 54 104 144 156 158 188 198 211 240 242 249 250 259 261 286 316 339 368 391 425 453 461 488 577 601 605 642 647 650 689 696 
1 16 32 33 36 37 45 46 49 72 75 82 92 97 102 116 120 124 131 139 155 164 166 169 182 183 184 190 191 196 221 233 234 240 250 261 262 286 290 295 297 299 318 320 339 341 342 352 361 368 379 391 416 420 425 437 444 453 461 470 488 500 520 521 522 528 533 535 538 546 564 566 573 575 579 582 590 595 596 608 616 618 622 634 645 647 648 669 677 684 689 692 696 
1 16 37 45 46 82 111 116 124 154 164 169 189 191 196 212 221 240 260 261 262 295 320 342 358 368 379 411 420 425 457 470 488 490 491 501 507 521 538 546 554 564 579 590 595 608 631 641 647 652 669 675 677 682 684 689 692 696 
2 12 46 48 49 51 58 60 61 71 76 81 83 85 86 87 105 109 115 125 127 129 131 135 136 137 150 151 152 154 158 163 168 174 177 186 187 190 192 194 196 199 203 204 205 215 216 220 223 237 238 243 245 247 251 263 267 276 278 279 282 310 317 321 326 332 334 344 348 349 355 356 357 358 362 367 369 374 375 376 378 385 388 392 393 397 405 408 409 412 423 428 436 441 447 449 452 453 458 460 461 465 466 468 469 474 477 484 487 489 491 494 501 505 507 514 515 519 522 523 524 526 532 536 537 545 547 551 554 555 557 563 565 567 569 570 571 572 576 580 581 586 587 599 601 603 607 612 614 620 624 627 629 630 631 639 641 644 646 652 653 654 657 660 661 662 664 667 672 674 675 677 678 681 683 684 685 686 688 698 700 
12 13 79 81 84 110 115 118 136 155 158 188 190 192 200 209 213 214 215 222 237 240 241 245 259 264 275 297 304 308 313 319 322 323 329 334 340 343 347 354 368 369 376 377 380 381 382 394 398 400 402 405 408 411 421 433 436 446 456 464 465 466 469 476 477 486 490 504 509 513 515 532 534 536 539 542 544 547 548 549 562 567 573 576 583 595 598 603 621 624 630 635 639 642 646 648 660 662 674 677 690 694 698 
7 20 64 67 86 117 150 151 191 212 231 283 311 312 314 315 345 369 375 388 405 406 412 432 447 449 511 567 571 612 629 654 686 
45 46 51 60 61 81 109 127 152 161 169 171 187 199 220 238 243 251 263 267 271 282 297 317 355 369 393 397 419 428 441 452 453 458 460 466 467 489 494 495 514 515 527 538 541 551 557 570 587 620 644 653 657 667 672 681 690 694 700 
4 35 43 47 50 79 91 95 112 122 126 142 176 180 196 218 227 248 273 291 305 353 413 419 440 481 487 505 512 534 539 540 545 555 561 584 613 632 673 695 
3 11 14 15 25 27 29 37 44 60 73 105 113 115 131 145 146 148 154 155 172 188 193 210 223 230 239 244 246 260 274 285 292 298 301 307 310 319 334 338 349 350 358 370 374 383 395 407 409 423 435 436 442 450 459 467 472 474 491 506 507 510 525 527 530 543 554 559 572 574 580 599 606 614 620 626 631 633 646 648 650 651 659 663 665 666 668 675 681 685 687 693 
66 99 111 147 151 193 195 218 219 225 232 244 266 291 293 327 328 337 350 384 418 421 431 438 443 445 478 480 484 495 505 516 529 534 543 589 610 634 637 655 670 682 688 691 693 
23 34 39 52 55 68 94 98 99 119 128 132 138 196 197 235 266 336 341 384 385 389 462 478 529 572 587 595 600 611 637 641 685 691 693 
41 70 93 107 114 115 139 145 146 148 157 162 166 169 170 183 197 204 246 255 285 293 307 309 310 326 338 370 376 378 414 424 435 459 467 472 482 503 506 510 526 527 528 530 535 559 565 569 570 575 581 595 597 616 633 648 650 651 659 663 666 668 692 693 
1 18 32 49 52 58 61 71 78 79 81 86 90 96 99 103 125 128 131 135 138 150 156 171 173 177 203 218 235 238 243 246 253 266 267 271 272 274 280 285 293 307 310 321 331 332 335 336 341 348 349 350 356 357 362 368 369 376 389 392 396 404 407 413 420 426 428 445 451 452 458 462 468 471 478 484 485 487 495 512 523 529 537 541 543 551 552 555 556 558 563 572 574 586 587 591 595 599 600 602 611 614 624 625 626 627 628 630 634 636 637 644 646 653 665 676 678 680 683 685 687 688 691 693 
5 14 16 26 28 30 37 44 61 71 73 74 76 79 80 81 105 107 108 111 113 115 137 153 156 159 165 170 178 179 184 189 193 197 207 210 212 214 223 230 244 258 260 261 268 270 292 293 296 306 316 325 334 340 341 343 349 359 360 366 367 368 371 374 377 385 387 395 401 402 403 405 409 411 417 420 423 428 429 434 448 450 455 457 463 465 466 473 475 482 483 490 491 492 493 495 496 498 499 507 515 517 522 525 527 531 538 543 545 547 548 550 551 553 568 571 577 578 582 585 587 592 604 608 609 615 617 619 623 631 640 646 649 652 656 658 664 671 675 682 685 694 697 698 
12 73 83 84 85 87 118 137 155 163 200 214 240 241 278 285 297 308 319 329 332 334 344 354 367 375 376 381 382 388 394 412 433 447 449 456 474 486 513 524 544 545 548 555 563 567 595 601 603 612 614 629 630 648 654 668 686 
17 32 33 71 97 125 131 139 142 155 156 166 169 177 183 233 238 243 261 267 271 342 374 376 420 428 429 436 437 452 461 499 512 521 522 528 531 535 541 546 573 575 581 582 590 595 609 616 624 634 644 645 647 653 669 683 698 
41 70 93 107 114 115 157 162 169 170 197 204 216 247 255 293 309 326 378 414 424 435 489 503 519 526 527 565 569 570 581 597 607 668 692 698 
26 44 61 74 80 90 105 111 113 165 178 193 210 214 223 244 292 306 340 366 374 401 403 405 409 411 420 423 450 455 473 490 492 495 525 538 543 547 548 568 571 577 584 604 608 646 664 682 685 698 
15 27 29 40 56 61 79 85 110 129 131 137 170 172 176 178 209 222 269 275 282 287 306 319 323 325 343 367 377 395 400 402 422 435 439 446 451 460 464 469 477 483 493 502 518 522 524 542 567 572 588 594 598 601 603 612 613 620 629 630 638 651 671 686 698 
3 24 60 89 105 107 110 121 145 146 148 149 156 179 185 194 226 239 256 257 284 291 298 301 307 338 370 376 381 383 388 399 404 427 430 442 459 466 467 496 505 510 530 548 550 559 560 574 591 623 633 640 646 651 659 663 666 688 693 699 
11 15 27 29 45 46 51 60 61 109 127 131 161 169 172 188 220 251 263 282 297 317 325 350 369 397 435 441 447 452 453 458 460 494 495 514 515 527 538 557 570 580 587 620 630 650 651 657 667 668 672 681 694 700 
