0	1	11
0	2	14
0	3	22
0	4	15
0	5	13
0	6	12
0	7	19
0	8	18
0	9	13
0	10	26
0	11	18
0	12	10
0	13	10
0	14	23
0	15	10
0	16	25
0	17	23
0	18	23
0	19	17
0	20	27
0	21	26
0	22	34
0	23	16
0	24	22
0	25	13
0	26	10
1	2	5
1	3	8
1	4	4
1	5	7
1	6	3
1	7	5
1	8	1
1	9	2
1	10	4
1	11	4
1	12	3
1	13	6
1	14	9
1	15	9
1	16	3
1	17	9
1	18	1
1	19	3
1	20	5
1	21	2
1	22	10
1	23	4
1	24	3
1	25	4
1	26	8
2	3	11
2	4	1
2	5	11
2	6	5
2	7	5
2	8	3
2	9	13
2	10	4
2	11	5
2	12	7
2	13	4
2	14	7
2	15	4
2	16	9
2	17	9
2	18	10
2	19	9
2	20	6
2	21	14
2	22	8
2	23	12
2	24	3
2	25	4
2	26	7
3	4	9
3	5	16
3	6	12
3	7	9
3	8	15
3	9	13
3	10	14
3	11	17
3	12	14
3	13	4
3	14	5
3	15	14
3	16	10
3	17	11
3	18	9
3	19	13
3	20	10
3	21	13
3	22	13
3	23	7
3	24	13
3	25	9
3	26	5
4	5	3
4	6	9
4	7	10
4	8	3
4	9	7
4	10	3
4	11	7
4	12	5
4	13	9
4	14	11
4	15	5
4	16	11
4	17	12
4	18	12
4	19	13
4	20	9
4	21	11
4	22	6
4	23	8
4	24	11
4	25	7
4	26	7
5	6	5
5	7	4
5	8	11
5	9	7
5	10	5
5	11	3
5	12	7
5	13	3
5	14	4
5	15	10
5	16	5
5	17	3
5	18	4
5	19	5
5	20	5
5	21	8
5	22	9
5	23	3
5	24	5
5	25	10
5	26	5
6	7	8
6	8	3
6	9	6
6	10	6
6	11	3
6	12	12
6	13	4
6	14	6
6	15	7
6	16	9
6	17	15
6	18	10
6	19	14
6	20	8
6	21	7
6	22	18
6	23	3
6	24	7
6	25	10
6	26	9
7	8	5
7	9	8
7	10	14
7	11	10
7	12	14
7	13	4
7	14	7
7	15	7
7	16	16
7	17	10
7	18	12
7	19	18
7	20	15
7	21	17
7	22	9
7	23	11
7	24	6
7	25	5
7	26	13
8	9	3
8	10	12
8	11	5
8	12	6
8	13	4
8	14	9
8	15	15
8	16	7
8	17	10
8	18	8
8	19	5
8	20	12
8	21	8
8	22	10
8	23	5
8	24	8
8	25	6
8	26	3
9	10	6
9	11	13
9	12	4
9	13	4
9	14	18
9	15	9
9	16	12
9	17	8
9	18	9
9	19	7
9	20	12
9	21	14
9	22	9
9	23	25
9	24	12
9	25	14
9	26	5
10	11	12
10	12	14
10	13	11
10	14	8
10	15	16
10	16	16
10	17	19
10	18	20
10	19	20
10	20	28
10	21	15
10	22	13
10	23	14
10	24	11
10	25	10
10	26	11
11	12	11
11	13	8
11	14	4
11	15	8
11	16	15
11	17	11
11	18	10
11	19	7
11	20	7
11	21	7
11	22	22
11	23	8
11	24	14
11	25	15
11	26	9
12	13	9
12	14	11
12	15	7
12	16	13
12	17	3
12	18	7
12	19	12
12	20	10
12	21	12
12	22	10
12	23	17
12	24	7
12	25	3
12	26	8
13	14	4
13	15	14
13	16	12
13	17	12
13	18	11
13	19	6
13	20	6
13	21	6
13	22	7
13	23	4
13	24	11
13	25	4
13	26	5
14	15	6
14	16	5
14	17	4
14	18	13
14	19	19
14	20	15
14	21	12
14	22	11
14	23	5
14	24	10
14	25	13
14	26	10
15	16	20
15	17	9
15	18	12
15	19	15
15	20	8
15	21	7
15	22	14
15	23	8
15	24	9
15	25	7
15	26	13
16	17	14
16	18	15
16	19	17
16	20	12
16	21	17
16	22	17
16	23	15
16	24	11
16	25	9
16	26	12
17	18	15
17	19	10
17	20	16
17	21	15
17	22	11
17	23	14
17	24	12
17	25	12
17	26	17
18	19	26
18	20	18
18	21	14
18	22	18
18	23	13
18	24	8
18	25	9
18	26	12
19	20	15
19	21	6
19	22	16
19	23	13
19	24	15
19	25	7
19	26	12
20	21	13
20	22	15
20	23	8
20	24	18
20	25	8
20	26	24
21	22	16
21	23	20
21	24	16
21	25	10
21	26	11
22	23	21
22	24	17
22	25	6
22	26	18
23	24	16
23	25	8
23	26	17
24	25	11
24	26	22
25	26	17
