0	1	145.126	33	
0	2	65.9171	15	
0	3	17.0318	4	
0	4	15.9656	4	
0	5	23.8012	5	
0	6	3.7466	1	
0	7	13.7666	3	
0	8	23.4171	5	
0	9	12.1494	3	
0	12	5.44575	1	
0	14	5.46332	1	
0	15	4.62694	1	
0	16	21.759	5	
0	17	64.6329	13	
0	18	16.6138	4	
0	19	51.8735	12	
0	20	25.6581	6	
0	21	6.14982	1	
0	22	7.33109	2	
0	23	11.553	3	
0	24	19.9361	5	
0	25	14.9855	4	
0	26	5.74813	1	
0	27	12.4871	3	
0	29	7.7077	2	
0	30	3.95717	1	
0	31	26.2982	6	
1	2	303.737	64	
1	3	164.444	36	
1	4	45.4856	10	
1	5	32.3057	7	
1	6	33.9199	9	
1	7	102.95	21	
1	8	137.908	27	
1	9	85.8731	18	
1	10	53.442	12	
1	11	47.8002	11	
1	12	75.0642	17	
1	13	126.818	27	
1	14	137.095	31	
1	15	32.8207	8	
1	16	80.9173	16	
1	17	92.9965	19	
1	18	148.831	30	
1	19	75.7863	17	
1	20	37.7744	7	
1	21	78.7907	19	
1	22	77.3773	17	
1	23	65.6892	14	
1	24	131.127	28	
1	25	30.8217	7	
1	26	23.1043	6	
1	27	77.5973	17	
1	28	68.5808	14	
1	29	101.405	22	
1	30	53.448	12	
1	31	63.4356	14	
2	3	54.2954	11	
2	4	14.3911	3	
2	5	21.6386	5	
2	6	32.8176	7	
2	7	63.9049	14	
2	8	110.318	23	
2	9	34.3823	8	
2	10	59.5098	13	
2	11	8.28781	2	
2	12	63.6863	13	
2	13	24.7694	6	
2	14	77.6366	17	
2	15	20.2931	4	
2	16	53.3836	11	
2	17	34.9537	7	
2	18	51.4369	12	
2	19	77.293	17	
2	20	51.4676	11	
2	21	55.3722	13	
2	22	54.0703	12	
2	23	87.2946	17	
2	24	47.858	11	
2	25	61.5252	13	
2	26	16.0819	4	
2	27	83.7453	18	
2	28	40.3043	9	
2	29	34.8057	7	
2	30	40.4256	9	
2	31	50.8754	11	
3	4	2.19027	1	
3	5	2.73418	1	
3	6	9.54221	2	
3	7	29.0063	7	
3	8	25.8812	5	
3	9	25.5152	5	
3	10	5.01619	1	
3	12	11.9702	2	
3	13	6.64427	1	
3	14	62.4577	13	
3	16	37.065	8	
3	17	18.9385	4	
3	18	33.6556	7	
3	19	27.0388	5	
3	20	6.30985	1	
3	21	47.9644	11	
3	23	20.6206	4	
3	24	8.33649	2	
3	25	14.9286	3	
3	26	13.9557	3	
3	27	28.2598	7	
3	28	9.55263	2	
3	29	8.29192	2	
4	5	16.7324	4	
4	6	4.80372	1	
4	7	27.0658	6	
4	8	6.82072	1	
4	10	5.65409	1	
4	12	5.57198	1	
4	13	17.746	4	
4	14	16.1871	4	
4	16	22.9658	5	
4	17	11.1424	2	
4	18	4.59928	1	
4	19	30.793	7	
4	20	11.8177	3	
4	21	3.42777	1	
4	22	20.0162	4	
4	23	3.15427	1	
4	24	25.2442	6	
4	25	23.1082	4	
4	28	3.98054	1	
4	30	8.71884	2	
5	7	10.6278	2	
5	8	8.08388	2	
5	9	9.76912	2	
5	10	12.2917	3	
5	11	26.9661	5	
5	12	11.1776	2	
5	14	10.1341	2	
5	15	4.64095	1	
5	16	10.3261	2	
5	17	31.8651	6	
5	18	4.42114	1	
5	19	31.7142	6	
5	20	4.70333	1	
5	21	6.70439	2	
5	23	17.095	4	
5	25	16.7731	3	
5	26	4.17671	1	
5	27	16.6447	3	
5	29	4.27412	1	
5	30	4.6792	1	
6	7	13.9292	3	
6	8	22.6506	5	
6	11	3.63385	1	
6	12	8.06427	2	
6	13	2.48459	1	
6	14	2.82067	1	
6	15	4.40547	1	
6	16	8.23845	2	
6	17	11.7998	3	
6	18	4.85226	1	
6	19	4.80032	1	
6	20	11.1308	3	
6	21	24.4083	6	
6	22	6.28244	2	
6	23	2.65413	1	
6	24	25.1244	6	
6	26	5.17583	2	
6	27	13.3025	3	
6	28	11.0681	3	
6	29	33.6745	7	
6	31	15.6259	3	
7	8	51.1116	11	
7	9	26.2014	5	
7	10	5.98651	2	
7	12	37.6399	8	
7	13	35.6244	7	
7	14	35.5261	7	
7	15	8.43451	2	
7	16	22.7059	6	
7	17	30.3783	7	
7	18	26.2818	5	
7	19	9.21867	2	
7	20	54.8981	13	
7	22	16.9494	4	
7	23	33.8012	7	
7	24	56.8438	12	
7	25	21.8303	4	
7	27	29.645	6	
7	28	27.2988	5	
7	29	14.1049	3	
7	30	17.9603	4	
7	31	17.2058	4	
8	9	8.32724	2	
8	10	28.0436	6	
8	11	23.4792	5	
8	12	27.4577	6	
8	13	17.3949	4	
8	14	30.0186	6	
8	15	21.6316	5	
8	16	12.57	3	
8	17	26.3011	6	
8	18	24.6882	5	
8	19	33.3766	7	
8	20	3.41782	1	
8	21	14.0348	3	
8	22	4.20345	1	
8	24	12.6311	3	
8	25	9.7327	2	
8	26	4.46195	1	
8	27	37.8517	8	
8	28	9.20483	2	
8	29	5.71587	1	
8	30	12.4955	3	
8	31	25.8785	5	
9	11	6.5175	1	
9	12	8.84894	2	
9	13	36.2093	7	
9	14	3.66258	1	
9	16	17.4246	4	
9	17	17.4906	4	
9	19	6.66007	1	
9	20	44.7698	10	
9	21	3.84159	1	
9	23	18.1658	4	
9	24	14.6515	4	
9	25	14.3849	3	
9	27	14.9614	3	
9	30	9.37496	2	
9	31	20.0275	4	
10	11	2.15296	1	
10	12	16.8416	4	
10	13	3.09694	1	
10	15	21.8735	4	
10	16	4.96079	1	
10	17	4.68025	1	
10	18	2.48411	1	
10	19	33.6428	7	
10	20	12.5382	4	
10	21	10.3326	2	
10	24	23.8945	6	
10	26	2.53456	1	
10	27	27.3256	6	
10	29	12.9067	3	
10	31	9.87752	2	
11	12	13.711	3	
11	15	16.0458	4	
11	17	10.3319	2	
11	18	17.0327	4	
11	20	25.2523	6	
11	21	13.6785	3	
11	24	3.28803	1	
11	26	10.5666	3	
11	28	23.5216	5	
11	29	27.0896	6	
11	30	40.9195	9	
12	13	11.6254	3	
12	14	32.1629	6	
12	15	5.13386	1	
12	16	24.1095	5	
12	17	3.36901	1	
12	18	3.25262	1	
12	19	7.63595	2	
12	20	34.3519	8	
12	21	17.8775	3	
12	22	7.37201	2	
12	23	28.7116	6	
12	24	15.6202	3	
12	25	2.96555	1	
12	26	9.79107	2	
12	27	12.3402	3	
12	28	12.7455	3	
12	29	21.0097	4	
12	30	4.65446	1	
12	31	5.27496	1	
13	14	31.1493	6	
13	15	17.5678	4	
13	16	18.6553	4	
13	17	44.6691	9	
13	18	26.1421	5	
13	19	26.0571	5	
13	20	27.4599	5	
13	21	18.4086	4	
13	23	30.6885	6	
13	24	32.8873	8	
13	25	3.43151	1	
13	26	4.24659	1	
13	27	25.7334	5	
13	28	36.6742	9	
13	30	9.37496	2	
13	31	41.151	9	
14	16	46.4849	11	
14	17	25.6563	6	
14	18	31.3615	7	
14	19	19.6395	4	
14	20	29.6081	6	
14	21	15.3131	3	
14	22	2.37759	1	
14	23	27.376	6	
14	24	23.5867	5	
14	25	81.898	18	
14	26	8.8013	2	
14	27	29.8263	6	
14	28	27.6957	6	
14	29	32.3651	7	
14	30	23.5519	6	
14	31	24.1248	6	
15	16	28.2982	7	
15	17	11.6983	3	
15	18	25.8171	6	
15	19	25.5738	5	
15	20	58.3173	14	
15	21	14.7385	3	
15	22	21.304	4	
15	24	15.4518	3	
15	27	2.79624	1	
15	28	35.7099	8	
15	29	10.7802	2	
15	30	10.9609	2	
15	31	29.2682	7	
16	17	9.7982	2	
16	18	24.8856	5	
16	19	7.75516	1	
16	20	44.087	10	
16	21	64.9056	14	
16	22	35.432	7	
16	23	18.7564	4	
16	24	24.0315	5	
16	25	17.217	4	
16	26	19.7112	4	
16	27	13.1985	3	
16	28	11.038	3	
16	29	27.7536	5	
16	30	31.1312	8	
16	31	18.0578	4	
17	18	36.4072	8	
17	19	44.4829	9	
17	20	19.9247	4	
17	21	3.0046	1	
17	22	15.3349	3	
17	23	14.4379	3	
17	24	11.4215	3	
17	25	31.96	6	
17	26	8.90405	2	
17	27	12.2301	2	
17	29	8.42649	2	
17	30	8.24905	2	
17	31	24.7084	5	
18	19	8.69754	2	
18	20	15.8134	3	
18	21	31.2565	7	
18	22	18.0087	4	
18	23	32.2969	7	
18	24	22.1739	5	
18	25	16.7528	3	
18	27	8.47936	2	
18	28	46.6506	11	
18	29	23.7821	5	
18	30	27.9525	7	
18	31	31.7113	7	
19	20	26.075	6	
19	21	24.8662	5	
19	22	23.2003	5	
19	23	6.99055	1	
19	24	29.4983	6	
19	25	39.2513	8	
19	26	16.7091	5	
19	27	22.0435	4	
19	28	13.3459	3	
19	29	35.9934	8	
19	30	12.2672	2	
19	31	39.9134	9	
20	21	25.1254	5	
20	22	6.13626	1	
20	23	13.9283	3	
20	24	23.492	6	
20	25	61.6532	13	
20	26	13.0981	3	
20	27	12.1997	3	
20	28	40.7085	10	
20	29	48.3074	10	
20	31	44.6488	9	
21	22	10.2936	2	
21	23	8.82811	2	
21	24	40.4536	8	
21	25	17.668	4	
21	26	8.59469	2	
21	27	12.0113	3	
21	28	29.1507	6	
21	29	41.4132	9	
21	30	9.87336	2	
21	31	35.4632	7	
22	23	24.5996	6	
22	24	21.2082	5	
22	25	22.7868	5	
22	26	20.0798	4	
22	27	27.0555	6	
22	29	17.764	4	
22	30	32.4244	6	
23	24	16.7046	4	
23	25	13.5857	3	
23	26	9.86349	2	
23	27	6.78165	1	
23	28	10.9802	2	
23	29	14.962	3	
23	30	8.52645	2	
23	31	38.249	8	
24	25	30.2833	7	
24	26	2.31634	1	
24	27	30.8798	5	
24	28	13.0299	2	
24	29	38.5636	8	
24	30	15.0535	4	
24	31	57.822	12	
25	27	16.1671	4	
25	28	10.8989	2	
25	30	8.71884	2	
25	31	41.8277	9	
26	27	22.6821	5	
26	28	11.6272	3	
26	31	2.51294	1	
27	28	30.5522	7	
27	29	14.7629	3	
27	30	2.57923	1	
27	31	17.6721	4	
28	29	30.6895	6	
28	30	16.606	3	
28	31	21.3994	5	
29	30	16.0102	3	
29	31	35.3794	7	
30	31	7.94452	2	
