9 20 47 69 89 110 123 169 590 627 1059 1090 
71 77 90 165 178 199 244 251 297 337 510 613 676 858 1054 1097 1233 
7 108 119 132 145 170 179 183 235 257 283 292 505 723 764 770 795 869 917 919 923 935 1038 1076 1249 1255 
120 184 230 292 349 397 436 459 552 564 644 704 724 745 780 783 795 814 848 857 882 902 903 915 917 923 954 990 1063 1076 1157 1191 1202 1212 1219 1249 1252 1255 
60 127 158 176 184 187 208 230 243 329 394 419 526 552 621 623 626 630 704 721 722 745 751 760 783 804 828 848 857 863 882 921 944 947 985 1028 1037 1105 1121 1124 1190 1252 1271 1273 1284 1289 1295 1298 
48 68 125 131 202 211 228 233 248 263 348 516 585 597 604 618 640 728 733 738 782 801 884 963 972 975 989 1070 1078 1129 1187 1189 1276 1298 
13 78 160 203 213 287 355 374 376 502 503 531 564 628 708 787 970 1073 1154 1203 1249 
28 153 166 214 222 237 288 291 298 315 358 446 490 512 514 566 570 589 612 665 680 785 801 803 885 886 916 928 931 965 1162 1225 1237 1256 1282 
48 68 125 131 155 202 228 233 242 263 348 516 585 597 604 618 640 679 733 738 782 791 801 963 972 975 989 1070 1078 1129 1187 1189 1276 1298 
4 16 56 74 112 152 155 166 194 217 225 272 283 288 308 311 315 316 358 376 380 400 410 427 454 463 479 488 496 514 517 533 535 543 563 566 581 582 592 607 612 636 643 664 665 694 723 735 736 740 754 775 778 785 814 815 819 852 855 861 867 869 877 887 888 898 904 910 919 923 927 936 940 941 959 965 968 973 981 984 987 990 1017 1031 1033 1042 1058 1075 1076 1095 1098 1118 1119 1125 1183 1199 1207 1215 1230 1233 1237 1245 1246 1255 1272 1277 1285 1286 1291 
148 162 265 400 434 464 568 597 613 624 721 728 744 793 800 813 834 838 892 893 931 939 1012 1043 1117 1124 1166 1168 1224 1289 
13 16 116 120 136 157 170 184 193 197 223 230 235 239 282 283 292 299 308 338 349 360 379 397 418 444 459 505 552 564 607 643 644 687 704 723 724 745 754 780 783 795 814 848 857 867 869 882 902 903 904 915 917 919 923 982 990 1072 1076 1103 1157 1174 1191 1203 1248 1249 1251 1252 1255 
31 57 74 77 81 103 112 125 189 217 225 280 293 325 386 410 423 427 431 449 473 479 487 518 533 535 551 556 576 581 585 586 592 611 615 625 630 636 640 654 687 700 718 723 752 775 778 789 815 819 823 824 844 850 852 855 862 890 898 907 936 950 956 973 981 995 1008 1028 1031 1084 1098 1102 1123 1125 1133 1156 1167 1207 1215 1216 1225 1230 1254 1272 1287 1291 
39 45 55 133 137 155 159 175 188 191 207 211 212 242 295 302 303 316 324 330 351 365 383 399 415 420 460 484 501 506 507 509 578 596 607 673 696 700 705 713 740 791 797 802 837 879 884 901 915 922 974 989 991 992 1024 1026 1030 1053 1059 1065 1078 1079 1088 1125 1130 1139 1141 1151 1165 1174 1176 1209 1229 1248 1264 1280 
12 73 87 97 100 115 137 205 206 209 241 242 267 274 317 390 391 393 414 425 469 492 509 524 531 547 561 574 578 587 595 632 654 656 665 766 768 777 821 836 837 842 854 879 901 933 939 946 974 978 990 998 1053 1071 1087 1148 1151 1173 1195 1197 1296 
72 117 140 141 198 204 223 307 392 400 411 467 478 586 593 641 663 693 706 716 739 741 743 750 799 819 829 864 872 875 877 919 956 971 976 988 1002 1004 1029 1033 1044 1046 1060 1099 1116 1131 1137 1161 1181 1194 1201 1219 1239 1294 
83 98 223 247 251 256 260 323 466 497 502 532 534 584 638 642 725 785 818 927 952 975 1027 1146 1152 1178 1182 1193 1243 1282 1292 
76 105 140 149 171 173 219 259 269 275 294 317 326 340 367 375 384 420 436 476 554 555 594 598 599 621 647 654 684 689 715 759 764 793 794 806 864 938 951 976 1009 1035 1061 1075 1161 1189 1212 1235 
62 80 152 162 176 230 234 305 307 319 404 508 550 614 619 648 659 712 747 776 786 846 930 944 1091 1162 1184 1196 1300 
26 49 100 101 107 113 120 135 144 153 167 174 176 215 222 237 238 240 242 245 256 285 291 297 298 356 408 434 446 455 467 490 493 499 512 547 557 570 574 575 584 587 589 604 656 675 676 679 680 698 727 748 749 765 766 772 777 779 781 791 800 803 808 809 810 812 821 826 836 838 841 886 901 905 916 933 936 945 946 960 999 1014 1027 1034 1082 1087 1097 1114 1117 1135 1162 1177 1179 1197 1200 1210 1219 1225 1239 1257 1258 1282 1293 
2 32 54 64 142 203 207 213 218 256 266 271 273 290 323 419 438 485 492 498 521 529 542 580 622 628 669 673 691 692 710 713 714 722 737 749 774 811 825 836 839 902 903 928 954 958 967 977 1003 1005 1024 1026 1065 1074 1083 1085 1092 1101 1121 1154 1169 1234 1262 1269 1295 1298 
29 50 52 75 80 81 177 201 254 271 281 319 341 388 393 400 411 413 421 464 467 541 569 577 588 634 648 659 686 712 719 727 730 747 854 913 925 986 993 997 1016 1081 1136 1181 1196 1232 1238 1291 1297 1300 
5 10 21 59 85 97 151 158 167 181 226 240 246 265 318 387 400 404 426 434 446 463 464 481 483 537 568 602 609 631 662 696 737 753 800 808 825 856 868 885 906 931 949 958 1012 1055 1077 1085 1086 1096 1104 1106 1117 1120 1135 1150 1166 1177 1195 1213 1224 1228 1236 1267 1277 
106 164 221 232 243 270 296 314 328 335 336 447 499 511 572 617 633 697 720 721 730 757 768 786 839 876 908 911 918 995 1011 1021 1045 1046 1072 1167 1173 1205 1221 
17 30 34 64 91 151 154 161 188 207 256 266 270 286 287 290 313 314 338 368 391 412 415 419 459 467 485 492 496 498 503 511 523 529 580 582 612 654 661 669 673 691 692 701 705 710 713 717 722 724 730 740 755 780 800 820 825 839 862 869 878 896 903 906 908 911 924 958 974 977 1003 1005 1017 1021 1024 1027 1030 1062 1063 1065 1088 1090 1115 1125 1128 1149 1155 1160 1165 1168 1176 1188 1194 1199 1206 1220 1246 1259 1262 1263 1282 1292 1295 
13 16 17 30 34 46 56 70 116 137 140 141 151 155 157 161 170 193 194 197 198 204 205 217 223 235 258 270 274 283 286 292 299 313 334 338 346 368 376 379 397 400 415 440 454 463 478 496 505 511 541 543 564 573 593 607 617 641 643 651 654 663 664 687 693 701 706 712 715 716 717 722 736 740 741 755 758 780 795 799 814 820 829 861 864 869 872 878 892 896 900 904 906 908 910 911 917 919 923 924 927 940 954 969 971 974 976 984 987 988 990 1017 1020 1021 1033 1044 1064 1072 1076 1093 1095 1118 1119 1128 1131 1132 1148 1161 1167 1181 1183 1188 1201 1203 1219 1226 1244 1245 1246 1249 1255 1259 1275 1282 1292 
40 109 213 222 251 267 270 300 301 370 390 435 503 524 561 571 595 610 651 670 672 708 743 767 806 821 883 900 901 949 970 974 1020 1047 1048 1113 1128 1148 1220 1227 1261 1275 1279 
44 116 143 157 186 192 193 196 197 239 277 284 299 343 354 407 432 440 444 453 513 543 557 559 594 603 622 623 653 667 674 687 693 699 711 727 729 742 746 761 805 822 827 850 920 942 957 1035 1049 1054 1057 1064 1072 1092 1093 1103 1108 1132 1135 1222 1237 1270 1288 1299 
67 76 87 97 100 105 120 130 184 241 259 268 269 276 294 304 317 326 367 378 379 384 409 424 436 470 488 491 504 547 552 554 594 603 608 644 654 667 685 698 704 715 732 738 745 764 773 776 783 793 794 798 801 806 807 816 821 824 830 848 854 857 865 871 882 887 889 909 914 938 946 950 951 994 1009 1010 1061 1068 1071 1075 1107 1135 1140 1191 1195 1197 1212 1219 1252 1296 
31 57 81 94 117 216 225 227 280 293 313 325 366 396 398 431 450 487 518 551 556 565 586 591 611 615 620 625 630 636 640 652 654 682 698 700 718 736 737 738 752 806 823 824 833 835 844 849 862 864 880 890 902 907 918 950 981 1001 1015 1050 1070 1077 1084 1098 1123 1143 1156 1164 1173 1180 1191 1216 1254 1285 1295 
1 34 46 56 70 121 137 146 186 196 205 220 258 282 298 299 306 318 343 346 352 359 400 401 422 444 486 513 634 639 644 658 664 667 687 698 709 723 850 901 920 928 942 943 948 985 1023 1038 1057 1070 1151 1203 1208 1237 1245 1269 1270 1275 1299 
142 144 146 198 220 238 240 261 282 291 298 306 316 320 323 352 359 389 394 401 408 422 444 484 486 512 519 521 570 584 589 634 639 644 658 680 687 688 709 723 748 774 792 808 809 811 812 826 854 859 862 886 894 905 916 928 935 945 951 954 969 985 1014 1020 1038 1051 1074 1101 1135 1154 1162 1179 1200 1208 1220 1260 1269 1277 1282 
8 99 113 153 222 240 289 291 312 332 342 372 383 408 442 445 446 455 468 490 493 506 512 575 584 606 657 685 693 700 739 784 807 836 838 881 886 899 960 1006 1047 1097 1112 1134 1177 1225 1240 1243 1256 1258 1282 1283 
63 130 168 181 215 271 272 295 309 330 395 438 444 499 541 557 577 579 588 602 659 676 719 727 729 742 747 749 779 781 803 805 854 888 906 931 969 989 997 999 1049 1051 1054 1097 1117 1136 1166 1188 1208 1213 1232 1236 1257 1293 1300 
24 130 135 149 168 171 173 177 181 182 215 219 224 271 275 281 295 330 340 375 395 420 541 555 557 577 579 598 599 621 647 654 684 689 719 727 729 742 747 749 759 779 781 793 804 805 864 888 999 1009 1035 1046 1048 1049 1054 1058 1061 1084 1120 1127 1136 1141 1166 1189 1208 1213 1235 1257 1293 
106 107 164 221 232 236 243 270 296 314 328 335 336 447 511 572 589 617 633 697 720 721 730 757 786 839 876 895 918 995 1011 1021 1045 1046 1072 1082 1089 1100 1153 1167 1173 1182 1205 1221 1239 1298 
63 104 121 122 128 138 156 167 188 208 220 233 268 332 334 350 362 363 371 406 429 433 434 439 458 463 465 471 476 536 538 549 559 567 639 644 649 655 661 668 679 715 743 750 769 771 800 802 827 833 841 860 865 875 878 885 889 894 898 924 932 934 948 964 1019 1029 1040 1052 1065 1067 1072 1086 1095 1101 1102 1103 1117 1142 1150 1157 1186 1192 1198 1223 1236 1267 
16 42 58 73 86 92 111 121 146 147 170 174 179 188 206 216 218 229 235 236 255 278 283 298 304 310 317 331 343 345 349 351 359 361 366 397 404 409 422 437 441 448 452 472 474 480 482 484 486 492 505 536 564 569 589 600 627 634 657 671 678 680 699 700 702 717 723 726 737 756 764 765 768 787 788 794 795 796 814 830 831 833 843 862 867 869 894 896 915 916 917 923 943 957 959 969 978 979 982 985 986 990 996 998 1001 1013 1018 1034 1037 1041 1042 1053 1070 1076 1089 1091 1096 1100 1101 1109 1129 1138 1153 1169 1170 1173 1184 1185 1190 1197 1198 1204 1208 1210 1214 1218 1219 1226 1230 1239 1249 1251 1253 1255 1269 1281 1285 1286 
74 117 152 176 217 225 234 305 316 333 410 427 479 481 483 508 533 535 550 561 581 585 590 614 619 662 675 687 709 723 753 775 776 778 815 819 825 846 850 852 855 877 898 930 940 958 973 981 995 1031 1033 1055 1085 1098 1120 1125 1137 1162 1167 1207 1215 1230 1272 1291 
150 173 186 196 249 253 289 318 343 444 457 508 513 520 530 541 543 550 589 594 629 667 680 701 728 749 762 819 839 846 850 873 912 920 942 943 962 967 1000 1023 1057 1091 1108 1135 1150 1177 1182 1188 1250 1270 1277 1287 1299 
22 41 56 79 84 92 132 136 138 151 154 194 204 232 235 262 274 308 338 360 376 383 412 418 455 459 467 478 496 523 543 582 643 657 663 664 675 679 687 693 702 716 724 736 740 765 778 799 800 810 861 862 869 872 901 904 919 924 927 939 940 956 959 984 987 988 1017 1026 1027 1030 1033 1034 1044 1060 1063 1075 1081 1090 1096 1115 1118 1119 1137 1155 1160 1161 1168 1176 1183 1194 1199 1201 1206 1220 1245 1246 1263 1286 
36 54 111 121 122 146 188 198 220 235 255 282 298 306 316 352 359 361 366 401 409 422 437 452 482 484 486 542 569 589 603 628 634 639 649 658 702 709 717 771 774 788 794 796 812 830 854 859 862 896 916 928 935 951 967 985 1038 1042 1070 1074 1089 1100 1101 1109 1129 1138 1154 1169 1170 1173 1184 1204 1208 1214 1219 1234 1239 1253 1269 1277 
94 117 216 227 304 317 366 396 398 450 565 591 611 620 652 682 737 738 752 756 806 823 833 835 849 862 864 880 902 918 978 1015 1050 1070 1077 1084 1164 1173 1180 1191 1285 
85 103 129 139 236 279 307 405 459 491 504 518 545 591 677 700 730 763 773 789 816 833 835 849 862 918 955 1123 1161 1164 1171 1209 1212 
26 49 101 113 153 167 176 222 237 240 245 272 291 367 408 446 455 490 493 512 570 575 584 620 696 738 742 794 803 808 827 835 838 862 880 886 938 960 989 1143 1162 1177 1212 1225 1258 1282 
38 51 95 114 185 272 311 320 331 353 377 380 387 396 488 517 522 563 592 694 699 735 737 738 739 754 770 835 843 862 867 869 880 885 917 923 931 941 957 968 990 995 1042 1058 1073 1076 1105 1112 1218 1233 1275 1277 1285 
63 88 138 220 246 268 302 307 371 409 458 465 477 484 494 495 501 549 599 644 656 668 672 679 743 750 833 856 860 871 875 934 936 948 955 991 1015 1019 1029 1036 1040 1065 1067 1094 1107 1147 1153 1168 1170 1173 1209 1282 
53 66 76 92 136 147 180 201 252 272 289 310 332 345 360 372 383 418 456 480 489 599 600 602 640 657 660 671 686 693 700 702 711 739 756 760 784 807 817 860 881 895 899 915 959 983 1001 1005 1006 1007 1025 1030 1037 1041 1047 1068 1096 1101 1112 1127 1134 1143 1144 1150 1170 1184 1185 1241 1251 1265 1283 1284 1286 1290 1297 
63 77 130 165 168 178 181 213 215 244 297 309 330 395 438 444 499 510 541 557 579 637 676 681 727 729 742 749 779 781 805 836 888 906 969 999 1049 1051 1054 1097 1136 1149 1202 1208 1257 1293 
8 42 99 117 140 141 171 185 204 222 312 342 353 377 387 399 416 430 442 445 468 478 520 527 544 587 593 611 641 663 685 693 706 712 716 737 739 741 745 750 799 803 819 829 836 856 866 868 872 899 906 915 947 961 968 971 976 988 1002 1033 1044 1060 1071 1073 1092 1097 1112 1116 1117 1122 1131 1137 1158 1161 1179 1181 1201 1219 1233 1240 1243 1256 1266 1283 1284 1294 
88 96 138 173 198 210 231 246 268 270 302 322 371 392 407 411 448 458 461 465 477 544 549 553 568 593 599 627 632 641 644 656 668 703 739 743 750 786 833 856 860 866 875 899 934 948 961 1004 1015 1019 1029 1036 1040 1065 1067 1094 1099 1110 1158 1161 1163 1170 1173 1175 1181 1256 1282 
19 42 58 73 86 94 113 116 185 206 216 218 226 227 265 278 291 315 320 331 353 377 380 387 396 398 450 472 520 551 587 591 606 611 620 627 652 678 682 699 726 737 739 768 784 803 806 831 835 843 849 864 880 885 899 902 910 915 931 957 979 998 1001 1015 1050 1073 1077 1098 1112 1143 1164 1166 1180 1190 1191 1218 1224 1233 1236 1281 1283 1297 
11 29 31 50 52 59 62 64 72 75 76 80 91 107 135 138 153 166 191 195 201 254 256 266 285 287 290 312 330 333 335 341 356 388 393 406 413 419 421 428 441 443 464 467 477 481 483 485 489 498 507 511 529 538 553 573 580 588 590 599 609 631 634 645 648 659 660 662 669 672 675 679 686 690 698 707 710 712 724 725 727 730 753 762 765 772 779 786 805 810 825 839 845 858 871 885 903 913 914 922 929 936 942 955 958 975 982 983 986 993 997 1003 1005 1016 1018 1022 1024 1025 1026 1027 1034 1049 1055 1060 1081 1082 1085 1104 1106 1107 1120 1135 1137 1141 1146 1147 1152 1153 1154 1182 1184 1196 1208 1210 1213 1219 1228 1232 1237 1238 1251 1257 1262 1265 1277 1280 1293 1295 1300 
72 97 153 222 229 304 312 333 399 416 430 445 481 483 526 611 829 856 868 906 947 1001 1055 1071 1085 1092 1104 1106 1116 1120 1135 1137 1195 1213 1228 1237 1266 1284 1294 
10 82 144 238 261 320 389 394 512 519 521 609 610 680 688 714 748 792 809 811 812 825 826 851 905 935 945 954 1009 1014 1020 1051 1101 1179 1200 1220 1260 
4 15 31 59 62 72 92 107 111 135 147 195 196 201 220 229 256 269 272 282 285 310 345 356 404 441 448 464 467 480 487 492 493 556 565 594 600 602 603 657 671 675 679 690 702 723 756 765 772 806 810 858 878 936 938 959 981 985 986 996 1001 1017 1018 1026 1034 1037 1041 1060 1068 1074 1081 1082 1096 1101 1135 1136 1137 1156 1170 1185 1210 1219 1230 1251 1286 1290 1291 
6 48 53 55 64 68 91 112 125 131 133 175 188 202 211 228 233 239 242 248 256 263 266 287 290 295 302 303 324 348 383 415 419 422 437 448 452 459 485 492 498 503 511 516 529 573 580 585 597 603 604 607 618 669 673 692 700 705 710 713 717 722 728 733 738 782 788 791 797 801 825 839 884 892 951 958 963 965 972 975 989 992 1003 1005 1024 1026 1027 1030 1042 1053 1059 1078 1088 1089 1100 1101 1121 1129 1130 1138 1139 1165 1169 1174 1184 1187 1204 1219 1229 1239 1248 1253 1258 1262 1276 1284 1295 1298 
14 15 18 82 96 134 143 179 207 210 231 270 295 322 329 382 392 407 411 417 426 431 454 461 484 544 546 551 553 565 590 605 610 625 681 703 714 719 731 733 758 763 784 787 804 811 851 853 866 914 949 953 954 961 1004 1035 1036 1058 1080 1083 1084 1085 1088 1099 1110 1127 1158 1159 1163 1166 1167 1175 1231 1256 1285 1286 
33 35 37 42 48 63 68 83 85 88 98 112 125 131 138 155 178 185 200 202 228 233 247 248 251 256 263 264 296 327 348 353 364 377 381 387 458 465 466 474 475 477 484 495 497 500 502 507 516 532 534 538 549 568 584 585 587 592 604 618 635 638 640 650 662 668 672 695 711 725 728 733 734 737 743 745 753 782 785 803 818 839 847 858 867 870 871 874 875 884 914 915 927 934 936 937 940 948 952 955 956 963 972 975 983 989 991 996 1008 1019 1028 1029 1040 1062 1065 1067 1070 1073 1078 1094 1109 1112 1126 1129 1133 1140 1146 1147 1152 1153 1154 1168 1171 1178 1182 1187 1189 1193 1209 1214 1217 1233 1243 1276 1282 1287 1298 
3 14 15 18 33 58 112 125 142 146 150 173 189 203 218 249 253 273 289 295 318 323 329 333 364 365 386 398 407 423 431 449 454 457 473 477 481 483 484 495 507 508 520 530 538 542 560 565 576 578 589 596 620 622 629 630 640 652 662 672 681 711 714 728 737 753 758 760 762 763 774 804 819 825 839 846 871 873 902 907 912 914 915 936 942 943 955 956 962 967 983 984 1000 1006 1008 1028 1050 1055 1074 1077 1080 1083 1084 1085 1091 1092 1104 1106 1120 1127 1133 1147 1150 1153 1154 1159 1171 1177 1182 1191 1209 1214 1222 1228 1231 1234 1250 1277 1286 1287 1298 
17 30 34 72 106 135 151 161 164 195 221 270 286 296 313 314 335 336 338 356 368 391 447 467 494 499 511 541 572 573 582 617 633 654 661 675 679 690 697 701 720 721 730 747 755 757 768 772 780 810 820 846 858 869 876 878 892 896 906 908 911 974 995 1011 1021 1026 1032 1045 1046 1066 1082 1136 1137 1182 1188 1205 1221 1224 1246 1259 1292 1298 
143 192 239 277 284 354 376 402 426 432 453 527 543 559 583 603 623 653 666 674 704 711 746 761 822 865 999 1010 1013 1022 1035 1064 1068 1092 1145 1206 1222 1247 1288 
25 34 36 102 118 124 179 300 330 349 373 403 407 443 456 507 537 539 546 558 601 631 662 698 716 726 744 770 787 796 846 851 853 877 885 908 918 929 982 994 1022 1026 1038 1085 1104 1106 1114 1120 1131 1132 1141 1188 1201 1213 1259 
58 122 156 188 217 350 362 406 427 429 471 476 479 535 538 581 649 655 769 771 775 815 827 841 852 855 877 885 889 894 898 932 964 973 981 1031 1052 1072 1086 1095 1102 1103 1125 1142 1150 1157 1167 1192 1207 1215 1223 1230 1267 1272 1291 
18 163 229 239 332 334 349 376 403 443 456 536 537 540 548 558 601 631 666 715 732 757 767 796 832 851 853 859 878 924 929 973 994 1013 1038 1064 1069 1114 1130 1145 1186 1190 1226 1244 1247 1275 1278 
66 76 96 135 140 141 143 171 173 180 198 210 231 252 270 289 322 332 372 392 407 411 448 456 461 478 544 551 553 586 590 599 632 640 641 657 663 693 703 706 711 716 739 741 772 784 786 799 807 817 819 829 866 872 881 895 961 971 976 988 1002 1004 1006 1007 1033 1036 1044 1047 1060 1068 1080 1082 1099 1110 1131 1134 1136 1137 1143 1144 1158 1161 1163 1175 1181 1239 1241 1251 1265 1283 1284 1286 1294 1297 
29 50 52 75 80 162 186 187 196 318 319 341 343 388 393 400 407 413 421 444 513 543 569 573 588 648 659 667 693 712 762 786 811 850 854 913 920 942 943 944 969 986 993 997 1011 1023 1029 1057 1108 1196 1222 1232 1237 1238 1270 1299 1300 
65 93 104 121 122 128 153 156 166 187 206 208 222 233 237 243 321 344 362 363 366 369 394 431 433 439 440 451 462 476 477 525 528 559 560 566 567 582 606 612 623 626 630 649 661 669 721 751 760 771 828 833 861 863 889 891 894 913 921 925 932 944 947 951 965 966 967 980 985 1056 1086 1093 1095 1121 1125 1130 1132 1139 1178 1186 1190 1198 1214 1223 1242 1258 1264 1271 1273 1289 
8 23 40 43 63 96 98 109 151 172 186 187 190 196 198 208 210 213 231 299 300 301 318 322 343 347 351 364 370 385 392 402 406 407 411 435 444 461 465 491 513 515 544 549 571 573 590 594 610 625 637 651 667 670 672 693 703 716 743 749 767 790 792 793 806 840 845 850 860 875 883 889 899 900 910 912 920 926 942 943 948 949 959 961 977 1004 1019 1020 1023 1027 1029 1036 1039 1042 1047 1048 1057 1062 1099 1105 1108 1109 1110 1113 1122 1128 1148 1149 1158 1162 1163 1168 1175 1186 1202 1213 1220 1222 1227 1237 1240 1256 1261 1270 1275 1279 1294 1299 
85 87 97 100 103 129 139 174 209 236 241 246 255 279 304 307 317 325 393 405 491 492 504 509 518 531 545 547 574 587 608 632 654 656 677 700 730 737 763 766 773 777 789 801 816 821 836 842 854 864 896 901 918 933 937 939 946 974 978 990 996 1053 1071 1077 1087 1098 1109 1123 1140 1161 1173 1195 1197 1204 1219 1239 1243 1253 1285 1295 1296 
3 36 39 45 55 67 76 87 105 133 136 139 146 155 158 159 171 175 191 206 211 212 239 242 246 259 269 294 295 303 316 324 326 330 351 365 367 379 383 384 392 399 402 415 418 422 432 460 461 476 491 501 506 509 515 527 539 554 569 573 578 583 594 596 603 607 631 683 696 700 702 705 715 722 738 764 776 784 790 791 797 802 806 825 837 840 861 865 879 884 885 901 915 922 926 938 951 959 977 991 992 995 1009 1010 1022 1026 1027 1030 1039 1053 1059 1062 1064 1068 1075 1079 1081 1088 1105 1107 1130 1133 1135 1139 1141 1149 1151 1165 1174 1197 1202 1211 1212 1229 1240 1242 1248 1264 1280 1294 
92 147 201 229 310 345 351 404 416 430 448 480 526 600 602 603 611 639 657 671 702 756 856 860 868 959 1001 1005 1018 1037 1041 1092 1096 1101 1116 1170 1185 1266 1284 1290 1294 
14 59 76 85 103 129 134 138 139 158 166 167 179 181 207 226 236 244 265 279 309 318 382 395 400 405 417 426 428 434 438 454 459 463 484 489 491 499 504 518 545 551 568 579 583 602 605 609 640 645 660 676 677 686 707 724 727 731 779 781 789 800 801 803 805 816 856 858 871 888 892 931 953 983 999 1006 1010 1012 1025 1047 1049 1060 1076 1077 1096 1107 1117 1123 1135 1136 1141 1143 1166 1167 1177 1184 1188 1211 1224 1236 1257 1265 1267 1285 1293 
158 171 206 212 246 268 302 371 379 399 409 458 465 477 527 539 549 569 573 583 599 631 644 668 673 683 705 710 715 743 750 792 802 833 856 861 865 875 885 909 934 948 955 995 1010 1019 1022 1024 1029 1040 1065 1067 1068 1075 1094 1105 1107 1133 1161 1165 1168 1173 1176 1206 1211 1280 
27 32 35 50 54 61 126 130 170 223 250 260 283 316 335 339 357 413 457 463 494 552 562 569 616 642 646 678 795 811 814 842 876 895 897 919 952 993 1032 1045 1066 1111 1172 1182 1224 1232 1243 1255 1268 1274 1280 1289 1300 
29 50 52 75 80 93 116 162 201 254 312 319 321 341 344 357 366 369 388 393 400 413 421 431 440 451 462 464 477 525 528 560 566 569 582 588 606 631 648 659 683 712 730 811 854 891 913 925 965 966 967 969 980 986 993 997 1016 1018 1037 1056 1068 1093 1111 1125 1132 1170 1196 1211 1223 1228 1232 1238 1242 1264 1268 1291 1300 
