8 15 46 64 71 73 77 81 118 137 160 305 346 354 552 602 679 
2 39 68 93 143 166 171 183 188 202 209 217 306 335 340 353 407 439 458 465 473 639 
29 110 112 116 119 121 125 145 151 193 199 217 292 323 344 363 386 421 430 432 452 475 506 508 513 530 531 545 548 564 572 585 621 646 656 663 674 
3 34 43 48 63 80 100 102 118 124 170 173 175 190 198 201 221 227 242 259 265 272 273 279 297 309 315 320 321 328 342 346 357 384 387 392 397 458 468 483 496 514 518 535 554 570 598 606 609 624 632 667 669 675 679 691 692 
28 64 65 71 73 77 81 103 115 136 137 229 233 237 266 300 305 379 385 387 401 402 426 466 499 501 507 514 519 535 539 542 550 552 569 602 603 610 612 622 632 642 653 673 680 
11 41 50 76 83 100 102 118 133 150 159 201 217 219 220 235 242 265 279 291 294 307 313 320 321 324 328 342 357 371 391 514 518 554 609 624 632 645 667 668 679 691 692 
32 51 69 95 98 111 142 164 198 212 214 235 275 296 301 346 350 352 378 386 410 414 423 429 515 517 521 524 532 539 540 551 557 582 586 588 594 598 627 677 681 690 
2 28 66 88 96 106 108 117 153 173 199 205 216 225 227 229 238 247 252 257 259 264 269 285 299 350 358 360 372 379 380 383 386 387 390 396 399 410 420 424 438 444 449 465 466 495 511 565 566 604 612 617 669 688 693 
30 32 49 61 70 80 104 113 124 167 174 176 198 212 221 254 255 260 297 298 304 309 315 326 333 378 389 397 468 469 479 483 496 497 500 509 516 517 522 528 529 558 559 570 600 606 619 631 657 
17 18 58 62 94 136 155 158 185 206 212 213 226 251 255 261 303 308 316 317 318 336 368 374 385 392 393 405 425 426 430 434 450 456 486 490 499 529 544 550 555 556 568 580 581 596 599 600 603 607 608 616 636 637 641 644 647 648 649 653 661 
13 55 57 61 62 67 84 91 92 94 124 126 135 144 165 169 189 215 223 228 233 236 243 268 276 278 282 283 287 288 293 310 319 327 348 350 354 357 361 377 383 384 433 485 488 498 508 513 535 554 557 578 587 589 590 592 605 612 623 640 651 685 697 
19 61 72 147 160 172 186 221 230 250 263 281 322 330 332 345 357 384 395 411 428 480 489 524 564 591 610 623 649 
40 101 106 109 134 168 178 181 190 204 207 210 222 231 236 240 253 255 258 272 289 296 304 314 321 338 339 345 408 423 432 460 462 464 466 491 504 510 512 529 542 546 562 574 580 593 595 631 633 634 664 676 684 
25 45 64 83 100 102 103 118 136 170 190 198 201 207 219 220 222 227 235 236 242 253 258 265 266 272 279 289 291 294 307 313 320 321 324 328 338 339 342 345 357 371 385 391 401 408 409 423 432 460 462 464 491 504 507 512 514 518 519 546 550 552 554 562 569 574 593 595 602 605 609 622 624 632 634 635 642 645 667 673 675 679 684 691 692 
2 22 28 40 57 58 65 75 84 95 96 98 103 106 108 115 117 135 136 143 148 153 165 169 173 185 189 195 196 199 204 205 209 215 216 221 223 224 225 229 233 237 238 245 250 252 257 264 266 269 274 278 282 283 285 288 293 299 300 305 306 316 321 322 335 340 341 348 350 354 358 361 372 377 379 380 383 384 385 387 390 396 399 401 407 410 411 424 429 438 439 444 449 460 465 466 475 480 485 488 491 495 501 506 507 508 514 519 535 537 539 543 550 552 554 557 565 569 578 589 590 592 602 603 604 610 612 617 622 623 632 638 639 640 642 669 673 675 676 678 679 680 688 693 
21 58 65 84 89 95 98 111 123 129 148 161 167 170 185 195 204 221 224 229 234 235 242 245 250 251 263 268 274 277 279 284 300 316 318 320 321 322 341 353 378 383 392 395 411 417 419 426 428 429 442 480 481 489 491 499 535 537 539 543 544 554 558 561 568 575 578 581 583 591 603 610 623 629 638 644 653 667 670 671 675 676 679 680 690 695 
74 82 93 136 151 167 184 190 194 207 209 218 222 224 241 250 255 258 260 272 304 327 334 338 339 343 345 353 363 398 408 413 421 422 423 431 432 435 436 460 462 464 465 466 484 497 500 501 504 510 512 523 527 529 546 562 571 574 593 595 600 634 636 639 649 658 664 672 684 
22 34 40 75 89 95 98 111 123 129 135 156 161 163 165 167 169 189 196 214 215 223 233 234 235 268 274 275 277 278 282 283 284 286 288 293 296 310 316 325 327 338 346 348 350 351 352 353 354 361 377 378 384 410 414 417 419 423 433 442 475 481 485 488 499 515 521 532 537 540 543 551 557 558 561 575 576 578 582 583 586 588 589 590 592 593 597 612 627 638 640 645 662 670 671 677 679 681 690 695 
58 84 101 107 131 156 163 179 180 185 187 191 195 200 208 236 237 245 249 267 271 286 293 302 312 336 347 351 362 367 385 400 402 404 409 411 416 427 429 440 442 446 453 466 472 480 491 492 493 494 499 502 506 511 517 524 531 542 554 565 579 580 596 597 601 623 630 632 633 644 645 650 661 662 666 675 
33 59 74 90 97 99 105 128 132 141 177 211 224 237 239 241 256 280 295 302 325 364 365 366 435 443 445 448 451 467 474 475 477 478 482 505 511 522 523 525 560 573 576 602 611 620 627 643 652 654 655 657 660 661 687 698 699 
4 5 9 14 33 42 45 53 59 62 67 74 90 97 99 102 105 128 132 141 145 224 239 241 256 295 301 325 364 365 433 435 445 448 451 454 475 482 501 505 508 511 522 525 536 560 571 573 602 605 611 627 654 655 657 661 698 699 
138 139 167 209 272 310 331 336 337 349 356 359 370 406 421 423 430 454 473 476 558 563 635 639 655 657 
1 5 20 27 28 34 37 38 44 56 57 60 65 79 86 114 119 120 123 145 146 149 154 157 160 174 178 182 229 232 248 259 261 289 290 311 329 355 369 373 381 382 388 390 394 403 410 412 415 420 421 427 432 435 437 441 447 459 463 470 471 498 503 507 509 510 526 538 549 553 555 567 613 614 615 616 625 628 645 659 698 699 
30 32 49 61 70 80 104 113 167 174 176 190 204 207 212 222 236 253 254 255 258 272 289 296 298 304 314 321 326 333 338 339 378 389 408 423 432 462 464 469 479 497 504 509 512 516 517 522 528 529 546 558 559 562 570 574 593 595 619 631 634 657 664 684 
74 82 93 136 151 167 184 194 218 224 241 250 255 260 304 327 334 343 353 363 364 398 413 421 422 431 435 436 465 484 497 500 501 510 523 527 571 600 611 639 649 658 672 
26 31 35 80 85 141 177 211 237 239 268 274 280 295 301 302 365 366 443 445 451 467 474 477 478 523 560 576 583 611 620 643 652 660 687 
29 110 112 116 119 121 125 145 151 193 199 217 292 323 344 363 386 430 432 452 475 506 508 513 530 531 545 548 564 572 585 621 646 656 663 674 
24 48 54 87 123 175 178 190 235 257 262 273 282 286 297 305 309 314 315 376 397 409 458 461 468 483 487 496 533 536 537 557 558 584 606 617 638 678 686 696 
16 22 23 36 101 103 107 115 178 179 187 190 204 207 208 222 233 236 237 240 249 251 253 255 258 266 267 271 272 289 293 302 304 305 314 321 336 338 339 345 367 379 385 387 392 400 401 404 408 416 423 432 446 453 460 462 464 466 491 492 494 501 504 507 510 512 516 519 529 531 535 542 546 550 552 562 569 574 580 593 595 601 610 622 632 633 634 642 650 664 666 667 673 684 
28 66 88 103 108 117 153 173 205 225 227 238 247 259 264 269 285 299 358 360 379 383 386 387 396 397 399 401 420 424 438 444 465 495 511 514 550 552 565 566 569 604 617 622 669 673 688 693 
33 59 62 74 93 97 99 105 128 132 141 145 151 172 194 207 222 224 239 241 253 255 256 260 295 302 304 325 338 339 343 364 365 408 423 435 445 448 451 457 460 462 464 475 482 484 491 500 504 505 510 511 512 520 522 525 527 534 541 546 560 562 571 573 574 577 593 595 602 611 627 629 634 654 655 657 661 664 672 683 684 689 694 698 699 700 
7 10 109 122 127 130 134 168 181 210 231 241 314 321 442 546 591 644 699 
6 12 17 18 40 44 75 78 94 103 115 117 119 120 123 131 135 136 140 146 152 155 156 160 162 163 165 169 172 174 178 180 189 191 196 200 203 215 223 226 236 237 248 250 251 259 261 266 270 274 278 282 283 286 288 289 290 303 311 312 316 325 327 329 347 348 350 351 354 361 362 369 374 375 376 377 381 382 384 385 388 390 392 393 394 401 402 410 412 418 420 425 426 427 430 435 440 441 442 447 450 455 456 459 463 470 472 475 485 488 490 493 497 498 499 501 502 507 508 509 511 513 517 519 524 526 531 535 537 538 543 544 547 549 550 552 553 556 557 564 565 567 569 578 579 581 589 590 592 596 597 599 601 610 612 613 615 616 617 618 622 626 628 630 632 637 638 640 642 645 648 653 659 661 662 665 668 673 675 679 682 686 698 699 
5 32 47 52 74 98 111 123 124 129 161 170 172 192 195 197 234 235 244 246 277 284 286 295 300 302 310 316 322 341 353 363 411 417 419 429 457 481 505 520 534 539 541 543 554 558 561 575 577 583 623 627 629 670 671 676 680 683 689 694 695 696 700 
