1 388 261 510 526 146 20 149 28 420 38 567 65 329 459 86 613 614 625 114 503 381 382 
129 277 284 670 543 671 417 34 161 419 561 695 442 575 325 583 89 95 481 234 111 638 
96 449 2 612 229 199 106 173 466 372 117 252 565 216 379 380 350 
640 135 22 278 282 283 288 165 169 189 196 75 589 590 592 215 348 223 485 488 361 377 
407 353 68 166 39 202 171 143 335 209 306 465 340 439 183 188 
386 515 517 521 142 275 532 540 414 164 677 551 296 681 690 51 69 582 586 588 594 214 598 352 
3 259 392 397 272 297 43 175 48 309 315 190 63 198 468 606 483 496 124 
67 4 5 9 42 522 45 14 301 53 501 90 508 605 
131 402 531 662 156 163 180 312 440 191 579 200 597 472 601 347 351 362 236 493 237 502 630 511 
257 262 273 533 536 537 24 286 678 557 686 54 696 584 458 461 87 487 617 
641 647 649 529 405 158 555 303 434 308 568 317 318 62 206 212 213 94 607 608 226 486 616 368 636 255 
520 534 541 170 683 302 47 689 52 694 700 192 577 197 457 74 363 627 244 629 246 
6 12 140 270 152 665 538 162 418 547 40 682 441 447 455 327 203 78 596 470 618 369 626 628 375 376 
651 13 144 276 287 293 685 433 55 697 57 61 319 587 91 92 228 243 126 383 
133 391 11 150 668 159 291 294 41 554 50 307 313 324 76 217 219 220 235 371 
321 130 644 134 7 168 231 10 314 109 241 210 181 122 699 127 
64 160 354 71 8 73 137 679 77 46 15 346 81 305 602 
645 518 265 279 409 25 667 691 692 320 328 201 83 342 609 227 100 357 102 624 242 118 
650 267 271 16 400 404 23 666 542 416 36 179 187 446 580 453 208 249 101 107 492 494 367 240 633 
138 139 657 406 421 423 430 558 563 310 454 331 336 337 473 476 349 356 359 370 635 639 
648 393 653 17 18 661 155 544 425 426 556 450 581 456 599 490 499 374 251 637 
384 230 263 72 489 330 395 332 428 524 591 172 19 147 564 281 186 221 
128 256 132 525 654 655 141 33 560 59 573 445 448 451 97 482 611 99 105 364 365 239 505 
264 396 269 399 153 669 285 424 299 688 693 566 438 444 66 205 88 604 225 358 360 108 238 495 247 
145 403 154 27 157 415 290 37 427 432 437 182 56 60 79 471 355 232 373 
390 394 659 410 412 289 549 553 44 174 178 435 311 698 463 120 615 498 119 248 123 509 
148 21 539 411 675 676 680 300 429 185 58 316 578 195 322 84 341 603 480 224 98 623 245 250 
512 258 664 408 546 684 562 574 204 460 462 207 464 593 338 595 339 345 222 491 504 634 253 
385 642 387 514 519 136 266 401 535 673 550 552 569 610 103 233 622 115 632 507 
260 398 527 658 151 413 672 422 431 436 184 571 194 334 82 343 600 218 93 484 500 
643 523 652 268 274 660 280 26 31 35 295 687 177 443 576 80 467 211 85 474 477 478 620 366 
513 646 656 530 663 29 545 674 548 292 572 193 323 452 585 344 475 621 110 112 116 121 506 125 
516 389 528 30 32 167 298 559 176 49 304 570 326 70 333 469 479 104 619 113 497 631 378 254 
