49 63 73 90 187 210 255 277 326 337 339 341 342 397 409 414 465 486 512 543 575 580 587 593 
8 41 95 100 120 124 153 170 173 179 189 209 245 247 259 263 270 289 290 306 381 398 406 418 436 437 438 440 443 457 462 474 478 509 515 528 569 576 606 608 616 635 641 656 686 691 
25 28 40 44 46 57 67 75 81 89 96 98 99 101 106 113 115 132 133 137 141 143 144 147 151 166 174 180 188 191 209 213 219 220 225 236 237 240 251 260 264 266 268 272 273 279 287 293 295 296 299 311 312 314 318 324 334 337 344 351 367 370 372 377 379 384 388 389 393 396 400 404 408 414 421 431 435 442 463 465 476 479 489 494 501 503 513 518 524 525 538 547 558 568 573 574 577 593 598 611 613 622 627 628 630 643 647 657 658 664 665 666 672 677 681 685 689 700 
15 17 31 32 49 55 59 62 66 70 75 85 103 105 108 123 131 158 162 177 204 214 225 233 249 251 257 258 265 266 267 268 286 305 308 311 320 367 370 372 380 384 404 411 416 419 421 447 452 460 462 465 466 475 476 479 488 489 494 503 524 537 538 541 546 555 559 566 571 574 577 582 589 601 602 609 631 636 638 643 653 657 666 672 682 684 687 693 700 
16 20 21 23 24 40 53 78 84 93 102 104 126 127 135 144 157 183 192 193 223 234 242 250 258 273 274 292 297 306 307 327 334 343 345 352 366 373 375 378 389 406 413 418 423 433 446 450 451 456 461 466 468 471 476 487 490 491 504 506 513 516 519 524 539 549 550 551 572 589 591 603 617 624 628 642 654 678 696 
9 47 57 70 76 88 98 112 120 128 131 140 155 166 176 182 189 213 225 230 247 253 254 256 261 266 268 287 289 291 295 305 344 356 357 367 370 372 379 384 387 398 404 406 414 419 436 440 441 457 465 476 479 489 494 503 509 511 521 524 530 538 544 546 547 562 564 569 574 576 583 586 587 595 606 608 615 628 630 633 634 635 636 641 643 655 657 661 666 668 672 691 700 
2 6 19 26 42 44 46 60 67 81 87 94 96 106 113 116 133 137 139 140 141 147 148 151 157 164 180 199 218 220 235 236 237 240 248 251 252 260 264 269 287 293 311 314 318 319 321 322 324 337 341 350 355 379 388 408 415 432 435 454 463 469 478 480 486 498 499 523 529 534 554 558 564 570 575 577 580 590 593 596 600 606 608 610 618 628 639 640 647 664 665 669 680 681 682 689 697 
27 37 39 47 54 61 69 74 75 77 89 102 109 119 134 138 154 159 163 168 172 181 195 196 197 205 211 221 225 228 241 242 251 278 281 298 300 311 322 325 327 329 333 346 348 359 361 365 366 370 371 380 387 392 411 418 423 429 439 447 449 458 466 470 472 475 495 498 500 508 519 521 526 528 532 533 539 545 555 557 560 572 578 579 590 604 609 611 613 620 629 643 648 653 657 663 667 668 671 673 675 678 683 688 
54 61 69 77 115 143 163 168 172 181 188 195 197 198 209 241 272 278 279 281 296 298 300 329 333 346 351 358 359 368 369 429 439 495 519 526 528 532 533 547 598 655 658 663 667 673 678 687 698 
40 114 125 127 135 144 167 193 218 223 250 264 283 307 328 334 345 352 378 381 406 407 408 413 414 433 448 470 472 491 513 520 524 526 540 548 549 551 567 572 597 610 617 619 628 637 638 642 648 662 
3 12 15 36 45 48 51 52 75 89 91 97 99 101 119 122 129 136 145 152 154 169 174 183 188 198 200 206 209 211 215 224 227 241 243 244 271 272 275 276 279 296 299 305 316 321 325 336 342 351 358 360 364 376 377 392 393 394 395 396 400 407 412 417 418 425 431 434 442 445 449 456 458 459 461 466 467 472 476 483 487 501 503 505 507 508 510 514 525 526 527 531 542 545 547 548 549 556 557 559 567 568 571 573 578 594 609 611 616 620 622 627 637 645 648 649 651 656 658 670 674 675 679 684 685 687 688 695 
30 36 72 76 79 83 85 110 113 117 121 123 125 142 149 165 173 184 191 213 226 231 261 270 285 288 303 304 317 339 347 350 354 376 383 388 389 390 391 403 410 420 426 427 452 453 455 467 476 479 488 497 500 520 521 523 530 535 550 552 584 590 599 605 609 614 619 621 623 625 632 633 636 646 655 659 660 661 682 684 686 692 694 699 
11 25 34 40 44 46 53 54 59 61 65 67 69 81 87 96 97 99 101 106 115 127 129 132 133 135 136 137 141 143 144 147 151 160 174 180 181 188 190 191 193 195 198 199 203 209 218 220 229 237 240 250 251 260 262 264 272 277 278 279 281 282 293 296 298 299 304 307 309 310 311 312 313 314 318 319 323 324 329 330 333 334 335 336 337 338 345 346 351 352 359 362 369 374 377 378 380 386 388 393 395 396 400 401 404 406 408 413 415 421 428 429 431 433 435 438 439 442 459 461 463 469 483 486 491 496 501 503 513 518 522 525 526 527 528 531 532 533 536 545 547 549 551 558 561 566 568 570 573 577 581 588 589 593 597 598 601 610 613 616 622 623 624 626 627 628 634 642 647 652 658 663 664 665 667 672 673 677 678 680 681 685 689 
10 30 31 34 35 36 45 46 49 50 55 56 62 67 72 76 79 81 83 85 87 92 94 96 97 103 105 106 108 110 113 117 121 129 133 136 137 139 141 149 150 151 158 162 164 165 171 177 180 184 199 204 206 214 226 227 231 236 237 238 240 248 249 251 260 264 265 267 270 272 275 286 288 293 294 303 309 311 313 314 317 318 319 322 323 324 328 329 337 339 340 346 348 350 354 357 358 364 368 369 376 378 379 380 383 388 389 392 393 395 401 403 407 408 415 416 419 420 435 440 444 445 451 452 453 454 459 461 462 463 467 476 478 482 483 488 499 505 518 523 527 534 535 537 541 543 545 546 548 550 556 558 559 561 570 571 575 577 578 580 584 588 589 590 593 599 602 605 606 614 618 623 625 636 638 639 640 645 647 648 649 651 652 655 660 661 664 665 666 672 677 681 684 686 687 688 689 692 693 695 696 
4 28 37 38 41 47 51 56 58 72 74 95 102 111 114 120 125 126 130 142 153 159 165 167 170 179 185 189 196 201 202 205 206 209 212 216 221 226 228 229 232 245 246 247 251 259 263 265 270 280 283 284 285 289 290 315 328 347 348 349 362 363 371 380 381 398 399 410 411 417 418 422 424 426 428 436 437 438 440 443 448 449 455 462 464 472 474 484 489 495 497 509 520 521 530 540 552 553 565 567 572 576 585 596 599 606 607 610 616 619 620 626 632 635 642 656 662 691 696 
29 35 36 50 54 61 77 97 107 122 129 132 136 137 142 154 163 165 168 172 173 181 185 191 192 195 197 209 212 222 226 227 230 232 241 242 246 275 278 285 291 298 300 304 331 333 345 346 347 358 359 364 369 376 385 390 391 395 399 401 407 410 418 422 426 427 429 437 439 444 445 454 455 456 459 461 482 483 497 500 505 506 519 520 521 526 530 532 533 542 545 548 556 561 578 585 588 591 601 607 610 615 619 621 625 632 633 645 646 648 649 651 659 663 667 668 673 678 684 688 694 695 698 699 
22 44 56 57 67 70 76 87 92 94 96 103 106 122 131 133 137 139 147 150 152 154 164 165 166 173 178 191 199 209 218 219 220 226 227 232 237 238 240 241 248 251 252 266 268 285 287 295 299 304 305 309 311 313 322 323 329 340 343 350 357 364 367 372 375 379 380 384 390 391 392 403 410 414 415 421 432 435 444 447 451 454 455 463 465 476 478 479 489 494 498 499 500 513 518 520 521 523 524 527 534 538 542 546 556 558 559 562 570 574 580 581 582 585 618 619 623 630 639 640 643 647 648 649 651 652 657 664 665 666 672 677 681 689 693 694 699 700 
9 30 31 32 34 35 45 46 47 49 50 66 74 97 102 108 119 122 123 129 134 136 152 154 158 162 177 196 204 205 206 211 214 221 222 227 249 257 265 267 275 283 286 308 313 320 321 325 348 358 361 364 365 370 371 376 378 392 395 401 407 411 416 418 436 444 445 449 456 458 459 460 461 472 475 482 483 495 500 505 508 521 526 537 542 545 546 548 556 557 559 561 578 579 588 589 594 602 603 604 613 620 629 631 636 638 645 648 649 651 667 670 671 675 683 687 688 693 695 696 
5 7 18 33 63 64 68 73 90 95 100 107 125 127 128 137 142 156 165 173 175 176 185 186 187 191 208 209 210 212 217 226 230 232 246 255 277 282 285 291 300 301 304 310 326 332 339 341 345 346 347 353 357 362 372 374 382 385 387 390 391 397 399 401 409 410 418 419 426 427 429 437 441 446 447 455 463 465 468 477 479 486 497 499 500 506 512 514 520 521 530 537 543 563 575 580 585 587 607 609 610 617 619 621 625 632 633 634 642 643 644 646 650 659 671 680 694 699 
1 9 13 17 31 32 38 43 49 51 55 56 62 66 70 71 82 86 88 108 109 111 118 120 123 124 125 128 140 143 146 153 155 158 161 162 167 170 176 177 179 182 184 189 194 202 204 207 214 216 223 225 229 230 233 239 245 249 253 254 256 257 261 263 265 267 270 271 286 289 290 291 294 295 301 307 308 319 320 328 337 349 356 357 362 363 379 381 384 387 398 411 416 419 422 424 425 430 434 436 438 440 441 448 457 460 462 464 474 475 478 481 484 485 488 492 509 511 515 521 537 538 540 541 544 546 547 551 553 562 565 567 569 571 576 582 583 586 587 589 594 595 599 602 603 604 608 610 615 616 626 629 631 633 634 635 636 638 641 642 653 655 656 662 668 670 684 687 691 693 698 
14 37 39 47 57 64 70 74 75 76 87 89 94 98 100 102 108 109 119 131 132 134 138 156 159 160 164 166 175 176 177 178 186 194 196 199 203 205 208 211 213 217 219 221 223 225 228 238 251 252 258 262 266 268 271 282 287 294 295 301 303 305 309 310 313 322 324 325 329 330 332 335 340 344 348 349 353 357 361 362 365 367 370 372 379 380 382 384 385 386 389 390 392 403 404 411 414 415 418 421 427 428 434 447 449 451 454 458 465 466 468 472 476 477 478 479 489 494 495 496 498 499 503 508 514 515 518 522 523 524 527 534 538 543 550 555 557 559 562 563 566 570 572 574 579 580 581 582 584 594 597 598 599 602 604 609 613 617 620 627 629 630 634 639 640 643 644 651 652 654 657 665 666 672 675 677 680 681 683 693 695 698 699 700 
23 24 53 77 84 102 104 171 183 195 220 222 228 234 238 239 273 284 302 310 331 343 362 373 402 405 417 418 423 432 447 468 470 471 473 487 490 493 495 502 504 516 517 535 540 552 560 583 591 592 603 612 617 624 654 676 690 696 
24 54 59 61 69 77 78 93 103 126 157 163 168 172 181 192 195 197 229 241 242 258 274 278 281 292 296 297 298 300 306 322 327 333 346 350 358 359 366 368 369 383 417 429 432 439 446 450 453 466 473 495 506 516 519 526 528 532 533 539 601 610 631 655 663 667 673 678 
9 20 21 23 28 35 36 38 51 53 56 58 65 72 80 84 97 104 111 112 114 122 125 126 129 130 132 152 154 160 167 171 183 195 201 202 203 206 216 220 222 227 229 231 234 239 245 262 273 275 280 282 283 284 302 310 311 315 328 330 331 335 336 338 343 349 362 363 364 368 371 373 374 381 386 387 392 395 401 402 405 407 411 417 419 421 423 424 428 432 436 441 444 445 447 448 456 459 461 464 466 468 470 471 473 476 481 482 483 484 487 490 493 495 496 502 504 505 511 514 517 522 532 535 536 540 542 544 545 548 552 553 556 558 559 560 561 562 565 566 567 578 581 583 588 591 592 596 597 601 603 610 612 617 624 626 634 639 643 645 648 649 651 653 654 662 676 688 690 695 696 
