0	1	5
0	2	7
0	3	3
0	4	2
0	6	3
0	7	1
0	8	2
0	9	3
0	10	6
0	11	4
0	12	1
0	14	1
0	18	3
0	19	1
0	20	1
0	21	2
0	22	1
0	23	4
0	24	6
0	25	2
0	26	1
0	27	3
0	28	1
0	29	1
0	30	2
0	31	3
0	33	2
0	34	3
0	35	1
0	36	4
0	38	1
0	39	3
0	40	3
0	41	2
0	42	3
0	44	3
0	45	3
0	46	1
0	47	1
0	48	1
0	49	1
0	50	3
0	51	1
0	52	1
0	53	3
0	55	5
0	56	1
0	59	3
0	60	1
0	61	7
0	62	1
0	63	1
0	64	1
0	67	2
0	68	5
0	69	2
0	70	1
1	2	6
1	3	2
1	4	1
1	5	2
1	6	3
1	7	3
1	8	4
1	9	7
1	10	4
1	11	4
1	12	3
1	13	2
1	14	3
1	15	5
1	16	2
1	17	2
1	18	3
1	19	5
1	20	4
1	21	4
1	22	4
1	23	2
1	25	7
1	26	4
1	27	5
1	28	4
1	29	1
1	30	5
1	31	1
1	32	4
1	33	3
1	34	4
1	35	3
1	36	8
1	37	1
1	38	1
1	39	8
1	40	8
1	41	3
1	42	5
1	43	3
1	44	4
1	45	2
1	47	1
1	48	1
1	49	7
1	50	2
1	51	2
1	52	5
1	53	5
1	54	2
1	55	3
1	56	1
1	57	3
1	58	5
1	59	4
1	60	3
1	61	7
1	62	4
1	63	3
1	64	4
1	65	3
1	67	1
1	68	1
1	69	3
1	70	6
2	3	3
2	4	1
2	5	6
2	7	1
2	8	2
2	9	8
2	10	8
2	11	6
2	12	4
2	13	2
2	15	4
2	16	1
2	17	1
2	18	2
2	19	4
2	20	5
2	21	4
2	22	6
2	23	6
2	24	2
2	25	2
2	26	10
2	27	5
2	28	7
2	29	1
2	30	1
2	31	2
2	33	3
2	34	3
2	35	1
2	36	8
2	37	2
2	38	7
2	39	9
2	40	5
2	41	5
2	42	3
2	43	6
2	44	8
2	45	6
2	48	5
2	49	6
2	50	1
2	51	4
2	52	5
2	53	10
2	54	2
2	55	5
2	56	3
2	57	1
2	58	9
2	59	3
2	60	7
2	61	1
2	62	3
2	63	4
2	64	3
2	65	2
2	66	6
2	67	3
2	69	3
3	4	5
3	5	2
3	6	1
3	7	2
3	8	3
3	9	2
3	10	4
3	11	3
3	12	2
3	14	1
3	15	6
3	16	2
3	18	4
3	20	3
3	21	4
3	22	2
3	23	3
3	24	3
3	25	4
3	26	3
3	27	3
3	28	2
3	29	1
3	30	2
3	31	5
3	32	1
3	33	5
3	34	8
3	36	4
3	37	1
3	38	3
3	39	3
3	40	1
3	41	5
3	42	2
3	43	5
3	44	1
3	45	1
3	47	1
3	48	2
3	49	2
3	50	2
3	51	4
3	52	3
3	53	2
3	54	6
3	55	8
3	56	2
3	57	1
3	58	3
3	59	6
3	60	2
3	61	1
3	62	1
3	63	8
3	64	9
3	65	1
3	66	3
3	67	5
3	68	2
3	70	2
4	6	4
4	7	2
4	9	2
4	10	1
4	11	2
4	12	2
4	13	1
4	15	2
4	16	3
4	17	1
4	18	1
4	19	1
4	20	2
4	22	1
4	23	1
4	25	4
4	26	1
4	27	2
4	28	2
4	31	2
4	32	2
4	33	1
4	34	5
4	35	1
4	36	2
4	38	1
4	39	4
4	40	1
4	41	2
4	43	2
4	44	4
4	45	2
4	47	4
4	48	4
4	49	1
4	51	2
4	53	3
4	54	3
4	55	1
4	58	1
4	59	2
4	60	2
4	61	3
4	62	1
4	63	1
4	64	1
4	66	1
4	67	2
4	69	1
4	70	2
5	6	5
5	7	7
5	8	2
5	9	1
5	10	3
5	11	2
5	12	6
5	13	1
5	14	4
5	15	3
5	16	3
5	17	3
5	18	4
5	19	4
5	20	2
5	21	3
5	22	3
5	23	3
5	25	2
5	26	6
5	27	2
5	28	3
5	29	3
5	30	2
5	31	5
5	32	2
5	33	1
5	34	9
5	35	1
5	36	5
5	37	1
5	38	5
5	39	3
5	40	7
5	41	2
5	42	5
5	43	1
5	44	4
5	45	1
5	46	1
5	47	1
5	49	5
5	50	3
5	51	2
5	52	2
5	53	5
5	54	3
5	55	4
5	56	4
5	57	1
5	58	4
5	59	1
5	60	4
5	61	2
5	62	2
5	63	11
5	64	6
5	65	4
5	66	3
5	67	12
5	68	8
5	69	1
5	70	3
6	7	1
6	8	2
6	9	3
6	10	2
6	11	2
6	12	2
6	14	6
6	17	2
6	18	4
6	19	4
6	20	2
6	21	4
6	22	5
6	23	2
6	25	3
6	26	4
6	27	8
6	28	10
6	29	1
6	30	1
6	31	2
6	32	9
6	33	5
6	34	6
6	35	1
6	36	2
6	37	2
6	38	3
6	39	5
6	40	4
6	41	3
6	42	7
6	43	3
6	44	1
6	45	5
6	46	2
6	47	1
6	48	2
6	49	2
6	50	2
6	51	5
6	52	4
6	53	3
6	54	5
6	56	2
6	57	1
6	58	1
6	59	5
6	60	1
6	61	4
6	62	1
6	63	2
6	64	6
6	65	1
6	66	5
6	67	7
6	68	2
6	69	4
6	70	1
7	10	2
7	12	3
7	15	3
7	16	1
7	18	2
7	19	2
7	21	2
7	22	1
7	23	1
7	25	1
7	26	5
7	27	6
7	28	2
7	29	1
7	31	3
7	32	1
7	33	1
7	34	2
7	35	1
7	36	2
7	37	1
7	38	1
7	39	5
7	40	2
7	41	2
7	42	1
7	43	2
7	44	2
7	45	1
7	47	1
7	48	1
7	51	2
7	52	1
7	53	2
7	54	1
7	55	1
7	56	2
7	57	1
7	58	3
7	61	3
7	64	2
7	66	3
7	67	2
7	68	1
7	69	2
7	70	1
8	10	1
8	11	2
8	12	2
8	13	1
8	15	3
8	16	3
8	17	7
8	18	4
8	19	1
8	20	4
8	21	3
8	22	3
8	23	3
8	25	2
8	26	4
8	27	5
8	28	3
8	29	1
8	30	1
8	31	4
8	32	3
8	33	5
8	34	3
8	35	1
8	36	1
8	39	4
8	40	3
8	41	3
8	42	4
8	43	2
8	44	4
8	45	2
8	47	1
8	48	2
8	49	4
8	50	1
8	51	1
8	52	1
8	53	5
8	54	4
8	55	7
8	57	2
8	58	5
8	59	7
8	60	6
8	61	3
8	63	3
8	64	3
8	65	1
8	66	4
8	67	2
8	69	1
8	70	1
9	10	4
9	11	2
9	12	1
9	14	1
9	15	1
9	16	3
9	17	1
9	18	3
9	19	1
9	20	3
9	21	4
9	22	2
9	23	1
9	24	1
9	25	3
9	26	2
9	27	4
9	28	8
9	29	1
9	30	2
9	31	2
9	32	2
9	33	1
9	34	1
9	36	4
9	37	1
9	38	2
9	39	3
9	40	5
9	41	2
9	42	4
9	43	4
9	44	3
9	45	1
9	46	2
9	48	3
9	49	3
9	51	3
9	52	3
9	53	4
9	54	2
9	55	4
9	56	4
9	57	4
9	59	4
9	60	1
9	61	1
9	62	1
9	63	5
9	64	5
9	65	2
9	67	3
9	68	1
9	69	1
9	70	4
10	11	5
10	12	4
10	13	1
10	14	3
10	15	3
10	16	8
10	17	2
10	18	5
10	19	2
10	20	4
10	21	3
10	22	7
10	23	5
10	25	2
10	26	3
10	27	6
10	28	6
10	29	4
10	30	1
10	31	2
10	33	6
10	34	5
10	35	1
10	36	4
10	37	2
10	38	3
10	39	4
10	40	5
10	41	1
10	42	1
10	43	2
10	44	4
10	45	6
10	47	5
10	49	8
10	50	5
10	51	5
10	52	6
10	53	6
10	54	1
10	55	5
10	56	3
10	58	7
10	59	4
10	60	4
10	61	2
10	62	1
10	63	4
10	64	6
10	65	1
10	66	4
10	67	5
10	68	2
10	69	1
10	70	3
11	12	3
11	14	1
11	15	2
11	16	4
11	17	1
11	18	7
11	19	5
11	20	3
11	21	6
11	22	2
11	23	2
11	24	6
11	25	5
11	26	1
11	27	5
11	28	5
11	29	2
11	30	5
11	31	3
11	32	1
11	33	2
11	34	2
11	35	1
11	36	5
11	37	7
11	38	2
11	39	4
11	40	2
11	41	8
11	42	9
11	43	4
11	44	4
11	45	2
11	46	3
11	49	2
11	50	2
11	51	1
11	52	2
11	53	4
11	54	1
11	55	2
11	57	2
11	58	4
11	59	3
11	60	7
11	61	5
11	62	1
11	63	3
11	64	4
11	65	1
11	66	2
11	67	5
11	68	1
11	69	1
11	70	3
12	13	4
12	14	1
12	15	3
12	16	2
12	17	1
12	18	1
12	19	2
12	20	5
12	21	3
12	22	5
12	23	4
12	24	1
12	25	4
12	26	5
12	27	3
12	28	4
12	29	4
12	31	1
12	33	4
12	34	3
12	35	1
12	36	4
12	37	1
12	38	4
12	39	2
12	40	3
12	41	4
12	42	3
12	43	3
12	44	5
12	47	1
12	48	2
12	49	4
12	50	1
12	51	1
12	52	3
12	53	2
12	55	2
12	56	4
12	57	2
12	58	2
12	59	3
12	60	2
12	61	7
12	63	4
12	64	6
12	65	2
12	67	3
12	69	2
13	15	2
13	16	1
13	18	8
13	19	1
13	20	1
13	22	1
13	26	1
13	27	3
13	29	1
13	31	3
13	32	4
13	33	3
13	38	2
13	39	2
13	41	1
13	42	1
13	43	2
13	44	1
13	46	3
13	47	3
13	48	1
13	49	3
13	52	3
13	56	1
13	57	1
13	58	1
13	59	1
13	60	5
13	61	2
13	62	1
13	63	3
13	64	1
13	65	1
13	66	1
13	67	1
14	15	2
14	16	1
14	18	2
14	19	1
14	20	1
14	21	5
14	23	3
14	25	1
14	26	3
14	27	1
14	28	2
14	29	7
14	31	2
14	33	1
14	34	3
14	36	1
14	38	2
14	40	1
14	41	2
14	42	1
14	43	1
14	44	1
14	45	2
14	46	1
14	48	1
14	49	2
14	50	1
14	52	1
14	53	3
14	54	4
14	55	2
14	56	1
14	57	1
14	58	1
14	59	2
14	60	4
14	61	1
14	63	2
14	64	1
14	70	1
15	16	6
15	17	3
15	18	4
15	19	5
15	20	6
15	22	2
15	23	2
15	24	3
15	25	1
15	26	3
15	27	6
15	28	6
15	29	2
15	30	4
15	31	4
15	32	1
15	33	3
15	34	6
15	37	1
15	38	4
15	39	5
15	40	1
15	41	5
15	42	3
15	43	3
15	44	3
15	45	1
15	48	3
15	49	1
15	50	5
15	51	1
15	52	9
15	53	8
15	54	1
15	55	7
15	57	2
15	58	4
15	59	2
15	60	1
15	61	2
15	62	6
15	63	3
15	64	4
15	65	5
15	66	3
15	67	2
15	68	1
15	70	3
16	17	1
16	18	3
16	19	3
16	20	4
16	21	5
16	22	5
16	23	1
16	25	7
16	26	2
16	27	6
16	28	1
16	29	6
16	31	2
16	33	3
16	34	3
16	38	6
16	39	3
16	40	2
16	41	1
16	42	5
16	43	2
16	44	7
16	45	1
16	46	1
16	47	1
16	48	3
16	49	3
16	50	7
16	51	2
16	52	2
16	53	3
16	54	7
16	55	2
16	56	5
16	57	1
16	58	6
16	59	3
16	60	3
16	61	1
16	62	3
16	63	5
16	64	8
16	65	3
16	66	1
16	67	4
16	70	6
17	18	10
17	21	2
17	22	1
17	25	3
17	26	4
17	27	1
17	28	6
17	30	2
17	31	1
17	32	1
17	33	1
17	34	3
17	36	2
17	38	6
17	39	1
17	40	2
17	41	1
17	43	1
17	44	4
17	45	2
17	46	1
17	48	1
17	49	5
17	51	1
17	52	1
17	53	3
17	54	1
17	55	2
17	56	1
17	57	2
17	58	1
17	59	6
17	60	1
17	61	1
17	64	3
17	67	3
17	69	1
17	70	3
18	19	7
18	20	3
18	21	4
18	22	7
18	23	3
18	24	1
18	25	4
18	26	8
18	27	6
18	28	4
18	29	2
18	30	1
18	31	4
18	32	1
18	33	2
18	34	5
18	35	3
18	36	4
18	37	2
18	38	2
18	39	4
18	40	11
18	41	1
18	42	1
18	43	7
18	44	6
18	45	1
18	46	3
18	47	6
18	48	9
18	49	8
18	50	1
18	51	7
18	52	5
18	53	7
18	54	10
18	55	7
18	56	1
18	57	1
18	58	5
18	59	5
18	60	5
18	61	6
18	62	2
18	63	7
18	64	6
18	66	4
18	67	7
18	69	2
18	70	4
19	21	6
19	22	3
19	23	5
19	24	1
19	25	3
19	26	2
19	27	1
19	28	4
19	29	2
19	30	3
19	31	5
19	33	2
19	34	2
19	35	5
19	36	7
19	38	1
19	39	3
19	40	3
19	41	2
19	42	1
19	43	1
19	44	3
19	45	4
19	47	1
19	48	7
19	49	7
19	50	3
19	51	2
19	52	3
19	53	3
19	54	4
19	55	7
19	56	2
19	57	1
19	58	4
19	59	5
19	60	3
19	61	1
19	63	2
19	64	4
19	65	2
19	66	2
19	67	5
19	68	2
19	69	2
19	70	4
20	21	6
20	22	5
20	23	4
20	24	1
20	26	2
20	27	1
20	28	5
20	29	2
20	30	1
20	31	2
20	32	1
20	33	5
20	34	4
20	36	5
20	37	4
20	38	5
20	39	4
20	40	2
20	41	6
20	42	4
20	43	3
20	44	4
20	45	4
20	46	1
20	47	5
20	48	2
20	49	5
20	51	3
20	52	3
20	53	6
20	54	4
20	55	4
20	56	6
20	57	1
20	58	1
20	59	3
20	60	5
20	61	4
20	62	1
20	63	5
20	64	5
20	65	4
20	66	3
20	67	3
20	69	1
20	70	3
21	22	1
21	23	2
21	24	5
21	25	6
21	26	5
21	27	3
21	28	4
21	29	4
21	30	1
21	31	2
21	32	1
21	33	4
21	34	2
21	35	6
21	36	9
21	37	1
21	38	3
21	39	4
21	40	6
21	41	9
21	43	5
21	44	3
21	45	8
21	46	1
21	47	1
21	48	5
21	49	4
21	50	4
21	51	3
21	52	3
21	53	2
21	54	2
21	55	4
21	56	2
21	57	2
21	58	3
21	59	4
21	60	7
21	61	5
21	62	3
21	63	7
21	64	9
21	65	3
21	66	3
21	67	8
21	68	2
21	69	1
21	70	2
22	23	3
22	24	1
22	25	2
22	26	2
22	27	7
22	28	3
22	29	3
22	30	3
22	31	3
22	33	4
22	34	6
22	36	6
22	38	7
22	39	5
22	40	4
22	41	3
22	42	3
22	43	7
22	44	6
22	45	2
22	46	4
22	47	3
22	48	1
22	49	4
22	50	5
22	51	4
22	52	3
22	53	3
22	54	1
22	55	5
22	56	4
22	57	1
22	58	3
22	59	5
22	60	1
22	61	3
22	62	2
22	63	8
22	64	4
22	65	1
22	66	1
22	67	1
22	68	1
22	69	3
22	70	1
23	24	4
23	25	8
23	26	6
23	27	6
23	28	4
23	29	2
23	30	2
23	31	5
23	32	3
23	33	7
23	34	6
23	36	6
23	37	1
23	38	4
23	39	3
23	40	5
23	41	4
23	42	3
23	43	8
23	44	2
23	45	2
23	46	2
23	47	3
23	48	5
23	49	4
23	50	1
23	51	6
23	52	4
23	53	3
23	54	6
23	55	3
23	56	4
23	57	5
23	58	3
23	59	7
23	60	4
23	61	5
23	62	1
23	63	10
23	64	9
23	66	1
23	67	2
23	69	1
23	70	1
24	25	5
24	27	1
24	30	1
24	31	1
24	33	1
24	34	1
24	35	1
24	36	1
24	38	1
24	40	1
24	42	1
24	45	2
24	48	1
24	51	1
24	52	1
24	54	3
24	55	3
24	56	1
24	58	2
24	59	2
24	60	3
24	61	2
24	62	1
24	63	1
24	65	1
24	69	4
25	26	3
25	27	2
25	28	9
25	29	2
25	30	5
25	31	2
25	32	2
25	33	6
25	34	7
25	35	1
25	36	7
25	38	8
25	39	5
25	40	7
25	41	7
25	42	8
25	43	7
25	44	5
25	45	3
25	46	1
25	48	4
25	49	4
25	50	2
25	51	2
25	52	3
25	53	8
25	54	6
25	55	5
25	56	1
25	57	5
25	58	6
25	59	4
25	60	6
25	61	5
25	62	5
25	63	2
25	64	4
25	65	2
25	66	4
25	67	5
25	68	1
25	69	3
25	70	4
26	27	6
26	28	9
26	29	1
26	30	1
26	32	4
26	33	3
26	34	5
26	36	1
26	37	1
26	38	7
26	39	6
26	40	3
26	41	3
26	42	5
26	43	6
26	44	2
26	45	11
26	47	2
26	48	1
26	49	5
26	50	3
26	51	6
26	53	4
26	54	1
26	55	5
26	56	2
26	57	4
26	58	2
26	59	3
26	60	1
26	61	2
26	63	2
26	64	3
26	65	3
26	66	1
26	67	2
26	68	3
26	70	1
27	28	7
27	29	3
27	30	2
27	31	3
27	32	6
27	33	3
27	34	4
27	35	1
27	36	7
27	37	3
27	38	5
27	39	8
27	40	9
27	41	5
27	42	6
27	43	8
27	44	4
27	45	7
27	46	6
27	47	4
27	48	5
27	49	4
27	50	2
27	51	3
27	52	5
27	53	10
27	54	4
27	55	4
27	56	4
27	57	1
27	58	1
27	59	6
27	60	11
27	61	6
27	62	5
27	63	6
27	64	11
27	65	6
27	66	6
27	67	7
27	68	2
27	69	3
27	70	3
28	29	1
28	30	6
28	31	3
28	32	3
28	33	1
28	34	7
28	35	1
28	36	10
28	37	3
28	38	16
28	39	4
28	40	15
28	41	3
28	43	4
28	44	11
28	45	4
28	46	1
28	47	4
28	48	3
28	49	4
28	50	6
28	51	2
28	52	4
28	53	3
28	54	11
28	55	3
28	56	5
28	57	2
28	58	2
28	59	4
28	60	3
28	61	5
28	62	3
28	63	6
28	64	9
28	65	1
28	66	5
28	67	6
28	69	6
28	70	4
29	30	1
29	32	1
29	33	1
29	34	7
29	35	1
29	36	1
29	38	5
29	39	3
29	40	2
29	41	1
29	42	1
29	43	4
29	44	1
29	45	4
29	46	3
29	48	1
29	49	3
29	50	1
29	51	1
29	52	1
29	53	1
29	54	2
29	55	2
29	56	2
29	59	4
29	60	5
29	62	1
29	64	3
29	66	1
29	67	2
29	69	1
29	70	2
30	32	1
30	33	4
30	39	5
30	40	1
30	41	5
30	42	2
30	43	1
30	44	1
30	45	1
30	46	1
30	48	2
30	49	2
30	50	1
30	52	3
30	53	1
30	55	4
30	56	5
30	58	5
30	59	3
30	60	3
30	61	1
30	62	1
30	63	1
30	64	1
30	67	2
30	68	3
30	70	4
31	32	4
31	33	1
31	34	12
31	35	1
31	36	4
31	37	1
31	38	2
31	39	2
31	40	2
31	41	9
31	42	7
31	43	3
31	44	8
31	45	3
31	48	5
31	49	3
31	50	5
31	51	5
31	52	3
31	53	2
31	54	6
31	55	1
31	56	1
31	57	4
31	58	3
31	59	3
31	60	4
31	61	6
31	62	1
31	63	3
31	64	4
31	66	1
31	67	5
31	69	1
31	70	1
32	33	2
32	34	2
32	36	3
32	38	1
32	39	2
32	40	4
32	41	5
32	42	2
32	43	6
32	44	3
32	45	5
32	47	2
32	49	6
32	50	2
32	51	4
32	52	1
32	53	3
32	54	2
32	55	6
32	56	1
32	57	3
32	58	3
32	59	3
32	60	2
32	61	5
32	63	5
32	64	3
32	66	1
32	67	6
32	68	2
32	69	1
32	70	3
33	34	4
33	36	5
33	38	5
33	39	2
33	40	4
33	41	1
33	42	1
33	43	13
33	44	8
33	45	2
33	46	2
33	47	1
33	49	2
33	50	1
33	51	6
33	52	1
33	53	7
33	54	2
33	55	4
33	56	1
33	57	8
33	59	6
33	60	3
33	61	7
33	62	1
33	63	3
33	64	1
33	65	1
33	66	2
33	67	3
33	68	5
34	35	2
34	36	10
34	37	2
34	38	6
34	39	4
34	40	4
34	41	9
34	42	5
34	43	9
34	44	5
34	45	13
34	46	2
34	47	1
34	48	5
34	49	5
34	50	3
34	51	9
34	52	6
34	53	8
34	54	3
34	55	7
34	56	1
34	58	4
34	59	7
34	60	10
34	61	4
34	62	3
34	63	10
34	64	4
34	65	2
34	66	2
34	67	4
34	68	1
34	69	1
34	70	4
35	38	3
35	39	3
35	41	1
35	42	1
35	43	2
35	44	2
35	46	1
35	50	4
35	51	2
35	53	1
35	54	4
35	55	1
35	56	1
35	57	1
35	58	1
35	60	3
35	61	1
35	63	1
35	65	1
35	67	3
35	68	1
35	70	1
36	37	1
36	38	10
36	39	6
36	40	6
36	41	4
36	42	6
36	43	4
36	44	4
36	45	6
36	46	1
36	48	2
36	49	3
36	50	3
36	51	4
36	52	4
36	53	6
36	54	9
36	55	3
36	56	1
36	57	9
36	58	4
36	59	12
36	60	8
36	61	7
36	62	7
36	63	6
36	64	6
36	65	2
36	66	2
36	67	4
36	68	2
36	69	1
36	70	1
37	38	2
37	39	4
37	44	1
37	45	1
37	46	1
37	51	1
37	53	4
37	58	1
37	60	2
37	61	1
37	64	1
37	67	2
37	68	2
37	69	1
38	39	6
38	40	9
38	41	2
38	42	5
38	43	3
38	44	4
38	45	2
38	46	1
38	47	1
38	48	2
38	49	6
38	50	4
38	51	6
38	52	7
38	53	3
38	54	2
38	55	5
38	56	2
38	57	3
38	58	8
38	59	2
38	60	2
38	61	5
38	62	7
38	63	6
38	64	9
38	65	1
38	66	2
38	67	5
38	68	2
38	70	3
39	40	8
39	41	3
39	42	4
39	43	5
39	44	3
39	45	3
39	46	1
39	47	7
39	48	1
39	49	5
39	51	2
39	52	11
39	53	10
39	54	7
39	55	10
39	56	2
39	57	1
39	58	3
39	59	11
39	60	3
39	61	2
39	62	7
39	63	7
39	64	6
39	65	3
39	66	2
39	67	4
39	68	4
39	69	4
39	70	7
40	41	9
40	42	2
40	43	3
40	44	5
40	45	4
40	46	4
40	47	3
40	48	5
40	49	5
40	50	2
40	51	4
40	52	2
40	53	7
40	54	6
40	55	2
40	56	6
40	57	1
40	58	2
40	59	4
40	60	2
40	61	7
40	62	1
40	63	9
40	64	1
40	65	5
40	66	2
40	67	5
40	68	1
40	69	2
41	42	3
41	43	4
41	44	6
41	45	5
41	46	1
41	48	4
41	49	1
41	51	4
41	52	7
41	53	8
41	54	4
41	55	3
41	56	1
41	57	1
41	58	6
41	59	6
41	60	2
41	61	4
41	62	1
41	63	8
41	64	5
41	65	2
41	66	1
41	67	5
41	69	1
41	70	2
42	43	3
42	44	9
42	45	1
42	46	4
42	47	1
42	48	5
42	49	8
42	50	6
42	51	6
42	52	8
42	53	4
42	54	9
42	55	7
42	56	4
42	57	1
42	58	1
42	59	5
42	60	4
42	61	4
42	62	2
42	63	5
42	64	8
42	65	5
42	66	2
42	67	4
42	68	2
42	69	1
42	70	5
43	44	8
43	45	4
43	46	1
43	47	1
43	48	4
43	49	5
43	50	1
43	51	3
43	52	11
43	53	2
43	54	5
43	55	4
43	56	2
43	57	5
43	58	2
43	59	8
43	60	5
43	61	7
43	63	4
43	64	9
43	65	1
43	66	2
43	67	7
43	68	1
43	69	2
43	70	1
44	45	1
44	46	2
44	47	1
44	48	5
44	49	7
44	50	2
44	51	2
44	52	6
44	53	5
44	54	9
44	55	6
44	56	2
44	57	4
44	58	6
44	59	4
44	60	7
44	61	5
44	62	3
44	63	3
44	64	6
44	65	2
44	66	6
44	67	3
44	69	2
44	70	2
45	46	2
45	47	1
45	48	2
45	49	4
45	50	3
45	51	2
45	52	2
45	53	3
45	54	5
45	55	5
45	56	1
45	57	2
45	58	2
45	59	5
45	60	7
45	61	3
45	62	2
45	63	5
45	64	1
45	65	1
45	66	1
45	67	3
45	69	4
45	70	2
46	47	3
46	48	1
46	49	1
46	50	2
46	51	3
46	54	1
46	55	5
46	56	3
46	59	1
46	60	7
46	61	5
46	63	3
46	64	1
46	67	3
47	48	2
47	49	1
47	51	1
47	52	1
47	53	2
47	54	1
47	55	3
47	56	1
47	58	1
47	59	1
47	60	1
47	61	2
47	62	1
47	63	4
47	64	3
47	67	2
48	49	1
48	51	1
48	52	2
48	53	2
48	54	5
48	55	4
48	56	7
48	58	2
48	59	1
48	60	3
48	61	3
48	63	8
48	64	10
48	65	3
48	67	3
48	69	2
48	70	2
49	50	6
49	51	3
49	52	5
49	53	5
49	54	3
49	55	6
49	56	7
49	57	2
49	58	1
49	59	16
49	60	3
49	61	11
49	62	4
49	63	5
49	64	4
49	65	3
49	66	1
49	67	2
49	69	10
49	70	5
50	51	1
50	52	2
50	53	4
50	54	3
50	55	2
50	56	2
50	57	5
50	58	4
50	59	4
50	60	1
50	61	3
50	62	1
50	63	4
50	64	7
50	65	2
50	66	1
50	68	1
50	70	1
51	52	6
51	53	5
51	54	2
51	55	2
51	56	2
51	58	4
51	60	4
51	61	9
51	62	5
51	63	7
51	64	6
51	65	6
51	66	10
51	67	3
51	68	2
51	70	2
52	53	13
52	54	6
52	55	7
52	56	2
52	57	1
52	58	4
52	59	1
52	60	7
52	61	3
52	62	3
52	63	6
52	64	9
52	65	5
52	67	5
52	68	5
52	69	4
52	70	6
53	54	10
53	55	5
53	56	1
53	57	7
53	58	5
53	59	5
53	60	3
53	61	3
53	62	3
53	63	4
53	64	5
53	66	7
53	67	5
53	68	2
53	69	4
53	70	2
54	55	2
54	56	5
54	57	2
54	58	5
54	59	2
54	60	4
54	61	4
54	62	5
54	63	4
54	64	7
54	65	1
54	66	2
54	67	7
54	68	1
54	69	3
54	70	3
55	56	7
55	57	3
55	58	4
55	59	7
55	60	4
55	61	4
55	62	1
55	63	6
55	64	4
55	65	6
55	66	2
55	67	3
55	68	2
55	69	5
55	70	3
56	57	1
56	58	1
56	59	3
56	60	4
56	61	2
56	62	4
56	63	2
56	64	4
56	65	1
56	67	1
56	68	1
56	69	1
56	70	4
57	58	10
57	59	4
57	60	2
57	61	8
57	62	1
57	63	3
57	64	6
57	66	2
57	67	1
57	68	3
57	70	1
58	59	4
58	60	1
58	61	3
58	62	1
58	63	3
58	64	6
58	65	5
58	66	3
58	67	4
58	68	1
58	69	3
58	70	5
59	60	2
59	61	6
59	62	1
59	63	6
59	64	7
59	65	2
59	66	1
59	67	2
59	68	1
59	69	2
59	70	3
60	61	2
60	62	6
60	63	6
60	64	7
60	65	1
60	66	5
60	67	3
60	68	1
60	69	1
60	70	2
61	63	6
61	64	7
61	65	3
61	66	2
61	67	7
61	68	5
61	69	2
62	63	2
62	64	1
62	66	3
62	67	2
62	70	6
63	64	5
63	65	2
63	66	5
63	67	6
63	68	3
63	69	8
63	70	3
64	65	4
64	66	9
64	67	9
64	69	1
64	70	1
65	67	3
65	68	1
65	70	1
66	69	3
66	70	1
67	68	7
67	70	3
