#module 0 size: 152 bs: 0.00396944
1 7 9 13 16 19 20 25 34 38 42 44 46 47 51 58 69 70 73 78 86 89 95 102 108 110 112 114 116 119 123 124 132 137 145 157 160 169 170 183 185 193 197 205 206 216 257 258 272 278 283 287 292 299 311 331 338 346 349 353 355 373 374 376 377 380 387 397 403 407 443 456 472 488 502 503 505 517 522 531 537 546 558 563 564 587 590 592 601 627 631 678 687 694 698 699 708 723 726 735 737 744 754 768 770 787 795 796 803 814 831 843 851 853 867 869 877 885 915 917 923 929 935 941 957 968 970 979 982 990 994 995 998 1038 1058 1072 1073 1076 1103 1112 1114 1132 1190 1203 1218 1233 1249 1255 1275 1277 1281 1285 
#module 1 size: 58 bs: 0.00167404
5 10 21 40 82 109 118 144 151 238 261 301 320 370 389 404 435 519 521 571 610 651 670 680 688 748 767 792 808 809 811 812 826 883 900 905 935 945 949 954 974 1014 1020 1048 1051 1101 1113 1128 1148 1150 1179 1200 1220 1227 1260 1261 1275 1279 
#module 2 size: 62 bs: 0.00167404
15 22 72 79 107 135 136 140 141 195 204 232 285 356 360 383 418 441 467 478 565 593 641 663 675 679 687 690 702 706 716 741 765 772 799 810 829 858 872 936 939 971 976 988 1002 1026 1027 1033 1034 1044 1060 1081 1082 1131 1136 1137 1161 1181 1201 1210 1219 1251 
#module 3 size: 122 bs: 0.000113603
8 38 42 51 71 76 77 83 90 95 98 99 112 114 130 138 165 166 168 178 181 185 199 215 244 247 251 256 272 297 309 311 337 342 353 377 380 387 395 428 438 442 445 466 468 488 489 497 499 502 510 517 522 532 534 541 557 563 579 587 592 602 609 638 645 660 676 685 686 694 707 724 725 727 729 735 737 742 749 754 779 781 785 803 805 818 858 867 888 915 941 957 968 969 983 990 995 999 1025 1049 1054 1058 1060 1073 1097 1112 1136 1146 1152 1178 1182 1184 1208 1233 1243 1256 1257 1275 1277 1282 1285 1293 
#module 4 size: 119 bs: 0.00106447
26 49 59 60 62 74 101 113 117 127 150 152 153 176 187 208 217 225 230 234 237 240 243 245 249 253 291 305 307 316 394 408 410 427 446 455 457 479 490 493 508 512 520 526 530 533 535 550 570 575 581 584 589 614 619 626 629 630 680 723 728 751 760 762 775 776 778 794 803 815 819 828 838 846 852 855 863 873 877 886 898 912 921 930 940 943 944 947 960 962 967 981 995 1000 1031 1091 1098 1105 1121 1125 1162 1167 1177 1182 1184 1190 1207 1215 1225 1230 1250 1258 1271 1272 1273 1282 1289 1291 1298 
#module 5 size: 15 bs: 1
350 429 471 655 769 827 841 964 1052 1072 1102 1103 1142 1157 1192 
#module 6 size: 29 bs: 1
31 57 81 225 280 293 325 431 487 551 556 586 611 615 625 630 636 700 718 752 823 824 844 890 907 950 1156 1216 1254 
#module 7 size: 30 bs: 1
106 164 221 296 314 328 335 336 447 572 617 633 661 697 720 721 730 757 786 839 876 918 995 1011 1021 1045 1046 1072 1205 1221 
#module 8 size: 21 bs: 1
186 196 318 343 407 444 513 543 573 667 693 850 920 942 943 1023 1057 1108 1237 1270 1299 
#module 9 size: 13 bs: 1
28 214 288 315 358 514 612 665 801 885 928 1237 1256 
#module 10 size: 23 bs: 1
41 84 154 262 412 459 523 724 862 901 924 1063 1090 1115 1155 1160 1168 1176 1194 1199 1206 1220 1263 
#module 11 size: 13 bs: 1
12 115 267 274 390 391 414 425 469 524 561 595 974 
#module 12 size: 20 bs: 1
149 171 173 219 275 340 375 420 555 598 599 621 647 654 684 689 759 1061 1189 1235 
#module 13 size: 20 bs: 1
85 103 129 139 236 279 307 405 459 491 504 518 545 677 700 730 789 816 918 1123 
#module 14 size: 30 bs: 1
27 32 35 54 61 126 223 250 260 335 339 345 357 494 562 616 642 646 811 842 897 952 1032 1066 1111 1172 1224 1243 1268 1274 
#module 15 size: 24 bs: 1
143 192 239 277 284 354 432 453 543 603 623 653 674 711 746 761 822 1018 1022 1035 1064 1092 1222 1288 
#module 16 size: 23 bs: 1
2 54 88 142 203 213 218 273 323 542 622 628 714 774 902 903 928 967 1074 1092 1154 1234 1298 
#module 17 size: 14 bs: 1
24 177 182 224 271 281 295 420 541 577 719 747 1136 1189 
#module 18 size: 21 bs: 1
163 239 334 536 540 548 666 832 859 878 973 994 1013 1038 1069 1145 1190 1226 1244 1247 1278 
#module 19 size: 21 bs: 1
11 312 333 481 483 590 662 753 825 982 1022 1055 1085 1104 1106 1120 1137 1182 1213 1228 1277 
#module 20 size: 24 bs: 1
37 200 264 327 381 474 475 500 635 650 695 734 839 847 870 874 937 940 996 1109 1126 1193 1217 1243 
#module 21 size: 27 bs: 1
104 121 122 128 156 188 362 363 433 439 463 476 538 559 567 649 661 771 889 894 932 1086 1095 1103 1186 1198 1223 
#module 22 size: 29 bs: 1
65 93 321 344 366 369 431 440 451 462 525 528 560 566 582 606 891 925 965 966 967 980 1056 1093 1125 1130 1214 1242 1264 
#module 23 size: 24 bs: 1
17 30 161 270 286 313 368 511 541 654 661 701 755 780 820 869 892 896 906 908 911 1188 1259 1292 
#module 24 size: 36 bs: 1
53 87 97 100 174 209 241 304 317 492 509 547 574 587 632 654 656 766 777 821 836 854 901 933 939 946 978 990 1071 1077 1087 1173 1195 1197 1285 1296 
#module 25 size: 35 bs: 1
6 36 53 55 125 133 175 211 239 242 295 303 316 324 415 459 607 673 705 791 797 825 884 892 992 1030 1053 1059 1088 1130 1139 1165 1174 1229 1248 
#module 26 size: 12 bs: 1
189 386 423 449 473 576 711 956 1008 1028 1133 1287 
#module 27 size: 23 bs: 1
67 105 259 269 294 326 367 384 554 594 603 715 738 764 794 806 861 938 951 1009 1075 1135 1212 
#module 28 size: 32 bs: 1
4 56 172 194 235 308 376 400 463 496 543 612 643 664 736 740 861 867 904 910 919 927 940 984 987 1017 1075 1118 1119 1183 1245 1246 
#module 29 size: 29 bs: 1
64 91 266 287 290 419 485 492 498 511 529 580 669 673 691 692 710 713 722 825 839 903 958 1003 1005 1024 1026 1262 1295 
#module 30 size: 34 bs: 1
96 173 198 210 231 270 322 392 407 411 448 454 461 544 551 553 590 703 739 786 860 866 899 961 1004 1036 1099 1110 1158 1163 1175 1256 1286 1294 
#module 31 size: 30 bs: 1
39 45 155 159 191 330 351 365 399 460 501 506 509 578 596 696 802 837 879 915 922 991 1026 1053 1079 1125 1141 1151 1280 1294 
#module 32 size: 26 bs: 1
3 146 158 171 206 212 246 379 399 527 539 569 573 583 631 683 861 865 885 1010 1022 1068 1075 1105 1107 1211 
#module 33 size: 26 bs: 1
94 227 396 398 450 565 591 611 620 652 682 737 806 835 849 862 864 880 902 1015 1050 1070 1077 1164 1180 1191 
#module 34 size: 26 bs: 1
111 255 361 437 448 452 482 589 702 717 788 943 1042 1089 1100 1101 1109 1138 1169 1173 1184 1204 1208 1214 1239 1253 
#module 35 size: 32 bs: 1
48 68 131 202 228 233 248 263 348 441 516 585 597 604 618 640 728 733 738 782 801 963 972 975 989 1070 1078 1129 1187 1189 1276 1298 
#module 36 size: 18 bs: 1
276 378 424 470 608 732 773 798 801 830 887 889 909 914 951 994 1071 1140 
#module 37 size: 16 bs: 1
120 184 230 349 436 552 644 704 745 783 848 857 882 902 903 1252 
#module 38 size: 21 bs: 1
158 167 226 265 318 434 463 602 800 856 906 931 1012 1077 1117 1135 1166 1177 1224 1236 1267 
#module 39 size: 28 bs: 1
92 147 201 229 310 345 448 464 480 492 600 657 671 702 756 860 959 1001 1018 1037 1041 1096 1101 1170 1185 1251 1286 1290 
#module 40 size: 34 bs: 1
29 50 52 75 80 254 319 341 388 393 400 413 421 464 588 648 659 712 730 786 811 854 913 944 969 986 993 997 1016 1018 1196 1232 1238 1300 
#module 41 size: 28 bs: 1
146 198 220 282 298 306 352 359 401 422 444 486 634 639 658 687 709 723 862 916 928 935 951 969 985 1070 1208 1269 
#module 42 size: 29 bs: 1
66 180 252 289 332 372 599 640 693 711 739 784 807 817 881 895 1006 1007 1047 1112 1134 1143 1144 1241 1251 1265 1283 1284 1297 
#module 43 size: 15 bs: 1
33 364 484 495 507 538 672 871 914 936 955 1147 1153 1171 1209 
#module 44 size: 14 bs: 1
134 179 207 382 417 426 454 484 551 605 731 953 1167 1285 
#module 45 size: 31 bs: 1
23 43 190 300 347 351 385 402 406 491 515 637 790 793 840 845 889 899 910 926 942 977 1039 1062 1105 1109 1122 1149 1202 1213 1240 
#module 46 size: 32 bs: 1
63 208 246 268 302 307 371 409 458 465 477 549 644 656 668 743 750 833 856 860 875 934 948 1019 1029 1040 1065 1067 1094 1168 1173 1282 
#module 47 size: 12 bs: 1
222 416 430 611 856 868 1071 1092 1116 1266 1284 1294 
#module 48 size: 15 bs: 1
148 162 568 613 624 721 793 813 834 893 939 1043 1124 1168 1224 
#module 49 size: 16 bs: 1
14 18 329 431 681 714 758 763 804 1080 1083 1084 1127 1159 1231 1286 
