#module 0 size: 17 bs: 0.000183592
46 67 125 143 179 198 272 303 314 319 394 476 500 543 545 648 700 
#module 1 size: 14 bs: 0.00080939
34 55 72 142 221 276 323 338 360 411 444 567 570 616 
#module 2 size: 19 bs: 2.4916e-05
23 136 160 192 373 414 432 478 503 520 550 557 654 665 670 676 685 690 699 
#module 3 size: 31 bs: 0.00055183
45 65 83 113 151 164 166 173 189 300 327 363 367 371 403 405 406 465 517 522 529 535 571 600 612 629 642 651 652 657 686 
#module 4 size: 24 bs: 0.00036099
156 260 285 300 313 345 395 400 402 431 451 452 457 466 467 489 523 586 613 615 621 628 650 670 
#module 5 size: 27 bs: 0.000286775
8 29 38 49 74 126 195 203 237 256 267 321 333 460 527 545 567 571 580 584 608 619 624 627 635 636 672 
#module 6 size: 35 bs: 0.000168495
13 18 22 73 207 213 215 225 253 318 325 356 422 429 445 458 475 491 494 497 516 538 568 585 586 587 589 593 609 623 627 647 648 697 698 
#module 7 size: 30 bs: 0.00103442
19 68 78 89 97 137 162 214 256 316 372 412 425 440 455 458 483 509 518 525 527 544 567 604 616 660 668 669 675 680 
#module 8 size: 23 bs: 6.9059e-05
56 129 231 250 292 312 336 357 386 397 400 414 424 443 464 484 543 547 554 606 627 682 687 
#module 9 size: 31 bs: 6.77461e-05
5 50 82 171 209 239 247 273 316 327 333 355 380 407 409 412 428 437 451 454 484 496 501 508 541 545 560 590 630 639 665 
#module 10 size: 34 bs: 0.000390959
94 119 147 149 150 158 165 174 178 184 210 212 269 311 316 359 361 395 400 419 425 462 466 499 503 526 535 537 566 574 613 669 679 700 
#module 11 size: 11 bs: 9.56599e-05
11 32 53 66 70 77 112 133 406 469 586 
#module 12 size: 25 bs: 0.205331
14 47 138 140 144 161 174 223 257 271 316 329 368 421 425 508 533 548 563 593 640 655 677 689 700 
#module 13 size: 15 bs: 0.106439
62 172 217 220 224 308 441 490 528 551 562 577 634 637 653 
#module 14 size: 30 bs: 0.23621
92 93 96 124 190 243 246 293 301 307 320 328 377 412 432 435 458 466 477 506 511 519 539 552 555 614 617 654 665 700 
#module 15 size: 14 bs: 0.864671
21 54 57 108 116 148 426 471 514 536 546 584 611 641 
#module 16 size: 22 bs: 0.467552
25 35 44 149 216 255 261 324 335 340 374 397 398 410 491 500 530 595 615 674 683 696 
#module 17 size: 19 bs: 0.0917148
20 64 81 122 183 268 271 290 300 306 347 408 431 432 494 521 543 626 674 
#module 18 size: 17 bs: 0.687147
2 3 9 17 24 41 42 58 79 109 110 185 371 379 568 588 673 
#module 19 size: 12 bs: 0.147066
76 130 177 236 284 362 486 540 558 596 663 692 
#module 20 size: 22 bs: 0.522384
1 16 40 152 191 234 270 280 352 414 423 439 480 512 513 515 527 578 598 616 642 654 
#module 21 size: 27 bs: 0.964896
132 170 219 229 230 241 251 285 349 369 393 401 422 434 476 479 493 524 532 572 579 595 626 631 638 649 685 
#module 22 size: 27 bs: 0.813415
4 134 159 181 194 204 232 244 259 281 371 379 387 391 420 427 430 461 476 525 571 586 601 669 674 680 695 
#module 23 size: 15 bs: 0.598424
12 80 87 120 141 180 304 339 351 388 487 504 567 571 583 
#module 24 size: 32 bs: 0.768459
27 36 48 61 144 157 310 315 346 352 374 397 435 443 450 451 453 462 484 485 492 553 559 564 565 602 611 622 644 646 671 673 
#module 25 size: 18 bs: 0.547929
30 88 128 186 188 199 206 208 235 327 385 406 415 435 474 541 604 688 
#module 26 size: 24 bs: 0.26165
15 26 39 59 104 121 146 222 264 309 337 365 380 442 462 472 482 561 593 605 610 625 666 693 
#module 27 size: 22 bs: 0.615238
145 238 253 289 294 299 331 356 399 470 475 494 507 535 572 573 584 591 636 654 670 684 
#module 28 size: 14 bs: 0.132001
31 98 169 182 275 296 332 370 375 381 452 491 567 589 
#module 29 size: 25 bs: 0.201964
33 37 84 131 154 201 270 271 278 283 286 354 376 390 417 433 446 481 488 568 597 604 613 674 691 
#module 30 size: 25 bs: 0.158979
99 100 114 118 197 210 211 215 253 254 285 307 326 330 341 354 358 404 412 443 484 491 642 648 693 
#module 31 size: 28 bs: 0.88847
7 118 138 144 163 171 173 202 233 240 317 350 383 384 392 398 436 449 476 515 531 556 633 656 661 665 688 694 
#module 32 size: 29 bs: 0.390155
10 28 58 63 69 86 95 103 119 181 248 249 265 274 295 328 334 397 431 456 534 575 594 595 604 611 648 654 659 
#module 33 size: 14 bs: 0.261443
51 60 101 105 218 282 302 305 459 473 494 505 543 591 
#module 34 size: 21 bs: 0.348249
43 123 135 167 176 187 258 288 344 348 374 384 416 461 502 525 527 542 616 661 688 
#module 35 size: 27 bs: 0.445348
90 107 111 139 200 226 295 298 378 389 395 413 422 466 468 510 531 569 572 607 618 620 626 667 688 691 693 
#module 36 size: 37 bs: 0.0852534
106 115 168 175 228 245 252 263 266 291 342 343 354 379 398 412 414 447 456 463 484 488 503 515 549 592 599 603 620 632 636 645 658 661 670 678 680 
#module 37 size: 13 bs: 0.0507969
6 75 153 193 242 297 322 364 418 432 443 508 642 
#module 38 size: 13 bs: 0.518089
85 102 155 196 277 287 353 382 396 438 448 531 681 
#module 39 size: 27 bs: 0.714013
52 71 91 117 127 205 227 262 279 301 366 371 435 495 498 576 581 582 615 620 636 642 643 662 664 685 691 
