1	56 
2	5 44 55 
3	1 
4	56 
5	20 
6	30 
7	56 
8	17 
9	13 
10	34 52 55 
11	42 
12	53 
13	11 12 21 
14	46 
15	36 
16	23 
17	11 42 57 
18	8 
19	36 
20	31 
21	9 35 47 
22	43 
23	15 39 51 
24	47 
25	5 
26	51 
27	11 
28	29 
29	15 
30	11 
31	28 
32	31 
33	7 
34	2 
35	30 
36	49 
37	29 
38	36 
39	15 
40	25 
41	38 
42	1 12 54 
43	32 
44	36 
45	45 
46	7 
47	26 
48	26 48 49 
49	5 39 46 
50	15 
51	15 
52	55 
53	18 
54	36 
55	22 
56	28 
57	12 26 28 
58	8 42 51 
59	31 
60	50 
61	20 28 37 
62	18 
63	22 38 43 
64	33 
65	33 38 53 
66	11 21 34 
67	44 
68	39 40 52 
69	5 
70	54 
71	47 
72	4 25 54 
73	22 
74	33 
75	19 
76	22 
77	9 
78	34 
79	38 
80	26 
81	54 
82	13 
83	50 
84	8 
85	16 
86	4 
87	45 
88	25 39 57 
89	36 
90	8 
91	18 
92	2 
93	48 
94	43 
95	10 
96	32 
97	4 24 37 
98	3 48 55 
99	35 53 55 
100	27 
101	36 
102	40 
103	13 19 54 
104	47 
105	22 31 53 
106	7 
107	33 
108	11 
109	23 
110	21 
111	21 23 42 
112	35 
113	19 
114	35 
115	9 
116	4 
117	5 
118	1 53 55 
119	57 
120	31 
121	10 17 51 
122	15 
123	48 
124	56 
125	10 20 27 
126	55 
127	46 
128	44 50 57 
129	46 
130	12 
131	3 
132	2 14 25 
133	20 32 43 
134	10 21 52 
135	12 
136	6 
137	2 
138	1 
139	24 31 34 
140	40 
141	27 
142	21 33 54 
143	26 
144	15 
145	15 
146	43 
147	1 
148	3 45 52 
149	46 
150	27 
151	46 
152	14 
153	26 
154	47 
155	22 31 39 
156	53 
157	6 38 45 
158	4 
159	36 
160	4 
161	43 
162	40 
163	4 19 40 
164	25 
165	24 
166	12 
167	12 
168	47 
169	49 
170	34 37 57 
171	2 
172	38 
173	52 
174	54 
175	55 
176	54 
177	4 
178	53 
179	30 
180	26 
181	27 46 51 
182	17 
183	37 
184	12 
185	27 
186	2 19 35 
187	49 
188	14 
189	45 
190	48 
191	4 
192	17 
193	30 33 45 
194	43 
195	2 
196	31 
197	19 27 33 
198	23 
199	4 19 47 
200	40 
201	26 
202	35 
203	1 
204	22 
205	4 
206	15 
207	56 
208	2 
209	25 
210	48 
211	30 
212	30 48 52 
213	51 
214	55 
215	3 
216	17 
217	25 
218	33 
219	11 
220	13 
221	26 
222	28 37 43 
223	48 
224	17 
225	57 
226	38 
227	31 
228	10 
229	28 42 53 
230	5 
231	35 
232	11 
233	31 
234	19 35 48 
235	12 
236	20 
237	5 29 47 
238	17 
239	43 
240	16 
241	53 
242	1 37 38 
243	17 
244	20 41 47 
245	3 
246	9 15 40 
247	15 42 46 
248	23 
249	33 
250	14 
251	28 30 52 
252	6 
253	52 
254	13 
255	13 
256	46 47 57 
257	35 
258	1 4 23 
259	23 
260	1 
261	34 
262	24 
263	1 8 24 
264	2 5 44 
265	45 
266	55 
267	7 31 44 
268	12 
269	29 
270	57 
271	2 24 46 
272	31 
273	6 
274	17 
275	28 31 40 
276	47 49 56 
277	18 
278	51 
279	21 
280	12 
281	2 20 39 
282	4 
283	43 
284	4 42 53 
285	52 
286	27 
287	3 
288	8 11 53 
289	14 41 57 
290	21 
291	7 
292	10 
293	44 
294	27 33 48 
295	42 
296	5 
297	44 48 49 
298	44 
299	5 
300	30 
301	18 28 55 
302	18 
303	55 
304	30 
305	38 
306	40 
307	3 
308	29 
309	16 
310	8 
311	2 
312	48 
313	19 
314	48 
315	12 
316	13 28 42 
317	11 
318	15 
319	49 
320	7 12 51 
321	52 
322	13 
323	50 
324	10 
325	19 
326	16 
327	1 
328	26 
329	21 
330	8 
331	26 
332	30 
333	34 
334	31 40 48 
335	39 
336	52 
337	57 
338	49 
339	26 
340	20 
341	34 
342	31 
343	48 
344	27 
345	37 
346	2 12 27 
347	22 
348	23 
349	1 
350	52 
351	32 
352	1 
353	54 
354	10 
355	14 
356	27 
357	23 
358	8 
359	5 10 28 
360	4 
361	1 14 31 
362	29 
363	8 
364	34 
365	3 
366	1 
367	11 28 29 
368	55 
369	22 
370	11 
371	30 
372	17 
373	22 29 44 
374	29 
375	28 30 31 
376	49 
377	20 
378	32 
379	5 
380	19 
381	34 
382	44 
383	51 
384	12 
385	13 
386	57 
387	11 
388	11 
389	4 
390	54 
391	48 
392	52 
393	11 
394	16 27 57 
395	26 
396	32 
397	2 
398	23 
399	5 15 50 
400	4 8 46 
401	7 
402	48 
403	24 
404	23 
405	42 
406	40 
407	44 
408	13 43 55 
409	51 
410	38 
411	14 
412	21 
413	19 
414	29 
415	47 
416	31 
417	15 
418	20 
419	41 
420	8 
421	15 
422	1 
423	7 
424	18 42 53 
425	27 
426	28 
427	48 
428	53 
429	39 
430	8 
431	28 
432	34 
433	29 
434	34 
435	37 46 51 
436	34 
437	52 
438	1 
439	51 
440	3 
441	13 
442	19 40 43 
443	9 35 41 
444	6 30 31 
445	16 
446	54 
447	31 
448	13 24 29 
449	21 
450	5 12 18 
451	43 
452	3 
453	23 52 53 
454	39 
455	40 
456	49 50 51 
457	20 
458	32 
459	42 
460	4 
461	14 
462	51 
463	26 
464	35 
465	3 26 51 
466	23 31 45 
467	55 
468	12 
469	53 
470	41 
471	30 
472	17 
473	46 
474	11 
475	19 
476	9 
477	19 
478	19 33 40 
479	23 
480	32 
481	5 29 38 
482	42 
483	4 
484	1 
485	4 37 57 
486	1 
487	17 
488	50 
489	7 
490	43 
491	37 
492	48 
493	27 
494	20 
495	34 
496	14 18 37 
497	17 
498	1 33 45 
499	45 
500	18 
501	31 
502	20 
503	29 35 48 
504	20 
505	2 
506	47 
507	11 
508	30 50 51 
509	22 29 31 
510	18 52 56 
511	10 
512	8 21 30 
513	54 
514	8 33 35 
515	16 
516	7 17 47 
517	28 
518	19 
519	4 
520	6 
521	9 
522	3 4 24 
523	13 
524	11 
525	53 
526	29 
527	29 
528	16 
529	35 
530	30 
531	29 
532	3 28 53 
533	18 
534	48 
535	51 
536	32 
537	20 
538	35 
539	19 29 48 
540	38 
541	24 
542	43 
543	54 
544	57 
545	14 
546	38 41 55 
547	32 
548	51 
549	8 
550	39 
551	14 19 40 
552	54 
553	40 
554	17 
555	29 
556	43 
557	6 
558	29 
559	20 
560	52 
561	2 
562	26 
563	13 
564	54 
565	1 12 29 
566	37 
567	17 
568	57 
569	49 
570	15 
571	54 
572	53 
573	19 
574	44 
575	22 30 32 
576	3 
577	19 
578	29 
579	51 
580	41 
581	4 8 53 
582	39 
583	6 38 48 
584	55 
585	46 
586	57 
587	29 
588	35 
589	16 
590	11 30 42 
591	8 12 38 
592	34 
593	37 
594	1 
595	25 47 55 
596	5 
597	5 
598	2 
599	4 33 46 
600	55 
601	31 
602	49 
603	27 
604	28 35 54 
605	17 
606	1 
607	38 
608	13 
609	11 
610	26 29 51 
611	46 
612	2 
613	46 
614	23 33 35 
615	52 
616	47 
617	49 
618	29 
619	9 
620	24 38 52 
621	31 
622	14 23 40 
623	42 
624	2 
625	53 
626	10 
627	57 
628	19 
629	20 
630	1 20 48 
631	48 
632	3 
633	46 
634	4 24 33 
635	17 
636	5 20 38 
637	18 
638	47 
639	24 
640	2 
641	35 
642	42 48 53 
643	5 
644	2 
645	49 
646	21 35 38 
647	20 25 44 
648	16 
649	10 
650	17 
651	23 
652	48 
653	10 
654	13 
655	55 
656	20 
657	10 
658	1 
659	44 
660	9 
661	35 
662	40 
663	14 
664	33 
665	12 15 19 
666	45 48 52 
667	25 26 42 
668	18 35 47 
669	23 38 54 
670	30 
671	5 
672	17 
673	42 
674	4 13 33 
675	23 34 35 
676	39 
677	16 
678	3 12 30 
679	10 
680	8 
681	13 
682	53 
683	8 
684	53 
685	28 
686	10 
687	23 35 50 
688	42 
689	38 
690	19 
691	8 
692	17 33 46 
693	41 
694	10 
695	55 
696	52 
697	28 
698	55 
699	12 
700	23 
701	40 
702	2 
703	2 
704	17 
705	2 
706	53 
707	26 
708	35 
709	5 
710	17 
711	15 
712	3 
713	14 40 46 
714	9 
715	4 
716	15 
717	11 
718	49 
719	37 
720	50 
721	24 
722	51 
723	28 35 50 
724	1 26 52 
725	8 
726	47 55 57 
727	43 
728	17 
729	19 21 51 
730	6 24 46 
731	2 
732	11 
733	17 31 38 
734	3 
735	57 
736	12 
737	31 
738	30 
739	5 
740	52 
741	1 
742	55 
743	21 
744	13 
745	54 
746	47 
747	19 
748	26 
749	2 
750	9 
751	26 
752	15 
753	49 
754	37 
755	55 
756	52 
757	21 
758	29 47 52 
759	42 
760	51 
761	21 40 55 
762	4 31 56 
763	13 
764	2 
765	10 
766	8 22 55 
767	35 
768	44 
769	13 
770	5 
771	10 
772	17 
773	28 
774	2 
775	20 
776	37 
777	37 
778	9 
779	38 
780	2 
781	31 
782	8 
783	19 28 33 
784	31 
785	24 
786	29 
787	37 
788	46 
789	5 
790	23 
791	40 
792	18 
793	26 
794	7 30 55 
795	2 
796	13 
797	12 
798	23 
799	35 
800	50 
801	1 14 42 
802	28 
803	45 
804	26 
805	3 
806	42 
807	41 
808	6 
809	26 
810	55 
811	35 
812	29 40 41 
813	55 
814	3 
815	52 
816	5 
817	1 
818	40 
819	20 
820	38 
821	54 
822	13 
823	14 16 39 
824	20 30 44 
825	8 
826	33 
827	49 
828	42 
829	13 
830	17 38 41 
831	3 
832	44 
833	15 
834	34 37 41 
835	5 
836	4 
837	31 
838	14 19 42 
839	27 
840	13 
841	51 
842	10 
843	24 
844	34 
845	17 
846	8 
847	1 
848	1 
849	1 39 45 
850	11 
851	42 
852	28 
853	43 
854	17 
855	37 
856	26 37 54 
857	14 
858	31 
859	53 
860	47 
861	2 
862	17 46 52 
863	12 
864	9 41 46 
865	5 8 55 
866	46 
867	50 
868	27 30 47 
869	54 
870	55 
871	17 
872	19 
873	38 40 56 
874	52 
875	37 
876	48 
877	11 
878	8 
879	12 
880	7 23 51 
881	3 25 42 
882	38 
883	47 
884	12 
885	40 
886	9 14 40 
887	23 
888	5 
889	57 
890	12 26 41 
891	54 
892	34 
893	31 44 46 
894	23 
895	16 28 32 
896	41 
897	26 
898	28 33 48 
899	12 
900	46 
901	20 
902	10 37 51 
903	35 
904	35 
905	57 
906	21 35 42 
907	48 
908	5 27 37 
909	27 
910	1 
911	6 28 44 
912	57 
913	12 
914	14 
915	50 
916	46 
917	17 39 49 
918	45 
919	13 54 57 
920	6 16 33 
921	40 
922	28 
923	15 
924	44 
925	30 
926	34 42 52 
927	51 
928	53 
929	11 
930	5 
931	13 20 53 
932	44 
933	43 
934	31 
935	47 
936	21 
937	4 17 31 
938	23 
939	48 
940	37 42 53 
941	11 
942	51 
943	21 
944	4 12 29 
945	14 
946	1 
947	9 
948	55 
949	27 
950	17 
951	43 
952	17 
953	1 
954	53 
955	20 
956	2 22 29 
957	5 40 56 
958	1 
959	21 
960	1 
961	11 
962	8 
963	37 
964	34 
965	4 
966	1 
967	48 
968	12 
969	20 
970	4 29 30 
971	31 
972	20 
973	2 20 38 
974	27 31 37 
975	34 
976	10 
977	14 
978	11 40 48 
979	24 
980	45 
981	11 
982	30 
983	39 
984	4 28 37 
985	11 
986	44 
987	31 
988	57 
989	21 30 34 
990	39 44 51 
991	15 17 31 
992	11 
993	29 
994	17 44 52 
995	11 15 51 
996	46 
997	33 
998	8 
999	23 
1000	13 
1001	24 
1002	5 17 52 
1003	38 
1004	52 
1005	6 28 35 
1006	46 
1007	8 
1008	23 
1009	27 
1010	10 
1011	21 
1012	3 
1013	2 
1014	37 
1015	3 24 32 
1016	2 
1017	15 26 47 
1018	52 
1019	8 19 46 
1020	33 
1021	24 
1022	15 47 54 
1023	46 
1024	23 31 44 
1025	53 
1026	46 
1027	21 26 48 
1028	30 
1029	30 
1030	54 
1031	42 
1032	55 
1033	43 
1034	2 
1035	14 
1036	38 
1037	54 
1038	44 
1039	11 36 51 
1040	46 
1041	53 
1042	4 
1043	2 
1044	17 30 44 
1045	10 
1046	5 
1047	39 
1048	20 
1049	19 
1050	39 
1051	7 29 55 
1052	39 
1053	38 
1054	28 36 57 
1055	6 38 39 
1056	27 
1057	5 
1058	23 
1059	51 
1060	5 27 30 
1061	5 
1062	45 53 55 
1063	38 
1064	19 
1065	54 
1066	2 3 52 
1067	10 
1068	38 
1069	15 
1070	14 
1071	47 
1072	35 
1073	22 30 38 
1074	42 
1075	47 
1076	34 
1077	26 
1078	14 
1079	20 30 50 
1080	20 
1081	2 3 26 
1082	28 
1083	13 
1084	11 
1085	5 29 37 
1086	2 11 38 
1087	13 
1088	30 
1089	23 
1090	52 
1091	21 
1092	42 
1093	11 
1094	30 
1095	1 23 30 
1096	52 
1097	5 27 34 
1098	12 30 35 
1099	34 
1100	52 
