0	1	45
0	2	51
0	3	15
0	4	9
0	5	17
0	6	5
0	7	4
0	8	15
0	9	9
0	10	6
0	11	10
0	12	14
0	13	6
0	14	7
0	15	12
0	16	8
0	17	12
0	18	7
0	19	2
0	20	10
0	21	12
0	22	7
0	23	4
0	24	9
0	25	7
0	26	15
0	27	8
0	28	19
0	29	9
0	30	4
0	31	11
0	32	3
0	33	10
0	34	4
0	35	6
0	36	8
0	37	9
0	38	7
0	39	6
0	40	8
0	41	13
0	42	14
0	43	5
0	44	14
0	45	11
0	46	12
0	47	15
0	48	14
0	49	14
0	50	17
0	51	13
0	52	10
0	53	8
0	54	7
0	55	8
0	56	17
0	57	11
0	58	8
0	59	12
0	60	14
0	61	6
0	62	17
0	63	17
0	64	6
0	65	9
1	2	116
1	3	23
1	4	9
1	5	12
1	6	19
1	7	21
1	8	17
1	9	16
1	10	4
1	11	19
1	12	15
1	13	12
1	14	12
1	15	15
1	16	7
1	17	14
1	18	23
1	19	10
1	20	8
1	21	21
1	22	18
1	23	9
1	24	12
1	25	10
1	26	18
1	27	14
1	28	23
1	29	19
1	30	16
1	31	11
1	32	5
1	33	17
1	34	5
1	35	9
1	36	11
1	37	12
1	38	24
1	39	25
1	40	18
1	41	5
1	42	20
1	43	3
1	44	23
1	45	16
1	46	6
1	47	12
1	48	23
1	49	19
1	50	14
1	51	25
1	52	14
1	53	15
1	54	14
1	55	15
1	56	22
1	57	19
1	58	14
1	59	33
1	60	12
1	61	11
1	62	21
1	63	21
1	64	12
1	65	24
2	3	25
2	4	14
2	5	17
2	6	25
2	7	12
2	8	31
2	9	21
2	10	12
2	11	21
2	12	28
2	13	9
2	14	13
2	15	19
2	16	13
2	17	25
2	18	18
2	19	9
2	20	9
2	21	17
2	22	24
2	23	10
2	24	16
2	25	17
2	26	37
2	27	17
2	28	14
2	29	20
2	30	21
2	31	21
2	32	5
2	33	31
2	34	5
2	35	16
2	36	23
2	37	23
2	38	23
2	39	16
2	40	20
2	41	17
2	42	30
2	43	6
2	44	28
2	45	19
2	46	8
2	47	30
2	48	32
2	49	20
2	50	17
2	51	17
2	52	21
2	53	20
2	54	37
2	55	13
2	56	17
2	57	21
2	58	27
2	59	29
2	60	14
2	61	8
2	62	25
2	63	22
2	64	22
2	65	17
3	4	3
3	5	8
3	6	5
3	7	2
3	8	2
3	9	13
3	10	3
3	11	7
3	12	3
3	13	2
3	14	4
3	15	3
3	17	4
3	18	4
3	19	3
3	20	1
3	21	4
3	22	1
3	23	6
3	24	1
3	25	3
3	26	2
3	27	2
3	28	1
3	29	5
3	30	5
3	31	5
3	32	2
3	33	3
3	34	2
3	35	2
3	36	1
3	37	3
3	38	6
3	40	3
3	41	2
3	42	3
3	43	2
3	44	3
3	45	4
3	47	6
3	48	7
3	49	2
3	50	3
3	51	1
3	52	3
3	53	4
3	54	5
3	55	5
3	56	2
3	57	4
3	58	1
3	59	3
3	61	3
3	62	4
3	63	10
3	64	2
3	65	2
4	6	4
4	7	1
4	8	5
4	9	1
4	11	6
4	12	1
4	13	5
4	14	2
4	15	3
4	16	3
4	17	4
4	18	6
4	19	2
4	20	2
4	21	6
4	22	4
4	24	4
4	25	6
4	27	1
4	28	7
4	29	3
4	30	3
4	31	6
4	32	3
4	33	1
4	34	3
4	35	3
4	36	4
4	37	1
4	38	2
4	39	2
4	41	2
4	42	5
4	44	5
4	45	4
4	46	3
4	47	5
4	48	5
4	49	2
4	50	1
4	51	2
4	53	3
4	54	4
4	55	5
4	56	2
4	57	6
4	58	1
4	59	6
4	60	2
4	62	5
4	63	1
4	64	7
4	65	1
5	6	3
5	7	3
5	8	5
5	9	4
5	11	1
5	12	5
5	13	1
5	14	3
5	15	6
5	16	1
5	17	6
5	18	2
5	20	1
5	21	4
5	22	4
5	23	1
5	24	4
5	25	3
5	26	2
5	28	2
5	29	2
5	30	5
5	31	2
5	32	1
5	33	3
5	34	2
5	35	1
5	36	2
5	38	2
5	39	2
5	40	4
5	42	4
5	44	3
5	45	5
5	46	4
5	47	2
5	48	5
5	49	2
5	50	4
5	51	5
5	52	2
5	53	4
5	55	6
5	57	1
5	58	5
5	59	2
5	61	3
5	62	1
5	63	2
5	64	2
5	65	4
6	7	3
6	8	10
6	9	2
6	10	1
6	11	7
6	12	7
6	13	5
6	14	1
6	15	6
6	16	1
6	17	3
6	18	6
6	19	6
6	20	3
6	21	6
6	22	7
6	23	3
6	24	2
6	25	4
6	26	6
6	27	2
6	28	3
6	29	9
6	30	4
6	31	3
6	32	4
6	33	5
6	34	2
6	35	2
6	36	3
6	37	3
6	38	7
6	40	8
6	41	4
6	42	5
6	43	1
6	44	7
6	45	3
6	46	4
6	47	3
6	48	1
6	49	3
6	50	4
6	51	4
6	52	4
6	53	6
6	54	4
6	55	3
6	57	10
6	58	3
6	59	6
6	60	3
6	61	1
6	62	11
6	63	5
6	64	3
6	65	3
7	8	4
7	9	5
7	10	7
7	11	3
7	12	4
7	13	5
7	14	2
7	15	5
7	16	1
7	17	3
7	18	9
7	19	1
7	20	1
7	21	5
7	22	7
7	23	2
7	24	3
7	25	2
7	26	2
7	27	1
7	28	5
7	29	5
7	30	4
7	31	4
7	32	2
7	33	3
7	34	2
7	35	8
7	36	2
7	37	4
7	38	4
7	39	3
7	40	6
7	41	2
7	42	6
7	43	2
7	44	7
7	45	3
7	46	3
7	47	4
7	48	10
7	50	4
7	51	6
7	52	1
7	53	8
7	54	1
7	55	2
7	56	4
7	57	4
7	58	1
7	59	1
7	61	3
7	62	2
7	63	5
7	64	2
7	65	3
8	9	4
8	10	4
8	11	3
8	12	5
8	13	2
8	14	2
8	15	4
8	16	5
8	17	12
8	18	5
8	21	6
8	22	2
8	24	4
8	25	2
8	26	6
8	27	1
8	28	8
8	29	8
8	30	1
8	31	2
8	33	7
8	34	2
8	36	6
8	37	6
8	38	2
8	39	1
8	40	6
8	41	2
8	42	3
8	44	6
8	45	4
8	46	1
8	47	7
8	48	4
8	49	3
8	50	6
8	51	6
8	52	2
8	53	6
8	54	4
8	55	2
8	56	5
8	57	5
8	58	3
8	59	5
8	60	4
8	61	2
8	62	4
8	63	5
8	64	5
8	65	6
9	10	2
9	11	6
9	12	5
9	13	1
9	14	2
9	15	4
9	17	7
9	18	5
9	19	2
9	20	2
9	21	2
9	22	3
9	23	4
9	24	5
9	25	3
9	26	9
9	27	1
9	28	7
9	29	8
9	30	4
9	31	3
9	32	2
9	33	6
9	34	2
9	36	5
9	37	2
9	38	4
9	39	3
9	40	1
9	41	3
9	42	5
9	44	4
9	45	2
9	47	6
9	48	8
9	49	5
9	50	1
9	51	2
9	52	1
9	53	1
9	54	10
9	55	1
9	56	9
9	57	3
9	58	1
9	59	7
9	60	5
9	61	3
9	62	4
9	63	5
9	64	5
9	65	2
10	11	4
10	13	1
10	14	1
10	15	1
10	16	3
10	17	2
10	18	2
10	20	1
10	21	1
10	22	4
10	23	5
10	24	5
10	25	1
10	26	5
10	27	2
10	28	2
10	29	4
10	30	4
10	31	3
10	32	1
10	33	1
10	34	1
10	35	3
10	36	3
10	37	2
10	38	3
10	39	3
10	40	2
10	41	1
10	42	5
10	43	4
10	44	1
10	45	3
10	47	3
10	48	5
10	49	4
10	50	4
10	51	3
10	52	1
10	53	1
10	55	2
10	56	2
10	57	5
10	58	4
10	59	6
10	61	2
10	62	2
10	63	2
10	64	1
10	65	5
11	12	8
11	13	3
11	14	4
11	15	6
11	16	3
11	17	7
11	18	8
11	19	3
11	20	2
11	21	11
11	22	5
11	23	2
11	24	2
11	25	2
11	26	9
11	27	2
11	28	3
11	29	7
11	30	4
11	31	7
11	32	3
11	33	6
11	34	2
11	35	2
11	36	8
11	37	4
11	38	8
11	39	1
11	40	2
11	41	2
11	42	2
11	43	5
11	44	5
11	45	6
11	46	2
11	47	4
11	48	1
11	49	1
11	50	6
11	51	2
11	52	5
11	53	2
11	54	2
11	55	2
11	56	5
11	57	8
11	58	1
11	59	3
11	60	3
11	61	2
11	62	3
11	63	11
11	64	3
11	65	8
12	13	6
12	14	2
12	15	2
12	16	2
12	17	4
12	18	3
12	19	2
12	21	9
12	22	4
12	25	3
12	26	5
12	27	3
12	28	5
12	29	5
12	30	6
12	31	3
12	32	1
12	33	3
12	34	2
12	35	5
12	36	6
12	37	6
12	38	4
12	39	2
12	40	1
12	41	1
12	42	7
12	43	1
12	44	3
12	45	4
12	46	3
12	47	7
12	48	9
12	49	1
12	50	5
12	51	6
12	52	4
12	53	7
12	54	5
12	55	3
12	56	2
12	57	4
12	58	6
12	59	5
12	60	6
12	61	4
12	62	4
12	63	5
12	64	4
12	65	7
13	14	2
13	15	8
13	17	2
13	18	3
13	21	4
13	22	6
13	23	1
13	24	4
13	25	1
13	26	4
13	28	5
13	29	3
13	30	2
13	31	4
13	32	4
13	33	3
13	35	4
13	36	2
13	37	3
13	38	2
13	39	4
13	40	2
13	41	2
13	42	3
13	44	2
13	45	5
13	46	2
13	47	2
13	48	4
13	49	2
13	50	1
13	51	3
13	53	4
13	54	4
13	55	3
13	56	1
13	57	2
13	58	1
13	59	3
13	60	3
13	61	1
13	62	1
13	63	4
13	64	4
13	65	2
14	15	5
14	16	1
14	17	3
14	18	3
14	20	1
14	21	4
14	22	1
14	23	1
14	24	2
14	25	2
14	26	4
14	27	1
14	28	6
14	29	3
14	30	2
14	31	3
14	33	3
14	34	1
14	35	1
14	36	1
14	37	2
14	38	1
14	39	1
14	40	2
14	42	3
14	43	1
14	44	3
14	45	3
14	46	2
14	47	3
14	48	1
14	49	2
14	50	1
14	51	6
14	52	3
14	54	5
14	55	3
14	56	2
14	57	2
14	58	2
14	59	3
14	60	4
14	61	2
14	62	3
14	63	8
14	64	1
14	65	3
15	17	4
15	18	4
15	19	1
15	20	1
15	21	3
15	22	6
15	23	1
15	24	4
15	25	3
15	26	2
15	27	3
15	28	2
15	29	2
15	30	6
15	31	7
15	32	1
15	33	6
15	34	2
15	35	4
15	36	5
15	37	1
15	38	5
15	40	8
15	41	1
15	42	1
15	43	1
15	44	1
15	45	5
15	46	2
15	47	7
15	48	2
15	49	5
15	50	4
15	51	5
15	52	2
15	53	7
15	54	3
15	55	3
15	56	2
15	57	9
15	58	2
15	59	3
15	60	3
15	61	2
15	62	8
15	63	2
15	64	2
15	65	5
16	17	5
16	18	1
16	19	4
16	20	1
16	21	3
16	22	3
16	23	1
16	24	5
16	25	3
16	26	4
16	27	3
16	28	3
16	29	3
16	30	2
16	31	5
16	32	1
16	33	2
16	34	1
16	35	1
16	36	2
16	37	3
16	38	1
16	39	2
16	40	2
16	41	4
16	42	2
16	43	1
16	44	2
16	45	2
16	46	2
16	47	3
16	48	2
16	50	1
16	51	3
16	52	1
16	53	1
16	54	3
16	55	1
16	56	1
16	57	1
16	58	1
16	59	3
16	62	2
16	63	1
16	64	7
16	65	2
17	18	6
17	19	6
17	20	1
17	21	5
17	22	2
17	24	6
17	25	2
17	26	7
17	27	3
17	28	2
17	29	3
17	31	5
17	32	1
17	33	4
17	34	3
17	35	4
17	36	6
17	37	2
17	38	5
17	39	3
17	40	2
17	41	1
17	42	6
17	44	5
17	45	1
17	46	1
17	47	5
17	48	6
17	49	7
17	50	4
17	51	5
17	53	1
17	54	1
17	55	3
17	56	4
17	57	4
17	58	3
17	59	4
17	60	2
17	62	4
17	63	5
17	64	2
17	65	3
18	19	1
18	21	4
18	22	5
18	23	3
18	24	5
18	25	2
18	26	2
18	27	3
18	28	13
18	29	8
18	30	2
18	31	2
18	32	1
18	33	8
18	34	9
18	36	5
18	37	3
18	38	7
18	39	4
18	40	2
18	41	1
18	42	6
18	43	2
18	44	2
18	45	3
18	46	2
18	47	5
18	48	1
18	49	7
18	50	1
18	51	5
18	53	2
18	54	7
18	55	3
18	56	2
18	57	4
18	58	7
18	59	3
18	60	4
18	61	4
18	62	3
18	63	8
18	64	1
18	65	3
19	20	1
19	21	2
19	22	3
19	23	3
19	24	2
19	25	1
19	26	3
19	29	1
19	30	3
19	31	3
19	32	1
19	33	4
19	34	2
19	35	2
19	36	1
19	37	2
19	38	2
19	39	7
19	40	3
19	41	1
19	42	1
19	44	2
19	45	3
19	46	1
19	47	1
19	48	3
19	49	2
19	50	1
19	51	1
19	52	1
19	53	1
19	54	1
19	55	1
19	56	3
19	57	6
19	59	3
19	60	1
19	62	1
19	63	1
19	64	1
19	65	3
20	21	2
20	25	1
20	26	5
20	28	3
20	29	1
20	30	1
20	33	1
20	34	3
20	36	1
20	39	1
20	42	1
20	44	1
20	45	1
20	46	1
20	47	1
20	48	1
20	49	1
20	54	1
20	55	2
20	56	1
20	57	1
20	58	4
20	59	1
20	60	1
20	62	4
20	63	3
20	64	2
20	65	1
21	22	4
21	23	4
21	24	7
21	25	2
21	26	2
21	27	4
21	28	11
21	29	2
21	30	7
21	31	6
21	32	3
21	33	4
21	34	1
21	35	1
21	36	4
21	37	2
21	38	5
21	39	4
21	40	2
21	42	3
21	44	8
21	45	4
21	46	3
21	47	4
21	48	6
21	49	6
21	50	3
21	51	5
21	52	3
21	53	2
21	54	8
21	55	1
21	56	5
21	57	2
21	58	7
21	59	3
21	60	3
21	62	1
21	63	3
21	64	3
21	65	5
22	23	5
22	24	3
22	25	7
22	26	1
22	27	4
22	28	3
22	29	1
22	30	4
22	31	3
22	32	1
22	34	1
22	35	2
22	36	5
22	37	5
22	38	5
22	39	5
22	40	6
22	41	2
22	43	1
22	44	1
22	45	1
22	46	1
22	47	6
22	48	7
22	49	5
22	50	5
22	51	4
22	52	2
22	53	2
22	54	8
22	55	3
22	56	4
22	57	4
22	58	4
22	59	2
22	60	3
22	61	1
22	62	2
22	63	7
22	64	5
22	65	5
23	24	6
23	25	6
23	26	4
23	27	2
23	28	1
23	29	1
23	30	3
23	32	2
23	33	7
23	34	1
23	35	1
23	38	2
23	39	6
23	40	1
23	41	1
23	42	4
23	44	1
23	45	3
23	46	2
23	47	2
23	48	4
23	49	6
23	50	2
23	51	2
23	52	6
23	53	2
23	54	1
23	55	2
23	56	2
23	57	5
23	58	2
23	59	6
23	60	4
23	62	6
23	63	1
23	65	6
24	25	4
24	26	6
24	27	2
24	28	5
24	29	6
24	30	3
24	31	1
24	33	3
24	35	3
24	36	4
24	37	6
24	38	2
24	39	1
24	41	2
24	42	5
24	43	1
24	44	2
24	45	2
24	46	3
24	47	3
24	48	7
24	49	2
24	50	2
24	51	3
24	52	3
24	53	2
24	54	4
24	55	3
24	56	6
24	57	3
24	58	3
24	59	9
24	60	3
24	61	2
24	62	4
24	63	4
24	64	3
24	65	3
25	26	2
25	27	6
25	28	2
25	29	2
25	30	3
25	31	1
25	32	2
25	33	4
25	35	2
25	36	3
25	37	4
25	38	3
25	39	1
25	41	1
25	42	3
25	43	1
25	44	3
25	45	4
25	47	3
25	48	3
25	49	6
25	50	3
25	51	1
25	52	2
25	53	1
25	54	5
25	55	1
25	56	1
25	57	5
25	58	2
25	59	10
25	60	3
25	61	2
25	62	3
25	63	4
25	64	1
25	65	2
26	27	2
26	28	4
26	29	2
26	30	3
26	31	6
26	33	11
26	35	4
26	36	6
26	37	3
26	38	3
26	39	3
26	40	3
26	41	1
26	42	4
26	43	2
26	44	9
26	45	5
26	46	5
26	47	3
26	48	8
26	49	3
26	50	6
26	51	3
26	52	1
26	53	3
26	54	4
26	55	2
26	56	2
26	57	5
26	58	5
26	59	6
26	60	5
26	61	1
26	62	11
26	63	8
26	64	4
26	65	7
27	28	1
27	29	2
27	30	2
27	31	2
27	33	6
27	34	2
27	36	1
27	37	3
27	38	2
27	39	5
27	41	5
27	42	1
27	43	2
27	44	3
27	45	3
27	46	1
27	47	4
27	48	4
27	49	3
27	50	2
27	51	2
27	52	1
27	55	2
27	57	2
27	59	3
27	60	3
27	61	2
27	62	5
27	63	5
27	64	5
28	29	10
28	30	3
28	31	2
28	32	2
28	33	3
28	34	5
28	35	3
28	36	1
28	37	6
28	38	6
28	39	5
28	40	7
28	41	5
28	42	5
28	43	2
28	44	1
28	45	3
28	46	5
28	47	5
28	48	4
28	49	4
28	50	2
28	51	8
28	52	3
28	53	2
28	54	8
28	55	1
28	56	5
28	57	5
28	58	7
28	59	13
28	60	7
28	61	2
28	62	6
28	63	10
28	64	4
28	65	3
29	30	5
29	31	3
29	32	1
29	33	6
29	34	2
29	35	3
29	36	5
29	37	3
29	38	3
29	39	5
29	40	4
29	41	4
29	42	8
29	43	3
29	44	12
29	45	3
29	46	7
29	47	4
29	48	7
29	49	2
29	50	4
29	51	8
29	52	3
29	53	5
29	54	9
29	55	4
29	56	2
29	57	2
29	58	1
29	59	6
29	60	4
29	61	3
29	62	7
29	63	5
29	64	1
29	65	5
30	31	7
30	32	1
30	33	3
30	34	1
30	35	2
30	36	2
30	37	2
30	38	6
30	39	3
30	40	4
30	41	1
30	42	4
30	44	12
30	45	3
30	46	9
30	47	4
30	48	2
30	49	1
30	50	6
30	51	3
30	52	3
30	53	2
30	54	3
30	55	5
30	56	1
30	57	6
30	58	5
30	59	3
30	60	2
30	61	2
30	62	3
30	63	2
30	64	7
30	65	1
31	32	3
31	33	7
31	35	6
31	36	2
31	37	1
31	38	5
31	39	4
31	40	1
31	41	1
31	42	2
31	43	2
31	44	7
31	45	1
31	46	5
31	47	2
31	48	6
31	49	5
31	50	5
31	51	7
31	52	2
31	53	4
31	54	4
31	55	5
31	56	5
31	57	2
31	58	5
31	59	3
31	60	2
31	62	4
31	63	2
31	64	2
31	65	5
32	33	2
32	34	2
32	35	3
32	36	1
32	37	4
32	38	4
32	39	1
32	41	1
32	42	3
32	43	1
32	44	3
32	45	1
32	46	2
32	47	6
32	48	3
32	49	3
32	50	1
32	54	2
32	55	1
32	56	1
32	58	1
32	59	2
32	60	3
32	61	5
32	64	1
32	65	2
33	34	7
33	36	2
33	37	6
33	38	4
33	39	2
33	40	2
33	41	3
33	42	8
33	43	2
33	44	5
33	45	2
33	46	1
33	47	4
33	48	6
33	49	9
33	50	2
33	51	3
33	52	2
33	53	2
33	54	4
33	55	2
33	56	8
33	57	5
33	58	4
33	59	4
33	60	3
33	61	3
33	62	6
33	63	3
33	64	4
33	65	4
34	36	1
34	37	4
34	38	2
34	39	2
34	41	1
34	42	2
34	44	2
34	45	1
34	46	4
34	47	5
34	48	1
34	49	5
34	50	3
34	51	3
34	53	4
34	54	2
34	56	7
34	57	4
34	58	8
34	59	2
34	60	1
34	61	3
34	62	7
34	63	1
34	64	1
34	65	4
35	37	2
35	38	3
35	39	3
35	40	1
35	41	2
35	42	1
35	44	2
35	45	5
35	46	3
35	47	4
35	49	2
35	50	5
35	51	2
35	52	1
35	53	7
35	54	4
35	55	4
35	56	4
35	57	5
35	58	2
35	59	4
35	60	1
35	61	3
35	62	2
35	63	5
35	64	2
35	65	3
36	37	8
36	38	2
36	40	1
36	41	2
36	42	1
36	44	6
36	45	1
36	46	2
36	47	7
36	48	1
36	49	2
36	50	6
36	51	4
36	52	3
36	53	5
36	54	3
36	56	3
36	57	4
36	58	2
36	59	3
36	60	2
36	61	1
36	62	3
36	63	6
36	64	2
36	65	3
37	38	3
37	39	9
37	40	2
37	41	3
37	42	8
37	44	3
37	45	4
37	46	2
37	47	5
37	48	2
37	49	4
37	50	6
37	51	3
37	52	1
37	53	5
37	54	11
37	55	3
37	56	1
37	57	3
37	58	7
37	59	8
37	60	2
37	61	5
37	62	4
37	63	8
37	64	5
37	65	2
38	39	8
38	40	4
38	41	1
38	42	6
38	43	1
38	44	7
38	45	2
38	46	3
38	47	5
38	48	8
38	49	5
38	50	2
38	51	4
38	52	1
38	53	2
38	54	3
38	55	5
38	56	1
38	57	6
38	58	3
38	59	3
38	60	6
38	61	1
38	62	8
38	63	1
38	64	5
38	65	4
39	40	2
39	41	5
39	42	6
39	43	2
39	44	7
39	45	2
39	47	5
39	48	3
39	49	3
39	50	2
39	51	4
39	52	2
39	53	2
39	54	1
39	55	2
39	56	2
39	57	4
39	58	1
39	59	5
39	60	6
39	62	3
39	63	5
39	64	2
39	65	2
40	41	5
40	42	1
40	43	1
40	44	8
40	45	4
40	46	4
40	47	2
40	48	6
40	49	3
40	50	1
40	51	7
40	53	3
40	54	7
40	55	5
40	56	2
40	57	3
40	58	1
40	59	5
40	60	2
40	61	4
40	62	5
40	63	6
40	64	3
40	65	2
41	42	2
41	43	2
41	44	1
41	45	5
41	46	2
41	47	4
41	48	2
41	49	2
41	50	2
41	52	2
41	53	1
41	54	3
41	55	3
41	56	1
41	58	3
41	59	2
41	60	2
41	61	2
41	64	1
41	65	2
42	43	4
42	44	6
42	45	7
42	46	3
42	47	5
42	48	7
42	49	3
42	50	11
42	51	4
42	53	4
42	54	9
42	55	1
42	56	3
42	57	4
42	58	4
42	59	6
42	60	5
42	61	1
42	62	2
42	63	7
42	64	2
42	65	5
43	44	1
43	48	4
43	51	1
43	53	3
43	56	2
43	57	1
43	58	1
43	59	4
43	62	1
43	63	2
43	64	1
43	65	8
44	45	6
44	47	5
44	48	6
44	49	5
44	50	2
44	51	2
44	52	2
44	53	3
44	54	8
44	55	1
44	56	1
44	57	4
44	58	3
44	59	4
44	60	3
44	61	1
44	62	5
44	63	5
44	64	3
44	65	9
45	46	2
45	47	7
45	48	2
45	49	3
45	50	1
45	51	5
45	52	1
45	53	2
45	54	5
45	56	4
45	57	2
45	58	4
45	59	3
45	60	2
45	61	1
45	62	6
45	63	5
45	64	2
45	65	3
46	47	1
46	48	4
46	49	4
46	50	4
46	51	1
46	52	1
46	53	2
46	54	8
46	55	2
46	56	4
46	57	1
46	58	2
46	59	1
46	61	4
46	62	1
46	63	1
46	65	3
47	48	3
47	49	5
47	50	6
47	51	4
47	52	4
47	53	3
47	54	9
47	55	7
47	56	6
47	57	5
47	58	1
47	59	3
47	60	4
47	61	3
47	62	6
47	63	6
47	64	1
47	65	5
48	50	6
48	51	3
48	53	2
48	54	4
48	55	8
48	56	3
48	57	4
48	58	3
48	59	7
48	60	5
48	61	1
48	62	7
48	63	4
48	64	4
48	65	12
49	50	5
49	51	8
49	52	4
49	53	2
49	54	7
49	55	8
49	56	3
49	57	8
49	58	2
49	59	6
49	60	1
49	61	5
49	62	7
49	63	9
49	64	5
49	65	3
50	51	1
50	52	1
50	53	4
50	54	7
50	55	5
50	56	1
50	57	5
50	58	3
50	59	3
50	60	7
50	61	4
50	62	4
50	63	5
50	64	3
50	65	6
51	52	1
51	53	4
51	54	3
51	55	4
51	56	8
51	57	3
51	59	7
51	60	4
51	61	1
51	62	3
51	63	8
51	64	5
51	65	6
52	53	3
52	54	5
52	56	1
52	59	1
52	60	2
52	63	2
52	64	3
52	65	2
53	54	2
53	55	5
53	56	3
53	57	2
53	58	6
53	59	11
53	60	1
53	62	7
53	63	6
53	64	3
53	65	5
54	55	6
54	56	9
54	57	1
54	58	4
54	59	9
54	60	3
54	61	1
54	62	3
54	63	5
54	64	2
54	65	6
55	56	8
55	57	9
55	58	1
55	59	2
55	60	1
55	61	4
55	62	1
55	63	4
55	64	4
55	65	3
56	57	1
56	58	1
56	59	2
56	60	3
56	62	5
56	63	2
56	64	2
56	65	6
57	58	4
57	59	6
57	60	4
57	61	4
57	62	6
57	63	4
57	64	2
57	65	13
58	59	7
58	60	4
58	61	3
58	62	2
58	63	3
58	64	3
58	65	1
59	60	8
59	61	1
59	62	4
59	63	6
59	64	1
59	65	5
60	61	3
60	62	3
60	63	4
60	64	4
60	65	3
61	62	1
61	63	8
61	65	1
62	63	9
62	64	3
62	65	3
63	64	6
63	65	6
64	65	2
