33 71 80 84 114 117 119 129 131 138 151 166 171 183 218 231 242 250 252 256 258 262 282 292 294 312 336 350 354 356 357 361 384 386 395 397 400 413 424 464 468 473 484 505 537 547 554 606 620 679 682 687 
30 88 94 118 128 151 169 186 188 199 206 208 209 235 275 277 287 295 327 353 370 375 381 385 396 406 415 435 437 474 491 497 531 541 556 604 609 623 630 688 699 
31 98 113 151 169 182 189 220 270 275 289 295 296 301 311 332 359 363 367 370 374 375 381 399 403 405 452 465 470 475 491 507 517 522 529 535 553 566 567 571 573 588 589 600 610 612 617 629 642 651 652 655 657 673 684 686 
25 28 48 56 58 65 129 138 151 166 190 194 231 250 256 257 292 295 312 327 334 336 357 386 397 400 403 414 424 443 464 484 503 528 543 547 551 554 562 577 606 612 627 634 637 653 681 682 686 687 691 
43 45 58 75 123 135 145 156 166 167 175 176 185 187 194 238 243 258 260 285 288 289 299 300 313 331 344 345 348 374 384 395 398 399 400 402 416 431 439 446 451 452 457 461 466 467 470 477 489 502 507 511 523 525 527 542 568 570 571 573 586 589 595 613 616 621 628 650 654 670 684 688 
8 29 38 49 71 74 80 114 117 126 134 164 173 183 190 194 195 203 234 237 242 252 256 262 266 267 276 279 294 300 301 321 328 333 338 339 343 350 352 360 371 377 395 411 413 420 422 427 451 460 462 470 487 504 527 543 545 555 567 570 571 572 580 583 584 608 614 616 619 624 627 635 636 645 672 700 
25 33 84 92 93 96 98 99 101 124 128 131 171 175 184 190 209 239 243 246 247 273 293 301 307 320 328 333 355 377 380 407 409 412 425 428 432 435 437 451 454 458 466 477 484 496 501 506 511 519 533 539 552 555 560 590 614 630 639 654 665 685 700 
85 102 108 128 134 149 154 155 159 178 194 196 204 232 259 277 281 285 287 295 353 379 387 391 396 406 420 427 430 461 469 476 515 525 571 586 591 601 627 648 669 680 695 
37 95 104 119 132 144 147 150 158 165 169 171 174 178 184 190 210 212 220 244 257 269 271 283 286 293 301 302 307 311 316 352 359 361 402 404 419 446 462 466 475 476 499 506 519 525 526 533 537 539 552 553 563 566 574 576 578 588 591 610 613 615 617 655 661 673 679 700 
43 69 75 105 123 135 145 167 175 176 185 187 194 238 258 279 288 289 299 305 331 344 348 374 384 398 399 416 452 459 461 470 502 507 525 527 542 571 572 573 581 582 589 595 616 620 643 661 662 664 670 681 684 688 
28 33 37 45 51 58 60 62 65 71 75 76 80 84 85 95 98 102 104 105 114 117 118 119 130 131 132 138 144 145 151 154 155 156 166 169 172 174 177 183 196 201 217 218 220 223 224 236 238 242 244 247 252 253 254 257 258 260 262 266 270 271 277 278 279 282 283 284 285 286 287 289 294 299 301 302 305 307 308 313 322 331 341 342 345 350 352 353 354 356 358 362 364 376 379 384 390 395 396 399 400 402 404 406 413 417 418 431 433 441 446 452 454 456 457 459 461 462 466 467 469 470 473 475 476 486 488 489 490 494 503 505 507 515 523 525 528 531 533 539 540 541 551 553 558 560 562 563 568 572 573 576 577 578 584 588 589 591 592 593 596 597 604 610 613 615 617 620 621 627 628 634 636 637 645 648 650 653 655 663 670 673 674 681 684 691 692 693 
48 69 90 101 107 111 139 156 171 173 181 185 215 226 234 260 279 282 285 295 300 305 313 320 345 378 389 395 400 402 403 422 431 446 451 452 457 466 467 468 473 489 502 505 508 510 523 525 529 531 552 568 569 572 607 614 615 618 620 621 626 628 650 667 686 688 691 693 
51 60 101 105 119 138 152 175 218 223 254 280 282 305 326 330 341 358 400 414 423 431 439 443 459 466 473 480 484 494 505 512 513 543 593 595 654 
48 84 106 115 131 151 168 173 174 175 210 228 254 263 266 285 291 321 326 330 341 342 343 354 358 379 398 412 414 447 456 463 481 484 488 491 503 515 549 565 592 599 603 620 624 632 635 636 645 658 661 670 678 680 
25 48 56 58 65 129 135 138 151 166 181 190 194 231 250 256 257 258 277 287 292 294 295 303 310 312 314 315 319 327 336 350 353 357 386 396 397 400 413 414 424 443 464 482 484 543 547 554 559 565 605 606 620 627 640 670 677 681 682 687 689 691 
25 27 36 48 61 94 108 144 173 186 215 289 310 315 346 352 365 374 385 397 415 435 443 450 451 453 462 463 469 474 484 485 486 492 548 559 564 565 593 602 603 605 611 622 625 640 644 646 666 671 673 677 678 689 
10 21 25 28 31 33 35 44 54 57 58 63 69 84 86 98 103 108 116 119 128 131 132 134 148 149 151 159 169 181 182 194 216 232 248 249 255 259 261 265 270 274 275 281 288 295 296 301 312 324 328 332 334 335 340 352 370 374 375 380 381 385 387 391 395 397 398 401 410 415 420 426 427 430 431 446 452 456 471 474 491 500 503 513 514 530 531 534 536 545 546 567 571 575 584 589 594 595 601 604 611 615 641 648 652 654 659 661 663 665 674 683 695 696 
10 24 28 33 41 42 46 58 63 67 69 84 86 98 103 109 110 119 125 128 131 143 149 154 169 170 174 179 181 198 201 229 248 249 265 272 274 275 278 295 303 312 314 319 328 334 370 371 374 375 376 381 384 390 394 397 401 417 433 446 452 456 476 493 500 534 543 545 568 575 591 594 595 597 604 611 613 648 654 659 673 687 700 
46 67 90 125 128 143 149 179 181 198 272 290 303 306 314 319 334 347 378 389 394 408 464 476 500 521 534 543 545 569 607 618 620 648 659 700 
76 130 177 236 284 362 425 446 451 456 461 486 488 500 535 539 540 544 558 584 596 663 680 692 696 
75 99 132 139 170 184 219 229 230 241 251 285 324 335 340 349 369 393 394 401 410 422 434 476 479 493 500 524 530 532 539 572 579 595 626 631 638 649 652 683 685 696 
19 28 48 68 78 89 97 101 137 144 149 162 163 194 202 214 233 234 240 256 257 276 316 317 323 338 360 372 383 392 398 411 412 414 425 436 440 444 449 452 455 458 483 485 509 518 525 527 531 532 544 556 567 570 583 604 616 633 656 660 663 668 669 674 675 680 681 694 
91 127 135 175 181 205 227 279 288 301 344 348 366 371 416 435 458 495 498 502 542 571 581 582 595 615 620 636 642 643 662 664 685 691 
11 32 53 66 70 77 99 112 133 271 333 369 393 406 422 434 469 493 524 532 541 579 586 638 685 
23 75 118 136 160 186 192 234 253 258 276 297 322 333 338 364 373 385 414 415 418 432 474 478 503 520 550 557 570 604 642 654 665 670 676 685 690 699 
5 50 82 92 93 94 96 98 99 101 107 111 119 124 128 147 150 158 165 171 175 178 184 190 209 210 212 239 242 243 246 247 264 269 273 293 301 307 311 316 320 327 328 333 355 359 361 374 377 380 389 395 407 409 412 419 425 428 435 437 442 451 454 458 462 466 469 472 475 477 482 484 496 499 501 503 506 508 511 519 526 537 539 541 545 552 555 560 561 566 574 590 605 611 614 618 630 639 654 661 665 666 667 669 670 679 685 691 700 
20 28 33 45 64 65 75 77 81 83 84 86 98 112 119 122 131 133 135 145 154 156 164 166 169 173 174 185 189 201 210 234 238 253 260 268 270 271 278 285 286 289 290 297 299 300 301 306 313 314 327 331 339 345 347 354 356 358 363 367 371 376 380 384 390 399 400 402 403 405 406 408 417 429 431 432 433 446 451 456 457 461 465 466 467 470 475 481 487 488 489 494 504 507 508 517 521 522 523 529 535 538 543 568 571 572 573 583 584 587 591 597 600 604 609 612 613 615 621 626 628 629 636 642 647 650 651 652 654 657 670 674 684 685 686 691 
15 26 30 39 45 59 88 94 118 121 128 146 156 164 166 169 184 186 188 199 206 208 222 234 235 257 260 264 285 297 300 309 311 313 322 327 337 345 363 364 365 380 385 395 402 406 415 418 419 426 431 435 442 443 451 452 457 462 467 471 472 474 482 489 503 514 523 527 531 536 541 546 561 568 574 586 589 593 604 605 615 621 625 628 641 646 650 666 669 670 688 693 
14 47 86 99 118 138 140 144 161 171 174 207 223 255 257 271 316 324 325 329 335 340 368 397 398 410 421 425 445 491 497 508 516 530 538 548 556 584 585 586 587 593 611 615 640 647 656 677 683 689 694 696 697 698 700 
4 33 45 65 75 83 84 85 90 94 95 98 102 104 107 108 111 113 128 131 132 134 135 139 145 149 151 155 159 164 166 171 173 175 178 181 185 189 194 196 204 209 210 214 220 223 226 232 238 244 252 257 259 277 281 283 285 286 287 289 294 295 298 299 300 302 327 331 350 352 353 356 363 367 371 377 378 379 382 387 389 391 396 397 399 403 404 405 406 413 420 422 427 430 438 442 448 461 465 466 468 469 470 475 476 481 488 494 507 508 510 515 517 518 519 522 525 529 531 533 535 553 555 563 569 571 572 573 576 578 584 586 588 591 600 601 605 607 610 612 613 615 617 618 620 626 627 629 636 642 648 651 652 654 655 657 660 665 666 667 669 674 680 681 684 686 695 
94 119 144 147 149 150 158 165 171 174 178 184 210 212 226 269 311 316 359 361 374 376 378 395 400 417 419 422 425 433 462 466 468 499 503 510 526 533 535 537 553 566 569 574 607 613 615 618 626 655 667 669 679 700 
13 18 22 33 45 65 73 84 86 99 100 113 119 128 131 154 170 174 184 197 201 207 210 211 213 215 219 225 229 230 241 251 253 254 270 271 278 279 286 290 300 301 306 307 316 318 325 326 330 341 347 349 354 356 358 369 376 379 384 390 393 401 408 417 422 426 429 433 434 445 446 458 471 475 479 488 491 493 494 497 514 516 521 524 532 536 538 545 546 548 568 579 585 586 587 589 593 595 597 604 609 613 623 626 627 631 638 640 641 647 648 649 661 677 685 689 691 697 698 700 
7 45 69 78 83 89 101 113 118 128 138 144 162 163 164 171 173 189 202 223 233 235 240 256 272 303 314 317 319 327 363 367 371 372 382 383 384 392 394 398 403 405 406 414 436 438 440 448 449 455 458 465 476 481 483 485 507 508 509 515 517 518 522 529 531 539 544 556 600 604 612 616 629 633 642 651 652 656 657 660 661 665 668 675 677 680 686 688 694 700 
25 35 44 69 86 119 132 149 168 178 216 228 246 248 255 261 274 320 324 328 334 335 340 342 343 374 397 398 410 419 447 452 491 499 500 503 530 534 549 555 575 584 594 595 611 614 615 620 636 645 659 674 683 696 700 
6 28 75 119 144 147 149 150 153 158 164 165 166 169 170 178 193 210 212 219 223 229 230 241 242 251 253 254 269 271 279 285 290 297 306 311 322 323 326 330 338 341 347 349 358 359 360 361 364 369 393 395 401 408 411 418 419 422 425 432 434 443 475 479 493 499 508 521 524 526 532 537 566 570 572 574 579 586 595 626 627 631 638 642 649 661 669 679 680 695 700 
2 3 9 17 24 41 42 51 52 58 60 79 84 94 101 105 109 110 113 131 138 157 185 200 210 218 223 245 248 249 274 279 282 285 286 298 305 307 334 371 379 382 384 392 398 400 422 431 438 439 448 458 459 466 469 473 481 488 494 505 512 528 531 534 539 543 556 568 572 575 577 591 593 594 595 598 604 613 637 640 654 656 659 661 673 677 681 689 693 694 
62 172 173 203 217 223 224 258 270 308 321 352 380 441 443 460 490 503 528 541 551 562 572 577 580 584 589 608 613 619 624 634 635 636 637 653 670 673 681 693 
21 25 27 31 36 48 49 51 52 54 57 61 62 73 76 79 85 86 90 91 98 99 100 101 102 106 107 108 111 113 115 116 118 127 130 132 135 138 139 144 145 148 151 155 157 164 166 168 169 172 173 175 177 181 182 185 194 196 197 200 205 207 210 211 213 215 217 223 224 225 226 227 228 236 238 245 253 254 263 266 270 275 277 278 279 282 284 285 287 289 291 295 296 298 299 301 307 308 310 315 318 321 325 326 330 331 332 341 342 343 346 352 353 354 356 357 358 362 366 370 371 374 375 378 379 380 381 382 389 395 396 397 398 399 406 410 412 414 422 424 425 426 429 431 435 438 439 441 443 445 446 447 448 450 451 452 453 456 457 458 459 461 462 463 466 468 469 470 471 480 481 484 485 486 488 489 490 491 492 494 495 498 500 503 505 507 510 513 514 515 516 528 531 535 536 538 539 540 545 546 549 551 558 559 562 564 565 567 569 572 573 577 581 582 584 585 587 589 591 592 596 598 599 602 603 606 607 608 609 611 613 615 618 620 621 622 623 627 632 634 636 637 641 642 643 644 645 646 647 648 653 658 661 662 663 664 667 670 671 673 678 680 681 684 685 691 692 693 697 698 
12 74 87 120 141 180 195 203 234 257 264 279 300 304 306 309 316 328 337 339 351 365 371 380 388 442 460 462 472 482 487 504 528 532 551 567 571 580 583 593 608 619 634 672 685 691 693 
41 51 60 65 71 80 94 99 100 101 105 114 117 118 119 138 171 183 197 210 211 215 218 223 252 253 254 256 258 262 282 285 286 294 301 305 307 312 326 330 341 350 354 356 357 358 379 384 395 397 398 400 404 412 413 422 431 443 459 464 466 473 484 491 494 505 515 528 543 547 554 577 591 593 595 597 620 637 642 648 673 678 682 693 
13 18 22 25 31 33 34 55 62 69 72 73 77 84 85 86 90 91 92 93 94 96 99 100 101 102 107 108 111 112 118 124 127 128 131 132 133 135 138 139 142 145 147 149 150 151 155 156 158 165 166 170 171 172 176 178 181 182 187 194 196 197 205 207 209 210 211 212 213 215 217 219 221 224 225 226 227 229 230 232 234 237 238 241 243 246 251 253 254 257 258 260 269 270 275 276 277 279 287 289 293 295 296 299 307 308 311 313 318 320 322 323 325 326 328 330 331 332 338 341 344 345 349 353 356 358 359 360 366 369 370 375 377 378 379 381 389 393 395 396 399 400 402 406 411 412 419 422 425 429 431 432 434 435 441 443 444 445 452 457 458 461 466 467 468 469 470 475 477 479 489 490 491 493 494 495 497 498 499 506 507 508 510 511 515 516 519 523 524 525 526 528 531 532 535 537 538 541 544 545 551 552 555 562 566 567 568 569 570 572 573 574 577 579 581 582 584 585 586 587 589 591 593 607 609 611 613 614 615 616 618 620 621 623 626 627 628 631 634 636 637 638 642 643 647 648 649 650 653 654 662 664 667 669 670 679 680 681 684 685 688 691 693 697 698 
1 16 23 38 40 43 75 77 101 108 112 113 119 123 133 134 136 152 156 160 166 167 175 176 185 186 187 191 192 234 242 258 260 270 280 288 313 333 344 345 348 352 373 374 384 387 398 402 414 416 423 431 432 439 452 457 461 467 478 480 489 502 503 512 513 515 520 523 525 527 534 542 550 554 557 571 595 598 601 604 608 613 615 616 621 626 628 642 650 654 661 665 669 670 672 676 685 688 690 695 699 
