1 899 1412 1414 1553 1562 1185 1576 50 1075 309 1470 1342 1228 1487 1232 977 338 721 489 1389 883 1524 381 1150 
1027 137 546 314 575 1476 1098 464 980 982 87 856 1500 348 990 608 481 354 1640 233 879 633 
2 580 39 45 14 16 1267 1111 1368 
768 776 1547 1680 277 895 156 291 677 1573 696 1337 1479 968 1354 1101 1363 1372 234 1010 1279 
390 536 670 543 1441 1058 1578 43 1584 1076 835 1103 1104 1106 476 1374 1127 618 623 1401 509 510 
896 1045 1571 1198 1199 564 974 591 1110 605 1634 355 485 1131 1647 1394 1652 245 1529 1018 
897 774 103 679 297 42 746 942 561 435 948 181 1014 534 1432 923 508 351 
262 778 663 151 538 1308 1696 676 1189 686 1200 816 1333 576 326 332 1615 1492 981 468 750 1009 502 1398 376 
144 1043 405 1563 1182 928 1074 563 1210 957 590 345 732 478 737 872 239 1522 1270 1147 
1057 280 1473 228 708 775 424 201 523 831 598 408 153 26 1275 61 639 
3 1668 527 528 272 1558 1306 930 1188 932 683 1466 62 1599 1630 1504 97 878 885 766 
1026 647 1290 780 655 660 1175 1560 413 31 1577 828 829 445 834 1603 1348 199 839 206 211 729 889 754 1273 383 
1538 514 773 1159 1042 406 150 938 1590 1339 1088 585 845 207 1112 226 612 1393 1265 1399 504 
4 1543 1674 1420 1298 548 172 429 688 944 820 824 569 1601 966 1609 329 734 229 104 364 1012 886 1527 1528 1021 
1025 1569 1635 837 1096 106 1419 1516 1694 1326 305 821 600 730 638 
8 267 269 1039 1169 22 25 665 1561 668 1310 805 187 1093 1607 975 728 864 98 1382 880 499 
641 515 5 904 1289 1166 15 1428 535 1177 1434 155 1446 1191 681 52 1589 710 597 477 248 356 616 116 757 632 
352 1440 259 197 1575 265 366 431 430 369 18 368 850 437 119 190 
898 1539 6 1673 281 1433 1436 1447 1069 303 1461 1085 1484 609 1378 1000 745 1391 380 
1154 1542 422 554 1072 951 324 719 720 210 1107 855 988 349 1643 492 759 377 891 
7 391 9 779 1293 1421 1299 1173 1304 1567 35 1063 680 1207 1593 315 457 1253 246 760 1533 
1472 1409 1187 740 1510 1255 744 1097 1064 1390 1551 1007 751 1622 184 1658 1341 1662 
1155 646 1546 1038 785 787 1685 283 1056 1317 170 1451 687 565 1209 827 1597 330 1114 1509 871 999 371 1271 
1408 643 772 914 402 167 936 811 1453 1336 1474 81 1496 1240 1121 100 1644 493 753 1145 124 
1030 1417 650 1423 417 1457 1459 949 1595 1212 1225 1233 857 862 736 1377 230 1515 108 1148 
1666 1669 902 141 1689 922 1053 1469 1482 715 716 986 219 1248 866 1256 490 1645 625 1650 888 761 1144 
513 516 900 649 10 653 783 34 1700 808 558 1071 1202 955 456 1099 460 215 1624 602 1251 1006 498 629 1017 
640 387 395 652 664 539 414 1697 1443 295 1195 1327 1332 316 832 967 1237 90 223 741 107 637 1535 
1537 549 70 71 136 613 11 77 149 1687 60 125 1247 
1281 1157 532 1556 411 27 797 1060 1579 813 1340 579 68 582 1353 1229 596 471 607 1375 994 483 487 873 495 1523 1268 
770 389 1288 1291 12 404 789 1302 1050 288 165 1070 1462 183 448 706 1605 1094 709 1493 1626 220 375 1379 752 626 1655 1656 762 
65 194 231 360 1385 1483 1005 334 208 432 442 339 177 118 24 346 1531 926 
160 195 263 1160 138 1418 13 945 244 21 117 694 1116 189 
256 1041 1312 292 421 41 690 1587 1460 1330 954 1350 327 203 1231 848 470 1244 867 1649 
907 398 1682 1174 279 1688 1049 161 1061 302 1464 699 1213 1471 577 1223 583 467 606 94 353 742 1386 235 1263 
135 1033 17 1176 667 924 1565 33 1316 1190 46 1073 1201 1586 312 196 76 594 1366 1245 1376 995 996 359 1519 882 373 1530 252 
1540 1163 654 146 298 1324 556 1206 317 972 1230 983 984 89 1498 1124 1128 238 1406 511 
1345 382 1347 134 1222 232 777 458 1544 812 1167 401 530 438 1495 318 
1552 659 1186 1315 819 1338 59 1084 958 1220 69 970 78 1614 1489 979 853 1503 1633 1402 
19 1427 20 51 1078 573 1217 322 838 1608 587 1355 1359 1108 213 342 1623 619 1532 
1536 645 1287 397 1422 1300 545 290 929 935 1194 682 173 815 1092 581 1488 1369 1129 1133 1654 1657 764 
1280 1664 1284 388 666 1307 796 1314 166 428 308 1465 1344 705 711 1481 79 83 852 86 1239 1625 482 227 1400 
903 139 1675 911 915 1686 23 1318 1062 1320 939 1582 178 567 1596 319 1600 453 1365 859 1628 93 735 484 486 1132 120 1019 
1549 1677 1430 1181 1183 1184 799 1444 433 689 307 1215 64 1346 350 1252 1511 747 1392 631 635 
271 1684 1193 1452 560 1458 54 695 1079 698 449 971 1356 1102 1621 225 865 1508 868 1638 1642 1261 884 1397 1661 
788 282 795 304 311 952 571 1083 1475 1480 1611 1612 603 987 604 1120 1637 242 1011 1141 1143 1659 
901 1285 518 1162 1679 531 1044 544 673 1698 1445 1581 947 180 313 441 1095 204 1486 1243 1250 1122 1383 1262 243 378 
293 678 1257 713 717 1648 209 658 275 570 466 662 1490 792 825 410 158 991 
1606 870 488 552 362 427 522 110 337 29 276 823 731 860 253 415 
1153 648 525 1550 400 1179 1180 672 941 1203 1331 1080 444 1091 73 216 1125 1003 367 1013 
130 164 542 447 1513 363 910 273 1555 500 1683 58 28 63 222 159 
385 1311 1442 551 1449 937 559 818 953 572 446 707 1604 714 75 973 846 96 610 1520 887 123 767 
1501 1126 72 1616 53 55 88 1146 989 30 
1152 384 771 521 1319 555 1068 1219 1477 455 841 1100 1364 218 1117 491 1264 497 1405 126 
892 142 148 661 1557 1047 1305 921 419 420 423 553 1450 1455 175 704 67 1478 1352 84 480 1632 224 1639 621 881 1653 1272 122 1276 
1670 1032 656 1168 786 1691 541 1437 802 1699 306 1591 192 578 1349 1617 1113 1517 241 507 
32 289 801 1380 40 105 202 1672 529 1235 212 214 1404 284 286 
1415 1037 1435 36 1192 940 1456 1585 179 693 1334 1467 443 1211 341 599 473 92 1629 997 1512 372 1525 251 1023 
1028 537 1313 675 426 1204 1335 1082 66 836 969 722 1620 340 1505 1388 877 365 1135 127 
517 1034 396 278 919 674 1059 37 814 566 1463 56 1468 1226 463 80 1618 724 1373 861 1269 
524 1431 152 407 1690 933 1067 1325 174 950 182 310 703 1216 1343 965 1360 854 91 733 1502 875 876 1138 1016 1534 
128 1681 1301 804 1572 38 807 817 434 198 459 595 1109 1506 1636 101 1254 237 1646 758 250 379 1020 
258 386 1171 1429 1178 691 1208 830 574 833 452 1485 847 1242 1119 1507 869 1004 622 624 374 765 
260 1029 133 1424 1303 409 425 44 1196 48 826 961 321 1221 1227 1357 217 615 1001 1139 1396 247 
1283 1671 651 916 154 1692 285 1055 550 692 57 1086 191 1218 1090 200 1224 843 1234 358 874 1260 494 1008 634 254 255 
1031 519 909 1678 790 920 1048 1051 540 1054 296 1321 1454 702 976 978 727 344 985 611 998 1514 1266 755 630 
803 1545 1002 1066 140 557 205 1052 1259 465 1362 627 601 347 1660 
1411 261 1286 905 1035 1164 143 798 800 1570 931 47 176 1329 1592 1089 450 328 849 1619 992 617 121 890 
323 1413 454 1258 109 1583 112 49 113 723 436 1361 1142 188 1693 
1410 526 1425 1564 925 418 810 568 1602 74 1613 718 462 1358 726 472 1497 1370 1118 236 506 
512 1156 1554 791 793 412 416 162 163 169 299 1580 562 1077 1214 1087 325 584 593 1105 1015 893 1022 1407 
1024 1161 908 1165 1295 657 274 533 806 809 171 301 439 962 840 586 221 1631 95 357 1130 748 1137 1526 
1416 393 781 1294 1046 1566 1695 168 943 946 1588 822 956 85 474 1249 993 739 1134 111 1136 115 501 503 1274 1149 
644 1541 913 1172 669 1574 1065 1322 685 440 700 1598 193 851 1238 479 863 738 1123 102 749 249 636 1663 
129 1282 1665 394 912 1296 157 1309 1438 1568 186 451 964 461 589 1499 1627 99 1521 370 1140 628 1151 
520 906 268 1676 399 1297 1170 1426 917 1439 927 300 82 1236 1367 1241 1246 1641 1651 1278 
403 918 671 294 1448 1323 684 1328 701 959 963 1610 844 1494 858 1115 475 1381 614 1277 894 
769 257 1667 132 1292 1548 782 794 287 697 960 1351 588 592 1491 1384 361 1387 496 240 114 756 1403 
320 642 131 264 392 266 331 842 505 270 335 145 725 1559 185 1594 
1158 1036 1040 784 147 547 934 1197 1205 1081 712 333 336 469 343 1371 743 620 1518 1395 763 
