0	1	197.593	42	
0	2	232.479	50	
0	3	189.05	39	
0	4	21.8846	4	
0	5	38.4998	8	
0	6	38.6006	8	
0	7	60.1065	13	
0	8	64.5531	13	
0	9	77.4619	16	
0	10	22.5746	6	
0	11	86.4573	18	
0	12	79.7733	17	
0	13	76.9905	15	
0	14	22.0519	5	
0	15	12.5076	3	
0	16	26.3763	6	
0	17	67.1965	13	
0	18	107.515	23	
0	19	83.5296	17	
0	20	39.6922	8	
0	21	29.8982	6	
0	22	9.16007	3	
0	23	33.5384	7	
0	24	23.8791	5	
1	2	678.546	147	
1	3	354.53	76	
1	4	87.1573	17	
1	5	24.4251	5	
1	6	111.068	25	
1	7	77.4767	17	
1	8	45.745	11	
1	9	72.816	16	
1	10	125.607	28	
1	11	169.357	36	
1	12	111.205	25	
1	13	201.463	45	
1	14	5.53035	2	
1	15	93.2202	22	
1	16	72.9887	16	
1	17	155.824	33	
1	18	93.1016	20	
1	19	88.6914	19	
1	20	93.9259	23	
1	21	149.796	31	
1	22	68.6854	16	
1	23	134.543	28	
1	24	142.581	31	
2	3	344.02	75	
2	4	49.4031	9	
2	5	51.0831	12	
2	6	102.54	23	
2	7	129.687	28	
2	8	48.5772	11	
2	9	147.079	31	
2	10	79.7135	17	
2	11	67.4328	14	
2	12	126.148	26	
2	13	124.788	27	
2	14	1.05532	1	
2	15	40.5809	9	
2	16	159.167	36	
2	17	48.6861	11	
2	18	146.118	31	
2	19	107.318	22	
2	20	106.029	23	
2	21	63.8071	15	
2	22	57.4745	14	
2	23	76.5594	14	
2	24	82.9544	19	
3	4	25.9006	5	
3	5	66.5509	14	
3	6	79.0332	18	
3	7	136.575	29	
3	8	75.7413	18	
3	9	48.6328	10	
3	10	99.9232	22	
3	11	58.7274	13	
3	12	60.9456	14	
3	13	102.508	21	
3	14	61.6418	14	
3	15	26.8656	6	
3	16	111.41	25	
3	17	117.806	27	
3	18	132.986	28	
3	19	86.2861	18	
3	20	94.7287	22	
3	21	65.2675	15	
3	22	70.1528	15	
3	23	43.3985	9	
3	24	161.331	35	
4	6	27.8765	6	
4	7	6.80876	1	
4	8	31.1281	6	
4	9	24.719	5	
4	12	32.1834	7	
4	13	29.8437	6	
4	15	27.5613	5	
4	16	9.4462	2	
4	17	14.1209	3	
4	19	4.98355	1	
4	21	4.40086	1	
4	23	15.8907	4	
4	24	24.6402	5	
5	8	24.8787	4	
5	9	14.8112	3	
5	11	9.25837	2	
5	13	20.9981	5	
5	14	17.3417	4	
5	15	13.7769	3	
5	16	18.5312	4	
5	17	43.1719	9	
5	18	19.8821	4	
5	19	8.59264	2	
5	22	28.4974	5	
5	23	5.22946	2	
5	24	2.96662	1	
6	7	17.2601	3	
6	8	24.5903	5	
6	9	31.787	7	
6	10	61.7788	14	
6	11	2.26554	1	
6	12	4.56135	1	
6	13	6.71419	2	
6	16	10.5941	2	
6	17	17.4748	4	
6	18	25.5726	6	
6	19	18.1228	4	
6	20	36.4939	8	
6	22	15.1801	4	
6	23	33.6885	7	
6	24	13.3559	3	
7	8	10.1695	2	
7	9	27.8382	6	
7	10	35.3829	7	
7	11	5.50463	1	
7	12	40.6832	8	
7	13	19.4068	4	
7	14	47.7347	10	
7	15	34.7644	7	
7	16	41.8239	10	
7	17	39.0945	8	
7	18	10.5619	2	
7	19	28.4892	6	
7	20	18.4323	5	
7	21	9.85597	2	
7	23	29.4031	7	
7	24	28.186	7	
8	9	32.2891	7	
8	10	3.3442	1	
8	12	25.7562	5	
8	13	47.3232	10	
8	15	4.69699	1	
8	16	25.877	6	
8	17	10.8288	3	
8	19	29.8548	7	
8	20	4.84431	1	
8	23	18.786	4	
9	10	23.7147	6	
9	11	32.0669	6	
9	12	34.0128	7	
9	13	61.4943	12	
9	14	44.3769	9	
9	15	14.6047	3	
9	16	51.7254	11	
9	17	4.29189	1	
9	18	12.963	3	
9	19	8.2558	2	
9	20	44.8929	9	
9	21	3.50894	1	
9	23	11.6936	2	
9	24	46.4229	9	
10	11	86.0571	18	
10	12	52.4261	10	
10	13	11.8756	3	
10	15	17.9604	4	
10	16	32.4587	7	
10	17	17.8997	4	
10	18	27.84	7	
10	19	16.6769	3	
10	21	20.7615	4	
10	22	25.5575	5	
10	23	35.6872	7	
10	24	26.394	6	
11	12	8.94278	2	
11	13	47.1965	10	
11	14	3.77988	1	
11	15	15.5042	4	
11	16	7.03273	1	
11	17	25.5947	5	
11	18	41.0069	9	
11	19	5.8088	1	
11	20	37.0088	8	
11	21	26.4481	5	
11	23	34.4227	8	
11	24	27.9942	6	
12	13	13.2097	3	
12	14	4.65707	1	
12	15	9.38804	2	
12	16	39.7328	8	
12	17	45.5605	10	
12	18	4.63152	1	
12	19	26.3588	6	
12	21	2.54627	1	
12	22	7.15043	2	
12	23	23.5694	5	
12	24	10.1924	3	
13	14	21.9058	4	
13	15	21.9096	5	
13	16	27.9941	6	
13	17	31.398	7	
13	18	38.4281	9	
13	19	3.76009	1	
13	20	6.01865	1	
13	21	29.6981	6	
13	22	40.5735	8	
13	23	44.1371	10	
13	24	11.7125	2	
14	15	18.2956	4	
14	16	49.8123	11	
14	17	3.59017	1	
14	18	20.5668	5	
14	19	9.33072	2	
14	20	4.72961	1	
14	23	24.426	5	
14	24	53.1137	12	
15	17	15.8968	4	
15	18	17.2924	4	
15	20	5.10788	1	
15	23	4.71423	1	
15	24	19.852	5	
16	17	16.9564	4	
16	18	71.4112	15	
16	19	13.1241	3	
16	20	20.6614	5	
16	21	21.3721	5	
16	22	8.50847	2	
16	23	9.77519	2	
16	24	21.968	5	
17	18	41.9399	9	
17	19	41.2546	9	
17	21	17.2428	4	
17	22	27.5269	6	
17	23	26.2518	5	
18	19	36.2449	9	
18	20	17.8762	4	
18	21	4.75071	1	
18	22	16.0919	4	
18	23	22.2462	6	
18	24	34.9122	9	
19	20	17.7913	4	
19	21	6.7126	2	
19	22	7.08385	2	
19	24	9.31469	2	
20	21	11.5093	3	
20	22	10.5251	2	
20	23	55.9081	12	
20	24	48.6292	12	
21	22	6.70748	1	
21	24	34.053	7	
23	24	13.3233	4	
