23 33 54 62 96 174 201 217 267 286 296 307 343 379 386 433 443 487 491 496 535 554 569 581 628 694 
19 41 48 51 52 58 69 75 83 84 92 108 112 115 116 117 123 133 168 176 182 190 198 211 236 239 245 251 258 273 276 279 307 325 327 333 341 357 362 364 375 378 380 394 399 403 406 409 417 431 438 439 450 457 486 499 502 515 533 537 558 559 575 607 629 632 647 651 657 662 690 695 
15 23 34 35 59 71 89 93 97 109 119 129 135 143 145 159 175 177 206 217 231 235 251 254 265 283 289 292 294 301 303 305 309 313 323 331 339 342 344 349 354 377 391 395 402 419 424 426 427 429 430 433 435 441 450 459 460 462 465 466 470 472 487 491 495 503 508 515 516 521 527 528 530 532 534 539 541 545 548 551 553 555 557 559 560 561 576 578 585 586 589 595 607 616 619 654 661 662 666 674 678 679 680 686 689 692 695 699 
13 17 24 29 44 48 50 53 61 65 66 67 74 80 98 105 111 128 129 130 141 155 156 169 182 189 205 215 218 228 257 259 260 261 265 274 276 285 300 301 305 316 317 319 320 323 329 334 335 354 359 365 371 376 398 401 406 410 411 413 416 425 429 440 442 447 451 455 458 465 466 471 475 480 481 488 495 500 501 509 524 527 530 540 542 554 557 558 569 573 576 582 584 586 594 608 619 622 626 627 640 645 650 659 667 669 673 675 683 685 
2 11 55 65 81 85 108 119 123 131 147 157 170 171 188 203 211 233 238 239 245 250 254 270 275 282 315 347 353 362 364 383 394 404 406 411 429 438 444 448 453 457 464 471 479 498 529 537 542 582 601 603 606 615 624 629 631 638 642 644 669 681 
16 22 36 47 50 51 61 64 66 67 73 74 80 85 87 90 98 105 111 114 128 129 130 131 142 153 155 169 170 171 173 179 187 188 190 197 203 214 215 216 234 242 244 253 256 257 260 261 265 270 274 275 276 280 282 285 287 293 298 300 301 302 306 312 314 315 316 320 322 323 326 329 335 340 342 347 356 359 363 365 371 379 381 382 383 392 396 398 401 403 404 410 411 413 416 417 419 425 428 429 434 437 441 448 453 455 458 459 464 468 469 471 481 483 485 486 488 490 498 500 507 509 510 511 520 527 530 532 534 538 540 542 543 544 552 555 557 564 567 570 573 575 576 582 585 587 591 600 603 611 618 619 622 623 624 626 627 630 631 635 638 641 642 643 645 646 653 654 659 663 667 669 671 673 681 682 683 687 698 
16 22 40 47 51 54 64 86 87 88 103 108 114 130 136 153 173 175 182 187 194 206 207 214 216 220 222 238 242 253 256 260 276 284 293 298 312 319 321 326 336 345 356 358 359 368 381 389 403 406 414 419 422 428 437 448 451 459 467 468 477 481 483 486 493 507 510 511 513 517 520 531 535 555 570 580 584 586 587 591 593 600 602 603 604 610 611 612 617 618 621 623 628 630 635 637 641 655 659 664 676 677 682 687 
14 20 40 41 49 56 78 81 94 95 102 121 137 138 141 150 154 160 164 174 178 180 186 192 195 200 201 216 229 231 240 243 246 247 248 268 272 288 291 294 295 298 304 348 352 363 366 367 374 399 408 410 412 414 420 421 443 452 456 470 473 476 478 482 484 489 492 494 496 506 514 522 526 546 550 551 561 567 574 577 589 596 598 614 625 627 634 639 641 646 652 660 665 668 672 692 695 698 
7 10 15 18 26 35 37 39 40 43 50 52 57 62 70 73 74 76 87 100 106 107 118 120 121 125 126 132 136 140 153 158 161 167 172 174 179 180 181 185 188 191 193 194 201 204 209 212 213 219 221 226 230 232 233 234 237 249 259 260 263 266 278 281 297 298 299 302 311 317 319 330 331 334 337 338 340 342 345 351 352 357 360 366 385 386 387 390 392 393 396 397 400 407 426 427 432 434 436 444 446 448 449 452 454 457 461 462 475 479 485 486 490 491 493 494 498 499 501 504 505 509 511 512 513 514 516 517 519 521 522 525 536 538 543 544 546 549 552 553 554 556 558 563 568 569 574 575 576 578 579 583 588 589 590 592 593 597 599 603 604 610 612 615 617 622 624 628 629 635 638 644 649 651 653 654 658 664 667 668 670 671 675 676 683 684 687 688 691 696 697 700 
11 37 40 44 49 56 60 76 94 98 102 106 110 132 137 141 149 160 167 180 181 182 200 209 219 221 226 228 229 249 266 268 281 288 298 314 328 330 351 360 363 397 400 406 407 408 410 449 461 463 475 476 486 494 504 505 511 512 516 526 536 546 549 556 558 563 568 572 583 585 589 592 596 602 617 624 640 652 658 668 670 684 688 691 697 
9 30 31 34 38 40 44 66 78 86 91 96 103 113 118 122 124 146 151 152 162 163 170 180 189 191 199 201 207 220 233 241 247 260 267 269 285 303 308 331 336 337 355 361 372 373 384 387 391 412 414 421 422 426 432 433 437 442 445 446 453 473 477 480 493 506 513 519 531 537 558 559 563 571 572 579 588 590 599 601 602 603 604 609 625 630 633 637 640 649 650 655 663 667 671 674 675 678 679 689 693 
6 25 37 45 60 65 68 75 76 78 82 91 92 94 110 112 125 126 129 133 134 138 139 148 150 159 161 163 164 168 172 175 176 178 181 193 195 201 206 208 221 230 247 248 249 251 263 264 273 281 291 294 295 308 311 313 332 333 334 337 341 348 349 357 366 370 372 391 395 400 404 409 418 421 431 441 443 451 452 454 456 466 472 473 474 476 478 484 486 487 492 499 503 506 508 514 516 521 531 533 534 543 550 551 557 558 564 566 573 574 575 577 578 595 596 598 600 605 615 617 625 629 632 634 636 638 644 646 648 651 655 656 664 665 674 684 688 693 698 700 
17 44 48 51 63 66 73 87 90 98 99 110 114 155 173 179 201 204 215 216 226 228 234 242 244 248 253 271 285 290 298 302 306 312 314 316 322 328 333 334 342 346 350 359 368 370 381 382 388 392 410 416 423 425 428 437 440 441 445 447 451 460 469 479 485 488 490 501 507 509 518 522 524 530 538 540 544 552 565 570 582 587 588 591 594 600 611 619 626 638 650 653 654 663 671 683 685 695 
11 13 29 36 43 44 48 53 55 61 66 67 75 79 85 87 98 105 111 114 124 130 131 136 141 147 152 153 155 156 157 170 171 173 182 188 190 194 202 203 211 212 214 215 228 242 244 250 252 254 255 260 261 265 271 272 276 277 280 282 285 290 301 313 314 315 316 319 322 324 335 346 347 350 353 354 359 370 376 381 383 385 388 389 393 404 406 410 411 416 423 425 428 429 437 440 444 445 447 448 451 453 458 460 464 466 468 479 498 500 507 518 529 530 534 537 544 557 558 564 565 570 576 582 583 587 591 594 600 601 606 610 611 612 619 622 626 627 629 631 640 641 642 650 659 664 667 669 681 685 694 698 
1 9 15 18 19 21 24 28 39 46 47 50 51 52 58 65 69 70 74 80 81 83 87 94 95 97 100 101 104 106 108 109 110 112 115 116 117 118 120 121 123 125 126 128 129 134 139 140 141 142 146 149 151 154 158 159 167 168 175 176 186 191 192 193 194 196 197 198 200 205 206 209 212 213 218 221 231 236 237 239 240 243 244 245 246 249 250 253 257 258 259 263 264 266 269 272 273 274 275 276 278 279 283 287 288 297 298 299 300 304 309 312 317 319 321 323 325 327 329 334 335 338 340 341 345 347 349 359 362 363 364 365 370 371 374 375 378 380 382 384 391 394 395 396 398 399 401 405 407 409 413 416 417 420 425 431 434 436 438 439 441 442 443 444 448 449 450 454 455 457 459 461 462 466 468 471 478 479 482 486 489 496 498 499 501 502 503 504 507 508 511 516 517 518 519 520 522 524 526 527 530 532 533 536 541 542 543 546 551 554 556 558 561 564 566 567 569 572 573 575 578 579 585 587 589 590 592 595 596 597 599 601 603 605 607 608 610 611 614 624 627 628 629 632 635 638 639 643 644 645 646 647 648 649 651 652 656 658 659 660 662 663 664 671 672 673 676 679 682 687 689 690 692 695 696 699 
12 14 20 21 24 46 50 65 68 80 83 94 95 103 104 112 115 121 128 134 135 138 150 152 153 154 161 164 172 174 178 192 195 201 205 212 214 218 221 236 240 243 246 248 257 258 259 263 264 272 273 274 276 279 291 294 295 300 304 305 314 320 321 323 329 333 334 335 341 348 351 352 357 363 365 367 370 371 375 389 398 401 405 411 413 414 417 418 425 429 431 436 443 444 452 455 456 471 473 476 478 479 482 484 492 494 499 502 514 524 527 533 542 546 550 569 574 575 577 579 598 600 608 610 614 625 634 636 638 639 640 642 643 644 645 646 651 657 658 660 665 667 672 673 685 690 692 695 698 700 
3 13 42 68 71 72 77 99 106 120 121 129 135 138 148 150 151 164 165 166 175 178 189 195 214 225 229 248 291 294 295 318 319 348 352 356 362 367 369 403 405 409 417 418 429 433 445 452 456 467 473 476 484 486 492 497 501 504 510 514 519 520 523 536 542 547 550 555 556 562 564 574 577 598 609 613 616 620 623 634 646 653 656 665 683 686 693 699 
9 16 21 24 28 46 47 50 52 70 74 80 86 96 100 104 106 120 122 128 140 142 148 149 163 167 176 185 193 196 205 209 212 213 218 225 231 232 237 257 259 266 270 274 276 278 287 297 299 300 306 317 319 320 321 323 329 334 335 337 340 363 365 367 371 372 380 396 398 401 405 407 409 413 425 432 434 436 438 444 449 455 461 462 468 471 476 482 486 501 504 517 522 523 524 527 532 536 542 556 567 569 573 585 589 592 597 601 603 608 610 611 613 620 625 633 635 642 643 645 658 659 663 667 673 682 685 687 693 697 698 
4 8 17 27 32 34 45 97 103 109 127 143 144 159 167 175 183 192 206 208 210 217 223 227 231 235 270 293 294 309 310 313 325 331 342 349 360 367 374 387 395 400 415 418 420 421 424 426 432 435 439 441 459 463 472 482 487 496 503 508 515 525 529 534 551 561 568 578 595 597 602 603 606 642 665 674 677 679 689 694 695 696 699 
31 34 35 37 38 40 43 48 60 68 71 75 76 78 79 91 93 96 113 114 119 122 124 129 132 149 150 152 162 163 167 170 173 179 181 184 189 202 204 219 224 226 232 235 241 242 244 247 252 255 262 271 277 281 290 305 308 311 312 314 322 324 330 332 337 346 349 350 351 354 355 360 368 370 372 373 379 381 382 386 388 389 391 392 397 402 412 418 423 427 428 432 433 444 445 446 453 454 460 467 470 475 476 479 492 494 497 505 506 507 512 516 518 523 528 537 541 545 549 558 559 563 565 568 570 571 572 583 586 587 588 601 602 604 606 609 617 624 625 631 633 640 650 651 653 654 659 662 663 666 667 668 669 670 678 680 681 684 685 686 691 693 697 
5 19 23 30 31 33 34 35 37 38 40 44 51 54 60 62 67 69 71 75 76 78 79 86 88 94 96 103 105 106 108 109 113 118 122 123 124 129 132 135 143 146 150 151 152 156 159 162 163 167 174 176 180 181 182 184 188 189 193 198 201 204 207 217 219 220 222 224 226 231 232 233 235 237 238 239 241 245 247 254 255 262 267 269 275 284 286 296 298 303 305 307 308 311 316 327 330 331 336 337 343 349 350 351 354 355 358 360 361 362 364 368 372 373 376 378 379 381 382 383 384 387 388 391 394 395 397 399 402 405 406 410 412 414 416 422 423 426 427 432 433 436 437 438 441 442 444 445 446 451 457 459 467 470 472 475 476 477 480 481 487 491 493 494 495 496 505 506 512 513 514 516 518 519 521 524 527 528 531 534 535 537 541 543 545 548 549 554 558 559 561 563 565 568 570 571 572 578 580 581 583 584 586 588 593 595 599 601 602 604 606 609 617 621 624 625 630 633 635 637 640 647 649 655 661 662 663 666 669 670 671 673 674 675 678 679 680 684 685 689 691 693 694 695 697 699 
5 29 37 45 48 53 56 59 61 66 67 73 78 84 89 90 97 98 99 105 110 113 128 145 155 156 177 179 189 203 215 228 234 247 254 283 285 289 292 294 301 302 303 306 308 313 316 328 333 337 339 340 342 344 350 359 368 373 376 377 380 388 391 392 410 414 416 424 425 429 430 435 440 445 446 447 451 461 465 466 469 473 485 488 490 495 500 506 509 515 530 532 538 539 540 544 545 551 552 553 560 572 582 588 594 607 622 625 627 640 650 653 654 661 663 667 671 683 685 692 693 694 
4 16 18 30 34 39 40 44 62 69 71 77 78 81 86 88 93 99 103 108 109 110 118 119 123 129 130 135 146 148 151 159 165 166 174 175 176 180 182 184 185 191 194 198 199 206 207 217 220 222 224 225 231 233 235 238 239 240 245 251 256 262 269 281 284 305 309 318 323 324 327 331 336 342 346 349 354 356 358 361 364 367 368 369 374 378 383 384 386 391 394 395 399 402 409 414 419 422 426 427 433 437 438 441 442 446 453 457 459 462 466 467 470 472 479 480 481 487 493 497 500 501 503 508 511 513 519 520 521 523 525 528 531 534 537 541 545 547 548 551 555 558 559 561 562 575 578 579 580 584 586 587 590 593 595 596 599 603 604 613 616 620 623 630 635 637 640 647 649 653 655 656 661 662 666 669 673 674 675 678 679 680 686 689 695 699 
36 41 58 59 83 84 89 92 97 111 115 117 120 128 129 130 145 165 169 173 177 190 251 254 258 260 261 265 273 279 280 283 285 289 292 302 303 307 313 339 341 344 359 368 375 377 380 409 411 417 419 423 424 425 429 430 431 435 439 450 458 461 465 483 486 495 499 502 507 509 510 515 523 530 532 533 536 539 544 553 557 559 560 575 576 586 591 607 611 619 620 622 626 629 632 641 659 667 690 695 698 
43 63 75 76 79 92 128 132 149 152 202 204 212 226 232 252 254 255 271 272 277 281 290 311 316 321 330 346 350 359 360 368 370 371 381 388 389 414 423 427 437 444 445 453 455 460 475 479 494 505 507 512 516 518 520 527 528 549 558 565 568 580 583 586 602 603 606 617 624 651 664 670 673 684 685 691 
