1 643 9 522 142 659 532 149 28 287 682 687 47 434 567 573 321 196 197 585 340 468 101 635 
644 133 6 134 264 521 648 638 139 263 400 664 25 161 172 688 564 566 700 454 332 82 474 221 605 357 230 615 636 125 126 
449 486 167 536 266 106 556 461 15 592 209 274 658 407 504 249 319 
392 653 654 538 540 671 552 425 683 302 306 179 73 333 469 342 90 485 488 234 490 509 
262 391 16 528 402 661 666 541 30 545 548 678 680 559 305 433 184 324 71 586 470 93 224 354 235 119 
530 544 428 173 51 437 312 570 314 322 587 591 214 87 600 216 611 114 242 244 507 253 382 
129 674 578 679 459 395 206 143 561 466 595 534 441 159 
353 2 642 65 453 681 275 404 55 250 315 157 254 383 
131 170 171 203 464 529 498 211 147 85 631 282 347 188 669 
513 5 655 531 284 414 422 182 580 584 336 593 467 86 88 220 604 222 477 481 358 103 621 238 493 630 637 
33 535 581 296 267 491 174 307 343 694 23 62 379 286 
576 641 36 261 169 458 619 265 429 622 111 557 626 280 698 411 190 
387 8 525 270 144 17 27 415 32 418 420 677 293 421 45 310 439 183 696 325 463 208 210 223 227 127 
3 523 656 148 547 165 166 42 686 562 318 72 77 225 99 613 616 620 623 369 497 
650 13 410 155 667 29 156 285 416 44 301 48 53 440 316 61 447 66 451 67 582 594 215 98 228 359 105 627 500 376 
64 256 130 419 356 483 326 448 520 618 555 403 54 22 603 187 510 511 
258 651 273 657 533 662 279 409 417 168 431 690 58 575 450 83 341 92 375 236 112 115 499 629 502 116 632 117 251 380 
384 4 519 649 269 146 151 675 39 40 426 558 180 185 442 191 579 199 590 207 599 480 361 233 118 
128 257 645 524 398 527 401 276 21 24 413 542 673 300 46 50 569 320 323 455 329 205 335 80 471 218 608 104 363 365 371 
515 145 539 283 289 292 294 424 553 430 303 560 177 435 313 59 465 339 84 344 89 607 97 495 377 
385 386 260 390 7 136 393 153 26 158 543 676 554 57 194 338 345 610 612 107 366 628 
514 646 138 12 14 20 150 665 291 164 550 295 178 574 577 195 452 68 456 201 598 473 476 348 352 484 492 367 248 121 634 
137 11 268 652 526 141 408 668 160 288 298 49 56 328 200 589 596 229 102 110 
512 226 549 37 360 617 427 684 397 494 691 181 311 568 602 475 
272 660 154 672 546 41 304 692 186 443 192 81 478 95 94 482 614 489 240 496 243 374 246 639 
640 663 412 31 34 162 163 38 432 308 693 571 572 189 446 588 204 78 337 601 91 96 609 355 122 241 113 625 372 373 247 633 506 124 
259 517 10 140 396 18 278 297 299 436 52 317 193 70 74 462 334 212 597 213 100 237 501 120 
35 132 516 281 583 232 330 76 624 697 563 505 219 60 670 351 
503 487 231 551 331 109 175 689 309 695 472 217 699 508 349 
388 389 518 271 277 152 290 423 43 685 565 444 445 63 202 75 460 79 346 606 350 479 368 370 252 381 255 
135 647 394 399 19 405 406 537 176 438 69 198 327 457 362 364 108 239 245 378 123 
