256 1 257 19 275 662 39 299 557 430 305 690 564 567 596 477 95 353 490 234 115 372 377 381 
385 386 15 23 541 671 160 287 164 296 554 304 179 54 320 201 330 589 464 592 606 94 483 228 360 110 239 379 
9 273 537 283 412 159 548 551 303 693 698 571 573 448 213 106 121 506 508 510 
259 522 143 413 158 672 295 679 681 302 575 65 334 80 601 219 605 96 225 616 489 370 249 
2 401 154 411 290 682 687 306 565 588 204 208 344 218 613 238 240 499 373 251 
387 515 654 655 145 668 29 553 188 321 66 451 193 70 584 462 354 227 361 237 245 378 635 
648 521 651 659 406 664 669 30 288 673 428 309 695 313 450 459 461 335 597 97 102 509 126 
417 98 3 196 58 166 200 267 493 174 81 307 533 375 282 507 380 189 
642 6 262 17 150 161 418 426 429 48 177 562 692 440 69 71 458 202 472 475 91 358 359 617 618 364 366 497 118 632 638 
641 4 5 394 10 270 274 281 285 165 294 79 336 591 217 611 104 117 125 
512 518 519 151 666 538 427 51 310 183 185 64 449 452 203 463 342 598 600 476 486 368 241 629 502 633 
7 11 147 409 665 419 293 422 301 559 561 435 308 52 436 322 67 583 210 339 608 612 109 498 243 253 
263 269 398 402 22 536 674 292 549 42 43 684 443 61 577 453 198 465 594 340 222 236 627 116 636 
643 644 523 399 529 543 415 33 171 300 311 697 314 578 199 72 327 586 338 467 346 347 604 350 481 485 619 624 119 511 
130 516 390 646 8 13 14 141 144 403 405 286 544 416 675 696 446 191 192 328 587 75 487 615 231 630 374 634 122 123 639 
129 134 139 268 658 532 276 534 27 284 34 35 678 53 184 315 572 318 324 470 603 479 224 233 494 367 622 254 
163 132 325 326 455 389 135 235 108 173 400 49 371 93 341 410 317 223 
640 514 392 650 12 140 657 149 155 157 545 547 297 170 431 176 433 438 699 316 700 197 585 595 343 90 609 100 625 382 
261 393 396 16 146 660 663 552 555 45 685 558 437 694 566 568 442 190 473 349 480 229 495 246 247 
649 652 397 142 656 272 18 539 670 424 40 172 46 432 434 563 181 57 187 62 576 68 331 602 607 482 230 621 244 631 250 127 
384 131 265 148 20 408 162 167 41 298 50 312 445 460 205 468 86 214 345 496 
128 513 258 391 136 24 28 542 32 425 169 689 55 441 63 323 454 332 337 474 355 491 628 248 255 
420 645 581 74 492 77 124 82 21 120 89 26 59 60 
260 133 395 525 661 278 277 152 25 31 289 676 421 47 560 186 582 76 466 469 478 356 363 623 242 500 501 376 383 
388 647 137 404 280 667 156 540 36 38 44 688 178 574 194 580 73 206 83 220 610 99 488 105 365 113 626 505 
226 291 579 357 677 423 556 686 175 527 84 87 215 570 348 414 319 
517 520 138 524 653 528 531 37 691 180 56 444 447 456 78 207 209 211 471 88 352 232 362 111 503 252 637 
546 484 351 329 683 333 112 530 85 439 504 153 279 221 216 
264 266 526 271 535 407 550 680 168 182 569 195 457 590 593 212 599 92 101 614 103 107 620 369 114 
