1 3 7 10 14 23 49 50 52 56 57 67 70 74 79 81 92 93 99 115 122 123 129 134 160 170 183 189 198 220 223 229 231 245 298 
1 2 6 26 29 42 43 58 96 97 108 114 115 124 126 133 141 144 160 171 186 193 197 202 206 218 229 230 240 244 246 265 266 274 275 277 290 297 299 
1 18 19 21 24 25 37 61 66 74 77 99 118 125 131 132 138 150 152 164 172 174 191 198 199 208 209 216 245 254 258 262 289 293 
4 15 16 17 25 26 33 50 52 62 76 84 105 110 112 127 138 144 146 150 155 158 166 179 181 183 206 212 213 216 219 234 238 240 242 247 248 270 278 
5 15 34 42 48 51 53 54 60 100 103 107 156 157 158 166 174 187 191 199 202 215 236 241 261 266 
8 31 52 64 73 74 100 104 108 111 116 184 235 238 249 250 279 
9 11 33 39 40 44 50 51 71 78 90 95 106 109 116 140 142 162 168 169 175 177 183 191 196 202 211 227 228 230 233 253 268 279 281 283 284 286 287 
12 41 47 63 85 89 105 114 121 135 149 165 178 182 188 190 195 198 224 228 232 240 255 261 272 277 280 282 
13 27 35 42 46 51 55 61 89 102 111 115 120 131 134 136 150 153 154 171 174 196 206 207 214 217 221 237 243 257 260 263 267 269 271 276 277 285 
15 30 38 59 64 75 87 88 91 108 111 117 125 133 135 138 143 149 159 160 161 166 173 176 192 205 221 225 231 238 252 256 257 288 293 294 295 
20 26 32 36 62 83 89 94 98 134 137 139 171 192 203 226 231 245 259 296 
22 25 62 64 80 100 114 125 128 133 151 196 201 251 273 287 292 300 
28 33 101 105 113 116 145 147 163 216 222 229 261 266 279 
45 65 86 99 119 149 158 167 192 199 200 210 228 230 239 
61 68 69 72 82 130 131 135 144 148 180 185 194 204 221 257 264 287 291 293 
