1 2 6 265 141 274 275 277 29 160 290 297 299 43 58 186 193 197 218 96 97 244 246 124 126 
260 263 136 267 13 269 271 15 276 153 154 27 285 35 46 51 55 206 207 214 217 102 237 115 243 120 
129 3 134 7 10 14 23 170 298 49 56 57 189 67 70 79 81 220 93 92 223 122 123 
4 270 16 17 146 278 150 155 50 179 181 76 84 213 212 219 234 110 112 242 247 248 127 
256 138 143 30 159 288 161 293 166 295 294 38 173 176 59 75 205 87 88 91 225 117 252 
34 5 103 107 236 60 174 48 241 53 54 215 187 156 157 191 
289 258 66 164 132 37 262 172 77 208 209 18 19 21 118 24 152 254 
12 272 280 282 165 41 47 178 182 188 190 63 195 198 85 224 232 240 121 255 
33 163 229 101 261 105 266 145 113 147 279 216 28 222 
32 98 226 36 259 231 296 137 139 203 171 83 20 245 94 89 26 62 
192 65 99 228 230 199 200 167 42 45 239 210 149 86 119 158 
64 128 196 133 292 201 300 80 273 114 22 151 25 251 125 287 
162 39 40 169 202 233 140 109 78 211 281 90 253 286 
100 8 73 104 235 108 74 238 111 116 52 183 184 249 250 31 
227 71 168 9 106 11 268 44 142 175 177 283 284 95 
257 130 291 68 131 69 135 72 264 194 204 144 82 148 180 221 185 61 
