33 71 80 84 114 117 119 131 138 171 183 218 242 252 256 258 262 282 294 301 305 350 354 356 361 384 395 397 413 459 468 473 505 537 595 620 679 
25 28 48 56 58 65 129 135 138 145 151 166 190 194 231 238 250 256 289 292 299 312 327 331 334 336 357 360 386 397 399 400 411 414 424 443 453 464 470 484 492 507 522 543 547 554 565 570 573 584 606 612 627 644 651 681 682 684 687 691 
6 28 75 94 119 144 147 149 150 153 158 164 165 169 170 171 174 178 184 193 210 212 219 223 229 230 241 242 251 253 269 279 285 290 297 300 306 311 322 338 347 349 359 361 364 369 374 393 395 400 401 403 408 418 419 422 432 434 443 462 466 476 479 493 499 503 508 521 524 526 532 535 537 566 570 572 574 579 586 595 600 612 613 626 627 631 638 642 649 679 695 
19 28 48 68 78 89 97 101 118 137 144 162 163 173 194 202 214 233 240 256 316 317 372 383 392 412 414 425 436 440 444 449 451 452 453 455 458 483 485 486 509 518 525 527 531 544 556 565 567 596 604 616 622 633 646 656 660 663 665 668 669 674 675 680 688 692 694 
20 49 64 81 122 164 181 195 203 267 268 271 290 300 303 306 314 319 321 347 352 400 408 431 432 451 460 475 494 521 527 538 543 571 572 580 584 608 619 624 626 635 640 674 677 689 
51 60 65 84 101 105 119 131 138 152 175 218 223 282 305 307 320 352 384 398 400 404 422 423 431 439 459 466 473 480 494 505 512 513 515 543 552 591 593 595 598 614 626 654 673 
85 86 102 118 154 155 166 196 277 287 353 379 396 406 469 515 531 591 627 648 681 
1 4 16 40 43 75 101 108 113 119 123 128 134 135 145 149 152 156 159 167 175 176 178 181 185 187 191 194 232 234 237 238 242 253 257 258 259 260 267 270 280 281 285 288 289 295 299 300 313 323 331 333 344 345 348 352 356 360 370 371 374 375 381 384 387 391 398 399 400 402 411 414 416 420 423 427 430 432 439 444 446 451 452 457 460 461 466 467 470 475 480 489 494 502 503 507 512 513 515 523 525 527 534 535 542 550 570 571 572 573 580 584 589 591 595 598 601 604 608 613 615 616 619 621 626 628 635 636 642 650 654 661 665 669 670 674 676 680 681 684 685 688 690 695 699 
12 87 120 141 180 203 234 264 279 300 304 316 328 338 339 351 365 380 388 441 443 460 462 472 487 504 528 532 551 562 567 571 580 583 593 608 634 672 685 691 
23 65 75 77 108 112 133 136 160 171 192 226 234 258 279 294 297 322 323 333 350 360 364 373 411 413 414 418 432 444 466 468 478 503 510 520 550 554 557 570 586 604 654 665 667 670 676 680 682 685 687 690 699 
2 3 9 17 24 41 42 51 52 58 60 79 84 94 101 105 106 109 110 113 115 131 151 157 168 173 174 185 200 210 218 223 228 245 263 266 278 279 282 286 291 298 305 342 343 371 372 376 379 382 390 398 412 417 426 431 433 438 447 448 456 458 459 463 469 471 473 481 483 484 488 494 505 514 515 531 536 539 545 546 549 568 584 592 599 603 611 613 632 636 641 645 658 660 661 670 673 678 681 693 
28 33 37 45 58 65 75 84 95 98 104 119 131 132 144 145 152 154 156 169 171 174 185 201 209 220 226 234 238 244 247 248 253 257 258 260 270 271 275 278 280 283 285 286 289 295 299 300 301 302 313 331 334 345 352 354 356 370 375 376 380 381 384 390 395 399 400 402 404 406 407 414 417 423 428 431 433 437 439 446 451 452 454 456 457 461 462 467 470 475 476 480 484 488 489 491 494 496 501 502 507 512 513 523 525 527 533 534 539 552 553 560 563 568 572 573 575 576 578 584 588 590 591 594 597 598 604 610 613 615 617 621 628 639 650 654 655 659 665 670 673 674 681 684 691 
10 25 28 33 35 44 51 58 60 63 69 77 84 86 98 99 100 103 105 106 112 118 119 131 133 138 149 151 168 174 175 181 197 210 211 215 216 218 228 248 249 253 254 255 261 263 265 266 274 282 285 286 288 291 294 295 305 307 312 324 326 328 330 334 335 340 341 342 343 350 354 357 358 370 374 375 379 381 384 397 398 410 412 413 414 431 443 447 452 456 459 463 464 473 484 488 491 494 500 503 505 515 530 534 549 575 584 591 592 593 594 595 597 599 603 604 611 615 620 632 636 642 645 648 654 658 659 661 670 674 678 680 682 683 693 696 
48 69 90 94 101 105 107 111 139 151 166 171 181 209 218 226 250 292 295 305 312 336 378 386 389 395 413 414 422 424 437 459 466 468 473 508 510 525 531 535 543 547 554 569 572 606 607 614 615 618 620 626 630 650 667 682 687 688 691 693 
25 27 36 48 61 108 135 144 194 215 310 315 346 352 357 374 397 424 425 435 443 450 451 453 462 463 469 484 485 486 492 548 559 564 565 593 602 603 606 611 622 640 644 646 671 673 677 678 689 
15 21 26 30 39 45 54 57 59 88 94 108 116 118 121 128 146 148 156 164 169 184 186 188 199 206 208 222 235 257 260 264 300 309 313 327 337 345 363 365 380 385 395 402 406 415 426 431 435 442 457 462 467 471 472 474 479 482 489 491 497 500 503 514 523 531 536 541 545 546 561 568 579 584 586 589 593 604 605 609 611 613 621 623 625 628 641 646 649 650 661 666 669 670 688 693 
24 41 42 46 58 67 90 105 109 110 125 128 143 149 178 179 181 198 218 272 282 290 303 306 314 319 347 371 378 389 394 408 419 459 464 466 473 476 493 499 500 505 521 543 545 568 569 607 618 620 648 673 700 
76 130 177 236 284 334 362 425 446 451 456 461 486 488 500 534 535 539 540 558 584 596 659 663 680 692 
20 28 33 45 52 64 65 75 76 79 81 83 84 86 106 113 115 119 122 130 131 135 138 145 151 154 156 157 164 166 168 169 173 174 175 177 185 189 200 201 210 228 236 238 245 254 260 263 266 268 270 271 278 279 284 286 289 290 291 298 299 300 301 306 313 326 327 330 331 341 342 343 345 347 354 356 358 362 363 367 371 376 382 384 390 399 400 402 403 405 406 408 410 412 414 417 423 431 432 433 435 438 446 447 448 456 457 458 461 463 465 466 467 469 470 475 480 481 484 486 488 489 491 494 500 503 507 508 513 515 517 521 522 523 527 529 531 535 539 540 543 549 558 568 571 572 573 581 582 591 592 596 597 598 599 600 603 604 612 613 615 620 621 626 628 629 632 636 642 643 645 650 651 652 654 656 657 658 661 662 663 664 670 674 678 680 681 684 685 686 691 692 693 
75 99 132 139 170 184 219 229 230 241 251 285 324 335 340 349 369 393 394 401 410 422 434 476 479 493 500 524 530 532 539 572 579 595 626 631 638 649 652 683 685 696 
1 6 8 16 20 28 29 34 38 40 49 55 64 68 72 74 75 81 83 89 91 97 101 113 122 126 127 134 137 142 147 149 150 152 153 156 158 162 164 165 166 169 173 178 181 189 191 193 194 195 203 205 212 214 221 223 227 234 237 242 253 256 257 258 260 267 268 269 271 276 279 280 289 290 297 300 301 306 311 313 316 321 322 323 327 328 331 333 338 339 345 347 352 359 360 363 364 366 367 371 372 374 376 380 390 399 400 402 403 405 406 408 411 412 418 419 420 422 423 425 427 431 432 433 439 440 443 444 451 455 457 458 460 462 465 466 467 470 475 480 483 487 489 494 495 498 499 504 506 507 508 509 512 513 517 518 521 522 523 525 526 527 529 537 543 544 545 566 567 570 571 572 573 574 580 581 582 583 584 586 593 597 598 600 604 608 612 613 615 616 619 620 621 624 626 627 628 629 635 636 640 642 643 650 651 652 654 657 660 662 664 668 669 670 672 674 675 677 679 680 684 685 689 691 700 
91 127 135 181 205 227 301 366 371 435 458 495 498 581 582 615 620 636 642 643 662 664 685 691 
11 32 53 66 70 77 99 112 133 271 333 369 393 406 422 434 469 493 524 532 541 579 586 638 685 
43 69 75 86 123 135 167 175 176 185 187 194 258 285 288 324 335 344 348 374 384 387 395 397 398 402 410 416 452 461 467 489 491 502 503 523 525 527 530 542 550 589 595 601 616 621 628 650 661 676 683 685 688 690 695 696 699 
5 25 33 37 50 82 84 92 93 95 96 98 99 100 101 104 118 124 128 131 132 144 169 171 174 175 190 197 209 211 220 239 243 244 246 247 254 257 271 273 283 286 293 301 302 307 320 326 328 330 333 341 352 355 358 377 379 404 407 409 412 425 428 432 435 437 446 454 458 462 466 475 476 477 479 484 496 501 506 508 511 519 525 533 539 541 552 553 555 560 563 576 578 588 590 610 614 617 630 638 639 640 642 649 654 655 665 673 677 685 689 693 700 
45 65 83 101 113 151 164 166 173 189 210 223 264 300 316 327 328 339 363 367 371 380 389 403 405 406 422 442 462 465 468 472 482 487 504 508 510 517 522 529 531 532 535 561 562 567 569 571 577 583 593 600 605 607 612 618 629 642 651 652 653 657 666 667 670 685 686 691 
27 36 48 61 62 75 76 85 86 92 93 96 98 99 100 101 102 108 118 119 124 130 134 135 144 145 147 150 151 155 158 159 165 166 172 173 175 177 178 190 194 196 197 204 211 212 215 217 223 224 232 236 238 242 243 246 253 254 259 266 269 277 279 281 284 285 287 289 293 295 299 301 307 308 310 311 315 320 326 330 331 335 340 341 342 346 352 353 354 356 358 359 361 362 371 374 377 379 387 391 396 397 399 406 412 419 420 425 427 430 435 441 443 446 450 451 453 456 461 462 466 469 470 474 475 476 477 484 485 486 488 490 491 492 494 499 500 503 506 507 511 515 519 526 528 530 531 535 537 539 540 544 551 552 555 558 559 562 564 565 566 571 572 573 574 577 581 582 584 586 589 591 592 596 601 602 611 614 615 620 622 626 627 634 636 637 642 643 644 645 646 648 653 654 661 662 663 664 665 669 670 671 673 679 680 681 683 684 685 691 692 695 696 700 
43 45 58 69 75 84 123 131 149 156 166 167 169 175 176 185 187 194 234 258 260 285 288 300 313 323 338 344 345 348 360 395 398 400 402 411 416 431 444 446 451 452 457 461 466 467 489 502 523 525 527 542 568 570 571 586 589 595 613 615 621 628 650 670 681 688 
25 35 44 69 75 86 105 123 132 135 149 167 175 176 187 216 248 255 258 261 282 285 288 305 324 335 340 342 344 348 374 397 398 410 416 452 459 461 491 500 502 505 527 530 534 542 549 575 584 594 595 611 615 661 674 683 696 
37 95 104 132 144 149 169 174 220 244 255 257 271 283 286 301 302 307 335 340 352 374 404 410 459 462 475 476 525 530 533 539 553 563 576 578 588 591 610 615 617 655 673 683 696 
13 18 22 33 45 51 60 62 65 71 73 77 78 80 84 85 86 89 90 94 99 100 101 102 105 107 111 112 114 117 118 119 128 131 132 133 137 138 139 144 147 150 151 154 155 156 158 165 166 171 172 174 178 183 184 196 197 201 207 210 211 212 213 214 215 217 218 223 224 225 226 234 242 252 253 254 256 258 260 262 269 270 271 277 278 279 282 285 286 287 294 295 300 301 305 307 308 311 313 316 318 325 326 330 341 345 347 350 353 354 356 358 359 361 374 376 378 379 384 389 390 395 396 397 400 402 406 413 414 417 419 422 425 429 431 433 440 441 443 445 446 451 452 455 457 458 459 462 466 467 468 469 471 473 475 483 484 485 488 489 490 491 494 497 499 503 505 509 510 514 515 516 518 523 526 527 528 531 537 538 541 543 544 546 551 562 566 568 569 572 574 577 585 586 587 589 591 593 595 597 604 607 609 613 615 618 620 621 623 627 628 634 636 637 641 647 648 650 653 660 661 667 668 670 673 675 677 678 679 681 691 693 697 698 
14 47 86 99 118 138 140 144 154 161 171 174 186 201 207 223 235 257 271 278 316 329 368 376 385 390 415 417 421 425 433 445 474 508 548 556 585 587 593 597 640 656 677 688 689 694 697 698 700 
7 45 69 78 83 113 118 128 138 144 163 164 171 173 189 202 233 235 240 256 272 300 303 314 317 319 327 363 367 382 383 384 392 394 398 403 405 435 436 438 448 449 464 465 476 481 484 492 515 517 522 529 531 539 547 554 556 564 600 602 612 622 629 633 642 646 651 652 656 657 661 665 671 677 686 688 694 700 
25 28 48 56 58 65 119 129 135 138 149 151 166 190 231 246 248 249 250 256 257 274 292 295 303 310 312 314 315 320 327 328 334 336 357 386 394 397 400 403 414 424 431 443 464 484 534 543 547 554 555 559 575 594 604 606 611 612 614 620 627 659 682 686 687 700 
94 119 144 147 149 150 154 158 165 167 174 176 178 184 186 187 194 201 212 269 278 288 311 316 344 359 361 374 376 390 395 400 415 417 419 425 433 446 461 462 474 481 499 502 503 526 535 537 566 574 597 613 626 661 669 679 700 
31 58 69 98 113 145 151 169 181 182 238 248 249 253 270 274 275 276 289 295 296 297 298 299 301 322 331 332 334 338 364 370 374 375 381 382 397 399 418 438 443 448 452 470 481 491 507 531 534 567 570 573 575 589 594 595 599 613 632 658 659 684 693 
62 172 217 223 224 258 270 308 380 441 443 490 503 528 541 551 562 572 577 589 613 634 636 637 653 670 673 681 693 
13 18 22 25 34 51 55 62 69 72 73 85 90 92 93 94 96 99 101 102 107 108 111 124 128 132 134 139 142 149 151 155 166 170 172 178 181 184 194 196 204 207 209 213 215 217 219 221 224 225 226 229 230 232 234 237 241 243 246 251 253 257 258 259 267 270 273 276 277 279 281 282 285 287 289 293 295 305 307 308 318 320 323 325 328 338 349 353 356 360 369 377 378 379 387 389 391 393 395 396 401 406 411 414 420 422 427 429 430 434 435 441 444 445 457 458 459 461 468 469 470 473 475 477 479 489 490 491 493 494 497 501 505 506 508 510 511 515 516 519 524 525 528 529 531 532 535 538 539 541 544 545 550 551 552 555 562 567 568 569 570 572 573 577 579 585 586 587 589 591 593 595 601 607 609 611 614 615 616 618 620 621 623 626 627 630 631 634 637 638 647 648 649 653 654 667 669 670 674 676 680 681 684 685 688 690 691 693 695 697 698 699 700 
30 88 94 118 128 138 169 186 188 199 206 208 212 220 235 257 309 311 327 337 365 385 392 395 406 415 419 435 442 472 474 482 537 541 553 556 574 588 604 605 610 617 625 655 656 661 666 673 688 693 694 699 
48 106 115 168 173 175 197 210 228 254 263 266 285 291 321 326 330 341 342 343 354 358 379 398 412 414 443 447 456 463 484 488 503 515 549 565 592 599 603 620 624 632 635 645 658 661 670 678 680 693 
4 14 21 22 25 31 33 35 43 44 46 47 51 54 57 60 65 67 69 73 76 84 86 98 100 105 106 108 113 115 116 118 119 123 125 128 130 131 132 134 135 138 140 143 144 145 148 149 151 156 159 161 164 167 168 169 173 174 175 176 177 179 181 182 185 187 194 197 198 204 207 210 211 213 216 218 223 225 228 232 236 238 253 254 255 257 259 260 261 263 266 270 271 272 275 277 279 281 282 284 285 286 288 289 291 295 296 299 301 302 303 305 307 313 314 316 318 319 324 325 326 329 330 331 332 335 340 341 342 343 344 345 348 352 358 362 368 370 371 374 375 379 380 381 384 387 391 394 395 397 398 399 400 401 402 403 406 410 412 414 416 420 421 422 425 426 427 429 430 431 435 438 443 445 446 447 448 451 452 456 457 458 459 461 463 466 467 470 471 473 475 476 481 486 487 488 489 491 494 497 500 502 503 504 505 507 508 514 515 516 523 525 529 530 531 535 536 538 539 540 542 543 545 546 548 553 558 563 567 571 572 573 578 581 582 583 584 585 586 587 589 591 592 593 595 596 599 601 603 611 613 615 620 621 623 627 628 632 636 640 641 642 643 645 647 648 650 652 654 658 661 662 663 664 665 669 670 674 677 678 679 680 683 684 685 686 689 691 692 693 695 696 698 700 
5 23 50 75 82 92 93 94 96 98 99 124 128 134 136 147 150 158 159 160 165 171 175 178 184 186 190 192 209 212 232 234 239 243 246 247 258 259 269 273 281 293 295 301 307 311 316 320 327 328 333 355 359 361 373 377 380 387 389 391 407 409 412 414 419 420 425 427 428 432 435 437 451 454 458 466 469 477 478 482 484 496 501 503 506 508 511 519 520 526 537 541 545 550 552 555 557 560 561 566 571 574 590 604 605 611 614 630 639 654 661 665 670 676 679 680 685 695 699 700 
