10 24 30 49 66 74 103 108 153 272 288 348 350 398 548 649 
13 54 98 111 132 169 222 273 278 301 357 374 375 377 380 411 415 460 465 484 535 544 553 559 570 584 596 626 648 673 694 
34 38 90 95 137 154 189 221 239 242 251 296 299 336 357 377 388 444 466 476 557 601 648 658 674 684 
35 53 59 70 77 86 89 96 137 150 159 186 223 231 238 258 259 264 287 299 304 310 311 376 398 416 424 434 457 486 516 517 527 530 545 547 562 588 589 618 653 674 
36 57 126 144 145 150 170 171 202 207 230 232 248 264 317 364 410 421 503 543 574 577 625 
18 42 69 71 105 162 163 164 170 186 201 205 212 227 234 290 291 292 293 328 329 360 369 388 402 422 427 438 439 493 495 518 523 532 534 561 594 595 598 649 672 679 692 
10 33 92 114 120 178 200 255 257 281 290 294 313 326 346 348 405 452 454 458 507 509 525 539 573 622 659 685 
88 96 100 106 123 142 187 192 196 203 224 233 239 241 266 315 337 340 344 363 382 393 395 398 436 463 477 480 482 488 504 538 542 560 568 595 621 624 678 
9 46 90 95 127 137 140 187 193 203 208 231 237 240 242 249 251 254 256 275 296 301 336 343 357 377 404 429 451 461 465 476 479 482 503 506 557 601 609 635 648 674 675 684 
29 32 41 43 45 55 60 64 70 76 79 80 85 87 88 97 101 102 104 106 112 116 118 119 123 124 125 134 140 142 143 144 151 152 153 157 159 171 175 177 178 187 192 195 196 202 203 204 217 218 219 221 239 243 246 258 260 261 262 270 278 279 288 302 304 307 310 314 319 323 324 325 333 335 337 339 340 341 342 346 347 363 373 379 384 391 393 404 407 409 410 420 426 428 440 446 451 463 467 473 475 477 480 482 488 504 508 509 510 524 537 538 539 540 543 546 547 548 549 554 555 558 567 568 570 571 574 576 580 582 585 593 600 601 603 606 611 613 617 621 624 625 626 633 638 664 665 667 676 678 681 683 688 700 
12 44 60 65 79 107 115 125 129 139 174 176 177 202 205 261 262 283 323 325 339 355 367 370 404 481 491 505 508 539 580 601 626 665 676 688 691 
81 114 120 131 133 182 194 215 229 241 320 378 405 406 410 431 432 458 461 474 507 573 578 579 592 631 640 659 664 667 683 684 691 
9 27 55 63 64 70 103 110 123 124 141 144 152 157 197 209 221 225 226 244 250 260 268 288 340 341 352 354 358 363 372 375 381 382 406 411 413 425 426 442 447 459 462 463 471 488 489 506 510 515 520 550 555 567 571 583 585 600 602 603 617 621 624 625 628 635 639 641 643 650 654 667 680 681 683 697 700 
18 35 67 159 160 170 224 233 247 254 286 287 289 338 352 363 374 390 392 396 403 525 527 528 529 534 541 574 587 595 607 652 660 687 
18 35 67 159 160 170 212 224 233 234 247 254 286 287 289 291 293 338 352 360 363 369 374 390 392 396 402 525 527 529 534 541 574 587 595 607 616 652 660 687 
11 18 23 41 46 47 58 60 81 83 86 93 96 102 105 110 117 119 123 124 125 138 141 143 144 152 154 156 158 161 163 166 183 188 189 195 197 203 204 206 208 214 233 235 236 244 246 258 262 265 268 274 277 279 283 287 296 298 299 304 335 341 346 350 354 358 366 367 375 388 391 400 413 414 422 430 434 439 441 442 443 447 448 449 450 459 462 466 467 470 473 489 493 508 515 522 524 526 528 535 537 539 543 546 549 550 563 569 575 577 582 588 589 600 601 603 610 620 623 624 637 638 639 642 643 644 661 665 670 674 680 681 686 687 689 
65 75 83 110 141 156 183 188 189 198 204 210 236 265 320 367 373 375 447 459 468 483 489 493 518 526 529 533 535 536 543 552 577 608 620 630 639 644 662 665 686 687 689 
11 38 51 56 58 83 100 119 123 136 140 142 145 152 153 156 183 185 197 198 199 201 203 204 206 211 213 214 218 220 235 245 259 261 262 263 283 285 287 289 298 311 313 315 334 341 344 346 351 358 359 373 381 383 391 395 400 408 419 427 436 444 450 466 473 477 481 483 502 508 511 513 522 528 529 539 546 549 553 561 565 569 588 606 609 610 633 634 637 647 651 661 671 676 687 688 694 
19 38 41 51 52 81 83 86 93 112 126 138 142 145 153 165 171 179 180 181 183 185 199 220 228 230 259 263 269 285 295 298 305 311 318 323 330 332 337 339 349 351 359 362 383 389 401 406 408 411 414 419 437 447 448 455 464 466 473 481 485 503 512 513 519 522 528 532 551 561 568 569 584 588 589 590 591 606 610 615 619 634 636 637 645 647 651 661 667 668 670 671 674 676 679 689 693 694 698 
9 32 36 46 56 88 96 100 119 127 140 142 156 157 178 187 192 193 195 203 207 208 211 231 233 237 240 241 246 248 249 254 256 263 266 270 275 288 315 317 323 325 337 340 343 344 358 363 373 393 395 398 404 410 421 429 436 440 444 451 461 465 467 476 477 479 480 482 483 487 488 503 506 518 529 537 538 542 543 558 560 567 568 577 589 595 609 611 613 621 624 633 635 648 675 678 
22 32 46 60 79 82 85 88 105 109 125 142 160 175 177 187 192 196 197 202 208 222 239 241 243 244 252 261 262 276 277 283 288 315 323 325 330 332 336 337 339 343 346 358 363 364 366 373 382 393 395 403 404 409 410 422 436 440 441 462 469 477 480 488 491 502 504 506 508 512 514 515 518 531 538 539 542 550 560 570 574 580 591 601 612 613 616 621 624 626 638 643 654 665 670 676 678 679 686 688 
3 16 40 53 54 59 61 64 68 70 77 78 89 96 99 101 112 117 119 121 137 148 150 157 158 165 167 169 171 173 185 186 198 199 205 213 217 221 223 225 226 230 231 238 243 245 250 258 260 264 268 271 287 296 299 304 306 310 312 354 356 362 365 376 381 387 398 400 405 414 416 420 424 426 430 434 437 447 450 456 457 458 463 464 468 486 487 506 509 510 511 512 516 517 520 527 528 530 535 545 547 555 556 562 564 571 575 585 589 600 603 605 609 614 617 618 623 624 629 633 643 646 648 653 655 656 657 659 666 667 671 677 678 681 683 689 698 
6 7 17 31 40 50 79 82 91 109 130 147 152 160 162 168 172 187 227 237 240 249 252 269 275 276 288 321 323 330 336 337 352 363 368 369 373 382 393 394 403 415 429 451 454 463 465 469 477 479 482 488 502 503 506 512 514 518 531 542 543 567 573 584 591 612 620 624 633 634 654 665 670 675 679 688 693 695 
2 28 37 47 48 58 63 77 144 145 149 152 166 167 168 209 228 266 288 314 321 331 332 343 368 372 385 394 397 406 417 425 435 449 451 470 471 472 482 483 486 487 489 534 573 591 602 613 623 625 628 638 642 644 650 654 663 685 690 691 697 699 700 
8 29 41 43 53 59 61 70 76 80 83 88 89 96 99 101 102 104 106 111 114 116 119 121 123 124 126 140 143 144 159 165 169 171 185 187 192 195 196 198 199 204 205 213 215 218 223 230 231 238 239 240 245 246 250 256 258 275 279 287 288 290 304 306 307 310 312 325 335 337 339 340 342 346 355 356 362 365 366 368 376 393 398 400 401 405 406 407 410 412 414 416 424 429 431 434 437 439 456 457 458 464 467 480 482 487 488 499 504 507 511 512 516 517 524 525 530 535 537 538 543 545 548 556 558 560 562 567 568 573 579 582 589 611 613 618 621 624 629 630 633 634 638 646 653 655 657 659 664 667 671 675 677 678 684 685 698 
1 3 17 34 38 42 56 69 70 71 84 90 93 95 105 117 122 127 136 137 138 140 154 156 159 165 169 170 171 180 185 186 187 189 193 197 198 199 201 203 204 205 208 211 212 213 221 227 231 234 237 239 240 242 245 249 251 254 256 259 261 263 266 267 275 284 288 290 291 293 296 299 321 322 329 334 335 336 337 340 343 354 358 360 362 363 369 373 377 385 388 402 404 417 418 422 427 428 429 430 434 435 437 438 439 442 443 444 447 450 451 453 454 461 464 465 466 476 477 479 482 483 487 493 495 506 515 523 529 532 534 550 556 557 561 563 579 581 589 590 594 595 598 601 606 609 623 633 635 646 648 649 655 657 663 667 671 672 674 675 679 680 684 689 692 698 699 
52 85 88 93 96 111 138 142 171 175 179 180 181 187 196 203 230 233 266 288 295 305 315 318 323 325 332 337 339 344 349 373 389 393 395 401 406 436 447 455 477 480 482 485 488 508 519 538 542 551 560 568 590 591 595 613 615 619 621 624 636 645 668 676 679 693 
3 56 58 73 100 123 131 136 152 183 191 199 203 206 211 214 218 228 235 243 264 280 297 309 313 341 346 379 381 391 400 414 423 427 440 450 481 494 500 501 507 528 539 546 549 555 576 601 604 606 687 688 
8 16 34 40 51 61 68 78 85 95 101 112 148 152 165 167 168 171 173 185 198 213 221 230 242 243 245 250 251 262 271 296 306 310 312 331 332 356 362 365 380 385 387 394 400 417 435 437 444 447 450 456 464 472 476 483 487 491 508 509 512 528 534 535 553 556 557 564 573 574 583 589 591 605 609 613 614 623 629 633 641 646 648 655 656 663 666 667 671 675 677 678 698 699 
28 77 97 106 134 161 189 235 243 319 320 324 332 341 347 379 399 404 409 440 484 491 504 508 530 576 580 625 
2 15 18 20 24 28 30 47 48 49 58 63 66 69 74 77 89 108 144 149 160 163 164 166 167 186 198 200 209 212 228 241 263 266 274 288 291 292 293 297 328 340 343 350 358 360 368 369 372 373 374 388 402 406 416 423 424 425 434 438 439 449 466 470 471 475 486 504 506 511 516 518 547 548 553 560 563 575 602 625 628 638 641 642 644 649 650 690 691 697 
11 13 21 43 45 51 79 99 101 109 124 151 153 157 175 178 211 216 217 222 250 254 260 272 277 278 282 300 314 327 330 336 348 370 371 381 407 415 420 423 428 433 444 446 455 460 463 469 473 475 496 497 502 505 514 520 521 531 532 548 553 555 572 585 593 612 613 622 624 626 630 631 644 654 670 676 681 683 686 688 696 700 
1 25 84 87 118 122 180 182 186 198 208 219 259 302 322 333 367 381 384 397 410 412 434 453 484 500 505 509 516 532 540 548 554 563 567 569 576 594 606 620 631 657 678 684 695 
4 6 17 19 25 31 38 41 50 51 56 69 70 71 81 82 84 86 91 105 109 112 126 130 136 138 140 142 145 147 149 153 156 157 162 172 183 184 186 187 190 201 205 208 215 220 222 227 228 231 252 259 261 263 269 270 276 284 285 287 298 308 311 322 323 325 329 330 334 335 340 343 345 351 352 355 359 363 373 381 382 383 386 403 408 411 414 418 419 422 434 438 444 448 453 454 466 469 470 473 477 481 483 484 488 492 495 502 503 512 513 514 515 521 522 523 531 532 538 542 561 563 565 569 573 579 581 584 588 589 591 594 597 598 606 610 612 616 618 620 622 633 634 637 640 647 649 651 654 657 658 661 665 669 670 672 674 676 679 680 688 692 694 695 
11 39 43 46 54 60 67 69 85 102 125 136 140 143 171 177 184 199 202 204 231 246 258 262 263 264 267 272 279 283 284 290 308 310 323 334 337 338 339 346 355 366 368 373 385 386 404 405 406 412 418 428 439 444 458 461 467 470 473 477 481 483 507 508 511 524 527 537 539 543 558 563 565 566 570 573 580 581 584 609 611 616 633 640 659 665 672 676 684 685 687 695 
8 21 22 37 51 52 88 93 99 103 121 140 145 152 156 168 178 179 198 199 204 211 216 222 230 239 250 263 266 272 274 277 282 292 295 300 305 318 321 323 327 331 332 337 348 349 358 366 370 371 373 385 389 394 401 405 406 417 433 435 444 447 451 455 458 460 472 475 477 482 483 485 487 489 496 497 502 505 506 507 511 512 518 521 529 531 534 538 551 553 560 572 573 583 590 591 612 613 615 619 621 622 623 630 631 633 636 641 644 645 663 668 676 685 686 690 693 696 699 
3 5 26 54 57 58 62 71 72 75 83 99 105 106 110 113 119 134 136 137 141 150 156 161 165 169 183 185 188 189 190 198 199 201 210 213 218 230 236 245 265 269 270 293 311 319 320 324 345 347 357 362 367 375 379 396 399 407 414 424 437 447 450 459 460 464 468 470 485 487 489 492 493 495 512 523 526 528 530 531 533 535 536 542 543 552 555 556 570 577 579 589 597 598 608 610 620 622 630 633 634 639 644 646 655 657 658 662 665 666 667 669 671 674 686 687 689 692 698 
4 5 9 13 21 25 26 27 28 31 34 35 36 38 42 43 46 51 53 55 56 57 58 59 60 62 64 67 70 72 73 75 77 79 80 81 82 83 84 87 90 95 96 97 98 99 100 101 106 109 110 113 114 115 118 120 121 122 123 124 126 127 131 132 133 134 136 137 141 142 143 144 145 146 150 152 154 159 160 161 170 171 175 180 182 183 184 186 187 188 189 190 191 192 193 194 195 197 199 203 206 207 210 211 212 214 215 216 218 219 220 222 223 224 225 227 228 229 230 231 232 234 235 236 237 238 240 241 242 243 246 247 248 249 250 251 252 254 256 258 264 265 267 268 269 270 272 273 275 276 277 278 279 280 282 284 285 286 287 289 290 291 293 295 296 297 299 300 301 302 303 304 307 308 309 311 313 315 316 317 319 320 322 324 327 330 333 334 335 336 338 341 342 343 344 345 346 347 348 351 352 353 354 355 357 359 360 361 363 364 366 367 369 370 371 374 375 376 377 378 379 380 381 382 383 384 386 388 390 391 392 395 396 397 398 399 402 403 404 405 406 407 408 409 410 412 413 414 415 416 418 419 421 422 423 424 426 427 428 429 430 431 432 433 434 436 439 440 445 447 450 451 453 455 457 458 459 460 461 462 463 465 467 468 469 470 472 474 476 478 479 481 482 484 485 486 487 491 492 493 494 496 497 500 501 502 503 505 507 509 510 511 512 513 514 515 516 517 520 521 524 525 526 527 528 529 530 531 533 534 535 536 537 540 541 542 543 544 545 546 547 549 552 553 554 555 556 557 559 562 565 566 567 570 572 573 574 576 577 578 579 581 582 583 584 585 587 591 592 594 595 596 597 600 601 603 604 606 607 608 610 611 612 616 617 618 622 624 625 627 630 631 632 633 634 635 638 639 644 646 647 648 651 652 653 654 658 659 660 661 662 664 665 666 667 669 670 672 673 674 675 678 679 680 681 683 684 685 686 687 688 689 690 691 694 696 
4 11 13 14 17 19 21 22 25 31 32 34 35 37 38 41 43 45 46 47 51 52 54 55 56 57 58 60 62 64 70 71 73 79 81 82 83 85 86 87 88 90 93 95 98 99 100 103 105 106 109 110 111 112 113 114 118 119 120 121 123 125 126 127 128 131 132 133 135 136 137 138 141 142 144 145 149 152 153 154 155 156 158 159 160 161 162 164 165 166 168 169 170 175 177 178 179 180 181 182 183 187 188 189 190 191 192 194 196 198 199 201 202 205 206 208 211 213 214 215 216 217 218 219 220 222 225 226 227 229 230 235 236 237 239 240 241 242 243 245 246 249 250 251 252 253 254 256 259 260 261 262 263 264 265 266 270 273 274 275 276 277 278 280 282 283 285 286 287 288 289 292 295 296 297 298 300 301 302 304 305 309 311 313 318 320 321 323 325 327 328 329 330 331 332 333 335 336 337 338 339 340 343 345 346 349 350 351 352 357 358 359 362 363 367 370 371 374 375 377 378 380 381 382 383 384 385 388 389 391 392 393 394 399 400 401 403 404 406 407 408 409 410 411 412 414 415 417 419 420 422 423 424 426 427 428 429 430 431 432 433 435 437 438 440 442 444 446 447 448 449 450 451 454 455 458 459 460 461 463 464 465 466 469 470 472 473 474 475 476 477 479 480 481 482 483 484 485 486 487 488 489 490 492 494 495 496 497 498 499 500 501 502 503 504 505 506 507 508 509 511 512 513 514 519 520 521 522 523 524 525 526 528 531 532 534 535 537 538 539 540 541 542 544 548 549 551 553 554 555 557 558 559 560 561 567 568 569 570 571 572 573 575 576 577 578 580 583 584 585 586 588 589 590 591 592 593 594 596 597 598 599 601 603 604 606 607 609 610 612 613 615 617 619 620 621 622 623 624 626 630 631 633 634 635 636 637 638 639 641 642 643 644 645 646 647 648 649 651 652 654 655 657 658 659 660 661 663 664 665 666 667 668 669 670 671 672 673 674 675 676 678 679 680 682 683 684 685 686 687 688 689 690 691 692 693 694 695 696 698 699 700 
14 15 22 57 94 101 105 128 135 154 155 196 253 261 269 336 340 342 390 409 431 434 461 475 486 490 498 499 500 575 583 586 599 635 666 682 686 700 
4 14 15 22 39 43 45 46 54 57 60 67 69 76 79 80 94 101 104 112 116 120 124 128 133 135 143 144 146 151 154 155 169 175 180 182 184 192 194 195 196 217 218 229 231 239 246 253 258 260 261 264 267 272 277 278 279 284 290 300 303 304 307 308 314 316 325 334 336 339 342 353 355 358 361 368 372 377 378 386 390 396 400 407 409 410 412 413 418 420 423 425 428 431 432 439 444 445 446 455 461 467 470 471 473 474 475 477 478 483 486 490 491 498 499 500 510 524 527 528 529 532 537 548 555 558 563 565 566 567 571 573 578 581 582 583 584 586 592 593 599 602 609 610 611 616 625 626 627 628 631 632 635 638 640 650 664 666 672 682 683 686 687 691 695 700 
43 45 79 112 124 151 153 157 169 175 202 217 260 262 277 278 314 323 346 407 420 423 428 444 446 473 475 532 548 555 580 593 613 617 626 676 683 700 
