0	1	18.5495	4	
0	2	32.2977	7	
0	3	33.3615	7	
0	4	46.7874	10	
0	7	4.45301	1	
0	8	16.2208	3	
0	9	7.76758	2	
0	13	26.0684	5	
0	15	30.5245	6	
0	17	3.79856	1	
0	18	41.3962	9	
0	20	9.20574	2	
0	21	18.8119	4	
0	25	44.9256	10	
0	26	27.6891	6	
0	27	7.29985	2	
0	28	24.7364	5	
0	29	2.8174	1	
0	30	47.3997	10	
0	31	6.58259	2	
0	32	21.9228	5	
0	34	2.26071	1	
0	38	2.56174	1	
0	39	13.3866	3	
0	41	3.31308	1	
0	43	27.1507	6	
0	44	23.3608	5	
0	45	19.0171	4	
0	46	7.97946	2	
0	47	25.4441	5	
0	48	11.3489	3	
0	49	6.87043	1	
0	50	13.4664	3	
0	52	3.28055	1	
0	53	27.9058	7	
0	54	2.82182	1	
0	55	26.2338	6	
0	57	8.28175	2	
0	58	27.8321	6	
0	59	3.97069	1	
0	62	20.5766	5	
0	63	5.28871	1	
0	64	15.3617	4	
0	66	4.34913	1	
0	67	8.71619	2	
0	68	26.7107	6	
0	69	10.6224	3	
0	71	4.02477	1	
0	72	8.6079	3	
0	73	26.2566	5	
0	74	19.6575	4	
0	75	39.029	8	
0	77	26.8796	6	
0	78	22.4505	4	
1	4	4.5768	1	
1	6	23	5	
1	7	20.4582	4	
1	8	35.3944	9	
1	9	23.6366	5	
1	10	17.0813	4	
1	11	4.25037	1	
1	12	17.3377	4	
1	13	22.4211	4	
1	15	5.33817	1	
1	16	19.2554	4	
1	17	14.1387	3	
1	20	19.6723	4	
1	21	19.8919	4	
1	22	4.89599	1	
1	23	2.27773	1	
1	27	26.1431	5	
1	28	10.3728	2	
1	30	21.3771	4	
1	31	15.9346	4	
1	34	3.62307	1	
1	39	5.67988	1	
1	40	22.6727	4	
1	41	4.464	1	
1	42	37.2571	8	
1	43	9.2755	2	
1	44	1.59164	1	
1	45	15.7248	4	
1	46	16.8513	4	
1	47	21.6885	5	
1	49	6.75711	2	
1	50	27.9178	6	
1	51	6.92462	2	
1	53	9.83508	2	
1	58	4.66241	1	
1	62	6.40991	2	
1	65	32.6216	7	
1	67	5.82818	1	
1	71	2.21362	1	
1	72	15.6459	4	
1	77	23.6658	5	
1	78	3.03916	1	
2	3	19.6634	4	
2	5	36.2184	9	
2	9	29.1696	5	
2	12	5.23208	1	
2	13	23.9967	5	
2	16	30.7226	6	
2	17	5.50591	1	
2	20	26.0606	6	
2	21	5.4961	1	
2	23	44.1518	9	
2	26	24.9345	5	
2	27	22.626	5	
2	28	73.8658	15	
2	29	6.50496	1	
2	35	22.7868	5	
2	36	3.70426	1	
2	38	22.9563	5	
2	39	16.3045	3	
2	40	9.00491	2	
2	42	4.75617	1	
2	43	5.43145	1	
2	45	5.30907	1	
2	46	23.1282	5	
2	47	2.60278	1	
2	49	22.2827	5	
2	50	27.6704	6	
2	51	8.67197	2	
2	55	30.9587	6	
2	58	5.27979	1	
2	59	24.3914	5	
2	61	3.56356	1	
2	62	28.6682	6	
2	65	2.25154	1	
2	66	21.7588	5	
2	67	5.39907	2	
2	68	5.89881	2	
2	72	5.2944	1	
2	73	1.01185	1	
2	78	19.9985	4	
3	4	15.1588	4	
3	8	30.1192	6	
3	10	3.71495	1	
3	12	4.73651	1	
3	13	23.3462	4	
3	14	10.1673	2	
3	15	9.28335	2	
3	19	11.8367	2	
3	20	23.8279	5	
3	25	6.15372	2	
3	27	28.0073	6	
3	28	14.305	3	
3	29	11.8144	3	
3	30	23.7861	5	
3	31	39.8679	8	
3	34	4.14258	1	
3	35	24.907	5	
3	36	31.4567	7	
3	39	11.6354	3	
3	42	8.25139	2	
3	43	7.22087	2	
3	44	18.6555	4	
3	45	16.7582	4	
3	47	6.33912	1	
3	49	33.2348	8	
3	50	2.63091	1	
3	52	1.96287	1	
3	53	4.23848	1	
3	54	7.94355	2	
3	55	4.74149	1	
3	56	5.97002	2	
3	57	13.4653	3	
3	58	5.87683	1	
3	59	2.39121	1	
3	62	2.70811	1	
3	63	4.61782	1	
3	64	6.55853	1	
3	65	11.9998	2	
3	67	11.5618	3	
3	68	6.15565	1	
3	69	5.82754	1	
3	70	6.99948	1	
3	76	1.89797	1	
3	78	6.24186	1	
4	6	30.4502	6	
4	7	21.4337	5	
4	9	22.146	5	
4	10	12.3116	3	
4	12	6.60658	1	
4	13	11.1312	3	
4	15	7.71846	1	
4	16	21.5769	4	
4	17	5.91423	1	
4	19	12.6803	3	
4	20	22.0199	5	
4	21	5.34678	1	
4	22	4.19003	1	
4	25	48.3184	10	
4	28	22.1031	4	
4	29	2.84145	1	
4	30	13.6254	3	
4	31	5.05428	1	
4	32	23.2192	5	
4	34	13.0025	3	
4	35	3.76945	1	
4	37	20.2224	4	
4	38	24.1766	5	
4	39	2.55401	1	
4	40	28.2841	6	
4	41	2.45845	1	
4	45	32.2504	6	
4	46	20.4866	4	
4	48	62.4765	13	
4	53	43.0098	9	
4	54	13.0025	3	
4	55	8.41661	2	
4	56	6.0141	1	
4	57	18.7485	4	
4	58	34.8102	7	
4	59	5.38598	1	
4	60	9.73963	2	
4	61	23.0778	5	
4	62	3.95932	1	
4	64	22.4889	5	
4	65	7.68616	2	
4	66	17.8838	4	
4	68	9.87601	2	
4	69	25.0559	5	
4	71	3.08498	1	
4	72	28.2833	6	
4	74	17.8251	4	
4	75	3.43552	1	
4	76	11.8219	3	
4	77	7.01858	1	
5	7	38.827	8	
5	9	22.5354	5	
5	11	1.67468	1	
5	13	2.23016	1	
5	14	3.89418	1	
5	16	2.25702	1	
5	18	5.64703	1	
5	20	2.25702	1	
5	21	3.90365	1	
5	27	4.27034	1	
5	29	2.54021	1	
5	33	16.2818	4	
5	34	4.54902	1	
5	36	2.8552	1	
5	40	2.16168	1	
5	43	3.35083	1	
5	44	1.67468	1	
5	47	27.734	5	
5	48	3.99828	1	
5	49	39.7767	9	
5	51	17.5505	4	
5	55	2.81639	1	
5	57	2.23016	1	
5	59	6.05222	1	
5	62	5.71854	1	
5	64	5.77361	1	
5	65	6.3438	1	
5	70	55.0675	12	
5	74	18.1279	4	
5	77	5.30715	1	
6	7	25.3447	5	
6	8	10.4141	2	
6	9	9.23931	2	
6	10	2.98439	1	
6	13	26.6447	5	
6	16	54.4458	11	
6	17	17.6435	4	
6	20	4.38614	1	
6	22	2.13077	1	
6	24	4.18322	1	
6	28	8.6199	2	
6	30	31.2585	6	
6	31	4.01485	1	
6	32	59.2853	12	
6	33	6.65123	2	
6	35	3.46682	1	
6	36	22.8508	6	
6	39	10.1995	2	
6	40	27.2859	5	
6	43	4.32167	1	
6	44	27.8898	5	
6	45	22.6606	5	
6	46	41.704	9	
6	47	7.90553	2	
6	48	20.5457	4	
6	51	2.29947	1	
6	54	4.82744	1	
6	55	34.1352	7	
6	56	14.7516	3	
6	57	57.5851	11	
6	58	27.4801	6	
6	59	21.2064	4	
6	62	2.58328	1	
6	64	31.2269	6	
6	65	22.2986	4	
6	68	10.2366	3	
6	69	18.6165	4	
6	70	17.5227	4	
6	71	6.56863	1	
6	72	3.14542	1	
6	76	27.9678	6	
6	77	22.6245	4	
6	78	13.6261	3	
7	10	4.66153	1	
7	12	25.1001	5	
7	13	40.3146	9	
7	14	4.60741	1	
7	15	5.40475	2	
7	16	27.7154	6	
7	19	31.6827	7	
7	21	13.9096	3	
7	22	4.60241	1	
7	23	3.06533	1	
7	24	3.70417	1	
7	25	23.492	5	
7	26	5.67524	1	
7	27	5.03692	1	
7	29	21.979	5	
7	30	13.6496	4	
7	32	8.72196	2	
7	33	0.28649	1	
7	34	11.4626	2	
7	39	4.82489	1	
7	42	25.8293	5	
7	43	1.97975	1	
7	45	3.51145	1	
7	46	18.8152	5	
7	49	5.37001	1	
7	51	6.15915	1	
7	53	4.44783	1	
7	54	4.03346	1	
7	56	28.0492	6	
7	57	14.9073	3	
7	59	24.3185	5	
7	62	31.0666	6	
7	63	2.46484	1	
7	64	4.57707	1	
7	66	4.34444	1	
7	68	19.1782	4	
7	70	16.0072	4	
7	72	5.09899	1	
7	73	4.37684	1	
7	74	18.1634	4	
7	76	5.40582	1	
7	77	27.0366	6	
8	9	28.2496	5	
8	10	22.1646	5	
8	17	16.5799	4	
8	18	3.48337	1	
8	19	19.8232	4	
8	22	7.94327	2	
8	23	17.9494	4	
8	24	23.2498	5	
8	26	26.8408	5	
8	27	24.2593	5	
8	28	15.683	4	
8	30	14.8685	4	
8	31	22.9182	5	
8	32	2.75037	1	
8	33	4.51918	1	
8	35	28.4624	5	
8	36	3.71177	1	
8	41	20.2126	5	
8	42	19.1695	4	
8	44	4.49277	1	
8	46	9.42711	2	
8	49	5.52202	1	
8	52	5.07368	1	
8	53	11.9959	2	
8	54	4.37963	1	
8	55	16.6861	5	
8	59	2.91897	1	
8	61	15.3741	4	
8	63	6.6086	1	
8	65	13.6041	3	
8	67	5.43239	2	
8	68	5.26895	1	
8	69	4.9248	1	
8	70	32.0266	6	
8	72	15.3434	4	
8	75	4.87618	1	
8	76	1.98743	1	
9	10	7.5463	2	
9	13	4.31724	1	
9	16	5.71848	1	
9	17	8.68154	2	
9	18	7.42117	2	
9	20	5.29709	1	
9	21	19.7252	4	
9	22	5.4409	1	
9	23	2.11721	1	
9	24	24.4387	5	
9	25	3.0621	1	
9	26	7.65344	1	
9	27	31.9223	7	
9	28	22.0241	5	
9	30	9.6956	2	
9	32	5.51207	1	
9	33	21.9852	5	
9	35	14.5233	3	
9	38	10.3747	2	
9	39	1.8583	1	
9	40	15.4334	2	
9	41	20.3185	4	
9	42	12.4169	2	
9	43	29.7197	6	
9	44	6.36885	1	
9	45	4.33399	1	
9	46	13.6432	2	
9	48	7.76753	2	
9	49	27.3533	5	
9	51	11.0299	3	
9	53	3.06663	1	
9	54	6.82736	2	
9	55	5.00939	1	
9	56	6.80587	1	
9	58	20.1287	4	
9	61	5.12965	1	
9	62	29.4078	6	
9	63	13.8484	4	
9	65	3.27852	1	
9	66	4.50636	1	
9	67	4.75908	1	
9	68	2.95779	1	
9	69	41.5978	8	
9	70	5.96292	1	
9	71	3.87553	1	
9	72	5.26092	1	
9	74	7.78726	2	
9	75	6.30866	1	
9	77	5.01107	1	
9	78	3.77129	1	
10	11	3.13128	1	
10	12	6.54788	1	
10	15	30.9996	6	
10	18	19.215	5	
10	20	5.52606	1	
10	21	46.4707	9	
10	25	50.8271	11	
10	26	12.6119	3	
10	27	5.36363	1	
10	28	12.3191	3	
10	29	8.23579	2	
10	30	5.46251	1	
10	31	21.7526	5	
10	33	3.882	1	
10	34	4.77263	1	
10	36	2.69617	1	
10	38	5.2203	1	
10	42	22.2997	5	
10	43	5.46676	2	
10	44	4.14852	1	
10	45	2.7933	1	
10	47	19.977	5	
10	48	20.271	4	
10	49	18.741	4	
10	50	2.21082	1	
10	51	4.74066	1	
10	54	1.50582	1	
10	55	26.675	5	
10	56	24.7219	5	
10	58	5.16707	2	
10	59	35.0159	6	
10	60	3.99467	1	
10	61	44.4276	9	
10	69	23.503	5	
10	71	4.77263	1	
10	75	24.0247	5	
10	76	6.26098	1	
11	13	7.45198	2	
11	15	3.76903	1	
11	22	15.1324	4	
11	29	3.13197	1	
11	30	12.9369	3	
11	32	12.9007	4	
11	39	4.83175	1	
11	40	24.1408	5	
11	42	8.88806	2	
11	44	24.9524	6	
11	49	26.8105	5	
11	50	3.29879	1	
11	51	3.99611	1	
11	53	25.2368	5	
11	56	8.09042	2	
11	59	4.05856	1	
11	61	20.5087	5	
11	71	7.69655	2	
11	76	4.58813	1	
11	77	26.4149	7	
12	13	26.891	6	
12	14	22.0063	5	
12	16	8.29551	2	
12	18	27.4973	5	
12	19	15.5954	3	
12	22	18.6112	4	
12	26	19.6537	4	
12	27	4.67898	1	
12	31	23.4773	5	
12	32	14.2348	3	
12	39	3.08427	1	
12	40	12.9836	3	
12	41	6.4956	2	
12	42	4.89645	1	
12	44	18.2381	4	
12	45	2.72462	1	
12	46	40.7479	9	
12	51	23.736	5	
12	52	4.03602	1	
12	53	9.89285	2	
12	58	26.1363	5	
12	59	4.26102	1	
12	61	4.87792	1	
12	62	2.91015	1	
12	63	6.93224	1	
12	64	10.786	2	
12	65	3.90566	1	
12	66	18.4806	4	
12	67	29.0485	6	
12	69	3.6434	1	
12	70	9.62583	2	
12	71	7.16906	1	
12	72	2.51303	1	
12	73	5.86218	1	
12	76	4.1713	1	
12	78	32.1197	6	
13	14	3.21798	1	
13	15	35.3905	8	
13	16	40.5947	8	
13	19	23.791	5	
13	20	22.1686	5	
13	21	22.6243	5	
13	23	22.0789	4	
13	25	5.70086	1	
13	26	2.88489	1	
13	27	13.0932	3	
13	28	16.9883	4	
13	29	47.215	10	
13	30	7.19911	1	
13	31	21.2814	4	
13	34	1.55756	1	
13	35	28.5713	6	
13	36	14.3162	3	
13	37	20.6743	4	
13	39	2.35772	1	
13	40	10.746	2	
13	41	3.53225	1	
13	42	14.2019	3	
13	43	5.49633	1	
13	44	14.8632	3	
13	46	5.80702	1	
13	49	6.37911	1	
13	50	23.6675	6	
13	51	17.2408	3	
13	53	19.0107	4	
13	55	13.9154	3	
13	56	3.41695	1	
13	57	52.4528	11	
13	58	31.5692	6	
13	60	29.1969	6	
13	62	4.33227	1	
13	64	18.2059	4	
13	67	10.9514	2	
13	70	8.87603	2	
13	71	11.8311	3	
13	75	17.3581	4	
13	76	2.78926	1	
13	77	3.38595	1	
13	78	4.67274	1	
14	16	4.84426	1	
14	19	14.4662	3	
14	21	4.67026	1	
14	23	45.1902	9	
14	24	4.35775	1	
14	26	20.6583	4	
14	29	5.6578	1	
14	31	40.1448	9	
14	34	3.84642	1	
14	36	20.4438	4	
14	39	2.83725	1	
14	40	20.2633	4	
14	46	23.8943	5	
14	47	30.3744	6	
14	48	8.13444	2	
14	50	18.0734	4	
14	53	24.1285	5	
14	54	2.25885	1	
14	55	24.9354	5	
14	57	22.0508	5	
14	58	4.57182	1	
14	62	3.18861	1	
14	64	26.7396	6	
14	68	4.14458	1	
14	69	4.35722	1	
14	71	24.6614	5	
14	73	4.90161	1	
14	76	23.9326	5	
15	16	15.5936	3	
15	17	5.20291	1	
15	18	29.3363	6	
15	20	45.3381	9	
15	21	38.9811	8	
15	22	4.18136	1	
15	23	31.7279	7	
15	25	4.63053	1	
15	26	12.6697	3	
15	27	32.718	7	
15	29	17.2082	4	
15	30	9.18092	2	
15	31	3.331	1	
15	33	36.7238	7	
15	35	26.8079	5	
15	36	15.1891	4	
15	38	22.2312	5	
15	39	3.06366	1	
15	40	38.7773	8	
15	41	50.4161	10	
15	42	5.5457	1	
15	43	2.13406	1	
15	45	10.2806	3	
15	46	23.4072	5	
15	47	42.3412	9	
15	48	18.9505	4	
15	49	9.61231	2	
15	51	6.25393	1	
15	52	16.5481	3	
15	53	6.06631	1	
15	55	39.2471	8	
15	56	29.3639	6	
15	57	8.2339	2	
15	59	24.4796	5	
15	63	7.07542	2	
15	64	3.39072	1	
15	65	15.3792	3	
15	67	23.0055	5	
15	68	6.80088	2	
15	69	22.5922	4	
15	70	17.6681	4	
15	71	34.3479	7	
15	74	20.3786	4	
15	75	3.00677	1	
15	78	12.0573	3	
16	18	23.0519	5	
16	19	17.3519	4	
16	20	67.1673	14	
16	21	28.85	6	
16	23	5.11775	1	
16	26	2.46699	1	
16	27	25.2414	5	
16	29	8.21154	2	
16	31	22.2465	5	
16	32	30.7315	6	
16	35	37.1173	7	
16	36	33.3557	7	
16	38	6.04697	1	
16	39	5.45638	1	
16	40	2.28936	1	
16	41	10.2008	2	
16	43	15.6929	3	
16	44	22.4713	5	
16	45	26.8027	6	
16	46	21.0642	5	
16	48	1.88511	1	
16	50	15.2078	4	
16	51	8.77262	2	
16	56	3.43455	1	
16	59	32.8721	7	
16	60	21.3705	4	
16	62	35.2855	7	
16	64	9.68013	2	
16	65	15.0404	3	
16	66	26.0147	5	
16	68	23.2431	5	
16	69	25.2697	5	
16	71	5.65092	1	
16	74	2.98791	1	
16	75	24.481	5	
16	76	12.0689	3	
16	77	13.3993	3	
16	78	12.0492	3	
17	18	8.49038	2	
17	19	6.44899	1	
17	24	22.6445	5	
17	26	23.69	4	
17	27	6.54228	2	
17	29	27.2632	5	
17	32	30.2064	7	
17	36	18.8885	4	
17	41	23.8083	5	
17	42	24.663	4	
17	44	18.7106	4	
17	46	5.28885	1	
17	47	4.59747	1	
17	49	5.00366	1	
17	50	20.9353	5	
17	53	18.7357	5	
17	55	5.54947	1	
17	57	2.47129	1	
17	58	61.2894	14	
17	59	24.6873	5	
17	63	2.64803	1	
17	68	6.51093	1	
17	70	10.7662	2	
17	71	2.17583	1	
17	77	2.9348	1	
17	78	13.1779	3	
18	19	7.98738	2	
18	21	7.54775	2	
18	23	5.09961	1	
18	25	15.8642	4	
18	26	5.15545	1	
18	27	12.6777	2	
18	29	28.8295	6	
18	30	11.8994	4	
18	31	6.89197	2	
18	32	8.72458	2	
18	34	20.4399	4	
18	39	13.2274	3	
18	40	34.0638	7	
18	41	14.3458	4	
18	42	4.78162	1	
18	43	16.2949	4	
18	45	7.28803	2	
18	46	49.8096	10	
18	48	16.7106	4	
18	49	2.85249	1	
18	53	30.2333	6	
18	54	17.7575	4	
18	57	4.75709	1	
18	59	14.4472	3	
18	60	19.9413	4	
18	63	22.8144	5	
18	64	11.2552	3	
18	65	20.7982	4	
18	66	19.2239	4	
18	67	7.79817	2	
18	68	35.1965	7	
18	69	22.304	5	
18	70	25.3733	5	
18	71	23.9887	5	
18	73	4.856	1	
18	75	2.42914	1	
18	77	13.2498	3	
18	78	10.0268	2	
19	21	17.2977	4	
19	22	22.2312	5	
19	23	37.4865	9	
19	26	27.0079	6	
19	28	5.94559	1	
19	30	13.7331	4	
19	31	20.7094	5	
19	32	4.17382	1	
19	33	0.28649	1	
19	34	4.24765	1	
19	39	23.242	6	
19	40	4.29675	1	
19	41	12.0298	3	
19	42	30.4747	7	
19	44	28.7251	6	
19	45	4.46257	1	
19	47	8.08796	2	
19	48	17.8332	5	
19	49	5.17645	1	
19	50	9.95843	2	
19	53	19.7889	4	
19	56	7.33097	1	
19	58	4.83268	1	
19	62	20.0488	4	
19	63	7.23551	2	
19	64	8.51575	2	
19	65	2.80619	1	
19	66	2.20089	1	
19	68	22.0206	5	
19	69	28.7836	6	
19	71	39.7686	9	
19	72	10.7382	2	
19	75	4.25158	1	
19	76	8.76971	2	
19	77	5.18036	1	
19	78	12.3913	3	
20	21	3.13448	1	
20	22	16.2238	4	
20	23	2.68837	1	
20	26	2.61557	1	
20	27	4.73278	1	
20	29	32.9621	7	
20	30	2.74562	1	
20	31	3.06793	1	
20	32	24.7443	6	
20	33	2.84905	1	
20	36	15.7578	4	
20	39	13.006	3	
20	40	45.458	9	
20	41	24.7039	5	
20	42	8.48121	2	
20	44	3.25359	1	
20	45	4.66043	1	
20	46	8.39355	2	
20	47	42.2595	9	
20	48	28.2973	7	
20	49	10.1221	2	
20	50	14.6181	3	
20	51	49.5286	10	
20	52	4.38042	1	
20	53	5.45011	1	
20	54	2.29561	1	
20	55	35.5445	7	
20	57	9.38384	2	
20	58	12.3029	3	
20	59	16.6319	4	
20	62	7.30832	1	
20	64	12.5804	3	
20	65	11.3111	2	
20	66	4.10433	1	
20	68	6.06358	1	
20	70	16.04	4	
20	71	17.9013	5	
20	73	7.52904	2	
20	74	3.55615	1	
20	76	7.26063	2	
20	77	50.8942	10	
20	78	46.859	10	
21	22	6.0115	1	
21	23	37.9083	8	
21	24	19.2593	4	
21	26	47.432	9	
21	28	29.5117	6	
21	29	22.8363	5	
21	30	4.03216	1	
21	32	16.7989	4	
21	33	34.8907	7	
21	34	13.8683	3	
21	35	16.7205	4	
21	36	2.49625	1	
21	38	3.00871	1	
21	39	6.97258	2	
21	41	66.3235	14	
21	43	7.3293	2	
21	44	25.0953	5	
21	45	3.45637	1	
21	46	11.2542	3	
21	48	18.536	4	
21	49	22.7746	5	
21	50	19.1448	4	
21	51	6.37692	1	
21	55	3.85254	2	
21	57	38.6448	7	
21	58	9.09175	2	
21	59	25.0386	5	
21	61	30.173	6	
21	64	5.29585	1	
21	65	29.7976	6	
21	66	4.0299	1	
21	67	9.13311	2	
21	68	20.4636	5	
21	69	23.3787	5	
21	71	1.83891	1	
21	72	29.3506	7	
21	76	7.62154	2	
21	77	26.6131	5	
21	78	31.1489	6	
22	23	11.8042	3	
22	25	18.0541	4	
22	27	26.5615	6	
22	29	3.63782	1	
22	31	13.4292	3	
22	32	15.8844	4	
22	35	4.78353	1	
22	37	2.65118	1	
22	41	18.2897	4	
22	42	4.3606	1	
22	43	23.7279	5	
22	44	3.1677	1	
22	45	13.6441	3	
22	46	3.59234	1	
22	47	40.2248	7	
22	48	3.983	1	
22	49	6.90497	2	
22	50	3.32581	1	
22	51	4.88383	1	
22	53	6.32303	1	
22	57	3.31876	1	
22	58	5.02686	1	
22	59	5.04812	1	
22	61	14.274	3	
22	63	5.36672	1	
22	64	12.2225	2	
22	65	3.39427	1	
22	68	38.7208	8	
22	69	3.96658	1	
22	71	5.9886	1	
22	72	9.51311	2	
22	75	7.05563	1	
23	25	33.3817	7	
23	28	19.454	5	
23	29	40.1564	8	
23	30	7.39077	1	
23	32	5.08408	1	
23	33	2.77171	1	
23	36	8.12813	2	
23	38	20.9652	4	
23	39	6.46039	2	
23	41	21.2206	4	
23	42	7.94416	2	
23	43	16.2745	4	
23	44	4.43246	1	
23	45	3.25483	1	
23	46	24.9369	5	
23	47	33.0047	7	
23	50	26.261	5	
23	51	16.4941	3	
23	52	5.39389	1	
23	53	10.0765	3	
23	54	24.007	5	
23	56	7.84081	2	
23	57	30.4686	6	
23	59	17.34	4	
23	62	5.83781	1	
23	63	10.4569	3	
23	64	14.395	3	
23	65	36.5822	8	
23	66	5.78952	1	
23	67	5.03387	1	
23	69	7.63361	2	
23	70	26.0079	5	
23	71	28.2126	6	
23	72	11.066	2	
23	75	5.38815	1	
23	76	21.088	5	
23	77	2.42152	1	
23	78	26.803	6	
24	29	5.93497	1	
24	32	19.198	4	
24	33	21.7121	5	
24	35	21.2651	5	
24	38	5.78136	1	
24	40	4.32029	1	
24	41	23.0025	5	
24	47	14.9776	4	
24	51	3.13887	1	
24	56	2.34789	1	
24	57	2.87472	1	
24	58	7.99341	2	
24	67	8.02407	2	
24	68	4.26486	1	
24	72	16.953	4	
24	73	8.02407	2	
25	26	28.7546	6	
25	27	7.80924	2	
25	30	29.1354	6	
25	36	5.14849	1	
25	37	18.6698	4	
25	41	26.8346	5	
25	45	21.7205	5	
25	46	8.8018	2	
25	47	3.51875	1	
25	49	8.52391	2	
25	50	6.08751	2	
25	53	3.77189	1	
25	54	25.9102	5	
25	56	25.7574	5	
25	61	21.1368	5	
25	62	52.1807	10	
25	63	2.70672	1	
25	65	19.002	4	
25	68	3.02692	1	
25	70	30.4825	6	
25	74	6.04449	1	
25	76	65.3564	14	
26	28	25.6252	5	
26	29	42.2839	9	
26	30	11.3357	3	
26	31	5.48926	1	
26	32	7.05257	1	
26	33	4.34051	1	
26	34	3.35599	1	
26	39	13.0216	3	
26	42	25.8682	5	
26	43	7.69089	2	
26	45	4.14049	1	
26	46	6.9718	1	
26	50	10.3547	2	
26	51	26.3209	5	
26	55	3.24565	1	
26	56	26.8841	5	
26	57	3.54761	1	
26	58	24.647	5	
26	59	26.6026	5	
26	60	22.482	5	
26	61	21.3671	5	
26	62	20.1107	4	
26	63	14.5353	3	
26	64	4.07015	1	
26	65	23.4303	5	
26	67	3.77257	1	
26	68	2.75609	1	
26	69	20.0283	4	
26	70	23.4127	5	
26	71	4.61361	1	
26	72	26.2594	6	
26	73	23.422	5	
26	74	3.51115	1	
26	76	9.01967	2	
26	78	12.0843	3	
27	29	2.93662	1	
27	30	37.0461	8	
27	35	5.7457	1	
27	36	6.90023	2	
27	37	6.25578	1	
27	39	2.37195	1	
27	41	42.0543	9	
27	42	4.52976	1	
27	43	18.9296	4	
27	45	7.96421	1	
27	46	8.74834	2	
27	47	8.57138	2	
27	50	3.38601	1	
27	51	24.974	5	
27	52	22.9871	5	
27	53	32.2375	6	
27	55	5.27415	1	
27	57	20.5258	4	
27	58	23.335	5	
27	59	33.7108	7	
27	60	27.3425	5	
27	62	7.01592	1	
27	64	28.051	5	
27	65	3.34546	1	
27	66	3.57443	1	
27	67	33.0854	7	
27	68	5.18986	1	
27	69	29.8922	6	
27	70	29.8951	6	
27	71	3.51371	1	
27	74	3.03356	1	
27	75	2.25262	1	
27	77	25.3598	5	
27	78	7.19761	1	
28	30	3.35394	1	
28	31	18.9761	5	
28	34	3.55032	1	
28	35	25.9342	6	
28	37	22.1508	4	
28	38	25.9287	6	
28	39	5.02166	1	
28	40	29.5235	6	
28	41	9.94732	2	
28	43	8.15201	2	
28	44	10.4758	2	
28	45	3.96608	1	
28	46	7.52712	2	
28	47	43.5899	9	
28	49	8.21063	2	
28	52	5.13025	1	
28	55	4.19531	1	
28	56	5.16223	1	
28	57	18.0392	4	
28	65	24.4504	5	
28	67	3.56103	1	
28	70	27.0049	5	
28	71	2.24825	1	
28	72	12.2993	2	
28	74	2.64181	1	
28	75	30.5588	6	
28	77	19.3815	4	
29	30	7.22818	2	
29	32	4.77378	1	
29	33	5.07458	1	
29	34	7.03289	2	
29	36	4.13759	1	
29	39	16.1966	4	
29	40	23.296	4	
29	41	14.3325	3	
29	42	3.18705	1	
29	43	30.5994	7	
29	45	20.1472	5	
29	46	6.44999	1	
29	47	22.6996	5	
29	49	4.45083	1	
29	51	13.1474	3	
29	53	19.3024	4	
29	54	14.0273	3	
29	56	19.6499	5	
29	57	4.04839	1	
29	60	5.28039	1	
29	61	6.94206	1	
29	62	3.01673	1	
29	63	44.2252	8	
29	65	7.80273	2	
29	66	23.5464	5	
29	67	40.7047	8	
29	68	2.88405	1	
29	70	24.6192	5	
29	71	55.9826	12	
29	72	16.1381	4	
29	73	13.849	4	
29	76	2.60057	1	
29	77	28.2525	6	
30	31	3.85725	1	
30	37	2.68513	1	
30	39	31.9753	7	
30	40	7.37678	1	
30	41	13.2891	4	
30	42	25.7368	6	
30	43	21.0551	5	
30	45	27.792	5	
30	46	13.3346	3	
30	47	6.67432	1	
30	48	5.31951	1	
30	49	33.5586	7	
30	50	9.33728	2	
30	51	14.8913	3	
30	53	4.27444	1	
30	54	24.9475	5	
30	55	32.3931	7	
30	57	13.9022	3	
30	60	4.56507	1	
30	61	13.7994	3	
30	62	38.9068	9	
30	65	27.7536	6	
30	67	4.6201	1	
30	69	32.8007	7	
30	70	15.4913	3	
30	73	4.04962	1	
30	74	31.9699	6	
30	76	15.253	4	
30	78	6.49441	2	
31	32	5.68234	1	
31	33	5.00279	1	
31	36	32.9269	6	
31	40	16.9577	4	
31	43	5.5932	1	
31	45	20.8055	5	
31	46	42.1028	9	
31	47	4.96571	1	
31	49	21.6073	4	
31	57	39.7098	8	
31	58	20.4571	5	
31	59	29.0865	6	
31	62	32.0874	7	
31	64	29.2523	7	
31	65	39.1568	7	
31	66	4.3743	1	
31	68	22.2969	5	
31	72	6.83264	1	
31	76	2.41885	1	
31	77	18.5462	4	
31	78	8.54069	2	
32	35	7.17915	2	
32	36	14.3351	4	
32	37	16.006	4	
32	39	24.3958	5	
32	40	22.4427	5	
32	41	9.10689	2	
32	42	7.42524	2	
32	43	7.81281	2	
32	44	34.9495	8	
32	46	15.5158	3	
32	47	11.3103	2	
32	49	4.82244	1	
32	50	5.29086	1	
32	52	4.39929	1	
32	53	10.2417	2	
32	54	3.46557	1	
32	57	4.64118	1	
32	58	10.6168	2	
32	59	23.1024	5	
32	60	4.53098	1	
32	62	43.0464	9	
32	64	27.1485	6	
32	66	18.4743	4	
32	67	26.1198	6	
32	68	16.7518	4	
32	69	5.0394	1	
32	73	20.2766	4	
32	78	22.5929	5	
33	35	22.6244	5	
33	38	21.0229	4	
33	40	22.1156	5	
33	41	4.19003	1	
33	42	5.09855	1	
33	43	25.2267	5	
33	46	2.31821	1	
33	47	25.6216	5	
33	48	3.58691	1	
33	49	23.7117	5	
33	53	7.70377	2	
33	55	6.69089	1	
33	56	21.708	5	
33	57	17.1728	4	
33	58	2.3204	1	
33	69	19.9204	4	
33	70	17.272	4	
33	71	3.20727	1	
33	77	2.83386	1	
33	78	4.22987	1	
34	36	3.48269	1	
34	39	11.885	3	
34	40	13.9313	3	
34	41	4.48554	1	
34	42	5.19349	1	
34	43	17.1688	4	
34	46	7.99651	2	
34	48	13.8896	3	
34	53	4.90318	1	
34	54	32.2854	7	
34	56	10.8832	3	
34	57	24.4502	5	
34	58	7.06193	2	
34	59	2.42686	1	
34	61	27.9418	6	
34	63	4.75337	1	
34	64	24.3652	5	
34	65	19.9781	4	
34	67	13.7101	3	
34	71	29.7968	7	
34	78	24.1232	5	
35	36	11.0982	2	
35	39	5.63565	1	
35	43	2.38967	1	
35	44	11.1589	2	
35	50	26.1127	7	
35	51	6.02635	1	
35	55	4.94953	2	
35	57	13.7054	3	
35	58	36.303	7	
35	61	4.70301	1	
35	63	2.5453	1	
35	64	9.25835	2	
35	65	2.17749	1	
35	66	7.20809	2	
35	67	2.50434	1	
35	68	2.45652	1	
35	73	6.97319	2	
35	75	4.15091	1	
35	76	23.4601	6	
35	77	1.7938	1	
35	78	4.22899	1	
36	39	2.0186	1	
36	40	30.5186	6	
36	42	9.66011	2	
36	43	23.255	5	
36	45	25.6128	6	
36	46	6.55893	2	
36	47	2.72767	1	
36	49	8.48952	2	
36	51	4.71594	1	
36	52	14.0552	3	
36	53	10.4793	2	
36	56	2.22794	1	
36	57	4.29625	1	
36	58	18.551	4	
36	59	22.0068	5	
36	61	5.01605	1	
36	62	4.8731	1	
36	63	36.4984	8	
36	64	19.0809	4	
36	67	10.3013	3	
36	68	20.5981	5	
36	70	23.8739	5	
36	71	17.285	4	
36	74	4.08563	1	
36	75	17.8668	4	
36	76	5.10946	1	
36	77	4.52445	1	
36	78	14.4585	3	
37	38	18.5832	4	
37	39	4.04289	1	
37	40	19.6607	4	
37	46	17.5792	4	
37	47	18.7299	4	
37	50	5.2554	1	
37	52	3.16584	1	
37	53	5.61453	1	
37	57	4.04289	1	
37	58	23.2711	5	
37	62	19.0358	4	
37	64	5.11495	1	
37	71	18.1999	4	
37	73	3.97757	1	
37	75	18.9449	4	
37	77	21.3066	4	
38	44	5.8528	1	
38	49	10.6152	3	
38	55	4.44579	1	
38	58	27.2867	5	
38	60	7.9703	2	
38	62	4.83175	1	
38	65	19.4512	4	
38	70	3.34782	1	
38	71	7.9703	2	
38	73	8.50187	2	
38	75	22.8148	5	
38	77	8.11346	2	
39	42	10.7022	2	
39	43	13.0191	3	
39	44	11.2951	2	
39	46	8.64804	2	
39	47	7.52514	1	
39	48	23.9983	5	
39	49	6.36256	1	
39	50	27.3657	6	
39	51	47.7807	11	
39	52	26.4138	6	
39	54	36.1697	8	
39	55	17.4736	4	
39	57	15.2614	4	
39	59	9.75	2	
39	63	4.63727	1	
39	64	24.8393	6	
39	65	20.0292	4	
39	68	40.7177	9	
39	69	2.38899	1	
39	70	11.1754	2	
39	71	15.8488	3	
39	72	6.3576	1	
39	73	15.3493	4	
39	76	30.312	7	
39	77	4.95408	1	
40	42	24.0972	5	
40	45	23.2809	5	
40	46	23.697	5	
40	47	5.19689	1	
40	49	4.90473	1	
40	53	36.7787	7	
40	54	5.71139	1	
40	55	24.9827	5	
40	56	23.9892	5	
40	58	28.7398	6	
40	59	41.7947	9	
40	64	5.03123	1	
40	67	7.54053	2	
40	69	16.4826	4	
40	70	1.87834	1	
40	71	18.3932	4	
40	72	4.83097	1	
40	73	4.13026	1	
40	78	28.1193	6	
41	42	6.64338	2	
41	43	12.7733	3	
41	45	23.4673	5	
41	46	5.30084	1	
41	47	33.7133	7	
41	48	2.67444	1	
41	50	23.8943	5	
41	53	9.03931	2	
41	55	3.44568	1	
41	56	31.2353	6	
41	57	29.2311	6	
41	58	24.395	5	
41	59	28.1049	6	
41	60	15.6651	4	
41	63	11.2468	2	
41	64	19.4344	5	
41	67	4.30219	1	
41	68	6.69028	1	
41	69	10.015	2	
41	70	13.1931	3	
41	71	2.37748	1	
41	72	18.8019	4	
41	76	23.8405	5	
41	77	26.5074	5	
42	43	4.84116	1	
42	45	7.82101	2	
42	46	19.7344	4	
42	47	10.4256	2	
42	48	4.74991	1	
42	49	14.933	3	
42	50	6.62763	1	
42	53	30.9529	6	
42	54	23.6526	4	
42	55	6.16786	2	
42	56	31.9844	7	
42	57	8.72852	2	
42	58	7.18998	1	
42	59	24.6944	5	
42	61	18.6274	4	
42	62	4.43952	1	
42	63	6.64317	1	
42	64	22.0141	4	
42	65	5.80157	1	
42	66	17.2546	4	
42	67	10.8825	2	
42	68	22.0889	5	
42	71	27.0937	5	
42	76	18.8608	4	
42	77	20.2033	4	
42	78	24.7721	5	
43	44	24.1898	5	
43	45	27.8299	6	
43	46	3.6767	1	
43	47	7.88615	2	
43	48	3.17221	1	
43	49	28.1478	5	
43	50	3.55849	1	
43	51	9.01646	2	
43	55	4.04345	1	
43	56	21.1511	5	
43	58	3.08236	1	
43	59	19.7047	4	
43	62	35.6716	7	
43	64	3.06271	1	
43	65	3.04922	1	
43	67	13.0517	3	
43	68	5.01433	1	
43	69	25.2933	5	
43	70	14.8324	3	
43	71	20.7059	5	
43	75	8.29549	2	
43	76	6.88997	1	
44	45	15.5454	4	
44	47	4.70756	1	
44	48	19.2478	4	
44	49	21.2481	5	
44	51	3.36213	1	
44	56	28.499	6	
44	58	4.6335	1	
44	62	2.45513	1	
44	64	10.8211	3	
44	65	30.4337	6	
44	68	14.3501	4	
44	69	41.3663	9	
44	70	25.2794	5	
44	71	17.7915	5	
44	73	47.6692	10	
44	77	17.9473	4	
45	46	7.88539	2	
45	47	8.81446	2	
45	48	2.51802	1	
45	49	13.5783	3	
45	51	30.1088	6	
45	52	3.44815	1	
45	53	18.1247	4	
45	54	17.8252	4	
45	58	5.40662	1	
45	60	2.55167	1	
45	62	4.43237	1	
45	63	6.35076	1	
45	64	19.8113	4	
45	65	20.1425	4	
45	67	24.7858	6	
45	68	6.42971	1	
45	69	2.4329	1	
45	70	7.67873	2	
45	71	17.8479	4	
45	73	3.63324	1	
45	75	16.7918	4	
45	76	23.4123	5	
45	77	33.8993	7	
46	47	12.2933	2	
46	48	22.0832	5	
46	50	7.31839	1	
46	56	4.26546	1	
46	58	26.8315	6	
46	60	23.6211	5	
46	64	40.3971	8	
46	65	5.53382	1	
46	66	19.579	4	
46	69	25.6666	5	
46	70	6.5009	1	
46	71	3.70391	1	
46	73	22.8872	5	
46	77	46.6441	9	
46	78	2.61628	1	
47	49	8.21956	2	
47	51	2.98555	1	
47	53	6.07229	1	
47	55	5.02792	1	
47	57	37.8167	8	
47	58	33.2183	7	
47	59	4.49321	1	
47	63	10.5046	2	
47	64	5.90466	1	
47	65	44.4066	8	
47	67	6.32003	2	
47	68	24.5984	4	
47	69	1.88611	1	
47	70	52.5082	11	
47	71	22.4747	4	
47	72	17.2855	4	
47	73	7.76912	2	
47	77	32.2056	7	
48	49	22.2839	4	
48	52	21.882	5	
48	53	7.04063	1	
48	55	21.4387	5	
48	56	10.1916	3	
48	59	16.082	4	
48	61	22.0634	5	
48	62	16.3962	4	
48	67	5.93699	1	
48	72	19.9164	4	
48	73	26.6728	5	
48	77	5.82347	1	
49	50	6.91353	2	
49	51	3.69762	1	
49	52	20.6585	4	
49	53	2.66366	1	
49	55	12.3956	3	
49	58	3.51595	1	
49	60	4.14444	1	
49	61	3.14595	1	
49	62	23.8161	5	
49	63	3.3046	1	
49	64	16.2948	4	
49	65	30.0605	7	
49	67	5.96836	1	
49	69	20.7422	4	
49	71	4.68688	1	
49	72	21.0661	5	
49	73	26.7326	7	
49	75	24.3809	6	
49	76	42.6936	9	
49	77	38.7792	8	
49	78	5.34682	1	
50	51	16.7749	3	
50	52	4.24745	1	
50	55	0.301298	1	
50	56	27.4969	6	
50	57	28.5352	5	
50	58	10.1341	2	
50	60	9.68126	2	
50	62	5.27801	1	
50	63	4.84258	1	
50	64	4.42397	1	
50	67	1.80051	1	
50	69	7.31942	1	
50	71	22.2704	5	
50	72	1.9561	1	
50	73	5.95336	1	
50	76	19.2815	4	
50	77	12.568	3	
50	78	29.1214	6	
51	52	32.348	7	
51	53	6.79145	1	
51	55	15.8782	3	
51	56	4.61121	1	
51	57	25.6151	5	
51	58	24.8717	5	
51	59	9.19804	2	
51	67	7.12046	2	
51	69	5.9122	1	
51	72	4.84614	1	
51	73	21.3379	4	
51	74	3.60837	1	
51	75	4.55622	1	
51	76	2.29947	1	
51	77	80.1706	16	
51	78	32.1302	6	
52	54	2.63267	1	
52	61	3.67213	1	
52	63	15.0607	3	
52	67	32.7016	7	
52	69	3.36461	1	
52	76	3.92573	1	
53	54	33.4513	7	
53	55	26.1178	5	
53	57	5.70218	1	
53	58	19.3734	5	
53	59	31.383	6	
53	60	25.6612	5	
53	61	4.30674	1	
53	62	22.0141	5	
53	64	19.8478	4	
53	65	4.7917	1	
53	67	14.1643	3	
53	68	3.95586	1	
53	69	22.2281	4	
53	70	3.68339	1	
53	71	13.8165	3	
53	72	7.47606	1	
53	73	7.34337	2	
53	74	16.4375	4	
53	75	5.86173	1	
53	76	4.34509	1	
53	77	25.7679	6	
53	78	4.89976	1	
54	55	4.62216	1	
54	57	16.6592	4	
54	65	16.745	4	
54	78	4.21334	1	
55	57	29.7345	6	
55	58	2.26599	1	
55	59	31.492	6	
55	63	6.25816	1	
55	64	4.45057	1	
55	65	40.015	9	
55	68	7.49808	2	
55	69	2.39099	1	
55	72	7.24732	2	
55	73	18.0402	4	
55	75	45.5914	10	
55	77	20.5283	4	
55	78	29.5522	6	
56	57	42.2208	9	
56	58	24.1429	5	
56	60	3.44382	1	
56	61	2.6821	1	
56	64	4.52972	1	
56	65	21.9466	4	
56	67	5.3535	1	
56	68	23.4076	5	
56	71	32.9937	7	
56	73	9.32242	2	
56	77	8.42099	2	
56	78	22.1608	5	
57	58	17.266	4	
57	59	35.0317	7	
57	60	4.46504	1	
57	61	6.56887	2	
57	64	4.80502	1	
57	65	43.395	9	
57	66	9.03673	3	
57	67	4.70054	1	
57	69	24.3802	5	
57	71	5.25817	1	
57	72	22.1848	5	
57	75	30.8835	6	
57	77	34.8455	7	
57	78	85.7805	17	
58	59	33.428	7	
58	62	2.82685	1	
58	63	4.42855	1	
58	65	7.59721	2	
58	68	6.67312	2	
58	71	5.90207	1	
58	72	6.88324	1	
58	73	9.65834	2	
58	77	48.9271	10	
59	62	4.4906	1	
59	64	7.45295	2	
59	66	20.0701	4	
59	67	8.04759	1	
59	68	26.6558	6	
59	70	20.4968	4	
59	71	5.74378	1	
59	72	8.6551	2	
59	73	16.5045	4	
59	78	26.8688	5	
60	64	2.52213	1	
60	66	2.43399	1	
60	67	14.6556	4	
60	68	3.83805	1	
60	69	32.4815	7	
60	70	7.27528	2	
60	71	16.2692	5	
60	72	4.53122	1	
60	73	25.7925	5	
60	75	8.94782	2	
60	78	19.744	5	
61	62	22.6236	6	
61	64	22.3451	5	
61	66	4.19383	1	
61	67	8.73454	2	
61	68	9.33517	2	
61	69	2.77635	1	
61	76	1.98743	1	
61	77	3.34987	1	
61	78	14.1752	4	
62	64	3.05102	1	
62	65	10.1393	2	
62	66	16.7477	4	
62	67	10.0714	2	
62	68	32.2791	6	
62	70	33.2102	7	
62	71	8.83014	2	
62	72	27.4644	5	
62	73	5.73805	1	
62	74	15.7241	4	
62	75	6.09576	1	
62	77	2.77395	1	
63	64	4.96855	1	
63	65	29.6066	6	
63	68	25.1953	5	
63	70	25.5999	5	
63	72	5.68616	1	
63	73	47.9138	10	
63	76	5.02356	1	
63	78	7.38277	2	
64	65	27.2458	6	
64	66	21.9394	5	
64	70	27.4667	5	
64	71	45.4662	10	
64	73	3.01311	1	
64	76	4.0667	1	
65	66	6.70283	2	
65	67	28.7154	5	
65	68	23.0351	4	
65	69	30.4601	6	
65	70	3.27392	1	
65	71	8.206	2	
65	72	5.60462	1	
65	73	27.7561	6	
65	74	2.55665	1	
65	76	3.36792	1	
65	77	8.97033	2	
65	78	4.54787	1	
66	67	41.8466	9	
66	69	20.0776	4	
66	71	2.20089	1	
66	76	4.98632	2	
66	78	19.0923	4	
67	68	27.6387	6	
67	69	27.7842	5	
67	70	6.91766	1	
67	71	6.71305	1	
67	73	23.9855	6	
67	78	23.1804	5	
68	69	25.2884	6	
68	70	5.12874	1	
68	71	7.42232	2	
68	72	25.6191	5	
68	74	3.14818	1	
68	77	24.4225	5	
68	78	4.27645	1	
69	71	5.09099	1	
69	75	23.7679	5	
69	76	2.34281	1	
69	78	2.55718	1	
70	71	27.6075	6	
70	75	4.61062	1	
70	77	18.5451	4	
70	78	8.43578	2	
71	75	25.1129	6	
71	77	4.88057	1	
71	78	15.5166	4	
72	73	32.5275	7	
72	75	3.65976	1	
72	77	22.1318	5	
72	78	4.65387	1	
73	76	6.5047	1	
73	77	21.3693	4	
74	75	46.7418	10	
74	76	9.38177	3	
74	78	40.9479	9	
75	77	6.70695	1	
75	78	48.1191	9	
77	78	18.005	4	
