#module 0 size: 13 bs: 0.00204414
2 5 8 9 23 24 28 33 35 38 47 49 70 
#module 1 size: 7 bs: 0.00122107
5 7 12 13 16 19 29 
#module 2 size: 5 bs: 0.000571992
29 44 63 65 73 
#module 3 size: 15 bs: 0.000547805
6 12 14 16 18 20 31 32 36 40 46 58 59 64 66 
#module 4 size: 5 bs: 0.00212336
11 20 51 58 77 
#module 5 size: 8 bs: 0.00319696
14 19 23 29 34 39 54 71 
#module 6 size: 3 bs: 0.00288262
39 51 52 
#module 7 size: 4 bs: 0.000588375
57 74 75 78 
#module 8 size: 8 bs: 8.94959e-06
0 4 10 25 30 48 61 62 
