24 38 53 61 90 345 463 483 596 635 843 905 1200 
6 8 17 22 25 36 54 67 96 341 431 522 651 655 
4 15 28 30 56 71 85 91 99 371 618 920 933 980 
29 52 59 64 82 227 228 287 293 485 599 630 644 735 967 1060 
11 63 72 75 101 102 128 150 180 205 268 608 983 1205 
2 18 34 41 46 88 108 111 133 141 177 247 645 1162 
21 37 98 112 122 136 151 191 216 310 336 372 381 387 397 535 980 
5 110 125 169 203 298 306 380 438 445 474 570 580 602 652 653 681 714 751 843 
189 200 210 242 291 328 351 366 369 388 421 425 461 462 476 557 725 791 1196 
7 69 87 123 207 225 326 376 396 405 431 435 472 735 1003 1036 1058 
35 42 43 50 92 100 158 186 224 253 254 520 672 881 957 1291 
1 66 100 358 369 372 480 490 562 577 600 615 625 635 636 740 843 920 956 1044 1264 
10 13 14 47 51 68 98 121 179 223 234 252 260 275 277 293 323 329 362 396 409 454 465 467 533 625 643 677 724 749 763 767 788 796 838 883 894 909 931 1001 1048 1058 1090 1202 1214 
98 179 223 234 252 260 275 277 293 323 329 409 454 465 467 533 643 677 749 763 767 788 796 838 883 894 909 931 1001 1048 1058 1148 1202 1214 
7 26 60 69 76 87 118 123 155 159 192 207 225 236 243 248 257 296 304 326 376 390 396 405 431 435 440 443 455 456 463 472 524 550 558 583 629 698 735 737 855 898 938 975 1003 1031 1036 1058 1088 1127 1140 1156 
106 151 215 221 230 290 367 389 494 500 516 523 534 596 606 607 610 618 642 651 697 710 718 745 771 799 818 872 879 929 941 944 1001 1085 1089 1136 1144 1205 
80 114 131 149 162 183 195 196 283 294 364 383 510 623 630 1017 1217 1222 
89 130 160 204 232 322 338 357 430 432 437 472 483 485 532 543 676 815 839 846 862 884 921 990 1017 1028 1076 1123 1184 1245 1247 1252 1258 1283 
58 121 157 299 300 321 325 389 422 430 444 508 532 613 674 724 751 831 910 911 963 970 993 1023 1057 1060 1075 1086 1180 1197 1201 1210 1211 1229 1233 
9 74 137 175 211 258 281 289 316 340 365 375 419 493 503 529 547 656 1047 
39 69 81 86 148 150 166 193 238 277 292 295 314 319 344 355 367 393 415 417 428 435 468 479 514 518 556 564 565 581 582 598 642 660 672 675 699 708 717 727 728 734 757 764 820 845 905 927 932 933 945 973 995 1013 1019 1022 1026 1064 1079 1124 1125 1136 1172 1173 1177 1185 1218 1221 1248 1263 1273 1285 1290 
95 113 119 188 201 206 229 261 269 309 386 418 437 567 706 918 1088 1127 1151 1153 
26 81 107 118 159 236 243 266 268 285 304 311 398 427 611 629 644 662 670 786 801 826 935 956 977 1031 1070 1083 1088 1127 1134 1140 1166 1226 1253 1254 
48 93 98 147 193 295 368 394 434 454 467 478 479 496 511 663 731 861 873 880 902 907 959 974 976 1024 1065 1097 1119 1195 
106 266 370 400 407 436 453 506 542 561 575 774 780 844 890 969 1001 1003 1073 1119 1153 1199 
44 77 151 262 265 315 350 391 493 527 611 617 627 662 671 712 765 769 772 800 852 913 922 934 967 978 991 992 1036 1046 1051 1073 1099 1151 1182 1186 1262 1264 1279 
73 78 126 145 152 165 222 226 255 330 332 339 385 401 410 913 1119 
89 130 160 204 232 322 338 357 430 432 437 472 483 485 501 509 515 522 532 543 646 666 676 701 770 815 830 839 846 862 881 884 921 928 966 968 982 990 1000 1017 1028 1070 1076 1096 1123 1147 1184 1191 1245 1247 1252 1258 1280 1283 
65 156 171 172 301 319 384 395 471 485 641 667 710 725 791 850 905 915 937 960 1006 1073 1107 1152 1155 1178 1203 1207 
62 189 343 355 377 384 446 486 493 495 572 603 617 629 733 768 827 828 858 863 875 891 926 1049 1071 1105 1114 1135 1165 1172 1198 1217 1256 
12 40 153 166 194 237 244 245 250 282 302 406 439 456 458 531 545 565 664 683 783 810 854 856 868 893 904 954 956 996 1004 1016 1035 1047 1061 1069 1116 1134 1161 1209 1243 
27 84 89 117 140 164 240 243 313 354 383 392 400 424 466 500 542 548 698 766 791 801 809 813 818 833 879 921 942 973 984 1017 1071 1105 1110 1156 1165 1222 1240 1255 1259 1266 1291 
69 185 238 292 301 345 393 415 417 479 548 556 564 565 581 582 598 668 699 728 744 761 764 794 808 820 870 892 912 927 933 955 963 973 995 1013 1014 1026 1040 1041 1064 1079 1109 1125 1177 1189 1196 1215 1273 1287 
163 209 277 303 331 334 352 374 468 484 532 608 691 776 795 831 832 883 890 918 966 973 1011 1140 1162 1170 1217 1220 1231 1234 1236 1256 1273 
89 130 160 204 232 322 338 357 430 432 437 472 483 485 515 532 543 676 770 815 839 846 862 884 921 966 990 1017 1028 1076 1080 1123 1184 1245 1247 1252 1258 1283 
62 189 229 231 235 244 276 284 302 343 355 377 384 392 400 446 486 493 495 501 509 515 520 522 572 603 617 629 630 646 655 660 666 733 768 815 818 827 828 837 858 863 875 881 891 921 926 928 931 968 982 984 1049 1071 1105 1110 1114 1121 1135 1156 1165 1172 1217 1222 1240 1252 1256 1266 1280 
95 132 193 219 266 288 391 617 646 685 694 703 744 768 778 787 821 860 896 899 949 975 979 983 1010 1042 1068 1118 1159 1205 1225 1244 
44 97 154 179 181 194 241 293 399 404 412 437 450 481 488 535 557 578 644 669 689 751 782 808 834 898 1035 1044 1069 1152 1159 1193 1208 1213 1216 1232 
32 33 45 49 57 105 134 135 138 596 811 831 1097 1159 
23 333 345 379 407 414 452 456 487 512 526 538 595 616 620 647 654 764 853 860 876 936 962 972 1020 1030 1053 1088 1089 1097 1109 1120 1129 1141 
117 166 225 237 245 250 282 406 411 423 435 439 458 467 528 531 544 545 553 555 565 594 625 664 665 683 724 779 783 800 810 819 851 854 856 868 893 906 930 953 954 956 994 996 1004 1009 1016 1034 1035 1047 1054 1056 1061 1082 1093 1116 1121 1136 1157 1161 1187 1209 1235 1243 1249 1269 1283 
20 44 104 189 244 249 266 355 370 378 400 407 421 426 436 453 472 483 506 536 539 542 561 568 575 642 656 774 836 844 865 885 890 951 969 983 1003 1015 1071 1073 1100 1105 1117 1119 1142 1153 1164 1167 1199 1200 1221 1241 1250 1264 1270 1284 
20 24 38 44 53 61 90 104 168 189 214 244 249 355 362 378 402 407 421 426 442 462 472 483 525 527 536 539 561 563 568 592 632 635 642 656 707 784 816 821 835 836 843 865 885 905 948 952 974 983 1015 1071 1100 1105 1117 1127 1128 1140 1142 1164 1167 1188 1200 1221 1241 1250 1251 1264 1270 1284 1293 1296 
86 129 148 166 193 238 277 292 295 314 319 344 355 367 393 415 417 428 435 468 479 514 518 556 564 581 582 598 642 672 699 708 717 727 728 734 757 764 820 845 850 905 927 932 933 945 973 995 1013 1019 1022 1026 1032 1064 1079 1124 1125 1136 1172 1173 1177 1185 1197 1218 1221 1248 1263 1273 1285 1290 
31 83 144 173 182 212 230 247 327 430 660 725 930 1083 1173 1221 
81 139 150 333 397 398 447 463 540 605 635 696 732 742 755 762 773 785 801 848 865 914 917 920 923 950 985 1029 1045 1060 1146 1153 1176 1237 1238 1276 1289 
116 121 129 225 279 297 360 362 416 439 449 451 492 521 574 599 611 659 729 738 741 743 869 882 919 951 965 997 1078 1150 1246 1272 1273 1299 
94 342 396 449 457 507 552 568 620 627 687 700 729 741 768 796 839 874 897 898 924 935 943 986 988 1009 1038 1044 1104 1106 1112 1166 1228 
106 143 184 221 266 313 335 359 370 400 436 453 460 481 500 505 506 561 575 587 680 698 766 770 774 780 797 799 833 844 880 890 901 937 959 967 969 984 1001 1003 1009 1023 1064 1065 1068 1073 1097 1101 1119 1131 1136 1139 1153 1187 1199 1235 1291 
106 115 120 151 215 230 231 249 262 290 367 389 391 470 475 494 500 516 523 534 596 606 607 610 612 642 651 655 672 693 697 710 718 719 721 736 745 771 811 869 872 879 903 913 929 941 944 1001 1008 1077 1085 1089 1098 1108 1139 1143 1144 1176 1205 1269 1285 
94 342 396 449 457 507 552 568 620 670 687 700 729 768 786 796 826 839 874 897 898 924 935 943 977 986 988 1009 1038 1104 1106 1112 1166 1226 1228 1253 1254 
39 69 81 143 150 184 221 238 292 301 314 335 344 359 382 393 415 417 460 479 481 500 505 514 548 556 564 565 573 581 582 587 598 646 660 675 680 698 699 707 722 728 759 764 766 770 780 797 799 820 833 880 892 901 904 927 933 973 995 1009 1013 1014 1026 1027 1040 1041 1063 1064 1065 1068 1079 1080 1092 1097 1101 1125 1131 1136 1139 1172 1177 1187 1189 1197 1199 1215 1273 
166 205 225 274 301 313 318 369 411 413 423 429 439 467 481 498 502 528 544 553 555 571 601 623 625 631 665 704 711 724 747 766 779 789 790 800 815 819 824 851 860 906 953 968 987 989 994 996 1003 1009 1033 1034 1050 1052 1056 1082 1087 1093 1121 1134 1136 1157 1167 1194 1235 1269 1281 1283 1294 
20 44 77 104 151 244 262 265 315 350 355 391 421 426 472 483 493 527 536 539 561 568 611 617 627 642 662 671 712 765 769 772 800 836 852 885 913 922 934 967 978 983 991 992 1015 1036 1051 1073 1099 1100 1117 1142 1151 1164 1167 1182 1186 1200 1221 1241 1250 1262 1264 1270 1279 1284 
156 204 229 256 341 384 420 423 561 634 640 690 735 748 752 770 796 802 849 855 877 894 940 1005 1016 1148 1160 1249 1269 1277 
65 109 143 188 197 218 259 263 305 349 363 520 584 587 608 620 627 639 746 817 829 947 969 1074 1131 1136 1163 1168 1174 1199 1227 
3 55 167 176 420 477 512 530 548 551 618 619 678 702 729 793 823 866 871 1083 1094 1113 1130 1138 1169 1192 1212 1265 
147 170 217 348 397 515 541 589 599 633 637 645 648 649 686 808 813 841 857 887 889 966 975 1122 1171 1181 1192 1212 1221 1267 1292 
39 270 317 370 400 404 416 436 446 452 453 516 549 570 575 576 774 777 781 844 888 1003 1025 1039 1109 1119 1139 1198 1219 1274 1295 
161 239 312 337 371 373 512 548 585 593 597 739 756 775 812 833 858 1044 1069 1090 1121 1274 
176 302 303 307 455 469 564 585 645 661 729 760 769 806 812 888 934 957 958 1007 1046 1062 1063 1089 1094 1103 1132 1151 1172 1265 1274 
40 127 156 178 179 187 286 303 308 323 353 361 535 559 566 587 624 651 726 803 825 846 859 870 895 912 964 976 1012 1021 1043 1047 1067 1068 1166 1175 1179 1204 1224 1278 1286 1287 
94 342 396 449 457 507 552 568 620 627 687 700 729 768 796 839 874 897 898 924 935 943 986 988 1009 1038 1044 1104 1106 1112 1166 1228 
6 158 188 229 231 235 244 284 302 501 509 520 522 630 646 655 660 666 815 863 881 928 931 968 982 1121 1165 1280 
205 274 301 313 318 369 413 429 439 481 498 502 601 623 631 704 711 747 766 789 790 800 815 824 860 886 968 987 989 996 1003 1033 1050 1052 1087 1134 1167 1194 1281 1294 
48 70 100 117 155 167 174 190 247 264 267 272 276 281 333 390 433 468 473 505 510 537 553 563 588 594 604 609 621 626 628 650 658 665 695 704 707 715 732 754 807 813 847 864 875 886 918 953 961 980 981 998 999 1002 1032 1034 1037 1066 1072 1084 1091 1093 1095 1121 1126 1150 1157 1162 1190 1242 1256 1257 1260 1282 1283 1285 1287 1298 
40 95 155 199 213 372 432 616 638 657 701 709 826 830 839 883 974 1000 1031 1070 1096 1147 1191 1247 1278 
40 127 156 178 179 187 286 303 308 323 353 361 535 559 566 587 624 651 726 803 825 846 859 895 912 964 976 1012 1021 1043 1067 1068 1082 1166 1175 1179 1204 1224 1278 1286 1287 
19 48 176 251 356 482 616 656 662 674 732 804 822 855 957 976 1023 1034 1059 1115 1137 1261 1275 1278 
147 170 217 348 397 515 541 589 599 633 637 645 648 649 676 686 770 808 813 841 857 862 871 884 887 889 966 975 1076 1122 1123 1171 1181 1184 1192 1212 1221 1258 1267 1292 
103 231 281 408 454 497 510 554 560 569 590 710 720 744 798 837 840 858 863 867 870 916 931 939 940 955 1054 1081 1114 1133 1183 1196 1200 1223 1268 1288 
147 198 278 323 347 371 389 404 452 455 505 516 519 568 579 586 593 614 673 682 705 716 750 753 821 929 934 1176 1202 1206 1297 
168 214 249 362 402 442 525 527 563 592 632 707 784 816 821 835 948 952 974 1100 1127 1128 1140 1188 1251 1293 1296 
39 60 76 192 248 257 270 296 317 376 390 400 404 416 440 443 446 452 455 456 516 524 549 550 558 576 583 680 737 770 777 781 797 799 844 855 888 898 901 938 1025 1039 1058 1101 1109 1131 1135 1139 1198 1219 1274 1295 
16 124 204 205 220 268 314 324 382 390 394 420 432 434 446 454 478 496 511 557 573 646 663 675 684 707 708 713 722 731 759 820 861 873 902 904 907 925 959 976 1016 1024 1027 1065 1080 1090 1092 1119 1149 1243 1258 1295 
142 202 230 280 346 416 459 527 591 622 674 679 723 730 766 814 846 869 878 908 940 1047 1055 1111 1145 1150 1158 1173 1199 1239 1271 1295 
79 89 100 103 146 167 190 246 247 267 271 274 276 281 295 301 313 318 320 390 413 429 434 441 448 468 481 498 502 542 546 563 571 593 601 623 626 631 658 688 695 704 711 747 754 758 766 789 790 792 800 813 815 824 844 860 864 865 886 888 918 921 930 937 961 969 981 987 989 996 998 1003 1032 1033 1036 1037 1050 1052 1054 1066 1087 1134 1154 1167 1190 1192 1194 1256 1263 1281 1283 1285 1287 1294 1298 
116 121 129 225 279 297 360 362 416 439 451 492 521 574 599 611 659 729 738 741 743 869 882 919 951 965 997 1078 1150 1246 1272 1273 1299 
65 103 208 233 262 273 341 367 403 464 489 491 499 504 513 517 598 621 650 692 805 811 842 864 890 900 946 971 1018 1102 1230 1300 
