23 33 54 62 96 174 201 217 267 286 296 307 343 379 386 433 443 487 491 496 535 554 569 581 628 694 
1 9 18 28 34 39 47 52 70 74 81 94 95 100 101 109 110 114 120 128 134 140 141 142 143 149 153 154 173 174 176 177 185 186 192 193 196 197 200 204 206 212 213 216 217 231 237 240 242 243 244 246 249 253 259 272 274 276 278 283 287 288 297 299 300 304 309 312 314 317 319 320 321 322 331 334 337 340 349 350 359 371 374 379 380 382 385 387 396 399 412 416 420 428 432 434 436 441 443 444 448 460 461 462 468 471 472 478 479 482 487 489 496 498 501 503 504 507 511 517 520 522 526 527 532 534 541 543 546 551 559 561 566 567 570 572 573 578 585 587 588 589 591 597 601 611 612 614 627 635 638 639 643 644 645 648 652 656 659 660 662 663 672 674 679 682 687 688 692 695 696 699 
3 13 42 68 71 72 77 90 99 120 121 129 135 138 148 150 151 164 165 166 175 178 189 195 214 225 229 234 248 291 294 295 302 306 318 334 342 348 352 356 362 366 367 369 392 405 409 418 429 433 445 452 456 467 469 473 476 484 485 486 490 492 497 501 509 514 519 523 536 538 540 542 547 550 552 562 564 574 577 598 609 613 616 620 623 634 646 653 654 656 665 671 683 686 693 698 699 
15 23 71 81 93 97 106 109 118 129 143 146 159 167 175 180 191 194 206 209 217 231 233 235 251 257 266 291 294 301 305 309 313 323 331 349 354 361 374 384 391 395 402 407 426 427 433 441 449 450 453 456 459 461 462 466 468 470 472 479 487 491 503 504 508 516 521 527 528 530 534 536 541 543 548 550 551 555 556 559 561 575 578 579 586 589 590 592 595 599 603 616 643 649 658 662 666 671 674 675 678 679 680 689 695 699 
13 17 19 29 44 48 51 53 61 66 67 69 98 105 108 118 123 130 135 141 146 151 155 156 157 176 180 182 189 191 198 199 207 215 228 233 239 245 261 269 285 301 316 325 327 334 354 359 361 362 364 376 378 384 394 399 406 410 416 425 426 438 440 442 447 451 457 465 466 475 480 493 500 519 524 530 537 540 558 582 594 603 626 627 640 647 649 650 667 669 673 675 678 694 
9 30 31 34 38 44 66 71 78 86 91 96 103 113 119 120 122 124 149 150 152 162 163 170 184 188 189 204 220 224 228 235 241 247 260 262 285 303 305 307 308 316 334 336 337 355 360 372 373 375 382 383 387 391 402 403 409 412 414 417 421 422 432 433 437 445 446 447 450 466 467 470 473 477 486 492 493 500 506 513 519 523 528 531 541 545 548 559 563 571 572 586 588 593 594 601 602 604 609 620 621 625 630 633 637 640 650 655 661 663 666 667 669 678 680 693 694 
36 41 51 58 59 84 87 89 92 111 112 114 115 116 117 120 128 129 130 145 148 165 166 169 173 176 177 190 214 216 225 236 242 251 253 254 258 260 261 265 273 274 279 280 283 289 292 299 302 303 312 313 314 318 322 339 341 344 356 369 375 377 380 382 409 411 417 419 423 424 425 428 429 430 431 435 439 450 458 461 465 483 486 495 497 499 502 507 509 515 523 530 532 533 534 536 544 547 553 557 560 562 570 575 576 586 587 607 611 613 616 619 620 622 623 626 629 632 641 651 656 657 659 662 686 690 695 698 699 
11 37 40 49 56 60 76 92 102 110 132 137 141 149 153 160 180 181 200 214 219 221 226 229 249 268 281 288 298 311 314 328 330 351 363 400 408 410 449 463 475 476 494 505 511 512 516 526 546 549 558 563 568 572 583 585 589 596 600 602 617 624 627 639 651 652 668 670 684 688 691 697 
7 10 15 18 26 35 37 38 39 40 48 50 52 57 60 62 70 73 74 76 78 86 87 90 91 96 100 106 107 110 118 120 121 131 132 136 137 140 141 146 153 158 162 163 167 174 179 180 181 185 188 191 193 194 199 200 203 204 207 209 212 213 219 221 226 232 233 234 237 241 247 249 255 259 260 266 268 269 275 276 278 281 282 284 297 298 299 303 306 308 311 317 319 330 331 334 337 338 340 345 347 351 352 355 360 361 366 372 380 381 383 384 385 386 387 390 392 393 396 397 404 407 412 414 421 422 423 425 432 434 436 441 442 445 446 448 449 452 453 457 460 461 462 464 468 469 471 475 480 481 486 488 490 491 492 493 494 498 499 501 504 505 506 509 511 512 513 516 517 519 522 531 536 538 540 543 546 549 552 553 554 556 558 563 564 568 569 571 572 573 575 579 580 583 584 588 589 590 592 593 597 599 601 602 603 610 612 617 624 625 628 630 631 633 635 637 642 649 651 653 654 658 667 668 670 671 675 676 683 684 685 687 691 693 696 697 
5 19 23 33 34 35 37 38 40 43 44 50 54 60 62 69 75 76 78 79 86 88 91 94 96 103 106 108 118 123 132 135 146 151 152 163 167 174 175 176 179 180 181 182 184 191 193 198 199 202 204 207 209 212 220 222 226 232 238 239 240 245 249 259 262 266 267 269 271 275 277 281 284 286 290 296 298 302 307 308 311 319 321 325 327 330 334 336 343 346 350 351 355 358 360 361 362 364 367 368 370 371 372 378 379 381 384 387 388 389 392 394 397 399 405 406 407 412 414 422 423 427 432 437 438 442 444 445 449 451 453 454 455 457 460 461 467 475 477 479 480 481 486 487 491 493 494 495 496 501 504 505 506 512 513 514 516 518 519 521 524 527 528 531 535 536 537 549 552 554 556 558 563 565 568 572 579 580 581 583 584 586 588 590 592 593 599 601 602 604 606 607 617 621 624 625 630 631 633 635 637 642 643 647 649 654 655 658 661 665 670 671 674 675 678 681 684 685 691 693 694 697 
30 31 34 35 37 38 40 43 48 51 60 68 71 73 75 76 78 79 87 91 93 94 96 106 110 113 114 119 122 124 132 149 150 152 162 163 170 173 181 182 189 201 202 204 214 216 219 220 224 226 232 235 241 242 247 252 253 255 262 271 274 277 281 290 295 298 302 305 308 311 312 314 322 324 330 333 336 337 342 346 349 350 351 354 355 360 370 372 373 379 381 382 386 388 389 391 392 397 402 405 406 410 412 414 419 423 427 428 432 433 437 444 445 446 460 469 470 473 475 476 479 481 484 485 488 494 505 506 507 509 512 516 518 528 537 538 541 544 545 546 549 552 558 559 563 565 568 570 571 572 583 586 587 588 591 593 600 601 602 606 609 611 617 624 625 633 640 650 651 653 654 662 663 666 668 669 670 671 674 678 680 683 684 685 691 693 694 697 
4 16 18 30 34 39 44 47 51 57 62 63 69 71 75 78 79 81 93 98 103 108 109 110 114 118 119 123 129 130 135 143 146 151 153 159 175 180 184 185 191 198 199 206 207 216 224 228 231 233 235 239 240 242 244 245 247 254 255 256 262 269 271 281 290 305 309 314 319 321 322 324 327 342 346 349 350 354 361 362 364 368 370 378 381 382 383 384 386 391 393 394 395 399 402 410 419 423 426 428 433 437 438 441 442 445 446 448 453 457 459 466 467 468 470 473 479 480 487 493 500 503 506 508 516 518 519 523 525 528 537 541 543 544 545 548 551 555 558 559 561 562 565 570 575 578 579 583 586 587 590 591 595 596 599 600 603 607 612 623 624 628 635 638 640 647 649 653 659 661 662 666 669 671 673 674 675 678 679 680 685 687 689 695 699 
14 20 41 68 81 94 95 121 125 126 134 138 139 150 154 160 161 164 172 174 178 186 192 195 201 216 230 240 243 246 248 263 272 291 295 298 304 323 348 352 357 366 367 374 398 399 400 401 414 420 421 425 436 443 452 454 456 470 473 474 476 478 482 484 489 492 494 496 514 521 522 531 546 550 551 557 566 574 577 578 596 598 600 605 610 614 615 625 629 634 636 638 639 640 641 644 646 648 660 664 665 672 688 692 698 700 
9 16 21 24 28 37 46 50 60 65 75 76 79 80 104 110 121 128 132 142 149 152 176 181 196 202 205 218 219 231 232 237 249 252 254 255 257 270 271 272 274 276 277 281 287 300 305 311 317 320 321 323 329 335 340 350 351 359 360 363 364 365 367 370 371 381 389 398 401 405 413 423 436 438 444 455 457 460 468 471 476 479 482 505 516 517 518 522 524 527 532 542 550 563 565 567 569 573 583 585 601 606 608 617 642 643 645 646 647 656 658 663 664 667 670 673 682 684 685 687 691 697 698 
11 13 29 36 44 48 53 56 59 61 66 67 73 84 89 90 97 98 99 105 110 111 124 130 141 145 147 155 156 157 169 177 179 182 190 194 201 203 215 226 228 234 248 261 265 280 283 285 289 294 298 301 302 303 306 313 316 328 333 335 339 340 342 344 359 368 376 377 388 392 406 410 411 416 424 425 429 430 435 440 441 447 451 458 464 465 469 475 485 488 490 495 500 501 507 509 515 530 534 538 539 540 544 552 553 557 558 560 576 582 594 606 607 610 619 622 626 627 640 641 650 653 654 659 666 667 669 671 683 692 694 698 
2 11 44 55 65 85 98 108 119 123 131 147 157 170 171 188 203 211 215 228 238 239 245 250 254 275 282 285 315 347 353 362 364 383 389 394 404 406 410 411 429 438 440 444 447 448 451 453 457 464 498 524 529 537 564 582 594 601 606 624 629 631 642 669 681 
16 22 36 51 54 57 58 64 65 76 82 83 84 87 92 107 111 112 114 115 117 125 126 130 133 134 136 139 153 158 161 168 172 173 187 190 194 201 212 214 216 230 236 242 244 251 253 256 258 260 261 264 265 273 274 276 279 280 285 293 301 307 312 314 319 322 326 331 332 333 338 341 345 348 354 356 357 359 365 370 375 380 381 382 385 386 393 400 403 409 411 417 419 425 428 429 431 434 437 441 445 448 452 454 457 458 459 466 472 474 483 486 498 499 502 507 509 510 511 514 520 521 530 533 543 544 554 555 557 559 564 566 570 574 575 576 578 587 591 600 603 605 610 611 612 615 618 619 622 623 626 628 629 630 632 635 636 637 638 641 644 648 651 657 659 664 667 673 674 676 679 683 688 690 695 698 700 
41 48 52 58 65 75 83 84 92 109 112 115 116 117 121 125 126 133 134 139 161 168 172 190 201 211 217 221 230 236 251 258 263 264 273 276 279 331 332 333 341 348 349 357 375 380 400 409 417 418 431 439 443 450 452 454 472 474 478 486 499 502 503 515 521 527 533 558 561 564 566 575 597 605 615 629 632 636 638 644 646 648 651 657 662 664 688 689 690 695 699 700 
12 14 20 21 24 46 50 65 68 74 80 81 87 94 95 96 103 104 112 114 121 128 134 135 138 150 152 154 161 164 172 173 174 178 192 195 201 205 212 216 218 240 242 243 244 246 248 253 257 259 267 270 272 274 276 291 294 295 300 304 305 306 312 314 320 321 323 329 334 335 348 351 352 359 363 365 367 370 371 374 398 401 405 413 414 419 428 433 434 437 443 444 452 455 456 471 473 476 478 479 481 482 484 489 492 494 507 514 524 527 533 542 546 550 567 569 570 573 574 577 579 587 591 598 600 608 611 614 620 625 634 639 642 643 645 646 660 663 665 667 672 673 685 692 697 698 
15 28 35 47 50 65 97 101 106 109 142 149 153 159 167 175 196 197 206 209 217 231 235 249 257 266 274 276 283 287 294 309 319 321 331 340 346 349 359 374 395 407 425 426 448 449 460 461 462 468 472 486 487 501 503 504 507 508 516 522 524 532 534 536 541 551 556 561 567 573 585 589 592 595 603 616 635 643 645 654 658 659 674 679 682 686 687 689 695 699 
4 8 17 27 32 45 89 97 127 143 144 159 167 175 177 183 185 192 206 208 210 217 223 227 231 237 270 283 289 293 294 303 309 310 313 317 325 342 349 360 377 387 395 400 415 418 420 421 424 435 439 441 450 459 463 465 466 471 472 482 487 496 503 508 515 525 529 532 534 542 551 553 561 568 578 595 597 602 603 606 642 662 665 674 677 679 689 694 695 696 699 
6 25 37 45 65 75 76 82 83 92 111 112 117 125 126 129 133 134 138 139 148 159 161 167 168 169 172 176 181 190 208 219 221 226 230 232 235 249 251 260 261 263 264 265 273 280 281 285 293 311 330 332 333 341 351 357 360 370 375 380 397 400 404 409 411 417 418 421 426 427 431 441 451 452 454 458 466 472 474 475 476 478 483 486 494 499 502 508 512 516 521 531 533 536 549 557 558 563 564 566 568 575 576 586 588 596 602 603 605 615 617 619 622 624 626 629 632 636 638 641 644 648 651 655 657 659 662 664 667 677 684 688 689 690 697 698 700 
17 48 66 67 73 78 90 96 98 110 111 122 124 129 130 149 155 156 163 179 189 226 228 231 234 247 261 265 285 298 301 302 306 308 316 322 328 333 337 340 342 350 355 359 368 372 373 388 392 410 411 416 425 429 432 445 446 447 458 469 473 485 488 490 500 506 509 522 524 530 538 540 544 552 557 561 570 572 576 582 588 589 594 601 609 619 622 625 633 640 653 654 659 663 667 671 676 683 685 693 694 695 
16 22 40 44 51 54 64 86 88 103 108 130 175 182 187 207 214 220 222 238 256 260 284 293 298 326 336 356 358 368 381 389 403 406 414 417 419 422 437 448 451 453 459 467 468 477 481 483 486 493 510 511 513 517 520 521 531 535 543 555 580 584 586 593 603 604 617 618 621 623 630 637 641 655 664 682 
5 37 45 56 59 61 89 97 128 129 135 143 145 159 177 231 254 283 289 292 294 303 309 313 331 339 344 349 368 377 380 395 419 424 430 435 441 459 465 466 472 481 487 495 500 503 508 515 516 534 539 544 551 553 554 560 561 578 584 589 595 607 666 674 679 689 692 695 
43 55 63 68 75 79 85 119 131 147 152 157 170 171 188 202 203 204 211 212 250 252 254 255 271 272 275 277 282 290 315 316 321 324 346 347 350 353 359 368 370 381 383 388 389 404 423 444 445 453 455 460 464 479 498 505 507 518 520 528 565 583 603 606 624 631 642 664 669 670 681 685 
