1	27
1	67
1	70
1	112
1	143
1	156
1	164
1	195
1	229
1	246
1	289
1	299
2	5
2	67
2	89
2	115
2	126
2	197
2	245
2	265
2	274
2	278
2	290
2	299
3	7
3	23
3	32
3	92
3	123
3	153
3	170
3	182
3	189
3	192
3	225
3	298
4	64
4	179
4	196
4	206
4	207
4	219
4	222
4	223
4	234
4	247
4	248
4	278
5	2
5	30
5	43
5	48
5	60
5	132
5	156
5	157
5	187
5	202
5	236
5	241
6	29
6	43
6	129
6	190
6	191
6	193
6	238
6	246
6	275
6	290
6	297
6	299
7	3
7	14
7	23
7	70
7	81
7	84
7	93
7	99
7	100
7	184
7	198
7	224
7	285
8	31
8	73
8	88
8	104
8	133
8	158
8	179
8	184
8	235
8	249
8	250
8	285
9	36
9	40
9	71
9	84
9	110
9	116
9	135
9	168
9	177
9	218
9	228
9	268
9	287
10	33
10	70
10	79
10	98
10	122
10	123
10	129
10	168
10	183
10	189
10	220
10	250
10	293
11	68
11	80
11	106
11	142
11	169
11	175
11	176
11	206
11	211
11	243
11	253
11	271
11	283
12	31
12	85
12	89
12	141
12	164
12	176
12	178
12	188
12	195
12	224
12	242
12	272
12	282
13	16
13	71
13	136
13	153
13	201
13	207
13	214
13	235
13	237
13	243
13	267
13	269
13	299
14	7
14	25
14	31
14	70
14	79
14	93
14	122
14	129
14	181
14	231
14	266
14	268
14	298
15	75
15	76
15	109
15	154
15	166
15	187
15	199
15	234
15	239
15	240
15	257
15	269
15	296
16	13
16	45
16	52
16	91
16	124
16	127
16	146
16	155
16	213
16	219
16	247
16	270
16	271
17	24
17	25
17	62
17	84
17	92
17	110
17	181
17	183
17	199
17	211
17	234
17	242
17	251
18	77
18	112
18	118
18	135
18	166
18	191
18	198
18	209
18	214
18	216
18	258
18	289
18	291
19	24
19	61
19	77
19	92
19	131
19	140
19	157
19	172
19	174
19	206
19	208
19	245
19	254
19	255
20	83
20	94
20	115
20	135
20	137
20	139
20	152
20	203
20	209
20	218
20	226
20	252
20	259
20	296
21	26
21	66
21	96
21	118
21	119
21	124
21	132
21	150
21	172
21	191
21	209
21	232
21	284
21	289
22	37
22	80
22	128
22	148
22	151
22	164
22	201
22	208
22	247
22	251
22	267
22	273
22	292
22	300
23	3
23	7
23	31
23	49
23	57
23	79
23	92
23	93
23	123
23	125
23	133
23	183
23	209
23	222
24	17
24	19
24	66
24	108
24	118
24	128
24	132
24	141
24	156
24	164
24	172
24	178
24	208
24	262
25	14
25	17
25	37
25	59
25	69
25	83
25	145
25	146
25	148
25	201
25	258
25	273
25	278
25	292
26	21
26	32
26	39
26	75
26	96
26	112
26	137
26	174
26	185
26	208
26	244
26	247
26	278
26	296
27	1
27	46
27	61
27	89
27	102
27	105
27	120
27	121
27	154
27	200
27	217
27	237
27	258
27	277
27	290
28	50
28	101
28	109
28	113
28	145
28	147
28	163
28	222
28	230
28	231
28	240
28	247
29	6
29	30
29	32
29	58
29	66
29	78
29	126
29	186
29	202
29	206
29	229
29	265
29	274
29	279
29	291
30	5
30	29
30	75
30	87
30	104
30	159
30	173
30	176
30	188
30	205
30	220
30	252
30	256
30	284
30	295
31	8
31	12
31	14
31	23
31	73
31	104
31	134
31	171
31	184
31	235
31	237
31	249
31	250
32	3
32	26
32	29
32	36
32	65
32	94
32	95
32	98
32	137
32	139
32	144
32	192
32	221
32	259
32	296
33	10
33	76
33	108
33	127
33	145
33	147
33	175
33	186
33	188
33	216
33	222
33	233
33	249
33	286
33	294
34	49
34	53
34	54
34	103
34	152
34	157
34	166
34	176
34	187
34	223
34	231
34	236
34	241
34	261
34	281
35	153
35	154
35	170
35	171
35	175
35	192
35	196
35	207
35	217
35	242
35	269
35	276
35	277
35	292
35	299
36	9
36	32
36	43
36	57
36	81
36	98
36	137
36	144
36	171
36	191
36	192
36	203
36	226
36	259
36	296
37	22
37	25
37	62
37	104
37	123
37	131
37	132
37	141
37	152
37	164
37	198
37	209
37	254
37	293
37	297
38	87
38	88
38	105
38	111
38	117
38	121
38	161
38	186
38	225
38	228
38	252
38	276
38	288
38	290
38	294
39	26
39	71
39	78
39	109
39	142
39	153
39	169
39	185
39	196
39	203
39	229
39	230
39	243
39	281
39	284
40	9
40	57
40	78
40	109
40	130
40	160
40	162
40	175
40	176
40	211
40	215
40	227
40	233
40	246
40	283
41	63
41	85
41	99
41	162
41	173
41	178
41	182
41	190
41	195
41	204
41	232
41	236
41	239
41	255
41	272
41	273
42	55
42	60
42	154
42	166
42	169
42	183
42	193
42	202
42	215
42	228
42	232
42	240
42	260
42	262
42	282
42	298
43	5
43	6
43	36
43	114
43	115
43	116
43	124
43	169
43	186
43	193
43	197
43	214
43	240
43	244
43	246
43	259
44	71
44	73
44	113
44	124
44	140
44	142
44	169
44	177
44	184
44	189
44	198
44	227
44	230
44	265
44	268
44	283
45	16
45	65
45	86
45	112
45	117
45	119
45	123
45	167
45	200
45	210
45	212
45	217
45	239
46	27
46	55
46	59
46	63
46	110
46	120
46	150
46	153
46	198
46	214
46	221
46	256
46	260
46	263
46	276
46	288
47	63
47	78
47	117
47	121
47	149
47	170
47	178
47	203
47	217
47	229
47	233
47	255
47	261
47	272
47	280
47	282
48	5
48	60
48	100
48	101
48	107
48	113
48	118
48	156
48	157
48	173
48	187
48	215
48	236
48	250
48	255
48	261
49	23
49	34
49	57
49	67
49	70
49	74
49	94
49	113
49	170
49	183
49	184
49	189
49	218
49	223
49	287
49	295
50	28
50	68
50	81
50	84
50	122
50	129
50	142
50	148
50	179
50	223
50	246
50	270
50	281
50	283
50	292
50	300
51	53
51	103
51	156
51	163
51	167
51	177
51	183
51	199
51	214
51	226
51	234
51	267
51	269
51	270
51	286
51	299
52	16
52	73
52	95
52	122
52	129
52	147
52	151
52	170
52	181
52	201
52	229
52	235
52	242
52	249
52	257
52	266
53	34
53	51
53	72
53	77
53	78
53	107
53	156
53	157
53	162
53	187
53	191
53	215
53	236
53	241
53	248
53	254
54	34
54	60
54	103
54	114
54	150
54	156
54	157
54	158
54	187
54	196
54	215
54	220
54	236
54	241
54	265
54	273
55	42
55	46
55	89
55	114
55	154
55	174
55	206
55	212
55	214
55	217
55	243
55	245
55	247
55	276
55	283
55	286
56	60
56	67
56	68
56	70
56	92
56	93
56	123
56	170
56	187
56	191
56	217
56	220
56	223
56	231
56	240
56	298
57	23
57	36
57	40
57	49
57	70
57	79
57	93
57	122
57	123
57	151
57	160
57	170
57	239
57	258
57	275
57	298
58	29
58	97
58	125
58	141
58	150
58	160
58	165
58	167
58	193
58	197
58	210
58	244
58	261
58	274
58	297
58	299
59	25
59	46
59	64
59	72
59	88
59	146
59	173
59	176
59	205
59	221
59	225
59	254
59	256
59	257
59	280
59	283
59	293
60	5
60	42
60	48
60	54
60	56
60	62
60	103
60	107
60	111
60	157
60	174
60	213
60	215
60	220
60	236
60	261
60	277
61	19
61	27
61	101
61	122
61	137
61	138
61	152
61	185
61	202
61	207
61	225
61	260
61	270
61	287
61	291
61	292
61	293
62	17
62	37
62	60
62	83
62	94
62	122
62	149
62	203
62	219
62	223
62	227
62	234
62	273
62	288
62	292
62	296
62	300
63	41
63	46
63	47
63	69
63	77
63	82
63	121
63	152
63	182
63	188
63	195
63	224
63	255
63	261
63	272
63	282
63	296
64	4
64	59
64	104
64	117
64	181
64	201
64	202
64	212
64	219
64	235
64	241
64	250
64	251
64	252
64	255
64	288
64	300
65	32
65	45
65	86
65	119
65	152
65	167
65	200
65	210
65	239
65	254
65	264
65	296
66	21
66	24
66	29
66	77
66	100
66	118
66	130
66	137
66	138
66	208
66	211
66	216
66	258
66	262
66	272
66	283
66	289
67	1
67	2
67	49
67	56
67	69
67	81
67	92
67	122
67	129
67	168
67	189
67	220
67	242
67	244
67	271
67	278
67	298
68	11
68	50
68	56
68	82
68	107
68	130
68	131
68	148
68	159
68	180
68	185
68	194
68	204
68	210
68	257
68	264
68	291
69	25
69	63
69	67
69	72
69	79
69	82
69	110
69	128
69	130
69	148
69	180
69	204
69	221
69	252
69	257
69	264
69	291
70	1
70	7
70	10
70	14
70	49
70	56
70	57
70	93
70	129
70	162
70	187
70	216
70	220
70	227
70	273
70	290
70	298
71	9
71	13
71	39
71	44
71	95
71	158
71	175
71	179
71	207
71	211
71	227
71	235
71	249
71	253
71	283
71	286
71	290
72	53
72	59
72	69
72	130
72	135
72	148
72	180
72	181
72	185
72	204
72	216
72	232
72	264
72	266
72	276
72	287
72	291
73	8
73	31
73	44
73	52
73	74
73	104
73	154
73	165
73	166
73	174
73	184
73	201
73	235
73	249
73	250
73	294
74	49
74	73
74	76
74	99
74	104
74	150
74	167
74	189
74	208
74	216
74	223
74	237
74	249
74	250
74	257
74	267
74	295
75	15
75	26
75	30
75	91
75	125
75	129
75	143
75	159
75	162
75	180
75	213
75	225
75	231
75	252
75	259
75	277
75	288
76	15
76	33
76	74
76	121
76	143
76	146
76	155
76	174
76	181
76	206
76	212
76	232
76	234
76	248
76	258
76	278
76	288
77	18
77	19
77	53
77	63
77	66
77	84
77	125
77	132
77	134
77	152
77	156
77	172
77	187
77	191
77	208
77	209
77	221
78	29
78	39
78	40
78	47
78	53
78	90
78	100
78	169
78	171
78	183
78	206
78	211
78	216
78	233
78	268
78	279
78	284
78	287
79	10
79	14
79	23
79	57
79	69
79	91
79	95
79	123
79	129
79	137
79	160
79	192
79	220
79	223
79	244
79	245
79	247
79	255
80	11
80	22
80	105
80	120
80	128
80	151
80	201
80	215
80	234
80	251
80	272
80	273
80	290
80	292
80	300
81	7
81	36
81	50
81	67
81	113
81	122
81	134
81	160
81	170
81	178
81	194
81	198
81	220
81	244
81	245
81	252
81	284
81	298
82	63
82	68
82	69
82	123
82	130
82	144
82	148
82	163
82	180
82	185
82	194
82	204
82	217
82	233
82	260
82	264
82	279
82	291
83	20
83	25
83	62
83	94
83	110
83	128
83	137
83	143
83	158
83	170
83	177
83	192
83	203
83	226
83	231
83	245
83	259
83	296
84	7
84	9
84	17
84	50
84	77
84	112
84	126
84	127
84	131
84	158
84	169
84	179
84	212
84	213
84	219
84	238
84	241
84	248
85	12
85	41
85	103
85	121
85	165
85	179
85	182
85	185
85	198
85	224
85	230
85	244
85	262
85	271
85	272
85	277
85	280
85	282
86	45
86	65
86	108
86	119
86	133
86	167
86	200
86	201
86	205
86	210
86	216
86	233
86	239
86	263
87	30
87	38
87	96
87	102
87	117
87	143
87	161
87	166
87	176
87	205
87	216
87	219
87	227
87	267
87	271
87	288
87	294
87	295
88	8
88	38
88	59
88	91
88	98
88	117
88	118
88	122
88	137
88	138
88	160
88	192
88	205
88	229
88	252
88	256
88	287
88	294
89	2
89	12
89	27
89	55
89	93
89	136
89	177
89	190
89	195
89	201
89	203
89	225
89	226
89	257
89	259
89	296
89	297
89	300
90	78
90	92
90	109
90	135
90	143
90	162
90	168
90	175
90	187
90	211
90	221
90	227
90	233
90	276
90	281
90	286
90	287
90	288
91	16
91	75
91	79
91	88
91	138
91	143
91	159
91	170
91	171
91	173
91	196
91	221
91	225
91	234
91	240
91	252
91	256
91	294
92	3
92	17
92	19
92	23
92	56
92	67
92	90
92	93
92	97
92	123
92	138
92	164
92	169
92	189
92	198
92	207
92	223
92	231
93	7
93	14
93	23
93	56
93	57
93	70
93	89
93	92
93	108
93	115
93	139
93	151
93	170
93	189
93	233
93	245
93	256
93	275
94	20
94	32
94	49
94	62
94	83
94	98
94	137
94	139
94	159
94	203
94	212
94	213
94	226
94	237
94	242
94	259
94	278
94	296
95	32
95	52
95	71
95	79
95	168
95	175
95	177
95	194
95	211
95	230
95	233
95	253
95	257
95	268
95	271
95	283
95	284
95	297
96	21
96	26
96	87
96	108
96	141
96	167
96	171
96	180
96	186
96	210
96	214
96	218
96	246
96	250
96	275
96	277
96	297
96	299
97	58
97	92
97	116
97	124
97	126
97	160
97	168
97	175
97	179
97	186
97	193
97	197
97	218
97	226
97	246
97	261
97	265
97	272
97	297
98	10
98	32
98	36
98	88
98	94
98	113
98	137
98	139
98	147
98	156
98	157
98	171
98	200
98	203
98	226
98	245
98	257
98	259
98	296
99	7
99	41
99	74
99	119
99	122
99	162
99	167
99	175
99	205
99	208
99	210
99	221
99	239
99	245
99	254
99	260
99	262
99	265
99	266
100	7
100	48
100	66
100	78
100	102
100	107
100	126
100	141
100	166
100	184
100	197
100	233
100	235
100	236
100	249
100	250
100	251
100	270
100	292
101	28
101	48
101	61
101	105
101	113
101	116
101	145
101	147
101	163
101	174
101	183
101	190
101	216
101	222
101	259
101	261
101	266
101	268
101	279
102	27
102	87
102	100
102	111
102	126
102	136
102	149
102	151
102	155
102	173
102	207
102	234
102	243
102	260
102	267
102	269
102	271
102	276
102	285
103	34
103	51
103	54
103	60
103	85
103	107
103	118
103	158
103	161
103	174
103	191
103	206
103	215
103	225
103	236
103	241
103	246
103	263
103	266
104	8
104	30
104	31
104	37
104	64
104	73
104	74
104	108
104	123
104	133
104	175
104	184
104	210
104	235
104	238
104	249
104	250
104	264
104	279
105	27
105	38
105	80
105	101
105	112
105	124
105	145
105	155
105	161
105	163
105	195
105	222
105	247
105	261
105	270
105	272
105	275
105	282
105	283
106	11
106	140
106	142
106	168
106	175
106	179
106	186
106	209
106	228
106	233
106	238
106	253
106	266
106	267
106	268
106	269
106	283
106	284
106	293
107	48
107	53
107	60
107	68
107	100
107	103
107	132
107	136
107	157
107	187
107	202
107	215
107	228
107	236
107	241
107	274
107	277
107	287
107	288
108	24
108	33
108	86
108	93
108	96
108	104
108	111
108	143
108	160
108	162
108	176
108	180
108	184
108	206
108	228
108	235
108	237
108	250
108	274
109	15
109	28
109	39
109	40
109	90
109	140
109	146
109	158
109	191
109	202
109	211
109	224
109	227
109	233
109	246
109	253
109	264
109	279
109	281
110	9
110	17
110	46
110	69
110	83
110	127
110	150
110	155
110	163
110	179
110	181
110	190
110	205
110	213
110	247
110	248
110	270
110	278
110	286
111	38
111	60
111	102
111	108
111	157
111	183
111	184
111	198
111	207
111	225
111	235
111	244
111	249
111	250
111	256
111	276
111	280
111	282
111	289
112	1
112	18
112	26
112	45
112	84
112	105
112	146
112	158
112	166
112	183
112	212
112	234
112	242
112	248
112	257
112	277
112	289
112	294
112	295
113	28
113	44
113	48
113	49
113	81
113	98
113	101
113	145
113	147
113	163
113	166
113	189
113	216
113	222
113	229
113	274
114	43
114	54
114	55
114	127
114	129
114	181
114	200
114	229
114	232
114	238
114	240
114	251
114	254
114	273
114	274
114	280
114	282
114	292
114	297
114	300
115	2
115	20
115	43
115	93
115	122
115	142
115	153
115	173
115	176
115	186
115	220
115	223
115	226
115	232
115	253
115	263
115	271
115	275
115	281
115	289
116	9
116	43
116	97
116	101
116	145
116	160
116	168
116	181
116	184
116	192
116	215
116	222
116	227
116	235
116	249
116	250
116	256
116	259
116	263
116	283
117	38
117	45
117	47
117	64
117	87
117	88
117	130
117	161
117	166
117	176
117	205
117	208
117	225
117	228
117	245
117	252
117	264
117	288
117	289
117	295
118	18
118	21
118	24
118	48
118	66
118	88
118	103
118	132
118	164
118	172
118	189
118	193
118	209
118	217
118	224
118	241
118	254
118	258
118	262
118	289
119	21
119	45
119	65
119	86
119	99
119	123
119	149
119	167
119	184
119	197
119	199
119	200
119	210
119	222
119	228
119	230
119	239
119	263
119	274
119	275
120	27
120	46
120	80
120	131
120	136
120	153
120	154
120	155
120	156
120	167
120	174
120	179
120	185
120	195
120	214
120	221
120	243
120	263
120	281
120	285
121	27
121	38
121	47
121	63
121	76
121	85
121	165
121	178
121	182
121	195
121	211
121	220
121	224
121	232
121	248
121	255
121	258
121	265
121	272
121	282
122	10
122	14
122	50
122	52
122	57
122	61
122	62
122	67
122	81
122	88
122	99
122	115
122	123
122	124
122	134
122	175
122	226
122	237
122	277
122	298
123	3
123	10
123	23
123	37
123	45
123	56
123	57
123	79
123	82
123	92
123	104
123	119
123	122
123	170
123	177
123	183
123	223
123	229
123	240
123	265
124	16
124	21
124	43
124	44
124	97
124	105
124	122
124	141
124	157
124	160
124	174
124	186
124	193
124	206
124	218
124	244
124	246
124	277
124	290
124	293
125	23
125	58
125	75
125	77
125	132
125	164
125	189
125	200
125	201
125	205
125	212
125	215
125	243
125	251
125	256
125	273
125	285
125	289
125	295
125	300
126	2
126	29
126	84
126	97
126	100
126	102
126	134
126	141
126	177
126	183
126	227
126	230
126	265
126	266
126	268
126	274
126	275
126	290
126	297
126	299
127	16
127	33
127	84
127	110
127	114
127	163
127	177
127	179
127	181
127	194
127	213
127	215
127	242
127	247
127	248
127	259
127	270
127	277
127	278
127	291
128	22
128	24
128	69
128	80
128	83
128	151
128	195
128	201
128	202
128	217
128	222
128	251
128	269
128	273
128	292
128	300
129	6
129	10
129	14
129	50
129	52
129	67
129	70
129	75
129	79
129	114
129	150
129	162
129	170
129	182
129	189
129	220
129	223
129	272
129	295
129	298
130	40
130	66
130	68
130	69
130	72
130	82
130	117
130	146
130	148
130	166
130	171
130	185
130	190
130	194
130	204
130	249
130	257
130	264
130	291
130	293
131	19
131	37
131	68
131	84
131	120
131	146
131	148
131	180
131	185
131	203
131	217
131	241
131	248
131	260
131	262
131	269
131	281
131	292
131	293
131	294
132	5
132	21
132	24
132	37
132	77
132	107
132	118
132	125
132	150
132	152
132	172
132	199
132	209
132	221
132	229
132	264
132	274
132	282
132	289
132	296
133	8
133	23
133	86
133	104
133	139
133	173
133	193
133	197
133	198
133	199
133	201
133	256
133	266
133	273
133	274
133	284
133	292
133	294
133	295
133	300
134	31
134	77
134	81
134	122
134	126
134	137
134	139
134	170
134	195
134	203
134	220
134	235
134	237
134	238
134	260
134	263
134	267
134	270
134	286
134	296
135	9
135	18
135	20
135	72
135	90
135	149
135	154
135	173
135	176
135	185
135	186
135	188
135	190
135	194
135	227
135	260
135	264
135	272
135	288
135	295
136	13
136	89
136	102
136	107
136	120
136	150
136	170
136	198
136	207
136	237
136	238
136	250
136	251
136	252
136	253
136	263
136	267
136	271
136	276
136	285
137	20
137	26
137	32
137	36
137	61
137	66
137	79
137	83
137	88
137	94
137	98
137	134
137	139
137	190
137	191
137	203
137	206
137	226
137	248
137	259
137	296
138	61
138	66
138	88
138	91
138	92
138	139
138	153
138	159
138	172
138	177
138	179
138	183
138	185
138	205
138	242
138	248
138	253
138	254
138	274
138	288
138	292
139	20
139	32
139	93
139	94
139	98
139	133
139	134
139	137
139	138
139	171
139	192
139	198
139	203
139	215
139	216
139	226
139	231
139	256
139	259
139	277
139	296
140	19
140	44
140	106
140	109
140	143
140	151
140	162
140	169
140	177
140	203
140	211
140	246
140	251
140	253
140	255
140	257
140	268
140	281
140	283
140	284
140	292
141	12
141	24
141	37
141	58
141	96
141	100
141	124
141	126
141	171
141	193
141	194
141	202
141	218
141	219
141	243
141	265
141	274
141	275
141	277
141	290
141	295
142	11
142	39
142	44
142	50
142	106
142	115
142	148
142	149
142	162
142	169
142	177
142	197
142	203
142	211
142	227
142	254
142	263
142	280
142	283
142	285
142	286
143	1
143	75
143	76
143	83
143	87
143	90
143	91
143	108
143	140
143	149
143	161
143	176
143	193
143	199
143	225
143	252
143	256
143	257
143	265
143	293
143	299
144	32
144	36
144	82
144	168
144	181
144	194
144	197
144	204
144	210
144	212
144	223
144	226
144	236
144	240
144	244
144	264
144	265
144	270
144	275
144	284
144	289
145	25
145	28
145	33
145	101
145	105
145	113
145	116
145	147
145	163
145	169
145	198
145	214
145	222
145	229
145	234
145	250
145	257
145	261
145	266
145	268
145	279
146	16
146	25
146	59
146	76
146	109
146	112
146	130
146	131
146	155
146	158
146	166
146	168
146	171
146	181
146	205
146	212
146	213
146	219
146	234
146	248
146	263
147	28
147	33
147	52
147	98
147	101
147	113
147	145
147	163
147	182
147	216
147	222
147	226
147	229
147	230
147	231
147	250
147	261
147	266
147	274
147	279
147	300
148	22
148	25
148	50
148	68
148	69
148	72
148	82
148	130
148	131
148	142
148	176
148	180
148	185
148	193
148	204
148	208
148	221
148	252
148	264
148	291
148	299
149	47
149	62
149	102
149	119
149	135
149	142
149	143
149	150
149	159
149	165
149	183
149	192
149	196
149	200
149	210
149	239
149	272
149	273
149	278
149	287
149	295
150	21
150	46
150	54
150	58
150	74
150	110
150	129
150	132
150	136
150	149
150	173
150	207
150	213
150	242
150	247
150	254
150	269
150	278
150	281
150	282
150	299
151	22
151	52
151	57
151	80
151	93
151	102
151	128
151	140
151	155
151	189
151	201
151	229
151	251
151	273
151	292
151	300
152	20
152	34
152	37
152	61
152	63
152	65
152	77
152	132
152	163
152	164
152	170
152	174
152	198
152	209
152	236
152	245
152	250
152	254
152	258
152	262
152	274
153	3
153	13
153	35
153	39
153	46
153	115
153	120
153	138
153	165
153	178
153	198
153	206
153	213
153	243
153	254
153	267
153	269
153	271
153	276
153	281
153	285
154	15
154	27
154	35
154	42
154	55
154	73
154	120
154	135
154	160
154	178
154	207
154	217
154	237
154	243
154	249
154	260
154	263
154	268
154	269
154	276
154	286
155	16
155	76
155	102
155	105
155	110
155	120
155	146
155	151
155	158
155	168
155	181
155	182
155	213
155	219
155	230
155	238
155	242
155	248
155	267
155	289
155	293
156	1
156	5
156	24
156	48
156	51
156	53
156	54
156	77
156	98
156	120
156	157
156	158
156	187
156	191
156	215
156	235
156	241
156	262
156	266
156	279
156	293
157	5
157	19
157	34
157	48
157	53
157	54
157	60
157	98
157	107
157	111
157	124
157	156
157	187
157	207
157	215
157	231
157	236
157	253
157	262
157	265
157	266
158	8
158	54
158	71
158	83
158	84
158	103
158	109
158	112
158	146
158	155
158	156
158	167
158	181
158	200
158	202
158	210
158	214
158	239
158	251
158	252
158	295
159	30
159	68
159	75
159	91
159	94
159	138
159	149
159	161
159	170
159	172
159	176
159	180
159	225
159	234
159	236
159	238
159	256
159	282
159	288
159	294
159	295
160	40
160	57
160	58
160	79
160	81
160	88
160	97
160	108
160	116
160	124
160	154
160	174
160	189
160	200
160	229
160	236
160	238
160	248
160	274
160	286
160	294
161	38
161	87
161	103
161	105
161	117
161	143
161	159
161	176
161	192
161	230
161	238
161	244
161	247
161	256
161	268
161	278
161	285
161	288
161	293
161	294
161	295
162	40
162	41
162	53
162	70
162	75
162	90
162	99
162	108
162	129
162	140
162	142
162	168
162	175
162	202
162	211
162	228
162	251
162	278
162	279
162	281
162	286
163	28
163	51
163	82
163	101
163	105
163	110
163	113
163	127
163	145
163	147
163	152
163	216
163	222
163	229
163	236
163	249
163	261
163	265
163	266
163	279
163	297
164	1
164	12
164	22
164	24
164	37
164	92
164	118
164	125
164	152
164	172
164	184
164	208
164	209
164	243
164	254
164	256
164	258
164	262
164	282
164	286
164	289
165	58
165	73
165	85
165	121
165	149
165	153
165	166
165	182
165	187
165	188
165	195
165	210
165	224
165	229
165	232
165	242
165	255
165	272
165	276
165	280
165	282
166	15
166	18
166	34
166	42
166	73
166	87
166	100
166	112
166	113
166	117
166	130
166	146
166	165
166	176
166	207
166	212
166	223
166	236
166	278
166	286
166	288
166	299
167	45
167	51
167	58
167	65
167	74
167	86
167	96
167	99
167	119
167	120
167	158
167	181
167	192
167	197
167	199
167	200
167	210
167	219
167	226
167	228
167	230
167	239
168	9
168	10
168	67
168	90
168	95
168	97
168	106
168	116
168	144
168	146
168	155
168	162
168	175
168	199
168	226
168	227
168	228
168	253
168	254
168	268
168	284
168	286
169	11
169	39
169	42
169	43
169	44
169	78
169	84
169	92
169	140
169	142
169	145
169	178
169	228
169	230
169	242
169	253
169	268
169	269
169	281
169	284
169	286
169	288
170	3
170	35
170	47
170	49
170	52
170	56
170	57
170	81
170	83
170	91
170	93
170	123
170	129
170	134
170	136
170	152
170	159
170	220
170	223
170	258
170	260
170	298
171	31
171	35
171	36
171	78
171	91
171	96
171	98
171	130
171	139
171	141
171	146
171	220
171	222
171	224
171	226
171	233
171	243
171	259
171	267
171	271
171	291
171	297
172	19
172	21
172	24
172	77
172	118
172	132
172	138
172	159
172	164
172	186
172	191
172	206
172	208
172	209
172	221
172	238
172	245
172	249
172	258
172	262
172	267
172	295
173	30
173	41
173	48
173	59
173	91
173	102
173	115
173	133
173	135
173	150
173	176
173	191
173	205
173	225
173	230
173	231
173	245
173	250
173	252
173	288
173	294
173	295
174	19
174	26
174	55
174	60
174	73
174	76
174	101
174	103
174	120
174	124
174	152
174	160
174	208
174	214
174	215
174	217
174	231
174	236
174	241
174	247
174	258
174	299
175	11
175	33
175	35
175	40
175	71
175	90
175	95
175	97
175	99
175	104
175	106
175	122
175	162
175	168
175	177
175	193
175	196
175	200
175	227
175	240
175	284
175	296
176	11
176	12
176	30
176	34
176	40
176	59
176	87
176	108
176	115
176	117
176	135
176	143
176	148
176	159
176	161
176	166
176	173
176	208
176	225
176	248
176	256
176	294
177	9
177	44
177	51
177	83
177	89
177	95
177	123
177	126
177	127
177	138
177	140
177	142
177	175
177	196
177	227
177	233
177	255
177	264
177	268
177	281
177	284
177	300
178	12
178	24
178	41
178	47
178	81
178	121
178	153
178	154
178	169
178	182
178	188
178	189
178	190
178	194
178	195
178	198
178	218
178	224
178	232
178	257
178	280
178	282
179	4
179	8
179	50
179	71
179	84
179	85
179	97
179	106
179	110
179	120
179	127
179	138
179	206
179	212
179	234
179	242
179	247
179	260
179	270
179	278
179	281
179	284
180	68
180	69
180	72
180	75
180	82
180	96
180	108
180	131
180	148
180	159
180	185
180	187
180	194
180	204
180	208
180	234
180	250
180	257
180	264
180	287
180	291
180	294
181	14
181	17
181	52
181	64
181	72
181	76
181	110
181	114
181	116
181	127
181	144
181	146
181	155
181	158
181	167
181	190
181	228
181	234
181	242
181	270
181	278
181	292
182	3
182	41
182	63
182	85
182	121
182	129
182	147
182	155
182	165
182	178
182	186
182	188
182	190
182	211
182	228
182	231
182	232
182	255
182	262
182	267
182	280
182	282
183	10
183	17
183	23
183	42
183	49
183	51
183	78
183	101
183	111
183	112
183	123
183	126
183	138
183	149
183	184
183	211
183	233
183	242
183	276
183	280
183	298
183	300
184	7
184	8
184	31
184	44
184	49
184	73
184	100
184	104
184	108
184	111
184	116
184	119
184	164
184	183
184	199
184	223
184	235
184	238
184	249
184	250
184	279
184	281
185	26
185	39
185	61
185	68
185	72
185	82
185	85
185	120
185	130
185	131
185	135
185	138
185	148
185	180
185	188
185	194
185	200
185	204
185	241
185	264
185	291
185	298
186	29
186	33
186	38
186	43
186	96
186	97
186	106
186	115
186	124
186	135
186	172
186	182
186	204
186	218
186	265
186	274
186	277
186	279
186	280
186	290
186	297
186	299
187	5
187	15
187	34
187	48
187	53
187	54
187	56
187	70
187	77
187	90
187	107
187	156
187	157
187	165
187	180
187	191
187	211
187	215
187	233
187	241
187	261
187	266
188	12
188	30
188	33
188	63
188	135
188	165
188	178
188	182
188	185
188	192
188	224
188	228
188	231
188	235
188	240
188	255
188	262
188	266
188	269
188	272
188	277
188	280
189	3
189	10
189	44
189	49
189	67
189	74
189	92
189	93
189	113
189	118
189	125
189	129
189	151
189	160
189	178
189	198
189	201
189	220
189	223
189	265
189	283
189	298
190	6
190	41
190	89
190	101
190	110
190	130
190	135
190	137
190	178
190	181
190	182
190	198
190	224
190	228
190	255
190	261
190	272
190	279
190	280
190	282
190	298
190	300
191	6
191	18
191	21
191	36
191	53
191	56
191	77
191	103
191	109
191	137
191	156
191	172
191	173
191	187
191	229
191	239
191	241
191	253
191	283
191	286
191	290
191	297
192	3
192	32
192	35
192	36
192	79
192	83
192	88
192	116
192	139
192	149
192	161
192	167
192	188
192	196
192	200
192	210
192	225
192	239
192	267
192	288
192	292
192	296
193	6
193	42
193	43
193	58
193	97
193	118
193	124
193	133
193	141
193	143
193	148
193	175
193	197
193	213
193	214
193	229
193	233
193	244
193	246
193	256
193	266
193	275
194	68
194	81
194	82
194	95
194	127
194	130
194	135
194	141
194	144
194	178
194	180
194	185
194	204
194	206
194	215
194	221
194	240
194	264
194	287
194	291
194	292
194	293
195	1
195	12
195	41
195	63
195	89
195	105
195	120
195	121
195	128
195	134
195	165
195	178
195	224
195	230
195	232
195	248
195	253
195	255
195	266
195	272
195	279
195	280
196	4
196	35
196	39
196	54
196	91
196	149
196	175
196	177
196	192
196	226
196	251
196	253
196	263
196	266
196	271
196	273
196	276
196	284
196	285
196	288
196	292
196	300
197	2
197	43
197	58
197	97
197	100
197	119
197	133
197	142
197	144
197	167
197	193
197	205
197	218
197	234
197	244
197	245
197	246
197	248
197	253
197	265
197	275
197	287
197	299
198	7
198	18
198	37
198	44
198	46
198	81
198	85
198	92
198	111
198	133
198	136
198	139
198	145
198	152
198	153
198	178
198	189
198	190
198	220
198	224
198	232
198	257
198	262
199	15
199	17
199	51
199	119
199	132
199	133
199	143
199	167
199	168
199	184
199	200
199	210
199	215
199	239
199	241
199	244
199	258
199	259
199	262
199	266
199	278
199	280
199	289
200	27
200	45
200	65
200	86
200	98
200	114
200	119
200	125
200	149
200	158
200	160
200	167
200	175
200	185
200	192
200	199
200	210
200	228
200	230
200	234
200	239
200	252
200	256
201	13
201	22
201	25
201	52
201	64
201	73
201	80
201	86
201	89
201	125
201	128
201	133
201	151
201	189
201	209
201	241
201	251
201	265
201	273
201	287
201	288
201	292
201	300
202	5
202	29
202	42
202	61
202	64
202	107
202	109
202	128
202	141
202	158
202	162
202	215
202	217
202	221
202	231
202	233
202	236
202	237
202	247
202	272
202	281
202	286
202	299
203	20
203	36
203	39
203	47
203	62
203	83
203	89
203	94
203	98
203	131
203	134
203	137
203	139
203	140
203	142
203	207
203	226
203	231
203	241
203	245
203	246
203	249
203	259
204	41
204	68
204	69
204	72
204	82
204	130
204	144
204	148
204	180
204	185
204	186
204	194
204	209
204	218
204	221
204	226
204	246
204	248
204	260
204	261
204	264
204	268
204	291
205	30
205	59
205	86
205	87
205	88
205	99
205	110
205	117
205	125
205	138
205	146
205	173
205	197
205	225
205	252
205	257
205	258
205	262
205	279
205	288
205	289
205	294
205	295
206	4
206	11
206	19
206	29
206	55
206	76
206	78
206	103
206	108
206	124
206	137
206	153
206	172
206	179
206	194
206	213
206	217
206	218
206	228
206	260
206	263
206	270
206	293
207	4
207	13
207	35
207	61
207	71
207	92
207	102
207	111
207	136
207	150
207	154
207	157
207	166
207	203
207	214
207	228
207	230
207	247
207	260
207	263
207	269
207	271
207	276
208	19
208	22
208	24
208	26
208	66
208	74
208	77
208	99
208	117
208	148
208	164
208	172
208	174
208	176
208	180
208	209
208	220
208	254
208	258
208	259
208	260
208	262
208	289
209	18
209	20
209	21
209	23
209	37
209	77
209	106
209	118
209	132
209	152
209	164
209	172
209	201
209	204
209	208
209	211
209	240
209	254
209	262
209	274
209	283
209	289
209	298
210	45
210	58
210	65
210	68
210	86
210	96
210	99
210	104
210	119
210	144
210	149
210	158
210	165
210	167
210	192
210	199
210	200
210	222
210	228
210	230
210	239
210	263
210	271
211	11
211	17
211	40
211	66
211	71
211	78
211	90
211	95
211	109
211	121
211	140
211	142
211	162
211	182
211	183
211	187
211	209
211	227
211	238
211	241
211	253
211	261
211	281
212	45
212	55
212	64
212	76
212	84
212	94
212	112
212	125
212	144
212	146
212	166
212	179
212	216
212	219
212	234
212	242
212	247
212	248
212	251
212	260
212	270
212	297
212	298
213	16
213	60
213	75
213	84
213	94
213	110
213	127
213	146
213	150
213	153
213	155
213	193
213	206
213	219
213	227
213	234
213	238
213	244
213	247
213	248
213	256
213	264
213	278
214	13
214	18
214	43
214	46
214	51
214	55
214	96
214	120
214	145
214	158
214	174
214	193
214	207
214	217
214	221
214	237
214	239
214	242
214	243
214	266
214	271
214	276
214	285
215	40
215	42
215	48
215	53
215	54
215	60
215	80
215	103
215	107
215	116
215	125
215	127
215	139
215	156
215	157
215	174
215	187
215	194
215	199
215	202
215	241
215	267
215	294
216	18
216	33
216	66
216	70
216	72
216	74
216	78
216	86
216	87
216	101
216	113
216	139
216	147
216	163
216	212
216	219
216	222
216	236
216	238
216	247
216	255
216	258
216	287
217	27
217	35
217	45
217	47
217	55
217	56
217	82
217	118
217	128
217	131
217	154
217	174
217	202
217	206
217	214
217	218
217	237
217	238
217	243
217	260
217	267
217	271
217	277
218	9
218	20
218	49
218	96
218	97
218	124
218	141
218	178
218	186
218	197
218	204
218	206
218	217
218	231
218	244
218	246
218	256
218	274
218	275
218	290
218	293
218	297
218	299
219	4
219	16
219	62
219	64
219	84
219	87
219	141
219	146
219	155
219	167
219	212
219	213
219	216
219	231
219	239
219	240
219	242
219	247
219	248
219	268
219	278
219	284
219	291
220	10
220	30
220	54
220	56
220	60
220	67
220	70
220	79
220	81
220	115
220	121
220	129
220	134
220	170
220	171
220	189
220	198
220	208
220	221
220	231
220	244
220	263
220	298
221	32
221	46
221	59
221	69
221	77
221	90
221	91
221	99
221	120
221	132
221	148
221	172
221	194
221	202
221	204
221	214
221	220
221	225
221	240
221	252
221	264
221	267
221	294
222	4
222	23
222	28
222	33
222	101
222	105
222	113
222	116
222	119
222	128
222	145
222	147
222	163
222	171
222	210
222	216
222	229
222	251
222	261
222	266
222	278
222	279
222	289
223	4
223	34
223	49
223	50
223	56
223	62
223	74
223	79
223	92
223	115
223	123
223	129
223	144
223	166
223	170
223	184
223	189
223	229
223	241
223	245
223	263
223	267
223	298
224	7
224	12
224	63
224	85
224	109
224	118
224	121
224	165
224	171
224	178
224	188
224	190
224	195
224	198
224	230
224	232
224	240
224	253
224	255
224	270
224	277
224	294
224	295
225	3
225	38
225	59
225	61
225	75
225	89
225	91
225	103
225	111
225	117
225	143
225	159
225	173
225	176
225	192
225	205
225	221
225	239
225	247
225	254
225	270
225	288
225	291
225	295
226	20
226	36
226	51
226	83
226	89
226	94
226	97
226	98
226	115
226	122
226	137
226	139
226	144
226	147
226	167
226	168
226	171
226	196
226	203
226	204
226	231
226	245
226	259
226	296
227	40
227	44
227	62
227	70
227	71
227	87
227	90
227	109
227	116
227	126
227	135
227	142
227	168
227	175
227	177
227	211
227	213
227	235
227	240
227	248
227	268
227	277
227	284
227	287
228	9
228	38
228	42
228	106
228	107
228	108
228	117
228	119
228	162
228	167
228	168
228	169
228	181
228	182
228	188
228	190
228	200
228	206
228	207
228	210
228	232
228	239
228	245
228	282
229	1
229	29
229	39
229	47
229	52
229	88
229	113
229	114
229	123
229	132
229	145
229	147
229	151
229	160
229	163
229	165
229	191
229	193
229	222
229	223
229	233
229	283
229	297
229	299
230	28
230	39
230	44
230	85
230	95
230	119
230	126
230	147
230	155
230	161
230	167
230	169
230	173
230	195
230	200
230	207
230	210
230	224
230	239
230	265
230	274
230	275
230	286
230	291
231	14
231	28
231	34
231	56
231	75
231	83
231	92
231	139
231	147
231	157
231	173
231	174
231	182
231	188
231	202
231	203
231	218
231	219
231	220
231	226
231	256
231	259
231	288
231	298
232	21
232	41
232	42
232	72
232	76
232	114
232	115
232	121
232	165
232	178
232	182
232	195
232	198
232	224
232	228
232	236
232	240
232	255
232	272
232	273
232	276
232	280
232	282
232	291
233	33
233	40
233	47
233	78
233	82
233	86
233	90
233	93
233	95
233	100
233	106
233	109
233	171
233	177
233	183
233	187
233	193
233	202
233	229
233	246
233	253
233	268
233	281
233	284
234	4
234	15
234	17
234	51
234	62
234	76
234	80
234	91
234	102
234	112
234	145
234	146
234	159
234	179
234	180
234	181
234	197
234	200
234	212
234	213
234	238
234	247
234	260
234	278
235	8
235	13
235	31
235	52
235	64
235	71
235	73
235	100
235	104
235	108
235	111
235	116
235	134
235	156
235	184
235	188
235	227
235	238
235	243
235	249
235	250
235	251
235	254
235	279
236	5
236	34
236	41
236	48
236	53
236	54
236	60
236	100
236	103
236	107
236	144
236	152
236	157
236	159
236	160
236	163
236	166
236	174
236	202
236	216
236	232
236	241
236	258
236	300
237	13
237	27
237	31
237	74
237	94
237	108
237	122
237	134
237	136
237	154
237	202
237	214
237	217
237	243
237	257
237	259
237	263
237	267
237	269
237	272
237	276
237	285
237	292
237	297
238	6
238	84
238	104
238	106
238	114
238	134
238	136
238	155
238	159
238	160
238	161
238	172
238	184
238	211
238	213
238	216
238	217
238	234
238	235
238	249
238	252
238	268
238	285
238	293
239	15
239	41
239	45
239	57
239	65
239	86
239	99
239	119
239	149
239	158
239	167
239	191
239	192
239	199
239	200
239	210
239	214
239	219
239	225
239	228
239	230
239	253
239	261
239	269
240	15
240	28
240	42
240	43
240	56
240	91
240	114
240	123
240	144
240	175
240	188
240	194
240	209
240	219
240	221
240	224
240	227
240	232
240	242
240	270
240	275
240	280
240	290
240	298
241	5
241	34
241	53
241	54
241	64
241	84
241	103
241	107
241	118
241	131
241	156
241	174
241	185
241	187
241	191
241	199
241	201
241	203
241	211
241	215
241	223
241	236
241	261
241	287
242	12
242	17
242	35
242	52
242	67
242	94
242	112
242	127
242	138
242	150
242	155
242	165
242	169
242	179
242	181
242	183
242	212
242	214
242	219
242	240
242	269
242	270
242	273
242	296
243	11
243	13
243	39
243	55
243	102
243	120
243	125
243	141
243	153
243	154
243	164
243	171
243	214
243	217
243	235
243	237
243	245
243	260
243	263
243	271
243	277
243	281
243	285
243	298
244	26
244	43
244	58
244	67
244	79
244	81
244	85
244	111
244	124
244	144
244	161
244	193
244	197
244	199
244	213
244	218
244	220
244	246
244	265
244	274
244	277
244	290
244	297
244	299
245	2
245	19
245	55
245	79
245	81
245	83
245	93
245	98
245	99
245	117
245	152
245	172
245	173
245	197
245	203
245	223
245	226
245	228
245	243
245	259
245	262
245	273
245	274
245	289
246	1
246	6
246	40
246	43
246	50
246	96
246	97
246	103
246	109
246	124
246	140
246	193
246	197
246	203
246	204
246	218
246	233
246	244
246	263
246	265
246	280
246	290
246	297
246	299
247	4
247	16
247	22
247	26
247	28
247	55
247	79
247	105
247	110
247	127
247	150
247	161
247	174
247	179
247	202
247	207
247	212
247	213
247	216
247	219
247	225
247	234
247	270
247	284
248	4
248	53
248	76
248	84
248	110
248	112
248	121
248	127
248	131
248	137
248	138
248	146
248	155
248	160
248	176
248	195
248	197
248	204
248	212
248	213
248	219
248	227
248	270
248	278
249	8
249	31
249	33
249	52
249	71
249	73
249	74
249	100
249	104
249	111
249	116
249	130
249	154
249	163
249	172
249	184
249	203
249	235
249	238
249	250
249	257
249	279
249	286
249	289
250	8
250	10
250	31
250	48
250	64
250	73
250	74
250	96
250	100
250	104
250	108
250	111
250	116
250	136
250	145
250	147
250	152
250	173
250	180
250	184
250	235
250	249
250	273
250	279
251	17
251	22
251	64
251	80
251	100
251	114
251	125
251	128
251	136
251	140
251	151
251	158
251	162
251	196
251	201
251	212
251	222
251	235
251	264
251	272
251	273
251	287
251	292
251	300
252	20
252	30
252	38
252	64
252	69
252	75
252	81
252	88
252	91
252	117
252	136
252	143
252	148
252	158
252	173
252	200
252	205
252	221
252	238
252	253
252	271
252	275
252	294
252	295
253	11
253	71
253	95
253	106
253	109
253	115
253	136
253	138
253	140
253	157
253	168
253	169
253	191
253	195
253	196
253	197
253	211
253	224
253	233
253	239
253	252
253	276
253	281
253	283
254	19
254	37
254	53
254	59
254	65
254	99
254	114
254	118
254	138
254	142
254	150
254	152
254	153
254	164
254	168
254	208
254	209
254	225
254	235
254	258
254	262
254	284
254	289
254	293
255	19
255	41
255	47
255	48
255	63
255	64
255	79
255	121
255	140
255	165
255	177
255	182
255	188
255	190
255	195
255	216
255	224
255	232
255	272
255	273
255	277
255	280
255	282
255	291
256	30
256	46
256	59
256	88
256	91
256	93
256	111
256	116
256	125
256	133
256	139
256	143
256	159
256	161
256	164
256	176
256	193
256	200
256	213
256	218
256	231
256	285
256	293
256	295
257	15
257	52
257	59
257	68
257	69
257	74
257	89
257	95
257	98
257	112
257	130
257	140
257	143
257	145
257	178
257	180
257	198
257	205
257	237
257	249
257	267
257	285
257	291
257	294
258	18
258	25
258	27
258	57
258	66
258	76
258	118
258	121
258	152
258	164
258	170
258	172
258	174
258	199
258	205
258	208
258	216
258	236
258	254
258	259
258	262
258	280
258	284
258	289
258	293
259	20
259	32
259	36
259	43
259	75
259	83
259	89
259	94
259	98
259	101
259	116
259	127
259	137
259	139
259	171
259	199
259	203
259	208
259	226
259	231
259	237
259	245
259	258
259	271
259	296
260	42
260	46
260	61
260	82
260	99
260	102
260	131
260	134
260	135
260	154
260	170
260	179
260	204
260	206
260	207
260	208
260	212
260	217
260	234
260	243
260	263
260	269
260	271
260	272
260	285
261	34
261	47
261	48
261	58
261	60
261	63
261	97
261	101
261	105
261	145
261	147
261	163
261	187
261	190
261	204
261	211
261	222
261	239
261	241
261	270
261	274
261	275
261	280
261	290
261	298
262	24
262	42
262	66
262	85
262	99
262	118
262	131
262	152
262	156
262	157
262	164
262	172
262	182
262	188
262	198
262	199
262	205
262	208
262	209
262	245
262	254
262	258
262	275
262	283
262	297
263	46
263	86
263	103
263	115
263	116
263	119
263	120
263	134
263	136
263	142
263	146
263	154
263	196
263	206
263	207
263	210
263	220
263	223
263	237
263	243
263	246
263	260
263	269
263	271
263	285
264	65
264	68
264	69
264	72
264	82
264	104
264	109
264	117
264	130
264	132
264	135
264	144
264	148
264	177
264	180
264	185
264	194
264	204
264	213
264	221
264	251
264	282
264	291
264	293
264	297
265	2
265	29
265	44
265	54
265	97
265	99
265	121
265	123
265	126
265	141
265	143
265	144
265	157
265	163
265	186
265	189
265	197
265	201
265	230
265	244
265	246
265	266
265	275
265	290
265	299
266	14
266	52
266	72
266	99
266	101
266	103
266	106
266	126
266	133
266	145
266	147
266	156
266	157
266	163
266	187
266	188
266	193
266	195
266	196
266	199
266	214
266	222
266	265
266	282
266	297
267	13
267	22
267	51
267	74
267	87
267	102
267	106
267	134
267	136
267	153
267	155
267	171
267	172
267	182
267	192
267	215
267	217
267	221
267	223
267	237
267	257
267	269
267	271
267	276
267	285
268	9
268	14
268	44
268	78
268	95
268	101
268	106
268	126
268	140
268	145
268	154
268	161
268	168
268	169
268	177
268	204
268	219
268	227
268	233
268	238
268	279
268	281
268	286
268	287
268	288
269	13
269	15
269	35
269	51
269	102
269	106
269	128
269	131
269	150
269	153
269	154
269	169
269	188
269	207
269	237
269	239
269	242
269	260
269	263
269	267
269	270
269	275
269	276
269	285
269	296
270	16
270	50
270	51
270	61
270	100
270	105
270	110
270	127
270	134
270	144
270	179
270	181
270	206
270	212
270	224
270	225
270	240
270	242
270	247
270	248
270	261
270	269
270	278
270	279
270	296
271	11
271	16
271	67
271	85
271	87
271	95
271	102
271	115
271	136
271	153
271	171
271	196
271	207
271	210
271	214
271	217
271	243
271	252
271	259
271	260
271	263
271	267
271	273
271	276
271	285
272	12
272	41
272	47
272	63
272	66
272	80
272	85
272	97
272	105
272	121
272	129
272	135
272	149
272	165
272	188
272	190
272	195
272	202
272	232
272	237
272	251
272	255
272	260
272	293
272	295
273	22
273	25
273	41
273	54
273	62
273	70
273	80
273	114
273	125
273	128
273	133
273	149
273	151
273	196
273	201
273	232
273	242
273	245
273	250
273	251
273	255
273	271
273	287
273	292
273	300
274	2
274	29
274	58
274	107
274	108
274	113
274	114
274	119
274	126
274	132
274	133
274	138
274	141
274	147
274	152
274	160
274	186
274	209
274	218
274	230
274	244
274	245
274	261
274	275
274	290
275	6
275	57
275	93
275	96
275	105
275	115
275	119
275	126
275	141
275	144
275	193
275	197
275	218
275	230
275	240
275	252
275	261
275	262
275	265
275	269
275	274
275	290
275	297
275	298
275	300
276	35
276	38
276	46
276	55
276	72
276	90
276	102
276	111
276	136
276	153
276	154
276	165
276	183
276	196
276	207
276	214
276	232
276	237
276	253
276	267
276	269
276	271
276	278
276	279
276	296
277	27
277	35
277	60
277	75
277	85
277	96
277	107
277	112
277	122
277	124
277	127
277	139
277	141
277	186
277	188
277	217
277	224
277	227
277	243
277	244
277	255
277	280
277	281
277	285
277	287
278	2
278	4
278	25
278	26
278	67
278	76
278	94
278	110
278	127
278	149
278	150
278	161
278	162
278	166
278	179
278	181
278	199
278	213
278	219
278	222
278	234
278	248
278	270
278	276
278	288
279	29
279	78
279	82
279	101
279	104
279	109
279	145
279	147
279	156
279	162
279	163
279	184
279	186
279	190
279	195
279	205
279	222
279	235
279	249
279	250
279	268
279	270
279	276
279	283
279	298
280	47
280	59
280	85
280	111
280	114
280	142
280	165
280	178
280	182
280	183
280	186
280	188
280	190
280	195
280	199
280	232
280	240
280	246
280	255
280	258
280	261
280	277
280	282
280	293
280	294
281	34
281	39
281	50
281	90
281	109
281	115
281	120
281	131
281	140
281	150
281	153
281	162
281	169
281	177
281	179
281	184
281	202
281	211
281	233
281	243
281	253
281	268
281	277
281	284
281	286
282	12
282	42
282	47
282	63
282	85
282	105
282	111
282	114
282	121
282	132
282	150
282	159
282	164
282	165
282	178
282	182
282	190
282	228
282	232
282	255
282	264
282	266
282	280
282	291
282	300
283	11
283	40
283	44
283	50
283	55
283	59
283	66
283	71
283	95
283	105
283	106
283	116
283	140
283	142
283	189
283	191
283	209
283	229
283	253
283	262
283	279
283	284
283	286
283	294
283	299
284	21
284	30
284	39
284	78
284	81
284	95
284	106
284	133
284	140
284	144
284	168
284	169
284	175
284	177
284	179
284	196
284	219
284	227
284	233
284	247
284	254
284	258
284	281
284	283
284	286
285	7
285	8
285	102
285	120
285	125
285	136
285	142
285	153
285	161
285	196
285	214
285	237
285	238
285	243
285	256
285	257
285	260
285	263
285	267
285	269
285	271
285	277
285	286
285	293
285	297
286	33
286	51
286	55
286	71
286	90
286	110
286	134
286	142
286	154
286	160
286	162
286	164
286	166
286	168
286	169
286	191
286	202
286	230
286	249
286	268
286	281
286	283
286	284
286	285
286	294
287	9
287	49
287	61
287	72
287	78
287	88
287	90
287	107
287	149
287	180
287	194
287	197
287	201
287	216
287	227
287	241
287	251
287	268
287	273
287	277
287	291
287	292
287	295
287	299
287	300
288	38
288	46
288	62
288	64
288	75
288	76
288	87
288	90
288	107
288	117
288	135
288	138
288	159
288	161
288	166
288	169
288	173
288	192
288	196
288	201
288	205
288	225
288	231
288	268
288	278
289	1
289	18
289	21
289	66
289	111
289	112
289	115
289	117
289	118
289	125
289	132
289	144
289	155
289	164
289	199
289	205
289	208
289	209
289	222
289	245
289	249
289	254
289	258
289	290
289	293
290	2
290	6
290	27
290	38
290	70
290	71
290	80
290	124
290	126
290	141
290	186
290	191
290	218
290	240
290	244
290	246
290	261
290	265
290	274
290	275
290	289
290	296
290	297
290	299
290	300
291	18
291	29
291	61
291	68
291	69
291	72
291	82
291	127
291	130
291	148
291	171
291	180
291	185
291	194
291	204
291	219
291	225
291	230
291	232
291	255
291	257
291	264
291	282
291	287
291	293
292	22
292	25
292	35
292	50
292	61
292	62
292	80
292	100
292	114
292	128
292	131
292	133
292	138
292	140
292	151
292	181
292	192
292	194
292	196
292	201
292	237
292	251
292	273
292	287
292	300
293	10
293	37
293	59
293	61
293	106
293	124
293	130
293	131
293	143
293	155
293	156
293	161
293	194
293	206
293	218
293	238
293	254
293	256
293	258
293	264
293	272
293	280
293	285
293	289
293	291
294	33
294	38
294	73
294	87
294	88
294	91
294	112
294	131
294	133
294	159
294	160
294	161
294	173
294	176
294	180
294	205
294	215
294	221
294	224
294	252
294	257
294	280
294	283
294	286
294	295
295	30
295	49
295	74
295	87
295	112
295	117
295	125
295	129
295	133
295	135
295	141
295	149
295	158
295	159
295	161
295	172
295	173
295	205
295	224
295	225
295	252
295	256
295	272
295	287
295	294
296	15
296	20
296	26
296	32
296	36
296	62
296	63
296	65
296	83
296	89
296	94
296	98
296	132
296	134
296	137
296	139
296	175
296	192
296	226
296	242
296	259
296	269
296	270
296	276
296	290
297	6
297	37
297	58
297	89
297	95
297	96
297	97
297	114
297	126
297	163
297	171
297	186
297	191
297	212
297	218
297	229
297	237
297	244
297	246
297	262
297	264
297	266
297	275
297	285
297	290
298	3
298	14
298	42
298	56
298	57
298	67
298	70
298	81
298	122
298	129
298	170
298	183
298	185
298	189
298	190
298	209
298	212
298	220
298	223
298	231
298	240
298	243
298	261
298	275
298	279
299	1
299	2
299	6
299	13
299	35
299	51
299	58
299	96
299	126
299	143
299	148
299	150
299	166
299	174
299	186
299	197
299	202
299	218
299	229
299	244
299	246
299	265
299	283
299	287
299	290
300	22
300	50
300	62
300	64
300	80
300	89
300	114
300	125
300	128
300	133
300	147
300	151
300	177
300	183
300	190
300	196
300	201
300	236
300	251
300	273
300	275
300	282
300	287
300	290
300	292
