#module 0 size: 22 bs: 4.68942e-05
2 6 29 43 58 96 97 124 126 141 186 193 197 218 244 246 265 274 275 290 297 299 
#module 1 size: 15 bs: 0.0041041
8 31 73 74 100 104 108 111 116 184 235 238 249 250 279 
#module 2 size: 29 bs: 0.000831654
3 7 10 14 23 49 50 56 57 67 70 79 81 92 93 115 122 123 129 134 160 170 183 189 198 220 223 231 298 
#module 3 size: 23 bs: 0.607462
13 27 35 42 46 55 102 120 136 153 154 207 214 217 237 243 260 263 267 269 271 276 285 
#module 4 size: 20 bs: 0.900181
12 41 47 63 85 121 165 178 182 188 190 195 224 232 240 255 272 277 280 282 
#module 5 size: 27 bs: 0.872139
9 11 39 40 44 71 78 90 95 106 109 140 142 162 168 169 175 177 211 227 233 253 268 281 283 284 286 
#module 6 size: 19 bs: 0.96548
20 26 32 36 62 83 89 94 98 137 139 171 192 203 226 231 245 259 296 
#module 7 size: 19 bs: 0.612006
1 18 19 21 24 37 66 77 118 132 152 164 172 208 209 254 258 262 289 
#module 8 size: 15 bs: 0.159551
15 45 65 86 99 119 149 167 192 199 200 210 228 230 239 
#module 9 size: 25 bs: 0.749592
4 16 17 64 76 84 110 112 127 146 150 155 158 179 181 206 212 213 219 234 242 247 248 270 278 
#module 10 size: 22 bs: 0.887581
30 38 59 75 87 88 91 117 138 143 159 161 166 173 176 205 225 252 256 288 294 295 
#module 11 size: 18 bs: 0.619284
5 34 48 51 53 54 60 103 107 156 157 174 187 191 202 215 236 241 
#module 12 size: 15 bs: 0.364887
28 33 52 101 105 113 145 147 163 216 222 229 261 266 279 
#module 13 size: 15 bs: 0.528248
22 25 80 114 125 128 133 151 196 201 251 273 287 292 300 
#module 14 size: 19 bs: 0.0457643
61 68 69 72 82 130 131 135 144 148 180 185 194 204 221 257 264 291 293 
