71 77 90 165 178 199 244 251 297 337 510 613 676 858 1054 1097 1233 
91 120 136 170 184 213 230 235 266 283 292 338 349 360 397 418 436 459 505 552 564 637 644 704 723 724 745 764 780 783 795 814 848 857 869 882 902 903 915 917 919 923 954 958 990 1063 1076 1149 1202 1212 1249 1252 1255 
28 166 167 214 240 288 291 298 315 358 446 512 514 566 570 589 612 665 680 696 785 801 885 916 928 931 965 1162 1237 1256 1282 
74 117 152 176 217 225 316 410 427 467 479 526 533 535 561 581 675 687 709 723 765 775 778 810 815 819 852 855 877 898 904 940 973 981 995 1031 1033 1060 1098 1125 1137 1167 1207 1215 1230 1271 1272 1273 1291 
148 162 265 400 434 464 568 597 613 624 721 728 744 793 800 813 834 838 892 893 931 939 1012 1043 1117 1124 1166 1168 1224 1289 
48 68 112 125 131 155 202 211 228 233 248 263 348 516 585 597 604 618 640 728 733 738 782 801 884 963 972 975 989 1070 1078 1129 1187 1189 1276 1298 
9 20 47 55 69 89 110 123 133 169 175 191 211 239 242 295 302 303 316 324 365 415 422 460 501 506 578 590 596 607 627 673 696 700 705 791 797 802 825 884 989 992 1024 1030 1059 1078 1088 1090 1130 1139 1141 1165 1174 1229 1248 1264 
48 68 112 125 131 202 228 233 242 248 263 348 516 585 597 604 618 640 679 728 733 738 782 791 801 884 963 972 975 989 1070 1078 1129 1187 1189 1276 1298 
10 82 144 238 261 320 389 394 512 519 521 609 680 688 714 748 792 809 811 812 825 826 905 935 945 954 1009 1014 1020 1051 1101 1179 1200 1220 1260 
39 45 85 87 137 146 155 159 191 212 242 303 330 351 365 383 399 420 460 484 495 501 506 507 509 578 596 607 672 696 802 837 871 879 901 915 922 936 955 974 991 1026 1030 1053 1079 1125 1130 1141 1147 1151 1153 1171 1197 1209 1229 1280 1294 
1 34 46 56 70 137 174 205 242 258 282 346 352 400 509 578 664 698 709 766 777 821 837 879 901 933 946 974 1038 1053 1087 1151 1197 1203 1245 1275 1296 
13 16 112 120 170 179 184 235 272 283 292 311 338 349 380 397 436 459 488 505 517 552 563 564 592 607 644 694 704 723 724 735 745 754 764 770 780 783 795 814 848 857 867 869 882 902 903 915 917 919 923 941 957 968 982 990 1042 1058 1072 1076 1089 1138 1157 1173 1191 1203 1212 1219 1233 1249 1251 1252 1255 1277 1285 
75 81 130 168 181 215 244 272 309 395 413 438 444 499 541 557 569 579 588 648 659 676 712 727 729 742 749 779 781 786 803 805 854 888 906 913 925 969 989 993 999 1016 1049 1051 1054 1097 1136 1166 1196 1208 1232 1238 1257 1293 1300 
4 16 56 74 112 125 152 155 166 170 189 194 217 223 283 288 308 315 358 376 386 400 423 427 449 454 463 473 479 496 514 533 535 543 566 576 581 582 592 607 612 643 652 664 665 723 736 740 754 775 778 785 795 814 815 819 855 861 867 869 877 887 888 898 904 910 917 919 923 927 936 940 956 959 965 973 981 984 987 1008 1017 1028 1031 1033 1075 1076 1095 1098 1118 1119 1125 1133 1150 1167 1183 1199 1207 1215 1230 1237 1245 1246 1255 1286 1287 1291 
83 98 223 247 251 256 260 323 466 497 502 532 534 584 638 642 725 785 818 927 952 975 1027 1146 1152 1178 1182 1282 1292 
76 105 149 171 173 219 259 269 275 294 317 326 340 367 375 384 420 436 476 554 555 594 598 599 621 647 654 684 689 715 759 764 793 794 806 864 938 951 1009 1035 1046 1061 1075 1189 1212 1235 
150 173 249 253 289 298 318 457 508 520 530 550 589 629 680 728 762 819 839 846 873 912 942 943 962 967 1000 1091 1150 1177 1182 1250 1277 1287 
62 152 176 230 234 305 307 404 508 550 614 619 747 776 846 930 944 1091 1162 1184 
17 30 34 64 91 151 161 179 188 207 266 286 287 290 313 314 338 368 419 437 452 467 484 485 492 498 503 511 529 573 580 582 603 605 637 654 661 669 673 691 692 701 710 713 717 722 731 755 780 820 869 878 889 896 906 908 911 953 958 977 1003 1005 1021 1024 1026 1039 1042 1065 1089 1101 1121 1122 1125 1138 1169 1176 1184 1188 1239 1246 1259 1262 1282 1284 1292 1295 
29 50 52 75 80 81 135 162 177 250 254 271 281 312 319 341 357 388 393 400 413 421 463 464 494 541 562 569 577 588 648 659 712 719 727 730 747 811 854 913 925 986 993 997 1016 1018 1082 1111 1136 1196 1228 1232 1238 1268 1291 1297 1300 
87 97 100 111 174 206 209 235 236 241 255 267 278 304 317 361 393 409 452 482 492 509 531 547 574 587 603 632 654 656 665 717 737 766 777 788 821 830 836 842 854 901 933 937 939 946 978 990 996 1042 1071 1087 1089 1100 1138 1153 1169 1173 1184 1195 1197 1204 1208 1214 1239 1243 1253 1277 1285 1296 
4 15 31 57 59 62 72 81 92 111 135 136 147 195 196 201 229 242 256 272 280 285 293 310 325 345 356 383 404 416 418 431 441 448 464 467 480 487 492 493 556 565 594 599 600 602 603 604 615 630 636 657 671 675 679 690 700 702 718 725 752 756 765 772 791 806 810 823 824 844 858 862 878 890 907 936 950 959 986 1001 1018 1026 1027 1034 1037 1041 1060 1068 1074 1081 1082 1096 1101 1116 1123 1135 1136 1137 1146 1152 1156 1170 1185 1210 1216 1219 1230 1251 1254 1266 1286 1290 
13 78 91 160 170 203 213 223 256 266 283 287 292 338 355 374 376 379 397 485 502 503 531 564 628 708 723 787 795 814 917 923 958 970 1073 1076 1154 1203 1249 1255 1295 
104 121 122 128 156 167 188 208 226 233 265 332 334 362 363 400 406 433 434 439 440 463 464 476 536 538 559 567 568 602 649 661 715 771 800 802 833 856 863 865 878 889 892 894 906 924 931 932 947 1086 1095 1101 1103 1117 1166 1177 1186 1198 1213 1214 1223 1224 1236 1267 1273 
106 164 221 236 243 270 296 314 328 336 447 511 572 617 633 648 697 720 721 730 757 786 839 876 918 995 1011 1021 1045 1046 1072 1100 1153 1167 1173 1196 1205 1221 1300 
40 109 178 181 213 222 251 267 270 300 301 330 370 390 395 435 438 503 524 557 561 571 579 595 610 651 670 672 676 708 743 749 767 779 781 805 806 821 836 883 900 901 949 969 970 974 999 1020 1047 1048 1113 1128 1148 1220 1227 1257 1261 1275 1279 1293 
158 171 206 212 220 246 268 302 307 371 379 399 409 458 465 494 527 539 549 569 573 583 599 644 656 668 673 679 683 710 715 743 750 833 856 860 861 865 875 909 934 948 955 995 1010 1015 1019 1022 1029 1036 1040 1065 1067 1068 1075 1094 1105 1107 1133 1161 1173 1176 1206 1211 1282 
44 116 143 157 186 192 193 196 197 239 277 282 284 299 318 343 354 432 440 444 453 513 543 559 603 622 623 653 667 674 687 699 711 746 761 822 827 850 920 942 943 957 1023 1035 1057 1064 1072 1092 1093 1103 1108 1132 1222 1237 1270 1288 1299 
26 49 101 113 130 144 153 167 168 176 181 215 222 237 238 240 245 269 271 291 298 309 320 330 367 389 395 408 434 438 446 455 490 493 499 512 521 541 557 570 575 579 584 589 594 602 603 676 680 727 729 742 748 749 779 781 792 794 800 803 805 808 809 812 826 827 836 838 841 886 888 905 916 938 945 960 999 1014 1049 1054 1117 1135 1136 1141 1162 1166 1177 1179 1188 1200 1208 1212 1225 1257 1258 1260 1282 1293 
92 111 147 201 229 310 345 351 361 404 448 464 480 492 600 602 603 639 657 671 702 756 860 959 1001 1005 1018 1037 1041 1089 1096 1101 1170 1185 1266 1290 
67 76 87 97 100 105 120 130 174 184 209 241 259 268 269 276 293 294 304 317 326 367 378 384 393 409 424 436 470 487 488 491 547 552 554 556 594 603 608 611 632 654 667 685 698 704 715 732 738 745 752 764 766 773 776 777 783 793 794 798 801 806 807 821 823 824 830 848 854 857 871 882 887 889 909 914 933 938 946 950 951 990 994 1009 1010 1061 1071 1075 1087 1135 1140 1195 1197 1212 1252 1296 
31 57 74 77 81 152 189 217 225 280 293 325 386 410 423 427 431 449 473 479 487 533 535 551 556 561 576 581 585 586 611 615 625 630 636 640 700 718 723 752 775 778 815 823 824 844 850 852 855 862 877 890 898 907 950 956 973 981 995 1008 1028 1031 1084 1098 1102 1133 1156 1167 1207 1215 1216 1230 1254 1272 1287 1291 
121 144 146 198 220 238 240 261 282 291 298 306 316 320 352 359 366 389 394 401 408 422 444 484 486 512 519 570 584 589 634 639 644 658 680 687 688 709 723 748 792 809 811 812 826 854 859 862 886 894 905 916 928 935 945 948 951 954 969 985 1014 1020 1038 1051 1070 1129 1162 1179 1200 1208 1220 1269 1277 1282 
117 140 141 171 198 204 223 260 307 352 401 478 527 586 593 641 642 663 693 706 709 712 716 739 741 750 758 799 819 829 864 872 877 919 952 956 971 976 988 1002 1033 1044 1046 1060 1131 1137 1158 1161 1181 1194 1201 1219 1239 
14 15 18 82 134 179 207 295 329 382 392 407 417 426 431 454 461 484 546 551 553 565 577 605 610 681 714 719 731 733 747 758 763 784 787 804 811 851 853 914 953 954 1035 1058 1068 1080 1083 1084 1127 1159 1163 1166 1167 1231 1285 1286 
24 130 135 149 173 177 181 182 219 224 271 275 281 295 340 375 395 420 541 555 577 579 598 599 602 621 647 654 684 689 719 727 729 742 747 749 759 772 779 781 804 805 864 888 931 999 1009 1035 1046 1048 1049 1054 1058 1061 1082 1084 1085 1104 1117 1120 1127 1136 1137 1166 1189 1208 1213 1235 1236 1237 1251 1293 
6 53 55 133 153 175 211 222 237 242 295 303 324 383 415 604 607 673 700 705 722 791 797 825 879 884 892 951 965 992 1024 1027 1030 1053 1059 1064 1078 1088 1130 1139 1165 1174 1229 1248 1258 1264 
106 107 120 135 164 221 232 243 270 285 296 314 328 335 336 356 447 511 572 617 633 675 697 720 721 730 757 772 786 839 842 876 895 908 918 995 1011 1021 1045 1046 1066 1072 1082 1167 1182 1205 1210 1219 1221 1274 1298 
36 121 142 146 198 220 255 282 298 306 316 323 352 359 366 401 422 444 452 484 486 557 634 639 658 687 700 709 723 729 742 774 788 812 854 859 862 894 896 916 928 935 951 969 985 1038 1053 1070 1074 1109 1129 1154 1204 1208 1219 1239 1253 1269 1277 
60 127 158 176 187 208 230 234 243 305 329 394 419 508 526 550 614 619 621 626 630 721 722 751 760 776 804 828 846 848 857 863 921 930 944 947 985 1037 1105 1121 1124 1162 1190 1252 1271 1273 1284 1289 1295 1298 
3 14 15 18 33 58 96 112 125 142 150 173 189 203 210 218 231 249 253 270 273 289 295 318 323 329 364 386 392 407 423 431 449 454 457 473 483 484 495 507 508 520 530 538 542 544 553 560 565 576 578 589 620 622 629 630 640 652 662 672 681 711 714 728 737 758 762 763 774 804 819 839 846 866 871 873 902 903 907 912 914 928 936 955 956 962 967 983 984 1000 1004 1008 1028 1036 1074 1080 1083 1084 1085 1088 1091 1092 1099 1110 1127 1133 1147 1150 1153 1154 1159 1163 1171 1175 1177 1182 1209 1214 1222 1228 1231 1234 1250 1256 1277 1286 1287 1298 
22 41 56 79 84 92 132 136 138 151 154 167 194 217 226 232 235 262 265 274 308 338 360 376 383 412 418 455 459 464 480 496 523 543 582 602 603 612 643 657 664 687 702 724 736 740 800 856 861 862 868 869 901 904 906 910 919 924 927 931 939 940 959 984 987 1012 1017 1027 1030 1063 1075 1081 1090 1096 1115 1117 1118 1119 1135 1137 1155 1160 1166 1168 1170 1176 1177 1183 1194 1199 1206 1213 1220 1236 1245 1246 1263 1286 
29 50 52 75 80 162 201 306 319 341 352 359 388 393 400 413 421 464 484 486 588 634 648 659 686 712 730 762 812 854 862 913 925 944 969 980 986 993 997 1016 1081 1196 1232 1238 1297 1300 
94 117 216 227 366 396 398 450 565 591 611 620 652 682 736 737 738 752 756 806 823 833 835 849 862 864 880 902 918 1015 1050 1070 1077 1084 1143 1164 1173 1180 1191 1285 
31 57 77 81 94 113 121 216 225 227 293 313 325 366 396 398 431 450 487 518 551 556 565 586 591 611 615 620 625 630 636 640 652 654 682 698 700 718 736 752 778 806 823 824 833 835 844 849 852 862 864 880 890 902 907 918 950 981 1001 1015 1050 1070 1077 1084 1098 1123 1143 1156 1164 1180 1191 1198 1214 1216 1225 1254 1295 
38 42 51 95 112 114 185 272 311 331 353 377 380 387 396 442 488 517 520 522 563 587 592 694 735 737 738 739 745 754 770 803 835 862 867 880 915 923 936 941 957 968 990 995 1042 1058 1073 1105 1112 1133 1179 1233 1275 1277 1285 
63 88 138 208 246 268 302 307 371 409 458 465 477 494 549 568 599 656 668 672 743 750 833 856 860 875 934 948 955 1019 1029 1040 1065 1067 1094 1107 1168 1170 1173 1282 
53 66 76 92 136 147 180 201 252 289 310 332 345 360 372 383 418 456 480 496 599 600 602 603 612 640 643 657 671 693 700 702 711 739 756 784 807 817 881 895 899 915 919 927 959 983 986 987 1001 1006 1007 1017 1018 1025 1030 1037 1041 1047 1068 1096 1101 1112 1127 1134 1143 1144 1150 1170 1185 1241 1246 1251 1265 1283 1284 1286 1290 1297 
63 77 130 165 168 178 215 297 309 330 395 438 443 444 499 510 541 557 579 676 681 719 727 729 742 749 779 781 803 805 836 888 906 929 969 999 1026 1049 1051 1054 1097 1136 1208 1213 1257 1293 
8 49 99 113 153 185 222 237 240 245 291 312 315 342 372 383 408 442 445 446 455 468 490 506 512 544 570 575 606 641 685 700 739 803 836 838 866 885 886 899 931 960 961 1097 1099 1110 1112 1134 1158 1162 1177 1225 1240 1243 1256 1283 
63 96 143 173 198 210 231 246 268 270 322 371 392 407 411 448 458 461 465 544 549 551 553 568 590 593 627 632 641 644 668 703 739 743 750 786 833 856 860 866 875 899 934 948 949 961 1004 1015 1019 1029 1036 1040 1065 1067 1094 1099 1110 1158 1161 1163 1168 1170 1175 1181 1256 1282 1286 1294 
19 42 58 73 86 94 113 116 185 206 216 218 226 227 265 278 320 331 353 377 380 387 396 398 450 472 520 551 565 587 591 606 620 627 652 678 682 699 726 737 739 768 784 803 806 831 835 843 849 864 880 885 899 902 910 915 931 957 979 998 1001 1015 1050 1073 1077 1098 1112 1143 1164 1166 1173 1180 1190 1191 1218 1224 1233 1236 1281 1283 1285 1297 
26 49 100 101 113 135 153 167 176 195 222 237 240 245 272 285 291 312 333 356 400 408 411 446 455 467 481 483 490 493 512 547 570 574 575 584 590 632 662 675 742 753 765 766 772 777 778 794 803 808 810 827 838 841 858 886 933 936 960 982 989 990 1022 1026 1034 1055 1060 1081 1082 1085 1104 1106 1114 1120 1137 1154 1162 1177 1181 1195 1208 1210 1213 1225 1228 1237 1239 1251 1258 1282 
6 36 55 103 125 129 133 139 153 175 191 211 236 239 242 279 295 302 303 307 312 324 333 383 405 415 418 422 445 459 481 483 491 504 518 545 607 653 662 673 677 705 722 730 753 773 789 791 797 801 816 825 884 958 992 1024 1030 1053 1055 1059 1064 1085 1088 1104 1106 1120 1123 1135 1137 1139 1165 1174 1182 1213 1222 1228 1229 1248 1277 
2 32 54 64 82 91 142 144 203 213 218 238 256 261 266 271 273 287 290 320 323 330 389 419 456 485 492 498 503 511 519 521 529 542 573 580 609 610 622 628 669 673 680 688 691 692 710 713 714 722 726 737 748 774 792 808 809 811 812 825 826 839 851 902 903 905 928 945 954 958 967 977 1003 1005 1009 1014 1024 1026 1051 1074 1083 1085 1092 1101 1132 1135 1154 1169 1179 1200 1234 1260 1262 1269 1295 1298 
7 108 111 119 122 132 145 183 188 235 255 257 343 361 437 443 448 452 474 482 558 569 589 631 649 702 717 770 771 788 794 796 830 920 935 942 943 990 996 1001 1011 1038 1042 1057 1076 1089 1096 1100 1101 1108 1138 1169 1173 1184 1185 1204 1208 1219 1239 1253 1270 1277 1290 
96 173 198 204 210 223 231 322 392 400 411 441 448 461 467 478 544 551 553 590 593 625 632 641 663 679 703 706 716 739 741 750 765 784 799 810 819 866 872 919 936 961 971 976 988 1002 1004 1026 1033 1034 1036 1044 1060 1068 1099 1110 1131 1137 1158 1163 1175 1181 1201 1210 1219 1286 
5 10 21 59 85 97 151 158 167 181 226 240 244 246 265 309 318 333 387 395 400 404 426 434 438 446 464 477 481 483 499 537 568 579 583 602 609 676 696 727 737 753 779 781 800 803 805 808 825 856 888 906 931 934 949 958 999 1010 1012 1019 1049 1055 1067 1077 1085 1104 1106 1117 1120 1135 1136 1141 1150 1154 1166 1188 1195 1211 1213 1224 1228 1236 1257 1267 1293 
17 30 106 151 161 164 221 243 270 286 296 313 314 335 336 338 368 391 447 467 494 499 511 541 572 573 617 633 654 661 697 701 720 721 730 755 757 768 780 820 839 846 858 869 876 878 892 896 906 908 911 974 995 1011 1021 1032 1045 1046 1066 1082 1128 1182 1188 1205 1221 1224 1246 1259 1292 1298 
13 16 17 30 34 46 56 70 116 137 151 155 157 161 170 179 193 194 197 205 223 229 235 258 270 274 283 286 292 299 313 334 338 346 349 368 372 376 379 397 400 411 440 444 454 463 467 496 505 511 536 540 541 543 548 564 573 607 617 643 654 664 687 701 711 715 717 723 732 736 740 755 760 764 780 795 814 820 832 846 859 861 869 878 892 896 904 906 908 910 911 915 917 919 923 924 927 940 954 969 973 982 984 987 990 1006 1013 1017 1021 1038 1069 1072 1076 1093 1095 1103 1110 1118 1119 1143 1145 1167 1175 1183 1188 1203 1226 1244 1245 1246 1249 1251 1255 1259 1265 1275 1278 1282 1292 
143 192 239 277 284 354 376 402 426 432 453 527 543 559 583 603 623 653 666 674 704 711 746 761 822 865 999 1010 1013 1022 1035 1064 1068 1092 1145 1206 1222 1247 1288 
25 34 36 102 118 124 179 300 330 349 373 403 407 443 456 507 537 539 546 558 601 631 662 698 716 726 744 770 787 796 846 851 853 877 885 908 918 929 982 994 1022 1026 1038 1085 1104 1106 1114 1120 1131 1132 1141 1188 1201 1213 1259 
11 50 59 62 72 91 107 120 135 153 173 188 195 207 210 231 254 256 266 270 285 290 312 322 330 333 335 354 356 406 411 419 421 432 441 461 467 477 481 483 485 492 493 498 507 511 529 538 544 553 565 580 590 599 627 631 662 669 673 674 675 679 690 691 692 698 703 710 713 722 727 739 740 747 753 765 772 806 810 825 839 845 858 860 866 885 936 942 958 975 982 986 1003 1005 1018 1022 1024 1026 1027 1034 1036 1055 1065 1081 1082 1085 1104 1106 1110 1120 1125 1135 1136 1137 1147 1152 1158 1163 1175 1176 1182 1208 1210 1213 1219 1228 1237 1251 1262 1277 1286 1295 
58 217 291 315 350 429 471 479 535 538 585 655 769 775 815 827 841 850 852 855 885 898 931 964 973 981 1052 1072 1086 1102 1103 1125 1142 1150 1157 1167 1192 1207 1215 1230 1272 1291 
18 163 229 239 289 332 334 349 376 403 443 456 536 537 540 548 558 601 631 666 693 732 757 767 796 832 851 853 859 878 881 924 929 973 994 1013 1038 1064 1069 1114 1130 1145 1186 1190 1226 1244 1247 1275 1278 
8 23 40 43 63 96 98 109 143 151 172 186 187 190 196 208 210 213 231 249 270 299 300 301 318 322 343 347 351 364 370 385 392 402 406 407 411 435 444 461 491 513 515 543 544 549 551 553 571 573 590 594 610 625 637 651 667 670 672 693 703 716 728 743 749 767 790 792 793 806 840 845 850 860 866 875 883 889 899 900 910 912 920 926 942 943 948 949 961 962 977 1004 1011 1019 1020 1023 1027 1029 1036 1039 1042 1047 1048 1057 1062 1080 1099 1105 1108 1109 1110 1113 1122 1128 1148 1149 1158 1162 1163 1168 1175 1186 1202 1213 1220 1222 1227 1232 1237 1240 1256 1261 1270 1275 1279 1286 1299 
14 59 76 85 134 138 158 166 179 196 207 226 265 318 382 407 417 426 428 434 454 459 484 489 513 543 551 568 583 594 602 605 609 640 645 660 667 686 707 724 731 749 800 850 856 858 871 920 931 953 983 1012 1023 1025 1057 1060 1076 1077 1096 1107 1108 1117 1135 1136 1166 1167 1177 1184 1224 1236 1265 1267 1270 1285 1293 1299 
65 93 116 121 127 128 158 166 187 206 208 243 321 344 362 363 366 369 394 431 433 439 440 451 462 476 477 525 526 528 559 560 566 567 582 606 612 623 626 630 649 669 711 721 722 751 760 771 804 828 833 861 863 889 891 894 913 921 925 932 944 947 956 965 966 967 980 985 1008 1028 1056 1086 1093 1095 1105 1121 1125 1130 1132 1133 1178 1186 1190 1198 1214 1223 1242 1264 1271 1273 1284 1287 1289 1298 
3 55 67 76 105 133 140 141 158 171 204 206 211 212 239 242 246 259 269 275 294 316 324 326 367 379 384 385 399 402 415 432 436 476 478 491 515 527 539 554 569 573 583 586 593 594 603 607 631 641 663 683 684 693 700 705 706 712 715 716 722 738 741 764 776 790 793 799 802 806 819 825 829 840 861 865 872 884 885 926 938 951 956 959 965 971 976 977 988 992 995 1002 1009 1010 1022 1027 1033 1039 1044 1055 1059 1062 1064 1068 1075 1088 1104 1105 1106 1107 1122 1130 1131 1133 1135 1139 1149 1161 1165 1174 1181 1186 1201 1202 1211 1212 1228 1229 1235 1239 1240 1242 1248 1258 1280 
85 103 129 139 236 276 279 307 325 405 409 424 459 470 488 491 504 518 545 608 677 685 700 730 732 763 773 789 798 801 807 816 830 833 849 887 889 909 914 918 951 994 1123 1140 1161 1164 1212 
33 35 37 42 83 85 98 125 130 138 178 185 200 247 251 256 264 276 296 300 327 347 351 353 364 377 378 381 385 387 402 424 465 466 470 474 475 484 491 495 497 500 502 507 515 532 534 538 584 587 608 635 637 638 640 650 662 668 672 695 725 732 734 737 745 753 773 785 790 793 798 801 803 816 818 830 839 840 845 847 858 870 871 874 887 889 909 914 915 926 927 936 937 940 942 951 952 955 959 977 983 991 994 996 1006 1027 1039 1047 1062 1067 1071 1073 1094 1105 1109 1112 1122 1126 1140 1143 1146 1147 1149 1152 1153 1154 1163 1171 1178 1182 1193 1202 1209 1213 1217 1233 1240 1243 1265 1287 
12 73 85 87 97 100 103 115 129 139 174 206 209 236 241 246 267 270 274 279 304 317 390 391 414 425 469 491 504 509 518 524 531 545 547 561 574 587 589 595 632 651 654 656 665 677 700 730 766 768 777 780 789 816 821 836 900 901 918 933 939 946 974 978 990 998 1020 1071 1077 1087 1089 1100 1123 1128 1148 1173 1195 1197 1212 1225 1239 1285 1296 
72 222 229 312 399 416 430 526 611 829 856 868 906 947 1001 1071 1092 1116 1117 1266 1284 1294 
29 50 52 63 75 76 80 138 201 208 220 229 254 268 307 319 341 345 388 393 400 404 413 421 428 458 465 489 492 513 549 569 588 639 644 645 648 659 660 686 707 712 730 743 747 750 762 786 811 854 875 913 944 948 969 983 986 993 997 1016 1018 1025 1029 1037 1040 1067 1081 1108 1170 1196 1230 1232 1238 1300 
88 120 184 208 230 268 302 409 458 465 477 549 552 644 668 704 743 745 750 783 792 833 848 856 857 875 882 902 903 934 948 1019 1029 1040 1065 1067 1094 1168 1173 1191 1219 1252 1282 
27 32 35 50 54 61 106 126 130 164 221 223 232 250 260 296 316 328 335 336 339 357 413 447 457 463 494 552 562 569 572 616 617 623 626 633 642 646 678 697 720 721 730 751 757 768 811 839 842 863 876 895 897 952 993 1011 1021 1028 1032 1045 1046 1066 1072 1111 1172 1173 1182 1190 1205 1221 1224 1232 1243 1268 1274 1280 1289 1300 
42 58 73 86 92 97 111 147 174 188 201 206 207 216 218 235 236 255 272 278 298 304 320 331 351 361 409 437 441 448 452 472 474 480 482 539 569 589 600 627 631 657 671 673 678 680 683 692 699 700 702 713 717 726 740 756 768 787 788 794 796 831 843 860 865 885 896 923 943 957 959 978 979 996 998 1001 1005 1037 1041 1042 1053 1065 1068 1071 1089 1091 1096 1100 1101 1109 1138 1153 1169 1170 1173 1176 1184 1185 1190 1195 1197 1204 1208 1211 1214 1218 1219 1239 1242 1251 1253 1281 1285 1286 
