1 258 34 70 137 205 46 1203 698 346 1275 
385 515 637 910 1039 402 790 23 926 1062 43 172 1202 190 840 845 977 1109 1240 347 1122 1149 
644 1029 268 1040 668 549 934 1065 1067 302 948 63 833 1094 458 465 88 860 477 743 875 750 371 1019 
401 658 146 916 282 422 298 306 1208 709 198 985 220 352 486 359 1269 634 639 
512 1162 408 153 26 291 167 49 570 446 575 960 838 455 584 1225 101 1258 490 237 240 113 245 886 
192 674 354 1092 453 1222 1064 1288 746 1035 653 143 623 432 277 822 761 284 
769 964 1157 1192 841 429 1102 655 1142 471 827 1052 350 
1283 784 1297 1047 289 807 817 180 66 332 1241 1251 1134 1006 1007 881 1265 372 1143 1144 252 895 
2 1154 323 774 967 203 142 622 273 1234 1298 628 1074 54 213 218 542 
13 397 16 917 283 923 795 292 170 814 1072 564 1076 723 223 1249 867 869 1255 505 
224 577 420 1189 295 747 271 719 177 1136 182 24 281 541 
704 1252 902 903 552 745 783 848 882 436 120 857 184 
930 230 550 776 614 234 619 846 944 305 176 307 152 508 62 
160 355 708 970 78 531 787 502 503 376 374 287 
672 1153 33 640 871 936 1147 364 495 112 914 1171 507 1209 538 955 125 
3 399 527 539 158 683 1068 171 569 1211 583 206 1105 1107 212 865 1010 246 379 1022 
1164 396 398 652 1050 1180 1191 682 1070 1077 450 835 591 849 94 864 227 620 880 1015 
1156 907 280 31 293 556 950 823 824 57 700 1216 325 586 844 718 81 1254 487 615 752 625 890 636 
261 389 519 905 521 144 792 1179 1051 680 809 812 688 945 1200 954 826 320 82 1260 748 238 1014 
576 449 386 1028 1287 711 423 1133 1008 630 473 956 189 
353 737 387 803 185 42 587 1073 1233 915 1112 377 
1121 1273 828 1289 394 526 751 208 626 243 947 863 1271 760 921 187 60 127 
1290 1037 657 1170 1041 147 671 1185 310 959 1096 201 1101 600 345 92 480 1001 492 756 
643 4 904 919 664 1183 927 940 308 56 194 984 987 861 1118 1246 736 1119 1245 740 496 1017 
5 808 10 404 21 949 151 1150 
608 994 773 424 409 909 887 1071 830 1140 276 470 951 889 378 732 798 
545 129 1123 677 518 103 504 459 139 236 491 816 789 918 405 85 730 279 
901 777 1296 656 547 933 1195 1197 174 304 946 821 317 574 1087 209 978 87 990 97 100 241 632 766 
1169 1042 788 1173 1204 437 188 702 1214 448 1089 452 1100 717 1239 482 1253 361 235 111 1138 255 
388 648 393 913 659 1300 413 29 162 421 811 1196 50 52 319 712 969 75 588 1232 80 464 341 854 1238 986 993 997 1016 1018 254 
536 666 540 163 548 1190 1069 832 1226 973 334 859 1244 1247 878 239 1013 1145 1278 
133 6 1030 1165 1174 791 797 415 1059 36 303 175 53 55 1088 705 324 1229 211 607 992 1248 242 1139 884 
130 395 779 781 1293 1049 1054 676 805 168 557 309 438 181 579 330 727 215 729 742 999 1257 749 499 888 
403 537 25 796 929 546 300 558 443 456 851 853 601 1114 349 102 744 373 118 124 
513 1299 407 920 667 543 1057 942 943 693 186 444 573 318 196 850 1108 343 1270 1023 
525 528 925 1056 560 566 440 65 321 451 1093 582 966 965 462 980 344 1242 93 606 1130 366 1264 369 891 
257 770 132 7 935 108 1038 145 119 183 
288 801 514 928 612 358 166 1256 885 214 1237 665 315 28 
99 899 836 739 8 1097 685 468 342 442 1243 445 
896 780 908 1292 911 270 17 661 30 286 161 1188 820 313 701 338 1259 368 755 892 511 
900 651 1020 767 1048 670 40 301 435 571 1227 1113 610 1128 109 1261 370 883 1148 1279 
69 9 169 110 47 590 627 20 89 123 
1058 517 38 968 488 522 941 272 592 114 51 754 563 694 311 380 1277 735 
1155 262 1160 523 1176 154 412 924 1063 41 1194 1199 1206 1090 1220 84 1115 862 1263 
1158 392 1163 1036 1175 411 544 553 703 961 322 1099 461 210 1110 96 866 231 1004 
1184 609 1025 707 1060 645 489 138 428 686 724 660 983 
11 662 1055 312 825 1085 1213 1228 333 1104 1106 982 1120 481 483 1135 753 1137 631 
128 771 1223 362 1198 559 433 406 567 121 156 
390 391 425 267 12 524 974 561 274 595 115 469 414 
1024 266 1295 529 669 673 290 419 691 692 958 64 580 710 713 722 91 485 1003 1005 1262 498 
804 1286 1159 1127 681 1083 714 329 14 1231 431 18 565 758 1080 763 1084 
1061 647 759 684 173 654 621 555 689 275 1235 149 598 599 340 219 375 
772 135 1034 15 285 675 679 810 690 441 1082 1210 59 195 72 467 356 107 493 765 
384 259 269 794 294 806 938 554 1075 1212 67 326 715 76 594 603 738 105 367 1009 764 
897 642 260 646 1032 1172 27 32 35 1066 562 952 316 61 842 339 1111 357 616 250 494 1268 1274 126 
416 611 1284 868 229 906 1294 430 1266 856 1116 222 
898 775 1031 778 1291 533 535 410 427 815 1207 1215 581 74 1098 1230 852 981 855 217 479 225 1125 877 1272 
768 1281 1218 678 998 472 73 843 331 19 979 726 278 216 86 58 699 831 
741 872 1161 1002 1131 140 141 976 593 117 663 829 799 
418 1027 232 360 136 79 22 1081 383 
786 1045 1046 164 296 1205 697 314 572 447 1221 328 335 720 336 221 95 995 617 106 876 1011 757 633 1021 
1126 327 264 1193 650 200 937 847 500 695 474 381 734 
1280 191 578 1026 837 351 45 879 1141 1079 922 1053 991 
641 706 1219 1033 971 716 204 1201 1044 988 1181 478 
1250 1091 962 249 1000 457 520 873 589 912 530 819 629 150 1177 762 253 
165 71 199 297 77 337 178 244 90 858 510 
1217 996 37 870 839 874 475 635 
834 1124 613 1224 568 939 813 1168 721 624 1043 148 728 793 893 
159 802 39 460 365 596 501 696 506 155 509 1151 
1152 256 98 1282 1178 638 785 466 83 532 497 534 247 725 818 1146 251 1182 
193 197 299 44 1132 687 957 1103 116 157 
800 226 931 265 1166 400 434 1267 1012 1236 602 1117 
131 516 263 782 1187 48 1078 963 68 585 202 972 975 597 348 989 733 604 228 1129 618 233 248 1276 
417 484 1285 454 134 551 426 1167 207 179 953 731 605 382 
1186 932 1095 104 649 363 463 439 1086 122 476 894 
