13 21 25 32 41 52 82 89 124 126 127 131 132 134 154 155 174 179 180 182 183 188 193 196 199 206 227 253 256 263 264 274 277 279 301 303 306 314 315 324 345 365 368 370 371 374 382 386 391 395 401 415 416 419 422 436 444 451 453 466 468 472 474 478 486 492 498 514 520 531 533 536 548 549 550 554 557 572 577 588 589 591 593 595 598 606 607 610 635 656 657 665 673 675 677 678 685 691 
19 28 43 85 87 93 108 116 121 127 166 182 188 193 194 197 214 215 219 248 252 271 276 277 285 287 302 311 314 326 336 338 344 350 356 360 364 371 372 374 379 389 403 432 436 438 444 448 464 466 471 474 478 485 508 510 520 524 525 539 547 551 557 559 583 610 616 617 621 622 623 633 635 639 648 
46 50 57 71 73 82 88 118 121 129 144 146 152 164 171 183 199 208 231 233 237 238 241 243 269 274 279 285 290 294 303 306 315 341 368 376 382 391 392 406 412 416 428 433 435 453 462 464 467 473 483 514 527 529 532 540 542 551 554 562 564 566 572 573 575 577 584 589 593 595 604 607 610 619 624 630 632 634 635 665 683 685 686 695 
9 29 33 34 49 79 126 129 140 149 151 160 180 197 201 224 230 233 235 244 247 256 257 258 262 275 278 293 299 300 301 303 316 320 346 353 354 357 359 361 363 365 368 388 390 391 398 400 402 406 407 412 413 414 418 421 423 430 431 433 445 463 464 477 479 481 509 515 516 519 559 560 569 571 573 579 581 607 628 642 643 649 650 656 659 666 667 672 678 680 682 684 690 696 699 700 
2 15 23 44 49 53 69 74 81 83 89 96 101 110 111 112 130 131 133 147 149 157 162 163 170 173 174 176 177 193 200 204 206 210 216 223 227 228 234 238 239 243 245 247 249 251 253 257 259 261 264 285 286 294 298 299 301 304 316 318 322 324 325 332 335 337 342 352 357 360 362 367 376 378 386 387 388 399 417 429 434 435 443 448 451 456 458 470 473 482 484 492 497 521 531 533 537 538 546 548 554 563 564 570 576 588 592 593 599 605 612 613 616 617 618 626 629 631 637 639 645 649 650 661 663 670 671 673 682 683 687 691 692 697 
39 41 49 79 105 114 119 120 124 125 131 138 142 143 151 180 195 212 213 223 226 229 232 235 243 251 256 263 283 295 301 312 333 339 340 343 344 353 354 355 357 359 361 363 365 378 380 383 384 394 395 398 423 431 433 434 450 463 469 470 479 492 509 512 513 517 523 526 529 536 543 555 560 566 569 573 580 588 590 600 602 610 612 615 618 620 638 639 640 642 643 649 652 657 660 666 667 670 677 678 688 689 690 698 
6 40 49 60 90 93 103 104 128 137 140 153 191 196 199 201 202 208 214 224 238 257 272 282 291 293 297 323 324 331 332 339 353 365 373 385 389 395 408 414 417 418 421 422 424 427 430 432 455 459 465 480 491 517 524 528 537 545 546 554 559 571 572 582 603 605 632 644 645 653 658 664 666 672 675 678 679 682 684 685 699 700 
3 5 12 18 25 27 30 32 33 37 39 41 45 46 63 66 67 81 88 92 95 102 105 110 114 115 121 123 140 142 149 152 159 167 177 180 187 189 195 199 200 204 226 229 231 241 246 247 249 256 257 260 265 269 275 290 297 298 300 306 308 312 319 320 321 323 327 331 332 336 346 348 351 353 371 375 377 382 390 392 397 400 402 405 406 410 414 415 416 421 422 426 430 437 440 445 447 450 452 467 469 477 481 483 484 496 498 499 503 505 510 516 517 518 521 523 527 536 542 544 550 551 552 555 561 566 571 573 575 580 582 600 601 604 612 615 621 625 630 632 633 639 640 642 643 646 651 654 656 657 659 667 668 671 672 674 675 676 677 680 682 684 688 689 690 693 696 699 700 
1 3 5 12 18 19 30 33 37 38 40 45 46 56 60 65 66 67 84 87 88 92 94 101 104 105 106 119 121 123 124 136 142 149 152 153 159 160 167 171 177 180 185 196 199 202 212 214 216 218 222 226 230 231 241 243 246 247 249 254 255 260 265 266 269 271 282 285 287 289 290 292 294 298 299 302 319 320 332 334 339 344 345 346 348 351 353 355 356 359 364 367 373 375 377 378 379 380 386 389 390 392 394 400 405 411 414 415 422 424 425 426 427 430 432 438 440 441 449 452 459 460 470 472 476 481 483 491 496 497 498 499 503 505 509 510 513 514 516 518 523 524 525 526 527 531 542 543 544 546 551 552 554 555 556 561 562 566 569 570 571 572 573 575 581 583 586 592 594 596 604 609 610 620 621 623 625 630 633 639 641 642 644 645 646 648 649 650 651 652 654 657 659 665 671 672 674 675 676 677 679 680 682 685 688 689 690 693 696 697 698 699 
42 70 72 76 91 109 115 119 124 136 142 148 150 151 158 185 192 195 197 202 203 212 213 218 230 236 238 244 263 279 280 281 282 288 292 294 317 328 338 340 348 353 355 361 366 378 380 381 388 394 399 409 411 415 416 417 420 432 438 455 463 469 470 475 491 493 495 501 502 506 509 513 526 527 531 540 541 543 553 555 562 565 571 581 585 595 600 602 614 618 629 635 639 647 652 653 658 660 662 667 668 675 681 687 690 694 
35 40 48 54 60 64 71 73 89 90 103 104 118 128 131 137 144 145 146 153 165 171 174 196 198 201 206 208 224 227 257 258 264 270 272 275 293 294 297 303 315 324 339 341 345 357 368 373 376 385 389 404 406 408 413 421 424 427 428 435 453 455 459 462 467 477 480 484 490 492 517 521 524 528 529 531 532 533 540 545 546 554 573 582 588 592 593 595 600 603 607 610 612 619 624 632 634 635 641 644 645 657 664 665 670 673 675 678 682 683 684 685 686 691 694 695 700 
3 39 42 51 70 99 100 102 105 109 113 122 123 130 142 145 148 150 158 165 175 176 185 190 192 195 213 218 223 230 236 244 263 267 276 278 288 292 330 333 340 343 353 376 383 384 399 425 438 450 457 466 472 484 491 500 501 507 512 517 524 526 539 540 553 580 581 590 595 602 610 650 651 653 660 662 670 687 690 698 
9 30 33 34 110 129 151 165 189 233 235 240 247 253 257 262 270 271 273 275 278 293 295 300 301 321 323 331 336 348 354 356 359 361 363 391 397 398 401 402 406 413 414 418 421 422 423 430 431 433 452 463 468 469 477 479 481 484 487 497 499 504 511 519 531 560 569 571 573 579 591 603 608 611 627 640 642 649 650 659 666 667 672 673 674 680 682 684 690 691 696 699 700 
15 16 49 61 70 79 121 122 123 152 161 163 191 196 199 209 230 231 238 249 253 269 285 291 292 297 298 301 318 332 339 342 364 365 372 375 378 384 392 405 414 422 449 468 472 482 483 497 503 531 537 542 546 551 552 566 572 575 597 604 611 630 646 652 656 676 679 688 
14 19 35 43 44 74 87 93 96 103 111 116 145 149 162 167 197 204 209 214 216 219 234 253 261 271 276 285 287 302 304 335 356 364 367 379 386 389 396 486 501 510 518 524 525 546 570 616 621 622 623 633 648 652 685 691 
30 33 49 58 93 137 155 167 173 189 193 219 232 246 247 253 271 288 295 300 321 331 337 348 362 365 390 397 400 414 415 417 422 430 441 452 459 465 481 499 510 525 529 549 552 564 582 583 586 594 598 603 621 636 639 642 645 656 666 674 680 696 699 
24 26 31 32 50 72 73 76 91 94 106 110 115 129 150 156 171 180 193 208 241 242 254 260 279 280 282 294 305 310 327 334 344 355 366 380 381 385 397 401 405 409 415 420 425 426 432 438 441 442 452 460 464 469 475 476 486 493 496 506 526 527 540 541 543 552 555 562 565 587 595 600 607 608 609 617 624 627 634 635 642 654 686 693 
13 49 69 105 112 157 162 163 191 193 210 231 249 253 280 294 298 299 316 322 325 332 342 352 357 360 362 378 388 404 435 451 456 458 464 479 482 493 496 497 514 537 546 548 576 578 587 592 597 605 616 650 653 659 663 665 675 679 686 690 
24 26 31 50 94 99 106 110 156 171 177 189 197 242 247 250 254 260 269 280 282 293 294 295 300 305 310 331 349 355 366 368 390 397 405 406 412 414 415 420 422 425 430 441 450 451 452 464 476 480 481 490 494 496 499 526 527 540 543 551 555 562 587 595 607 609 610 612 634 640 642 677 680 684 686 688 693 
52 63 78 80 97 99 108 127 132 134 139 141 142 143 166 181 182 188 195 205 239 240 241 268 270 283 291 292 297 308 314 323 331 334 344 345 367 371 374 395 396 404 416 436 437 439 442 444 466 472 474 478 485 495 505 506 511 513 520 526 527 530 533 534 549 550 557 591 601 606 607 612 614 618 620 629 635 638 654 656 657 
9 11 17 22 26 30 39 52 53 59 62 77 84 102 108 117 119 123 126 127 132 133 134 137 147 166 169 170 176 182 188 193 198 211 217 223 225 227 228 239 241 259 265 266 277 278 281 288 290 301 302 305 308 309 314 315 325 327 330 336 342 344 345 350 358 362 371 374 376 387 391 394 395 404 407 413 436 444 445 446 447 461 466 469 470 472 473 474 478 480 484 487 498 504 509 511 513 515 520 521 530 531 533 543 548 549 550 554 557 564 567 572 573 574 582 584 590 591 593 597 598 599 605 606 607 608 610 612 613 615 616 619 620 625 627 628 630 631 635 637 645 649 652 657 663 669 677 678 686 690 
4 35 44 46 52 54 57 62 63 64 71 73 78 79 84 90 91 95 96 98 101 102 103 108 110 111 118 127 128 130 132 134 135 139 143 146 149 162 164 165 166 167 172 179 181 182 188 190 202 208 209 215 221 225 230 231 234 237 239 240 251 253 255 259 268 269 272 273 277 283 285 288 291 293 294 298 303 304 310 313 318 319 321 332 333 334 335 337 341 344 347 353 355 358 360 367 371 374 385 386 393 395 396 399 404 408 410 411 415 417 428 429 434 435 436 439 442 443 444 447 451 454 455 459 462 463 464 465 466 467 470 472 474 478 488 489 490 492 495 507 509 513 520 522 526 528 530 531 532 534 539 543 545 547 549 554 557 558 563 566 567 568 570 572 574 576 578 582 586 591 593 596 598 601 603 606 612 614 616 618 619 624 626 628 632 634 635 637 638 647 653 656 658 661 664 665 669 673 685 691 692 695 697 698 
6 35 54 64 86 90 99 103 107 128 135 145 161 170 171 178 193 197 202 208 221 250 267 272 284 307 313 314 315 321 329 349 350 369 385 397 408 415 424 425 455 459 490 494 512 528 535 545 549 592 603 641 644 653 658 664 683 685 689 694 
18 29 36 42 65 66 67 79 81 83 86 115 140 149 154 159 160 173 178 184 185 186 187 191 192 200 201 202 220 223 224 230 251 257 258 263 270 274 275 282 284 286 291 293 295 296 316 323 324 332 333 343 351 353 356 357 369 378 379 383 400 402 406 412 418 421 422 440 445 447 448 455 460 464 468 471 473 477 480 484 512 516 518 519 535 544 545 571 582 602 607 611 636 641 643 649 650 651 656 659 660 664 668 671 672 673 676 682 683 684 687 690 691 699 700 
26 33 53 69 72 76 91 110 115 120 122 126 133 136 147 163 176 177 180 189 195 202 211 212 228 238 247 259 300 319 342 355 362 376 380 381 387 401 407 409 413 420 430 438 451 453 460 470 473 493 495 499 506 509 521 541 543 560 562 564 565 571 576 584 599 600 613 631 637 660 663 690 696 699 
22 38 63 75 80 84 97 99 102 109 136 139 141 182 192 195 198 205 212 216 221 222 266 272 289 305 308 345 384 396 413 425 437 439 460 472 487 498 505 514 515 539 550 556 570 578 590 597 604 606 607 620 628 630 649 661 670 671 
2 42 55 57 99 108 109 116 123 127 134 139 161 162 165 166 168 188 192 195 203 221 223 238 250 251 263 269 272 281 307 313 317 318 328 329 332 333 335 337 338 340 343 349 383 384 395 411 417 418 429 434 436 443 444 451 455 465 466 468 472 474 475 478 485 490 494 502 512 514 520 528 529 531 549 557 563 566 567 568 572 583 585 586 590 591 592 610 614 619 626 629 637 642 647 653 660 661 664 666 668 670 674 681 689 690 691 692 694 697 
14 28 31 62 75 80 85 95 97 102 121 123 139 141 161 179 193 194 215 221 241 248 252 253 271 272 273 293 296 297 308 311 326 334 338 344 347 356 360 372 393 396 403 411 413 417 432 437 448 451 464 471 472 485 495 507 508 510 539 544 547 550 558 559 567 570 578 583 590 596 606 610 616 622 623 637 651 657 
16 17 22 30 38 39 59 71 80 97 105 112 117 129 139 141 198 205 209 223 226 229 254 256 266 272 278 297 308 327 335 336 345 354 360 372 396 400 404 407 425 434 437 449 450 460 468 469 484 487 497 498 504 510 511 517 518 523 531 537 544 550 556 566 570 586 590 606 608 611 613 615 620 625 627 639 640 643 649 651 656 657 661 667 671 677 688 
6 11 15 16 27 49 61 71 73 79 88 105 112 115 118 121 122 126 143 144 146 147 153 163 164 176 191 198 209 210 211 237 239 243 249 258 290 291 298 301 305 310 322 325 332 341 342 352 360 362 372 373 376 387 391 392 404 407 413 424 428 429 430 435 449 456 459 462 467 468 479 482 497 505 517 524 532 534 537 548 573 576 582 584 592 597 599 600 605 611 613 615 616 619 620 624 628 632 634 641 644 646 650 652 654 656 658 663 665 667 677 678 679 684 686 688 695 
31 48 54 56 65 66 68 79 86 107 111 125 144 149 154 159 161 163 170 178 180 184 186 204 220 228 230 234 239 256 260 261 279 280 284 304 320 342 346 347 350 351 360 369 377 386 393 400 407 435 440 445 452 468 484 486 497 510 516 518 535 537 541 544 549 554 561 570 571 572 576 580 584 595 603 605 611 625 632 641 651 655 659 676 694 
7 20 28 55 63 68 75 84 88 95 101 105 121 135 143 162 167 168 171 172 179 181 190 192 193 199 203 213 221 231 238 248 252 269 270 273 281 298 311 317 326 328 332 338 343 347 356 360 369 372 375 392 393 397 401 403 404 410 411 414 415 417 439 442 443 444 448 451 454 459 472 483 485 486 488 489 502 503 507 508 510 514 520 526 530 531 534 536 539 542 547 550 551 558 563 566 568 572 575 578 583 585 592 596 597 601 602 604 614 617 618 622 623 629 630 638 639 646 647 649 655 661 668 671 681 690 691 697 
8 12 27 37 39 42 46 62 71 77 95 98 115 120 123 132 134 135 166 168 169 180 182 188 192 207 213 215 217 223 225 243 246 250 253 255 260 263 265 270 272 277 278 281 287 288 309 314 315 321 323 333 340 343 349 358 362 371 374 383 384 395 415 418 422 426 436 444 446 447 451 453 456 461 466 468 472 490 494 512 520 521 522 523 525 547 552 557 559 566 567 574 576 590 591 598 602 603 610 612 635 638 639 643 654 656 657 660 669 670 689 692 693 694 698 
3 8 12 41 62 77 78 83 95 98 111 135 143 149 162 168 169 179 180 181 200 204 207 215 217 221 225 228 234 239 240 241 255 268 273 278 283 286 288 298 304 307 309 321 322 323 339 342 358 360 362 393 401 404 410 439 442 446 447 453 456 461 482 485 488 489 495 507 521 522 523 530 534 539 548 558 559 567 568 572 574 576 578 583 598 601 603 605 612 616 618 629 638 640 643 646 656 669 698 
14 19 36 42 43 57 81 83 87 93 102 115 116 123 171 174 176 181 185 187 192 195 197 200 214 219 223 239 240 245 263 268 271 274 283 286 287 295 296 302 306 323 332 340 343 364 376 379 383 384 389 401 439 442 448 468 471 473 480 492 495 510 512 513 520 521 525 530 534 538 559 566 590 592 599 601 602 616 617 618 621 622 623 633 638 639 642 648 660 670 671 683 687 689 694 695 700 
2 21 27 37 46 47 54 58 138 177 232 236 238 243 246 247 260 298 300 305 308 321 331 339 348 351 390 397 422 426 452 465 471 480 481 499 505 526 529 536 544 552 561 592 594 600 603 636 642 645 649 651 654 666 671 680 687 693 696 699 
32 36 48 57 70 81 83 99 148 150 158 164 171 173 174 185 187 200 213 218 236 244 245 279 286 292 295 296 305 306 311 332 353 378 391 399 401 412 422 448 457 471 473 480 484 491 501 512 515 521 524 525 526 538 540 546 553 559 581 587 592 600 610 617 623 628 639 649 651 653 662 671 683 687 689 694 
9 11 13 69 73 112 119 124 126 129 144 146 151 157 162 164 198 208 233 235 237 250 255 262 265 267 272 279 290 299 302 303 305 307 313 315 325 329 344 349 354 355 357 362 388 391 394 398 407 413 428 431 433 435 444 445 458 462 463 470 476 479 484 490 494 495 505 509 512 513 514 515 531 532 540 543 545 554 560 566 569 573 576 578 579 582 587 595 597 616 619 620 624 628 632 634 637 641 649 652 665 673 677 678 686 695 697 
23 25 32 44 68 74 80 86 91 96 105 107 111 121 139 149 154 161 162 167 170 178 180 184 186 198 204 205 209 220 221 230 234 244 253 261 274 284 285 297 303 304 305 334 345 347 350 353 367 368 369 370 375 386 394 396 401 407 413 419 437 468 484 486 490 501 505 510 522 535 542 550 554 570 572 574 577 605 616 620 628 637 639 641 655 663 676 678 691 
51 63 80 100 109 113 130 139 145 175 198 267 276 330 367 404 457 484 500 504 505 531 532 550 596 653 690 
6 12 15 27 50 61 63 70 78 79 102 105 121 142 143 148 150 152 158 163 167 176 180 181 191 193 199 210 213 230 231 236 238 240 241 244 249 251 252 253 258 268 269 270 283 291 292 298 318 319 322 329 332 341 342 352 356 365 369 372 375 384 397 399 401 407 413 422 425 429 439 442 449 456 459 472 482 483 486 488 491 492 495 497 501 503 506 516 520 526 527 530 534 537 540 542 547 548 551 553 555 566 572 574 575 581 595 597 601 604 605 611 612 614 616 618 628 630 638 646 650 652 653 658 661 662 667 679 689 
41 79 82 108 114 120 142 147 183 195 226 229 256 290 301 312 325 339 344 353 354 355 361 365 391 394 415 416 419 424 427 444 450 463 507 513 517 523 543 547 548 550 566 577 580 584 589 595 596 602 612 615 639 640 643 657 659 663 667 668 677 678 680 685 688 690 696 
