1 5 18 45 48 56 65 66 67 92 105 109 122 124 125 159 230 241 319 320 346 348 351 367 377 400 440 475 510 518 544 561 571 625 651 676 689 
2 31 55 84 168 203 238 281 317 328 411 475 502 514 531 566 585 614 629 647 668 674 681 690 691 694 
2 21 27 47 54 58 138 230 232 238 243 321 339 465 529 536 592 594 603 636 645 
2 3 23 105 163 210 239 243 249 316 322 342 352 456 482 548 554 576 592 605 616 650 
2 27 72 76 91 110 115 120 122 177 195 197 294 348 355 380 381 409 415 420 432 438 475 493 506 541 562 565 571 600 623 658 
3 12 88 102 105 121 152 167 171 199 231 249 269 290 297 356 375 392 472 483 503 526 542 551 566 572 573 575 604 630 646 652 667 689 
3 6 8 31 48 62 77 98 135 169 207 215 217 225 253 255 265 278 288 309 321 358 404 446 447 461 521 522 559 567 574 576 598 612 669 698 
3 49 70 99 140 148 150 158 185 209 213 218 230 236 244 270 292 353 378 399 425 491 501 524 526 540 553 581 650 653 662 
4 57 101 110 165 251 272 298 318 332 335 337 367 417 429 434 443 451 465 472 484 563 572 586 626 637 658 661 692 697 698 
6 15 16 27 49 61 79 122 163 191 209 230 238 249 291 298 301 332 365 449 468 497 537 597 611 652 658 679 
6 99 197 250 307 313 315 329 349 415 490 494 592 689 694 
6 89 131 171 174 206 227 264 324 492 531 533 554 588 593 607 612 657 673 675 691 
7 20 23 31 63 75 95 125 135 162 172 179 190 221 270 273 298 347 356 360 393 404 410 412 415 422 454 472 488 489 507 536 539 547 558 568 578 596 597 623 
9 10 53 57 115 120 122 133 137 147 163 176 177 180 211 228 238 241 259 265 301 319 325 362 376 387 473 521 564 576 584 599 611 613 631 637 645 663 
9 14 23 34 39 56 57 79 95 124 125 129 135 151 233 235 262 301 354 359 361 363 391 398 412 423 431 433 463 479 519 560 569 573 579 603 649 667 
9 39 42 102 105 115 120 123 165 192 195 223 243 263 272 278 323 333 340 343 383 384 468 512 566 590 602 610 639 660 670 689 698 
9 11 84 126 198 209 272 290 305 325 345 391 404 407 413 484 505 515 531 573 597 616 620 628 637 649 652 678 
10 13 25 32 82 120 124 155 183 274 279 297 306 315 334 344 345 353 355 365 368 370 382 391 401 416 419 453 464 486 514 536 577 589 595 610 657 678 685 
10 14 19 43 87 93 116 137 197 214 219 271 287 302 364 379 389 411 510 524 525 616 621 622 623 633 648 674 685 
10 38 84 109 136 212 216 222 266 289 425 460 498 514 556 649 
14 30 33 49 137 177 189 193 247 253 300 301 321 323 331 348 365 390 397 401 414 415 422 430 452 465 481 499 639 642 656 666 674 680 696 699 
14 69 112 157 163 193 253 294 299 325 357 378 388 451 458 514 576 597 650 675 
17 22 39 59 117 241 278 327 336 425 469 484 487 504 511 531 608 611 620 627 667 
23 44 54 74 96 111 149 162 204 209 234 253 261 285 304 345 367 386 486 570 572 616 691 
24 26 31 50 56 94 102 106 110 156 165 197 242 254 280 282 294 310 316 334 355 366 405 425 441 451 464 476 496 526 527 555 587 603 609 610 
27 37 46 95 115 140 180 246 260 265 298 422 426 505 521 552 654 657 674 693 
28 85 95 193 194 248 252 311 326 338 356 372 403 411 464 485 508 510 559 583 
29 49 79 140 160 165 201 224 257 258 270 275 293 316 325 356 402 406 412 418 421 445 477 516 536 559 571 582 607 650 659 672 682 684 691 700 
35 54 64 84 90 103 128 135 137 171 202 208 272 315 321 385 408 455 528 545 603 653 658 664 685 
36 81 83 142 171 173 187 200 245 265 286 295 296 297 332 339 378 401 412 422 448 465 471 480 521 538 559 592 617 623 639 645 649 653 671 683 685 687 694 
39 63 78 99 102 142 143 180 181 239 240 241 268 270 283 319 323 401 439 442 451 486 495 526 530 534 601 612 618 637 638 653 698 
40 60 104 140 153 196 202 332 339 373 424 427 459 524 546 554 582 644 645 675 
41 79 114 142 195 226 229 256 290 312 339 353 365 391 450 517 523 580 612 615 639 640 643 667 677 678 688 690 
48 63 80 97 99 139 141 162 195 205 297 308 334 344 345 367 396 404 437 505 550 606 607 620 656 657 
48 63 71 73 118 144 146 164 237 243 249 278 290 294 303 315 341 428 435 462 464 467 475 505 524 532 554 566 573 582 619 624 632 634 665 675 678 686 694 695 
51 100 109 113 130 145 175 267 276 330 457 484 500 690 
52 108 109 110 127 132 134 162 166 177 182 188 193 239 277 314 316 319 323 344 371 374 395 436 444 466 468 472 474 478 520 549 557 572 582 591 607 610 635 656 
54 56 57 68 86 107 125 154 161 170 178 180 184 186 202 220 239 284 334 350 369 468 486 510 535 571 611 641 655 656 
119 124 142 202 344 348 353 355 378 394 411 470 509 513 543 620 652 690 
