16 39 54 66 81 96 97 100 118 119 128 135 139 142 153 155 159 173 178 194 196 229 236 238 243 247 248 250 266 271 282 303 312 330 332 337 338 347 360 365 377 398 399 413 414 415 426 436 461 480 484 488 489 492 501 508 532 557 563 564 567 569 571 573 576 599 614 616 618 626 635 638 642 646 652 657 667 681 692 
47 68 74 78 93 95 107 114 135 147 171 172 188 198 205 209 210 234 273 346 371 411 413 424 448 484 494 501 515 527 548 563 599 608 609 613 615 620 642 649 661 662 664 674 698 
28 30 36 41 62 63 70 78 93 110 120 126 129 131 139 143 146 153 162 175 181 190 210 220 227 236 241 245 248 266 269 271 282 292 336 337 345 346 348 354 356 358 360 386 391 395 397 405 406 409 414 420 424 437 439 445 450 451 463 487 492 496 500 501 503 508 549 555 569 570 571 581 585 599 601 614 617 620 621 626 628 629 634 639 642 646 649 658 670 678 681 691 692 698 
68 74 80 108 113 114 133 147 151 181 188 192 198 199 210 215 268 288 315 324 328 341 342 350 365 366 371 378 392 394 396 411 413 421 424 439 445 463 465 492 502 504 530 535 555 560 563 565 566 578 593 598 607 613 623 624 628 629 635 644 659 666 673 674 680 693 696 697 
140 148 153 163 175 180 189 200 201 236 271 282 292 300 301 302 304 306 314 319 320 322 332 342 346 352 360 383 391 400 414 420 439 460 473 488 499 501 507 508 515 523 544 546 562 569 599 600 614 618 620 642 658 675 681 
7 13 27 47 78 84 89 93 104 114 122 135 148 161 163 177 184 200 202 216 222 225 251 252 262 280 288 294 302 306 308 314 322 335 360 366 385 387 392 397 405 409 414 415 420 430 439 444 458 460 463 470 479 480 486 494 495 499 505 515 516 547 552 553 555 566 578 596 604 606 608 610 612 615 620 624 627 633 649 655 661 663 664 670 678 679 698 
5 18 37 46 56 62 69 73 84 85 98 126 131 133 142 148 150 155 157 161 163 175 179 183 189 190 192 193 197 200 203 208 214 233 238 239 254 255 263 269 271 276 292 302 306 314 322 326 327 340 342 345 349 352 354 356 358 360 380 385 386 391 392 400 403 414 424 428 433 442 444 450 451 460 465 466 470 477 488 490 491 499 500 502 504 506 519 530 533 538 541 546 548 549 551 555 556 557 558 561 574 581 582 587 588 591 593 601 602 614 617 620 625 628 631 634 639 642 656 680 689 696 697 698 
1 12 16 21 23 29 32 33 35 39 54 56 65 66 69 76 79 81 90 96 97 99 100 106 107 110 118 119 121 122 128 134 139 141 149 150 153 156 158 159 162 167 169 171 174 175 178 187 194 196 198 201 204 208 212 213 224 237 247 248 257 259 264 266 269 271 273 275 277 285 292 299 303 305 310 312 328 330 332 336 338 346 347 365 370 372 377 380 389 392 393 395 396 399 403 406 407 408 409 412 414 415 417 418 425 426 431 433 436 437 440 449 454 457 461 463 469 481 482 483 484 488 489 497 498 505 513 517 526 527 528 532 540 543 545 547 548 551 552 554 557 562 564 570 571 572 573 574 575 576 579 580 582 589 594 598 614 616 621 622 623 626 632 634 635 636 643 646 652 656 657 660 665 667 671 672 678 679 683 684 690 692 694 698 
4 37 58 61 77 81 83 84 94 97 101 104 115 125 147 153 158 170 171 176 186 197 202 209 214 232 244 245 246 258 261 269 285 292 318 321 328 331 334 335 339 343 347 352 358 362 364 378 382 387 399 404 407 432 436 439 474 478 479 481 495 500 502 511 512 513 517 526 528 537 540 558 566 575 576 578 592 597 607 620 624 627 645 648 652 660 661 664 667 673 676 686 
13 55 71 108 120 126 131 135 151 162 173 199 220 226 239 245 247 253 270 310 324 328 341 345 350 351 354 356 368 378 381 386 391 397 414 421 441 447 448 451 456 462 472 487 492 502 503 509 511 516 528 531 535 541 548 551 556 560 565 566 574 587 593 598 617 618 628 639 640 648 649 658 664 680 693 698 
21 29 33 66 90 121 125 141 150 168 174 205 218 240 242 250 273 280 300 312 318 329 336 347 370 392 393 394 395 397 402 406 408 415 432 434 444 449 452 458 470 481 482 484 487 498 520 524 545 550 554 566 577 594 604 615 621 624 626 629 634 637 646 648 656 670 671 676 686 687 694 
12 17 18 30 32 36 42 46 48 49 53 58 60 61 64 70 71 73 74 81 85 88 91 94 99 102 103 113 125 127 128 129 140 152 154 156 158 160 167 173 176 177 182 189 194 207 211 213 220 224 231 233 234 235 237 243 244 249 251 253 258 260 262 270 275 280 285 287 289 290 291 295 301 308 309 313 319 321 325 333 334 344 351 352 358 362 368 374 376 379 380 381 392 394 395 404 410 411 415 416 429 430 432 435 437 439 442 443 446 447 451 452 456 457 458 463 467 470 471 472 477 478 483 485 488 494 496 500 503 504 505 509 511 512 514 517 520 525 526 528 529 531 534 540 546 556 560 566 567 575 578 585 590 608 618 621 624 626 627 640 641 645 647 650 652 662 663 666 668 676 677 688 690 691 692 693 694 695 697 
12 21 25 27 32 33 35 43 51 63 66 70 90 107 121 125 127 141 150 152 165 168 174 178 188 189 197 214 255 280 293 298 310 327 334 347 352 393 399 403 404 408 411 413 430 449 462 481 482 483 498 500 510 512 517 525 526 527 533 540 542 545 546 547 558 563 582 594 603 606 621 629 632 640 652 656 663 668 671 673 676 682 686 691 694 
39 62 69 71 79 92 95 108 122 132 135 136 150 151 173 190 199 202 219 224 233 240 241 245 253 269 270 272 287 301 311 315 316 319 324 328 339 341 350 351 352 368 373 378 381 387 392 396 402 411 421 425 435 447 450 452 457 462 472 475 484 490 492 495 502 503 504 509 510 527 528 531 535 547 549 551 555 556 558 560 564 565 568 569 576 579 581 589 595 601 604 607 620 627 628 629 630 634 636 658 659 665 683 688 693 697 
18 37 49 62 69 75 78 80 88 98 102 113 116 122 131 132 136 140 141 155 161 176 177 185 189 190 197 205 206 217 219 227 233 241 245 256 263 269 276 279 284 285 305 311 326 344 348 349 359 362 367 373 374 390 397 402 418 423 425 428 436 445 446 450 452 453 461 464 465 466 470 476 477 478 483 495 500 505 519 520 521 524 533 534 543 548 549 554 555 556 557 558 563 567 571 577 578 581 582 601 602 604 608 609 610 626 627 629 632 634 645 669 672 692 694 
14 26 62 73 98 115 132 142 147 155 161 164 175 180 186 190 199 207 209 234 251 258 263 265 269 273 276 280 290 301 308 325 326 333 342 349 358 383 405 406 410 416 428 436 439 452 456 466 467 473 477 483 484 485 487 491 496 498 502 504 507 514 519 523 534 542 544 557 566 582 585 590 596 599 600 602 607 615 619 631 641 656 661 663 664 675 677 695 696 
21 27 71 89 93 101 138 161 168 184 221 225 253 262 270 294 351 358 364 368 385 387 430 437 447 452 462 471 472 479 480 484 509 513 531 535 547 552 553 561 578 589 596 597 610 612 633 653 656 679 688 693 
74 79 88 102 133 142 145 150 151 157 158 183 208 224 242 245 250 254 266 305 327 329 352 374 378 392 397 400 438 442 444 452 457 458 459 470 503 520 524 529 535 546 549 550 551 555 560 567 578 581 588 604 608 610 615 622 624 625 627 637 640 645 647 679 687 689 694 700 
6 25 32 36 47 48 63 67 70 85 92 102 103 114 122 127 128 129 133 141 143 145 150 160 167 173 177 179 181 183 185 189 205 211 213 218 219 223 224 226 233 235 239 240 260 269 275 280 287 289 291 295 299 307 311 313 316 325 331 337 348 352 355 363 374 376 380 381 392 395 396 398 402 405 409 420 422 427 435 437 443 448 450 451 457 463 471 474 475 484 485 490 504 505 506 510 511 517 522 528 529 530 534 538 566 568 570 579 585 604 608 615 621 624 627 630 634 640 643 646 647 650 653 658 659 661 662 663 669 670 676 683 688 691 692 694 697 699 
14 15 31 56 59 67 85 110 123 124 133 145 147 150 179 181 183 188 202 205 219 223 226 254 265 268 269 278 283 288 292 315 329 337 348 357 361 383 384 388 392 397 409 416 450 453 462 463 465 485 490 493 506 516 518 521 522 530 534 538 539 547 560 570 578 585 586 587 608 618 629 639 644 646 647 649 650 655 659 663 673 678 687 691 697 699 
22 28 30 36 41 44 46 47 48 57 62 63 67 68 72 75 76 80 84 85 86 93 95 99 104 112 114 116 122 132 133 139 143 145 150 153 172 174 176 179 180 183 188 190 198 205 206 209 210 213 215 216 219 221 223 227 229 230 233 236 237 241 245 248 254 259 263 264 271 274 282 285 288 292 296 297 299 315 318 327 336 337 346 348 356 358 360 361 371 373 377 388 389 395 396 401 403 405 409 411 412 413 414 417 418 419 420 424 432 433 436 438 439 445 448 450 463 465 474 476 483 484 490 492 498 500 501 505 506 519 522 528 530 533 538 539 545 546 548 549 555 556 561 563 564 569 570 571 574 575 581 585 594 595 599 601 603 607 611 613 614 616 618 620 621 623 624 627 628 632 634 635 636 638 642 644 646 647 653 654 655 658 660 663 664 665 670 674 681 682 684 685 686 691 692 697 699 
9 12 32 40 41 43 46 51 52 66 69 77 82 87 88 94 96 97 105 107 109 111 123 124 128 137 152 164 168 182 186 187 192 197 202 204 220 235 238 246 251 261 265 280 281 286 292 293 297 298 303 310 311 313 320 333 345 363 365 380 384 386 388 391 393 398 399 403 404 407 431 434 440 441 443 455 459 483 494 505 514 517 527 536 542 546 552 563 572 573 577 606 635 639 640 643 648 652 653 654 660 663 668 672 673 676 679 690 691 
12 22 27 28 40 43 51 76 87 92 95 107 111 112 115 123 124 141 150 152 156 165 166 192 202 205 206 214 219 221 233 240 255 269 279 287 293 298 307 310 316 317 324 352 377 384 388 396 402 403 424 435 438 445 455 459 462 475 476 488 500 527 528 533 542 546 548 549 552 558 561 568 569 573 579 582 603 604 606 611 616 618 620 621 627 629 630 634 638 639 651 654 656 668 673 676 682 683 686 688 690 691 
37 58 61 83 111 186 244 255 265 285 321 362 406 411 415 436 449 475 478 482 485 492 509 511 528 531 537 538 542 558 592 594 606 620 621 673 686 693 
14 15 30 31 48 53 59 63 79 87 91 92 110 159 185 186 192 206 226 227 231 233 239 240 249 257 269 272 283 287 292 316 324 331 352 363 365 369 381 382 389 397 402 409 411 422 435 459 462 471 475 477 500 510 512 516 518 527 528 533 534 540 559 561 564 565 568 572 579 580 587 604 620 621 622 627 630 638 654 662 665 668 676 678 683 688 691 692 
9 12 14 15 16 23 31 35 37 39 40 46 52 55 56 58 59 61 66 67 72 73 74 77 81 83 85 95 96 97 104 105 111 117 123 124 128 131 133 137 139 145 147 149 164 173 178 179 183 186 187 192 195 202 205 220 222 223 226 230 235 239 244 246 254 261 269 272 277 278 283 285 286 292 303 305 310 317 318 321 333 337 346 347 348 354 356 357 361 362 363 377 383 384 386 388 391 392 393 396 399 400 403 404 406 407 411 412 415 425 434 438 441 448 451 454 455 468 469 474 475 478 482 485 490 492 493 496 502 506 516 518 522 528 530 534 537 538 539 541 544 547 548 552 560 566 577 583 584 585 586 587 592 593 611 617 620 622 623 624 626 628 629 632 639 641 644 645 648 651 652 654 655 659 668 671 672 673 678 679 684 686 691 692 698 699 700 
3 8 18 19 21 25 29 37 40 44 48 49 50 57 58 61 62 65 68 69 75 76 80 82 83 86 88 89 92 93 95 99 102 103 104 109 111 113 114 120 121 123 124 125 130 132 135 139 140 141 144 153 154 162 166 167 169 170 171 172 174 175 177 188 189 190 192 198 201 202 206 209 210 211 212 216 227 236 237 241 243 244 247 250 257 258 259 264 266 269 271 280 281 285 291 292 294 296 297 299 307 310 311 320 323 330 331 334 336 341 344 355 358 362 363 365 367 370 371 372 374 375 383 384 388 389 390 393 395 396 398 399 400 401 404 405 406 408 409 411 413 415 417 418 422 424 431 433 436 438 439 440 445 446 449 450 452 453 454 455 457 465 470 474 478 481 483 492 497 501 505 508 512 517 522 526 527 528 529 530 534 535 536 537 540 545 546 549 551 552 555 556 559 561 562 563 564 567 568 569 574 575 578 579 581 587 592 594 598 599 601 602 603 605 607 613 614 615 618 620 621 626 628 629 634 635 636 639 642 643 645 647 650 651 652 653 654 660 661 662 665 672 673 674 681 684 685 690 692 694 
2 24 30 36 46 56 63 69 80 84 88 96 98 99 104 110 131 141 143 146 155 157 161 166 175 185 193 203 205 206 208 209 211 212 215 219 221 226 227 230 237 241 254 259 263 268 272 274 276 288 315 316 318 323 326 336 340 346 348 349 353 361 366 389 390 396 400 403 405 409 412 417 420 425 427 428 432 436 456 458 463 466 475 477 483 493 498 500 514 519 524 530 532 533 539 541 543 548 555 557 558 559 561 564 570 571 574 575 582 585 587 589 591 593 602 603 608 611 614 621 622 623 624 625 634 636 638 639 643 644 646 651 655 658 659 660 663 665 669 670 672 680 682 689 690 691 697 
30 65 82 95 99 101 104 109 166 174 185 211 212 220 228 237 238 257 259 260 274 281 291 309 311 320 336 348 350 365 367 378 380 381 389 390 391 398 409 414 417 431 433 438 440 463 470 483 488 494 503 536 551 559 561 564 567 572 574 575 579 611 620 621 626 629 636 643 645 646 649 653 655 660 663 665 669 670 673 683 684 690 698 
17 42 60 64 73 74 79 88 101 102 110 125 139 151 156 158 160 167 182 207 211 218 228 242 243 245 250 251 289 291 308 309 313 318 325 329 330 331 333 355 358 374 379 394 395 397 410 411 415 416 422 432 435 440 442 457 458 459 464 467 471 483 488 503 510 512 514 520 524 525 529 531 535 540 550 557 560 586 595 614 624 637 643 650 662 663 666 676 687 688 690 695 
8 24 56 61 80 82 94 103 104 111 127 130 146 154 166 167 170 177 185 186 193 203 211 217 218 228 230 238 244 259 260 268 274 280 285 291 307 317 318 320 321 323 325 331 340 346 353 355 357 367 374 376 383 390 392 395 398 403 405 411 412 427 431 438 440 446 453 476 478 492 511 517 522 527 529 536 537 538 539 543 547 563 571 572 591 592 593 601 605 608 615 622 623 629 643 647 650 651 653 655 659 662 669 672 690 
10 16 25 26 35 46 47 66 70 73 79 81 96 97 101 106 125 128 135 138 141 159 171 178 190 197 198 207 243 265 266 267 273 290 301 303 308 309 334 343 347 358 365 369 377 399 404 406 410 416 428 438 439 445 446 456 457 464 467 485 496 498 508 511 512 526 529 534 540 550 580 590 598 599 609 610 626 631 632 637 641 642 652 656 673 677 686 687 691 695 
2 9 29 34 41 45 52 77 80 105 116 118 136 137 142 145 164 171 179 180 186 187 192 214 217 218 229 241 246 255 256 261 267 271 273 279 284 286 297 300 301 319 342 358 359 407 408 410 419 423 424 429 434 441 445 450 452 453 459 462 464 465 473 476 484 491 504 507 508 518 521 523 535 542 544 545 546 549 554 558 566 569 571 577 581 587 589 598 600 606 609 610 619 629 632 656 658 661 672 675 676 696 
50 82 84 89 109 115 161 169 184 202 221 228 238 262 281 294 311 318 320 348 358 364 372 385 387 392 398 430 431 436 440 469 471 479 480 483 495 517 529 536 544 546 547 549 553 572 596 601 610 612 619 628 633 643 646 649 653 654 663 679 684 690 
65 72 117 149 166 174 195 215 222 224 230 242 245 272 274 277 278 305 315 317 318 324 333 357 361 375 396 412 423 425 433 438 454 468 469 474 478 493 500 523 539 543 561 571 583 584 586 593 596 603 611 622 627 641 654 659 669 682 684 700 
14 26 36 46 60 62 70 73 103 110 127 129 150 160 181 199 207 209 210 213 220 234 265 275 278 280 289 290 295 308 309 313 325 327 339 346 358 376 383 400 405 406 409 410 416 420 428 429 437 439 443 456 467 484 485 491 496 505 511 513 534 551 585 590 596 602 621 631 640 666 670 674 677 681 686 689 695 
25 44 48 57 75 80 86 120 122 132 180 197 206 208 209 216 219 227 251 263 264 296 297 299 354 373 377 401 418 439 445 465 505 527 546 556 566 593 598 603 607 617 635 673 685 
36 62 67 69 72 85 94 113 125 133 145 171 183 190 195 205 222 223 224 233 239 241 242 245 250 266 300 305 318 329 334 337 352 364 385 392 393 396 402 404 430 440 445 448 450 470 474 490 495 501 505 506 512 517 520 524 526 530 535 538 540 549 550 555 558 577 581 584 585 586 597 599 601 608 620 621 624 627 629 634 637 642 646 647 661 687 693 694 696 697 699 700 
11 20 21 33 38 45 55 66 71 77 79 81 82 90 95 96 97 99 101 108 109 111 120 121 126 131 137 141 147 151 168 174 176 187 191 199 212 220 228 229 237 239 246 253 259 261 269 270 281 303 304 309 311 328 336 338 341 343 345 346 350 351 354 356 368 378 381 382 386 389 390 391 393 399 407 408 414 415 417 421 431 432 433 438 440 441 447 449 451 457 462 471 472 481 482 483 487 492 494 498 501 502 503 508 509 510 511 517 522 525 526 528 531 535 536 540 541 545 547 551 554 558 561 564 565 566 572 574 575 576 577 589 594 595 598 617 618 621 629 636 639 640 643 648 652 653 660 665 671 673 676 690 693 698 
10 24 30 34 45 47 56 68 106 107 108 113 114 115 116 118 126 131 135 136 138 139 140 146 147 151 153 159 164 171 172 179 180 185 188 193 198 199 203 205 217 224 226 229 236 238 242 243 250 256 265 266 267 271 273 279 282 283 284 300 301 319 323 328 329 339 340 341 342 345 346 347 348 350 353 354 356 359 360 365 369 371 378 380 386 391 403 411 413 414 415 419 421 423 424 427 429 434 439 445 448 451 452 453 456 458 462 463 464 473 476 480 492 496 501 502 504 507 508 520 521 522 523 524 527 535 538 541 543 544 546 548 550 554 558 560 561 563 564 565 569 571 580 586 589 591 599 600 608 609 613 614 617 618 619 620 622 625 628 629 637 639 642 653 656 658 659 669 674 675 680 681 687 689 691 692 695 696 698 
15 29 33 54 56 69 72 96 117 121 149 166 168 174 175 189 195 203 215 219 222 225 230 268 271 272 274 277 278 288 292 297 305 312 315 316 317 328 333 357 361 365 366 370 392 393 396 408 412 415 417 423 425 433 438 448 449 468 469 474 478 480 481 482 493 498 500 510 516 523 525 534 539 545 551 554 561 566 583 584 586 593 594 595 596 608 623 624 629 641 644 655 659 671 672 680 684 697 700 
