1 23 54 100 119 134 194 196 204 247 248 312 330 332 338 426 461 489 532 573 576 657 667 
34 118 180 300 301 319 342 429 473 504 507 523 544 600 619 675 696 
14 15 31 59 110 147 181 186 226 239 269 283 288 292 363 383 397 411 462 516 518 534 547 560 587 622 678 691 
56 215 230 268 274 288 315 357 361 366 412 493 539 593 623 644 655 659 
55 120 126 131 345 354 356 386 391 451 487 502 541 617 639 698 
72 117 149 195 222 272 277 278 305 317 333 425 468 469 583 584 586 641 684 700 
5 142 157 203 208 254 327 400 444 491 588 625 689 
18 49 113 140 344 470 534 567 578 626 645 692 694 
21 29 33 90 121 168 174 273 312 370 393 395 408 415 433 449 481 482 484 498 545 547 551 554 561 566 594 621 629 632 656 671 
40 123 124 192 202 310 384 388 455 527 552 639 654 676 691 
4 94 147 158 170 176 202 209 214 232 245 246 258 339 343 364 378 387 439 474 495 513 578 592 597 
12 43 51 107 152 165 255 293 298 403 459 462 527 542 546 558 606 629 668 673 691 
79 242 245 250 318 329 397 458 459 520 524 535 550 560 624 637 687 
2 24 146 185 193 229 340 353 405 427 458 543 571 589 591 608 622 625 669 680 
45 116 136 217 256 267 279 284 359 419 423 445 453 462 464 476 484 508 521 554 558 566 589 608 609 626 656 658 
36 63 98 125 134 143 155 161 171 178 189 197 209 263 269 276 326 334 346 348 349 352 358 395 404 405 409 420 428 463 466 477 483 494 500 512 517 519 526 540 548 557 558 570 571 582 585 602 621 628 629 646 656 658 663 668 670 673 691 692 
37 58 61 83 186 244 285 321 362 411 436 478 492 511 517 537 592 
28 76 112 206 221 396 403 528 533 548 561 585 603 611 616 618 638 682 686 
9 52 77 105 137 164 186 187 220 246 261 286 292 297 310 346 407 434 441 577 648 654 672 673 676 
17 42 64 88 156 182 243 251 309 379 394 432 442 488 514 663 666 
99 212 237 259 336 389 417 438 457 564 574 575 636 660 665 
3 19 50 65 144 162 169 175 201 257 372 375 454 497 559 562 690 
6 32 102 167 177 211 218 260 291 325 331 355 374 422 529 647 650 662 
26 46 73 207 234 265 290 308 406 410 416 456 467 485 496 590 631 677 695 
148 163 200 302 306 314 322 460 499 620 
44 48 57 75 80 86 122 132 216 219 227 264 296 299 373 401 418 465 556 607 635 685 
87 92 95 150 240 287 316 324 402 475 568 579 604 630 683 
71 173 224 253 270 351 368 381 447 452 472 509 531 693 
30 53 91 231 233 249 435 471 627 688 
11 20 38 101 111 141 191 304 382 503 510 525 595 
7 13 47 78 84 104 252 335 486 505 515 615 649 661 664 
8 130 154 166 307 323 367 390 446 605 651 
41 153 236 271 282 292 360 414 424 433 439 492 501 508 569 599 614 618 642 658 681 
67 85 133 139 145 179 183 205 223 337 392 448 490 506 522 530 538 699 
27 89 93 184 225 262 294 385 387 430 479 480 553 596 610 612 633 679 
82 109 115 228 238 281 311 320 380 398 431 440 536 572 643 653 
25 60 70 103 127 129 160 213 235 275 280 289 295 313 376 437 443 640 
10 106 138 159 266 369 445 508 580 598 
68 74 114 172 188 198 210 371 413 563 613 674 
16 22 23 35 39 66 81 96 97 128 178 197 303 347 365 377 399 626 632 652 678 686 692 
62 69 190 241 450 549 555 581 601 634 697 
108 135 151 199 328 341 350 378 421 565 
