0	1	8.18713	2	
0	3	4.48328	1	
0	5	21.3342	5	
0	6	21.5787	4	
0	7	3.57754	1	
0	8	16.3088	3	
0	9	21.6775	5	
0	10	15.7668	4	
0	11	5.62615	1	
0	12	12.1266	2	
0	14	12.9596	3	
0	15	18.6182	3	
0	16	30.3447	6	
0	17	17.644	4	
0	18	3.87065	1	
0	19	10.2453	2	
0	20	7.88854	2	
0	21	14.4171	3	
0	22	17.7886	4	
0	23	4.82498	1	
0	24	6.43916	1	
0	25	11.1867	3	
0	26	3.70098	1	
0	30	11.4689	2	
0	31	18.1698	4	
0	32	30.1109	6	
0	33	13.8672	3	
0	34	7.71209	2	
0	36	5.11585	1	
0	38	4.90648	1	
0	39	2.25435	1	
1	2	6.09682	1	
1	3	13.6388	3	
1	4	5.37954	1	
1	5	25.2715	5	
1	6	17.731	4	
1	7	32.5597	6	
1	9	11.622	2	
1	10	10.5975	3	
1	11	3.75145	1	
1	12	18.4682	4	
1	14	10.185	2	
1	15	6.18237	1	
1	16	16.9361	5	
1	19	4.59994	1	
1	20	25.563	5	
1	21	14.9128	3	
1	22	20.2197	4	
1	23	8.63747	2	
1	24	6.18237	1	
1	27	6.65782	1	
1	28	12.7196	3	
1	29	3.58788	1	
1	30	10.5685	3	
1	32	22.5139	5	
1	33	6.27814	1	
1	34	20.967	4	
1	35	7.16249	1	
1	36	6.66149	1	
1	37	5.18904	1	
1	38	29.7423	6	
1	39	4.7137	1	
2	4	23.3391	5	
2	5	7.13133	2	
2	6	3.22473	1	
2	7	11.4829	2	
2	8	16.808	3	
2	9	19.1256	4	
2	10	25.2184	5	
2	12	4.80893	2	
2	13	15.2692	3	
2	14	42.6204	9	
2	15	15.2441	3	
2	17	9.55317	2	
2	19	4.36462	1	
2	20	37.9352	8	
2	21	26.0941	5	
2	22	6.52832	1	
2	23	13.4598	3	
2	24	10.1109	2	
2	25	13.572	3	
2	26	2.51824	1	
2	27	29.4236	6	
2	28	6.05153	1	
2	29	5.6394	1	
2	30	4.57058	1	
2	31	10.6592	2	
2	32	14.5074	3	
2	34	16.8607	3	
2	36	36.4686	7	
2	37	17.8838	4	
2	39	16.8053	3	
3	4	44.6151	11	
3	5	32.437	7	
3	6	17.6763	4	
3	7	10.3157	2	
3	8	51.7423	11	
3	9	31.5648	7	
3	10	30.7277	6	
3	11	15.2441	4	
3	12	31.2601	7	
3	13	24.2628	6	
3	14	4.77968	1	
3	15	25.4454	6	
3	16	12.7518	2	
3	17	25.478	6	
3	18	16.1746	4	
3	19	14.3117	3	
3	20	24.4996	5	
3	21	8.29701	2	
3	22	25.1858	5	
3	23	24.311	5	
3	24	17.3657	4	
3	25	27.0819	6	
3	26	49.6653	11	
3	27	40.3518	8	
3	28	31.956	8	
3	29	32.8745	9	
3	30	16.4781	3	
3	31	28.7143	6	
3	32	6.16112	1	
3	33	13.7113	3	
3	34	8.04022	2	
3	35	14.7849	3	
3	36	34.4816	8	
3	37	16.3413	3	
3	38	28.2318	7	
3	39	20.6805	4	
4	5	13.0371	3	
4	6	23.9565	5	
4	7	28.2795	6	
4	8	17.8657	4	
4	9	23.7425	5	
4	10	56.54	11	
4	11	11.5156	2	
4	12	6.53174	1	
4	13	13.1045	2	
4	14	11.1967	2	
4	15	12.8477	3	
4	16	27.2346	5	
4	17	39.6781	9	
4	18	24.8712	6	
4	19	6.3552	1	
4	20	25.2732	6	
4	21	22.722	5	
4	22	29.7711	6	
4	23	9.42363	2	
4	24	13.3236	3	
4	26	16.3227	3	
4	27	16.8269	4	
4	28	18.9433	4	
4	29	48.9353	11	
4	30	14.42	3	
4	31	3.3548	1	
4	32	16.4351	4	
4	33	27.7305	6	
4	34	29.6365	6	
4	35	41.0812	9	
4	36	11.9366	3	
4	37	5.74617	1	
4	38	9.4035	2	
4	39	21.56	4	
5	6	34.5865	7	
5	7	50.3977	10	
5	8	33.0555	7	
5	9	42.0923	9	
5	10	6.70834	1	
5	11	4.46906	2	
5	12	8.9988	2	
5	13	10.2451	2	
5	14	22.8444	5	
5	15	22.826	4	
5	16	12.7455	3	
5	17	3.75166	1	
5	18	7.64582	2	
5	19	6.76464	1	
5	20	45.9335	10	
5	21	12.3729	2	
5	22	23.6974	5	
5	23	24.7362	5	
5	24	16.5462	3	
5	26	6.95277	1	
5	27	43.4317	9	
5	28	13.1331	3	
5	29	3.43981	1	
5	30	1.85405	1	
5	31	22.2718	5	
5	32	13.8173	3	
5	33	5.69777	2	
5	34	23.5826	5	
5	35	10.047	2	
5	36	25.0168	5	
5	37	26.8152	6	
5	38	7.95854	2	
5	39	41.0597	8	
6	7	20.6367	5	
6	8	18.2362	4	
6	9	13.2222	3	
6	10	19.5686	5	
6	11	12.0523	3	
6	12	23.6644	5	
6	13	21.6139	5	
6	14	30.2335	6	
6	15	22.3498	5	
6	16	15.9165	3	
6	17	30.1195	6	
6	18	15.8272	4	
6	19	4.59996	1	
6	20	6.76451	2	
6	21	24.9627	6	
6	22	28.4781	6	
6	23	17.3712	4	
6	24	10.1991	2	
6	25	17.5616	4	
6	26	38.5319	8	
6	27	66.722	14	
6	28	36.9327	8	
6	29	30.2112	6	
6	30	64.1749	14	
6	31	23.0964	5	
6	32	18.5761	4	
6	33	21.919	5	
6	34	11.2192	2	
6	35	39.8459	8	
6	36	13.1126	3	
6	37	20.0621	4	
6	38	16.9228	3	
6	39	26.278	6	
7	8	11.7817	3	
7	9	23.4678	5	
7	10	34.3136	7	
7	12	24.9239	5	
7	13	4.75828	1	
7	14	28.693	6	
7	16	19.1852	4	
7	17	8.85225	2	
7	18	7.5691	2	
7	19	26.9668	5	
7	20	38.0377	7	
7	21	5.7512	1	
7	22	70.2863	14	
7	23	11.6908	2	
7	24	27.8886	6	
7	25	14.4884	2	
7	26	15.9591	4	
7	27	4.25279	1	
7	28	17.5776	4	
7	29	24.3357	5	
7	30	10.9222	2	
7	31	26.1584	6	
7	32	29.2577	7	
7	33	11.8333	3	
7	34	40.1484	8	
7	35	23.6387	5	
7	36	35.497	7	
7	37	6.99591	1	
7	38	5.24367	1	
7	39	20.5078	4	
8	9	21.6194	4	
8	10	11.4212	2	
8	11	7.45295	2	
8	12	15.483	4	
8	13	4.64493	1	
8	14	25.789	6	
8	15	4.29768	1	
8	16	20.388	5	
8	17	24.5472	6	
8	18	8.26609	2	
8	20	10.9281	2	
8	22	15.4809	3	
8	24	42.4016	9	
8	25	10.2535	2	
8	27	5.50212	1	
8	29	12.3385	2	
8	30	17.0342	4	
8	31	9.83333	2	
8	32	37.8143	9	
8	33	15.9157	3	
8	34	8.75359	2	
8	35	33.4497	7	
8	36	38.9204	8	
8	37	15.872	3	
8	38	8.00304	2	
8	39	12.2189	3	
9	10	43.7361	10	
9	11	34.1657	9	
9	12	31.3554	6	
9	13	19.8577	5	
9	14	34.0561	7	
9	15	28.0365	5	
9	16	5.85995	1	
9	19	9.61543	2	
9	20	4.56809	1	
9	21	4.56007	1	
9	22	10.1481	2	
9	23	19.1723	4	
9	24	42.8312	9	
9	25	53.9035	11	
9	26	36.6469	8	
9	27	12.8493	3	
9	28	11.4127	3	
9	29	11.9078	1	
9	30	20.4684	5	
9	31	31.8483	7	
9	32	8.83721	2	
9	34	10.8278	2	
9	35	21.2963	5	
9	36	23.5683	5	
9	37	14.1359	3	
9	38	1.60199	1	
9	39	7.16894	1	
10	12	52.9725	12	
10	13	25.4847	5	
10	14	54.6796	11	
10	15	14.8391	3	
10	16	23.5328	5	
10	17	11.46	2	
10	19	24.423	5	
10	20	19.5439	4	
10	21	20.4377	4	
10	22	34.8753	8	
10	23	22.415	5	
10	24	29.0252	6	
10	25	9.57773	3	
10	26	42.5718	9	
10	27	16.8763	3	
10	29	50.32	11	
10	30	14.8978	3	
10	31	23.5202	5	
10	32	20.7127	5	
10	33	29.342	7	
10	34	13.2888	3	
10	35	51.0967	11	
10	36	33.1674	7	
10	37	15.5608	4	
10	38	12.5767	2	
10	39	7.63839	2	
11	12	12.0672	3	
11	13	3.70875	1	
11	17	3.98062	1	
11	21	7.6748	2	
11	22	9.4669	2	
11	24	19.0056	4	
11	25	22.2305	5	
11	26	16.3025	4	
11	27	6.28863	1	
11	29	10.6538	2	
11	30	12.3099	3	
11	36	1.51636	1	
11	37	5.35919	1	
11	38	42.641	8	
12	13	41.7605	9	
12	14	55.0023	11	
12	15	2.22079	1	
12	16	4.89094	1	
12	17	12.8151	3	
12	18	27.543	5	
12	19	6.53241	1	
12	20	23.411	5	
12	21	6.79554	2	
12	22	26.5425	5	
12	23	11.7573	3	
12	24	43.5431	9	
12	25	2.75992	1	
12	26	60.7784	12	
12	27	2.72598	1	
12	29	58.8277	14	
12	30	32.783	7	
12	31	44.159	10	
12	32	23.1142	6	
12	33	49.2918	11	
12	34	8.55196	2	
12	35	16.6499	4	
12	36	11.8229	2	
12	37	24.9067	6	
12	39	32.268	6	
13	14	22.415	5	
13	15	3.92555	1	
13	18	15.0935	3	
13	20	16.4419	4	
13	21	15.3504	3	
13	22	7.32381	2	
13	24	15.1764	3	
13	25	10.7963	2	
13	26	29.3704	7	
13	27	22.7553	5	
13	28	18.9505	4	
13	29	20.8976	5	
13	30	24.1874	5	
13	32	7.8832	2	
13	33	9.6412	2	
13	34	13.8781	3	
13	35	22.158	4	
13	36	27.5738	5	
13	37	8.33865	2	
13	38	21.0845	4	
13	39	14.6258	3	
14	16	8.67648	2	
14	17	14.1207	4	
14	18	11.8003	2	
14	19	25.3156	5	
14	20	24.8471	5	
14	21	31.891	6	
14	22	11.836	3	
14	23	7.12261	2	
14	24	26.6136	5	
14	25	14.3498	3	
14	26	35.2729	7	
14	27	21.0957	5	
14	28	23.2194	6	
14	29	26.5405	6	
14	30	46.6676	11	
14	31	21.901	4	
14	32	34.9666	8	
14	33	32.0367	7	
14	34	8.03702	3	
14	35	24.6482	5	
14	36	25.0601	6	
14	37	10.3461	2	
14	38	20.5201	5	
14	39	61.9883	13	
15	16	39.2088	8	
15	17	6.62659	1	
15	18	4.97879	1	
15	19	6.76464	1	
15	21	8.85409	2	
15	22	17.1683	4	
15	24	35.0384	7	
15	25	5.32394	1	
15	26	14.2738	3	
15	27	27.3944	6	
15	28	16.8082	4	
15	29	5.76321	1	
15	30	4.80727	1	
15	31	17.427	3	
15	32	26.3921	5	
15	34	16.3659	4	
15	35	15.3326	3	
15	36	21.5318	4	
15	37	2.55727	1	
15	38	8.51171	2	
15	39	14.3198	3	
16	17	12.3807	3	
16	19	22.0505	4	
16	21	39.0297	8	
16	22	20.0451	4	
16	24	43.6739	9	
16	26	12.5286	3	
16	27	9.89597	2	
16	28	28.7485	5	
16	29	13.9977	3	
16	30	22.5372	5	
16	31	14.3622	3	
16	32	69.3171	16	
16	33	14.1971	3	
16	34	26.0572	6	
16	35	9.53515	2	
16	36	27.8279	6	
16	38	3.66357	1	
16	39	20.3051	4	
17	18	4.18965	1	
17	20	17.2083	4	
17	21	21.6938	5	
17	22	13.3101	3	
17	23	13.1843	3	
17	26	6.97571	2	
17	27	24.8367	5	
17	29	36.0716	8	
17	30	2.88094	1	
17	31	9.02085	2	
17	32	14.3356	3	
17	33	30.1263	6	
17	35	20.4917	5	
17	36	12.1321	3	
17	37	13.8283	3	
17	39	10.5984	3	
18	20	6.62685	1	
18	21	4.11912	1	
18	22	40.4961	9	
18	23	4.67452	1	
18	24	33.3888	8	
18	26	17.1002	4	
18	27	2.68056	1	
18	28	4.98498	1	
18	29	35.6795	8	
18	30	13.1412	3	
18	31	6.6931	2	
18	32	19.4066	4	
18	33	25.9482	6	
18	34	19.778	4	
18	35	4.42742	2	
18	36	19.8646	5	
18	38	29.083	6	
18	39	19.5498	5	
19	20	2.82898	1	
19	21	6.05775	1	
19	22	32.384	6	
19	23	4.28177	1	
19	24	17.0297	4	
19	25	7.50214	2	
19	26	5.36099	1	
19	27	21.4365	4	
19	29	31.0962	6	
19	30	2.05279	1	
19	32	14.0055	3	
19	34	14.2456	3	
19	36	34.2356	7	
19	37	5.34135	1	
20	21	15.9968	3	
20	22	25.6562	6	
20	24	35.0794	7	
20	26	11.1469	2	
20	27	15.6439	3	
20	28	20.2365	4	
20	29	33.2699	8	
20	30	17.6803	4	
20	31	18.2364	4	
20	32	20.4756	4	
20	33	25.0691	6	
20	34	58.6307	12	
20	35	8.35205	2	
20	36	35.6372	8	
20	37	34.3496	7	
20	38	6.97654	2	
20	39	17.9134	4	
21	22	39.7875	8	
21	23	14.0264	3	
21	24	6.10794	1	
21	25	9.79212	2	
21	26	7.89271	2	
21	27	18.5233	4	
21	28	8.25728	2	
21	29	3.79994	1	
21	30	32.0328	8	
21	31	15.2194	3	
21	32	21.509	5	
21	33	17.9378	4	
21	34	6.70568	2	
21	35	59.4925	12	
21	36	2.23293	1	
21	37	13.3145	3	
21	38	5.15098	1	
21	39	23.3756	5	
22	23	12.3442	2	
22	24	21.6643	5	
22	25	19.5433	5	
22	26	20.5593	4	
22	28	22.1493	5	
22	29	42.0815	9	
22	30	21.655	5	
22	31	23.6864	5	
22	32	33.3224	8	
22	33	4.59147	1	
22	34	55.1206	12	
22	35	21.372	5	
22	36	49.9437	10	
22	37	9.85566	2	
22	38	11.3968	2	
22	39	23.6599	5	
23	24	11.022	2	
23	26	20.3798	4	
23	27	5.74899	1	
23	28	7.92432	2	
23	29	6.83702	1	
23	30	5.7341	2	
23	31	1.1981	1	
23	32	8.62476	2	
23	34	4.97337	1	
23	35	12.9307	2	
23	36	10.2489	2	
23	37	3.88958	1	
23	39	32.1781	8	
24	25	19.1384	4	
24	26	38.8566	8	
24	27	12.806	3	
24	28	9.67164	2	
24	29	26.4705	6	
24	30	33.8464	8	
24	31	26.359	6	
24	32	30.0213	6	
24	33	17.9361	4	
24	34	31.3689	7	
24	35	18.086	5	
24	36	35.1675	8	
24	37	11.2932	2	
24	38	25.2817	6	
24	39	19.6205	5	
25	26	28.2144	6	
25	27	6.68583	1	
25	28	22.1777	3	
25	29	16.6993	3	
25	30	10.3505	2	
25	31	20.2089	5	
25	32	24.0634	5	
25	33	4.34879	1	
25	34	12.9385	3	
25	35	15.1814	3	
25	38	6.80233	1	
25	39	10.145	2	
26	27	9.00061	2	
26	29	31.5544	7	
26	30	31.6344	7	
26	31	9.02225	2	
26	32	8.84013	2	
26	33	24.751	5	
26	34	6.97254	2	
26	35	29.7614	6	
26	36	7.42833	2	
26	38	4.932	1	
26	39	14.5118	3	
27	28	12.6948	3	
27	29	21.8937	5	
27	30	17.0532	4	
27	31	20.6865	4	
27	32	23.7029	5	
27	33	35.3557	7	
27	34	22.0346	5	
27	35	32.698	7	
27	36	53.8318	11	
27	37	19.4865	5	
27	38	37.1975	7	
27	39	36.6089	8	
28	29	15.4815	5	
28	30	10.3699	2	
28	31	2.83831	1	
28	32	12.4339	3	
28	34	25.7289	5	
28	35	11.5633	3	
28	36	6.06425	1	
28	37	12.8519	3	
28	39	11.032	2	
29	30	37.6658	9	
29	31	14.3434	3	
29	32	56.785	13	
29	33	26.8054	6	
29	34	15.6769	4	
29	35	26.8562	6	
29	36	57.1382	13	
29	38	43.071	8	
29	39	48.5089	12	
30	31	22.1106	6	
30	32	21.0919	4	
30	33	29.1634	6	
30	35	30.1103	6	
30	36	49.6092	11	
30	37	20.3884	5	
30	38	20.4628	5	
30	39	27.6893	6	
31	32	10.8557	2	
31	33	24.2953	6	
31	34	57.394	12	
31	35	53.4113	10	
31	36	58.5903	13	
31	37	8.01234	2	
31	38	40.2518	9	
31	39	17.8675	4	
32	33	23.4145	5	
32	34	21.9418	5	
32	35	43.8805	9	
32	36	26.8596	6	
32	37	12.0381	3	
32	38	21.4588	6	
32	39	17.9014	4	
33	34	12.1522	3	
33	35	30.747	7	
33	36	14.7021	4	
33	38	10.3348	2	
33	39	26.441	6	
34	35	24.9583	5	
34	36	40.9825	9	
34	37	12.3498	3	
34	38	4.80473	1	
34	39	22.9775	5	
35	36	34.1757	8	
35	37	17.6735	4	
35	38	53.3597	12	
35	39	63.5811	14	
36	37	5.93203	1	
36	38	42.4128	10	
36	39	46.8698	10	
37	39	24.0358	5	
38	39	17.5415	4	
