0	1	19.2037	4	
0	2	27.7916	6	
0	3	8.77259	2	
0	4	49.7166	10	
0	5	27.2085	6	
0	6	22.4691	5	
0	7	2.31817	1	
0	8	4.87913	1	
0	9	50.9795	12	
0	10	4.62166	1	
0	11	39.6275	9	
0	12	12.8592	3	
0	13	31.4711	6	
0	14	4.97454	1	
0	15	2.59132	1	
0	17	22.4586	5	
0	18	7.76229	2	
0	21	3.54017	1	
0	24	17.3582	4	
0	25	4.13653	1	
1	2	2.6118	1	
1	3	26.9251	5	
1	4	3.79696	1	
1	5	7.59556	2	
1	7	27.2739	6	
1	8	10.5974	3	
1	9	26.1803	5	
1	10	2.35882	1	
1	11	6.25074	1	
1	12	18.6024	4	
1	13	22.5648	5	
1	14	12.1124	3	
1	15	22.2966	5	
1	16	17.9388	4	
1	17	26.5443	6	
1	18	3.09571	1	
1	20	31.1136	7	
1	21	4.38495	1	
1	22	51.6933	11	
1	23	3.18037	1	
1	24	20.1907	4	
1	25	29.7897	7	
2	3	27.9588	6	
2	4	3.31468	1	
2	5	14.7448	3	
2	6	48.5164	11	
2	8	61.3927	13	
2	9	67.4033	14	
2	10	31.7092	7	
2	11	4.85515	1	
2	12	46.8374	9	
2	13	27.7784	6	
2	14	6.21271	1	
2	15	8.33085	2	
2	16	36.4075	8	
2	17	49.0513	11	
2	18	19.5968	5	
2	19	17.2252	3	
2	20	9.77243	2	
2	21	14.553	3	
2	22	29.544	7	
2	23	7.46257	1	
2	24	50.2801	10	
2	25	34.5641	8	
3	4	4.9057	1	
3	5	61.2884	13	
3	6	21.8671	5	
3	7	24.2778	5	
3	8	8.9804	2	
3	9	54.7694	11	
3	10	33.9218	7	
3	11	25.1758	5	
3	12	24.5574	5	
3	13	24.086	5	
3	14	26.2509	6	
3	15	28.7137	6	
3	16	9.47522	2	
3	17	40.9058	9	
3	19	4.39547	1	
3	20	9.82176	2	
3	21	20.2415	5	
3	23	27.1521	6	
3	24	77.9507	15	
3	25	30.0535	6	
4	5	49.9177	10	
4	6	10.8616	2	
4	7	2.7355	1	
4	8	8.84931	2	
4	9	39.5337	8	
4	10	32.6646	6	
4	11	45.2607	10	
4	12	43.6297	9	
4	13	20.5488	5	
4	14	34.0641	7	
4	15	44.519	9	
4	16	18.4012	4	
4	17	39.7128	9	
4	18	25.6399	5	
4	19	30.9906	7	
4	20	25.7906	5	
4	21	10.1541	2	
4	22	51.5462	11	
4	23	31.8974	6	
4	24	39.9724	9	
4	25	35.323	7	
5	6	6.57194	1	
5	7	22.604	5	
5	8	20.4432	4	
5	9	44.2786	9	
5	10	22.9479	5	
5	11	62.5717	13	
5	12	50.9328	10	
5	13	7.85034	2	
5	14	35.6668	7	
5	15	26.5798	6	
5	17	11.3759	2	
5	18	38.5625	8	
5	19	8.48152	2	
5	20	8.30091	2	
5	21	22.584	5	
5	22	10.6393	2	
5	23	54.7954	11	
5	24	19.5552	4	
5	25	12.9218	3	
6	8	17.4201	4	
6	9	31.8268	6	
6	10	23.861	5	
6	12	28.5925	7	
6	14	2.50678	1	
6	15	10.7532	3	
6	16	10.8743	2	
6	17	26.1831	6	
6	18	3.55196	1	
6	19	52.9063	11	
6	20	7.66202	2	
6	21	5.70896	1	
6	22	11.4198	3	
6	23	4.59342	1	
6	24	54.4342	11	
6	25	19.5914	5	
7	8	24.652	6	
7	9	4.5365	1	
7	10	20.2782	5	
7	11	5.04688	1	
7	12	2.55543	1	
7	13	7.78971	2	
7	14	7.13531	2	
7	15	6.29066	1	
7	16	42.2898	10	
7	17	23.4571	5	
7	18	2.1902	1	
7	21	3.73946	1	
7	22	20.0667	4	
7	23	8.01068	2	
7	24	3.15916	1	
7	25	21.3137	5	
8	9	53.5268	12	
8	10	30.2517	6	
8	11	14.1478	4	
8	12	28.2276	7	
8	13	8.34934	2	
8	14	9.27061	2	
8	15	28.6751	7	
8	16	24.2794	5	
8	17	35.0996	7	
8	18	11.6853	3	
8	19	17.8219	4	
8	20	7.71455	2	
8	21	32.3663	7	
8	22	26.1606	5	
8	23	21.5097	4	
8	24	5.17396	1	
8	25	2.37606	1	
9	10	67.733	14	
9	11	36.9245	8	
9	12	63.8139	13	
9	13	10.4684	2	
9	14	11.1817	3	
9	15	29.114	6	
9	16	7.62209	2	
9	17	26.39	7	
9	18	3.45359	1	
9	19	55.2707	12	
9	22	37.1937	9	
9	23	8.42922	2	
9	24	46.7736	10	
9	25	48.1493	11	
10	11	13.6512	3	
10	12	28.6898	6	
10	13	8.35544	2	
10	14	39.0636	8	
10	15	51.9972	11	
10	16	30.0433	6	
10	17	43.5133	9	
10	18	78.8796	17	
10	19	30.5124	6	
10	20	50.0507	11	
10	21	21.3447	4	
10	22	30.8166	7	
10	23	5.29092	1	
10	24	24.6926	5	
10	25	63.8348	13	
11	12	5.69319	1	
11	13	3.41333	1	
11	14	25.1459	6	
11	15	32.0791	7	
11	17	43.4957	9	
11	18	5.26409	1	
11	19	23.8077	5	
11	21	29.2732	7	
11	22	24.4275	5	
11	23	3.1278	1	
11	24	71.1565	15	
11	25	24.7703	5	
12	13	24.5229	5	
12	14	20.2849	5	
12	15	40.1099	8	
12	16	17.7892	4	
12	17	58.8955	12	
12	18	8.87333	2	
12	19	57.7444	12	
12	20	24.3518	5	
12	22	40.5928	10	
12	23	28.5924	6	
12	24	47.2497	11	
12	25	8.86605	2	
13	14	60.1712	12	
13	15	80.0924	16	
13	16	16.8275	3	
13	17	26.8256	5	
13	18	66.2399	14	
13	19	19.0164	5	
13	21	4.46152	1	
13	22	25.27	5	
13	23	38.0504	8	
13	24	38.3515	8	
13	25	74.4809	15	
14	16	23.9482	6	
14	17	8.23768	2	
14	18	59.5638	11	
14	19	32.875	7	
14	22	14.5678	3	
14	23	8.39855	2	
14	24	32.8886	7	
14	25	39.0497	8	
15	16	47.9565	10	
15	17	31.0964	6	
15	18	5.83054	2	
15	19	29.3289	6	
15	20	13.6926	3	
15	21	20.4727	5	
15	22	23.7714	5	
15	23	64.2207	13	
15	24	61.0172	13	
15	25	44.2702	10	
16	17	26.748	6	
16	19	7.81375	2	
16	20	39.7369	8	
16	21	22.6131	5	
16	22	11.2957	3	
16	23	41.612	10	
16	24	65.1834	14	
16	25	12.3708	3	
17	18	89.069	19	
17	19	38.4277	9	
17	20	24.3592	6	
17	21	17.547	5	
17	22	44.084	8	
17	23	20.0512	5	
17	24	51.5208	12	
17	25	30.1317	6	
18	19	25.0161	5	
18	20	20.7016	5	
18	22	45.6641	9	
18	23	27.1288	6	
18	24	34.8847	8	
18	25	65.7488	13	
19	20	53.1379	11	
19	21	19.7798	5	
19	22	14.2664	4	
19	23	38.0858	7	
19	24	43.7342	9	
19	25	19.2108	4	
20	22	40.4444	10	
20	23	23.6898	5	
20	24	12.2074	3	
20	25	46.2008	11	
21	22	4.31512	1	
21	23	29.3755	7	
21	24	28.6314	6	
22	23	9.72397	2	
22	24	65.2254	15	
22	25	27.2233	6	
23	24	35.9482	8	
23	25	35.6476	7	
24	25	27.0949	6	
