0	1	48.3445	10	
0	2	67.5625	16	
0	3	88.1519	20	
0	4	80.3904	17	
0	5	115.576	24	
0	6	95.0015	20	
0	7	25.6502	7	
0	8	38.429	10	
0	9	31.6813	8	
0	10	73.253	17	
0	11	190.134	40	
0	12	58.5937	13	
0	13	62.5472	14	
0	14	130.193	28	
0	15	53.1464	12	
0	16	154.264	32	
0	17	96.1182	21	
0	18	66.9024	16	
0	19	4.46152	1	
0	20	112.725	23	
0	21	109.225	23	
0	22	133.22	29	
1	2	19.2037	4	
1	3	27.7916	6	
1	4	8.77259	2	
1	5	49.7166	10	
1	6	27.2085	6	
1	7	22.4691	5	
1	8	2.31817	1	
1	9	4.87913	1	
1	10	50.9795	12	
1	11	4.62166	1	
1	12	39.6275	9	
1	13	12.8592	3	
1	14	2.59132	1	
1	16	22.4586	5	
1	19	3.54017	1	
1	22	17.3582	4	
2	3	2.6118	1	
2	4	26.9251	5	
2	5	3.79696	1	
2	6	7.59556	2	
2	8	27.2739	6	
2	9	10.5974	3	
2	10	26.1803	5	
2	11	2.35882	1	
2	12	6.25074	1	
2	13	18.6024	4	
2	14	22.2966	5	
2	15	17.9388	4	
2	16	26.5443	6	
2	18	31.1136	7	
2	19	4.38495	1	
2	20	51.6933	11	
2	21	3.18037	1	
2	22	20.1907	4	
3	4	27.9588	6	
3	5	3.31468	1	
3	6	14.7448	3	
3	7	48.5164	11	
3	9	61.3927	13	
3	10	67.4033	14	
3	11	31.7092	7	
3	12	4.85515	1	
3	13	46.8374	9	
3	14	8.33085	2	
3	15	36.4075	8	
3	16	49.0513	11	
3	17	17.2252	3	
3	18	9.77243	2	
3	19	14.553	3	
3	20	29.544	7	
3	21	7.46257	1	
3	22	50.2801	10	
4	5	4.9057	1	
4	6	61.2884	13	
4	7	21.8671	5	
4	8	24.2778	5	
4	9	8.9804	2	
4	10	54.7694	11	
4	11	33.9218	7	
4	12	25.1758	5	
4	13	24.5574	5	
4	14	28.7137	6	
4	15	9.47522	2	
4	16	40.9058	9	
4	17	4.39547	1	
4	18	9.82176	2	
4	19	20.2415	5	
4	21	27.1521	6	
4	22	77.9507	15	
5	6	49.9177	10	
5	7	10.8616	2	
5	8	2.7355	1	
5	9	8.84931	2	
5	10	39.5337	8	
5	11	32.6646	6	
5	12	45.2607	10	
5	13	43.6297	9	
5	14	44.519	9	
5	15	18.4012	4	
5	16	39.7128	9	
5	17	30.9906	7	
5	18	25.7906	5	
5	19	10.1541	2	
5	20	51.5462	11	
5	21	31.8974	6	
5	22	39.9724	9	
6	7	6.57194	1	
6	8	22.604	5	
6	9	20.4432	4	
6	10	44.2786	9	
6	11	22.9479	5	
6	12	62.5717	13	
6	13	50.9328	10	
6	14	26.5798	6	
6	16	11.3759	2	
6	17	8.48152	2	
6	18	8.30091	2	
6	19	22.584	5	
6	20	10.6393	2	
6	21	54.7954	11	
6	22	19.5552	4	
7	9	17.4201	4	
7	10	31.8268	6	
7	11	23.861	5	
7	13	28.5925	7	
7	14	10.7532	3	
7	15	10.8743	2	
7	16	26.1831	6	
7	17	52.9063	11	
7	18	7.66202	2	
7	19	5.70896	1	
7	20	11.4198	3	
7	21	4.59342	1	
7	22	54.4342	11	
8	9	24.652	6	
8	10	4.5365	1	
8	11	20.2782	5	
8	12	5.04688	1	
8	13	2.55543	1	
8	14	6.29066	1	
8	15	42.2898	10	
8	16	23.4571	5	
8	19	3.73946	1	
8	20	20.0667	4	
8	21	8.01068	2	
8	22	3.15916	1	
9	10	53.5268	12	
9	11	30.2517	6	
9	12	14.1478	4	
9	13	28.2276	7	
9	14	28.6751	7	
9	15	24.2794	5	
9	16	35.0996	7	
9	17	17.8219	4	
9	18	7.71455	2	
9	19	32.3663	7	
9	20	26.1606	5	
9	21	21.5097	4	
9	22	5.17396	1	
10	11	67.733	14	
10	12	36.9245	8	
10	13	63.8139	13	
10	14	29.114	6	
10	15	7.62209	2	
10	16	26.39	7	
10	17	55.2707	12	
10	20	37.1937	9	
10	21	8.42922	2	
10	22	46.7736	10	
11	12	13.6512	3	
11	13	28.6898	6	
11	14	51.9972	11	
11	15	30.0433	6	
11	16	43.5133	9	
11	17	30.5124	6	
11	18	50.0507	11	
11	19	21.3447	4	
11	20	30.8166	7	
11	21	5.29092	1	
11	22	24.6926	5	
12	13	5.69319	1	
12	14	32.0791	7	
12	16	43.4957	9	
12	17	23.8077	5	
12	19	29.2732	7	
12	20	24.4275	5	
12	21	3.1278	1	
12	22	71.1565	15	
13	14	40.1099	8	
13	15	17.7892	4	
13	16	58.8955	12	
13	17	57.7444	12	
13	18	24.3518	5	
13	20	40.5928	10	
13	21	28.5924	6	
13	22	47.2497	11	
14	15	47.9565	10	
14	16	31.0964	6	
14	17	29.3289	6	
14	18	13.6926	3	
14	19	20.4727	5	
14	20	23.7714	5	
14	21	64.2207	13	
14	22	61.0172	13	
15	16	26.748	6	
15	17	7.81375	2	
15	18	39.7369	8	
15	19	22.6131	5	
15	20	11.2957	3	
15	21	41.612	10	
15	22	65.1834	14	
16	17	38.4277	9	
16	18	24.3592	6	
16	19	17.547	5	
16	20	44.084	8	
16	21	20.0512	5	
16	22	51.5208	12	
17	18	53.1379	11	
17	19	19.7798	5	
17	20	14.2664	4	
17	21	38.0858	7	
17	22	43.7342	9	
18	20	40.4444	10	
18	21	23.6898	5	
18	22	12.2074	3	
19	20	4.31512	1	
19	21	29.3755	7	
19	22	28.6314	6	
20	21	9.72397	2	
20	22	65.2254	15	
21	22	35.9482	8	
