#module 0 size: 81 bs: 0.000489509
2 15 17 23 33 48 51 57 88 91 92 97 108 121 124 125 130 132 144 170 172 173 191 199 201 207 215 226 228 237 243 251 252 256 258 270 274 282 283 288 291 293 307 315 316 317 320 322 323 331 334 340 345 348 352 355 359 361 362 371 378 380 401 418 419 422 438 439 441 443 446 448 453 455 456 459 460 472 480 486 500 
#module 1 size: 18 bs: 1
40 42 59 64 78 83 85 93 133 137 174 209 212 337 339 340 390 436 
#module 2 size: 17 bs: 1
3 30 37 52 53 70 89 110 157 162 209 220 252 297 375 389 418 
#module 3 size: 35 bs: 1
36 54 81 102 119 148 173 203 222 225 246 263 280 299 300 303 304 313 321 324 340 360 376 382 387 405 414 428 429 431 433 445 450 452 478 
#module 4 size: 24 bs: 1
7 140 156 175 187 193 230 232 283 299 306 318 327 330 342 349 381 389 466 474 479 490 496 500 
#module 5 size: 27 bs: 1
117 146 147 178 198 211 242 254 265 271 282 289 295 310 329 346 354 368 390 396 398 402 408 419 424 436 441 
#module 6 size: 27 bs: 1
84 104 159 192 204 217 219 230 248 271 284 318 337 338 343 346 372 404 416 426 434 437 443 453 462 484 497 
#module 7 size: 21 bs: 1
11 75 109 114 122 140 153 163 169 173 206 245 255 266 273 305 339 363 367 384 391 
#module 8 size: 14 bs: 1
9 12 41 49 66 69 71 100 101 120 220 317 318 351 
#module 9 size: 30 bs: 1
29 44 86 98 105 106 119 122 155 213 234 235 239 250 257 277 278 287 304 336 344 351 356 370 374 383 393 400 403 493 
#module 10 size: 30 bs: 1
19 31 39 46 82 116 128 129 228 230 259 294 304 308 326 328 332 363 385 386 389 390 405 407 412 427 435 447 451 484 
#module 11 size: 30 bs: 1
16 142 151 160 206 215 217 224 241 244 264 278 292 299 311 317 326 328 347 353 355 380 413 417 440 441 454 471 483 485 
#module 12 size: 18 bs: 1
24 43 56 112 127 149 164 167 182 271 306 337 362 436 443 451 495 499 
#module 13 size: 30 bs: 1
4 45 108 122 158 181 189 194 195 214 216 218 236 272 290 298 301 330 346 373 375 405 425 430 456 458 461 464 484 498 
#module 14 size: 27 bs: 1
5 35 44 99 131 165 175 205 217 229 252 296 310 312 314 328 392 394 401 415 442 444 464 475 476 491 499 
#module 15 size: 20 bs: 1
20 34 79 97 136 141 145 183 196 223 224 281 314 333 351 365 397 406 410 421 
#module 16 size: 35 bs: 1
25 39 65 96 115 140 150 166 171 176 188 197 209 221 224 240 249 267 276 282 319 330 362 364 369 388 403 423 431 439 456 463 469 487 499 
#module 17 size: 25 bs: 1
58 65 87 94 134 143 185 202 206 210 255 272 275 357 398 438 444 449 451 461 465 467 477 488 494 
#module 18 size: 16 bs: 1
13 21 38 47 55 60 68 77 90 107 233 297 354 355 365 461 
#module 19 size: 21 bs: 1
1 8 28 62 63 65 76 103 113 118 138 154 179 180 200 227 247 278 279 302 421 
#module 20 size: 24 bs: 1
10 14 67 73 74 95 123 139 184 190 260 262 268 341 354 358 377 379 418 420 468 481 492 495 
#module 21 size: 24 bs: 1
18 26 80 168 186 208 231 238 253 261 269 283 325 350 365 366 399 409 419 444 453 457 464 473 
#module 22 size: 36 bs: 1
6 22 27 32 50 61 72 111 126 135 152 161 177 182 191 270 285 286 306 309 314 335 339 363 375 395 398 411 421 431 432 470 482 489 495 500 
